q 1 0 0
q 1 0 4
q 1 0 8
q 1 0 12
q 1 4 0
q 1 4 4
q 1 4 8
q 1 4 12
q 1 8 0
q 1 8 4
q 1 8 8
q 1 8 12
q 1 12 0
q 1 12 4
q 1 12 8
q 1 12 12
q 1 6 6
q 1 1 2
q 1 10 11
q 1 10 9
q 1 11 2
q 1 11 6
q 1 6 8
q 1 8 6
q 1 4 6
q 1 1 10
q 1 7 2
q 1 6 11
q 1 6 4
q 1 2 5
q 1 2 7
q 1 9 2
q 1 3 2
q 1 3 10
q 1 5 2
q 1 10 4
q 1 2 4
q 1 10 6
q 1 6 9
q 1 4 10
q 1 9 4
q 1 4 2
q 1 4 7
q 1 4 5
q 1 6 10
q 1 9 6
q 1 11 4
q 1 2 1
q 1 8 2
q 1 2 6
q 1 6 7
q 1 5 1
q 1 2 2
q 1 5 4
q 1 3 8
q 1 3 4
q 1 7 8
q 1 8 5
q 1 4 9
q 1 1 4
q 1 3 1
q 1 7 9
q 1 5 6
q 1 11 5
q 1 8 3
q 1 4 1
q 1 5 8
q 1 3 3
q 1 3 7
q 1 5 9
q 1 3 6
q 1 8 10
q 1 10 7
q 1 9 3
q 1 10 5
q 1 10 3
q 1 9 5
q 1 5 7
q 1 9 1
q 1 3 9
q 1 5 3
q 1 7 5
q 1 5 5
a 54 1 4 1 5 2 1 2 2 2 3 2 4 2 5 3 0 3 1 3 2 3 4 3 5 3 7 3 8 4 0 4 2 4 3 4 4 4 5 4 6 4 7 4 8 4 9 5 1 5 2 5 3 5 5 5 6 5 7 5 8 5 9 5 10 6 3 6 7 6 8 6 9 6 10 7 8 7 9 8 4 8 5 9 2 9 3 9 4 9 5 9 6 10 3 10 4 10 5 10 6 11 4 11 5 11 6 12 6
