29
00000000000000000000000000000
00000000000000000000000000000
00000000000000000000000000000
00000000000000000000000000000
00000000000000000000000000000
00111110000000000000000000000
00000000000000000000000000000
00000000000000000000000000000
00011111111100000000000000000
00000000000000000000000000000
00000000000000000000000000000
00000000000000001111111000000
00000000000000000000000000000
00000000000000000000000000000
00000000000000000000000000000
00000000000000000000000000000
00000000000000000000000000000
00000000000000000000000000000
00000000000000000000000000000
00000000000000000000000000000
11000000000000000000000000000
00000000000000000000000000000
00000000000000000000000000000
01111111111111000000000000000
00000000000000000000000111111
00000000000000000000000000000
00000000000000000000000000000
00000000000000000000000000000
1000001000000000000100110001
1000000000000000000100010001
1000000001000001000100000001
1000000001000001000100000001
1000000001000001000100000001
1000000001000001000100000001
1000000001000001000000000001
1000000001000001000000000001
0000000001000001000000000001
0000000001000001000000000001
0000000001000001000000000000
0000000001000001000000000000
0000000001000000000000000100
0000000001000000000000000100
0000000000000000000000000100
0000000000000000000000000100
0000000000010000000000000100
0000000000010100000000000100
0000000000010100000000000100
0000000000010100000000000100
0000000000010100000000000100
0000000000010000000000000100
0000000000010000000000000100
0000100000000000000000000100
0000100000000000000000000000
0000100000000000000000000000
0000100000000000000000000000
0000100000000000000000000000
0000000000000000000000000000
52 2 8 4 4 9 6 3 9 12 4 3 4 8 6 9 7 6 4 15 3 8 1 2 13 4 4 7 4
43 1 6 3 3 10 36 6 4 5 6 7 4 9 22 23 12 9 6 10 11 4 5 11 3 4 3 2 4
11 36 22 7 10 19 12 12 9 4 8 7 6 10 5 4 8 10 7 16 6 12 6 5 3 2 2 1 1
20 11 20 1 40 8 37 13 10 24 12 6 4 7 15 3 6 11 26 13 6 1 13 2 2 12 2 5 5
8 33 35 18 9 22 16 36 56 28 23 5 8 17 4 22 22 25 14 4 6 2 4 5 2 2 5 2 8
61 60 48 39 14 37 27 8 13 9 12 5 6 4 6 5 3 6 4 2 1 10 3 4 3 3 2 5 8
15 23 50 11 19 23 19 36 65 9 23 3 16 9 7 4 14 8 5 2 8 7 5 9 6 6 1 9 1
17 50 48 54 11 13 10 20 23 53 2 3 18 5 4 5 3 5 19 12 4 2 1 2 2 11 8 3 9
36 27 61 38 7 59 59 11 17 42 3 10 9 4 3 20 3 3 5 6 3 3 11 2 6 8 8 12 4
11 15 12 8 65 8 7 41 12 31 9 2 8 7 20 5 23 3 9 9 6 5 8 6 9 9 10 3 2
33 16 50 36 46 60 16 31 10 27 3 9 3 7 3 6 8 3 14 2 3 2 3 12 2 2 12 10 7
10 14 43 13 14 34 43 8 48 15 6 5 3 3 2 1 20 4 13 10 6 2 4 3 3 3 4 7 2
9 26 47 30 33 33 18 9 11 2 5 10 2 10 4 8 5 19 7 13 24 26 5 25 17 4 5 2 7
7 26 24 9 52 11 25 39 9 9 1 9 2 1 2 4 23 18 16 37 14 11 5 15 42 16 1 8 3
18 7 17 12 60 15 24 11 25 8 3 6 5 1 5 4 5 6 9 10 44 7 8 10 19 8 8 7 9
12 33 51 39 9 11 38 12 38 8 2 6 4 5 6 3 1 31 27 5 10 7 26 27 30 30 4 2 12
62 23 53 9 38 11 32 26 13 8 1 3 6 2 10 5 10 5 5 20 38 19 20 6 13 9 5 5 2
11 58 24 9 25 20 32 9 1 3 9 1 5 6 8 2 8 9 11 44 36 5 25 7 5 10 8 6 2
61 3 14 12 4 58 30 5 2 10 6 4 2 3 36 5 33 33 21 7 26 22 5 19 6 12 3 3 3
10 10 2 39 5 25 18 9 2 2 1 2 7 4 13 5 16 20 28 6 40 17 28 7 5 43 4 3 8
4 4 9 1 2 4 2 6 6 1 1 2 1 5 6 23 7 15 38 28 24 23 10 13 7 11 8 5 10
3 3 1 4 9 1 1 6 3 3 2 7 1 14 11 7 11 38 9 8 13 17 11 7 5 10 4 2 1
1 2 2 5 2 2 7 3 1 2 2 8 6 25 9 40 6 34 10 13 11 39 5 37 25 37 5 8 3
2 5 2 6 3 4 1 7 8 2 2 8 3 19 3 33 17 35 31 33 8 20 32 1 24 12 3 2 4
3 3 4 7 1 2 2 1 2 1 2 6 2 3 9 6 7 10 6 9 5 24 5 28 8 5 3 4 1
1 1 5 6 4 3 2 8 1 6 7 2 4 2 6 4 5 9 2 10 24 3 5 2 1 7 5 2 2
2 4 1 10 2 9 2 4 7 4 6 1 5 1 4 2 1 4 2 1 1 5 1 4 2 4 2 4 2
2 5 5 3 3 1 4 3 3 5 6 4 1 1 3 1 2 1 5 3 10 2 1 1 2 4 6 2 1
2 2 2 2 2 4 8 10 5 6 2 1 1 2 2 8 4 3 4 6 4 2 3 1 2 3 4 4 7
