23
00000000000000000000000
00000000000000000000000
00000000000000000000000
00000000000000000000000
00000000000000000000000
00000000000000000000000
00000000000000000000000
00000000000000000000000
00000000000000000000000
00000000000000000000000
00000000000000000000000
00000000000000001111000
00000000000000000000000
00000000000000000000000
00000000000000000000000
00000000000000000000000
00000000000000000000000
00000000000000000000000
00000000000000000000000
00000000000000000000000
00000000000000000000000
00000000000000000000000
0000000000000000000000
0000000000000000000000
0000000000000000000000
0000000000000000000000
0000000000000000000000
0000000000000000000000
0000000000000000000000
0000000000000000000000
0000000000000000000000
0000000000000000000000
0000000000000000000000
0000000000000000000000
0000000000000000000000
0000000000000000000000
0000000000000000000000
0000000000000000000000
0000000100000000000000
0000000100000000000000
0000000100000000000000
0000000100000000000000
0000000100000000000000
0000000100000000000000
0000000100000000000000
4 3 6 5 3 2 10 1 7 5 1 8 2 4 2 33 75 177 148 111 114 5 2
1 1 4 2 1 4 10 1 10 5 3 4 1 1 1 29 66 192 62 22 68 6 4
2 7 7 3 2 2 7 1 1 2 1 6 3 1 126 179 64 31 81 21 66 114 84
2 2 3 6 6 3 3 6 7 6 5 3 5 1 46 25 49 141 58 75 27 96 2
6 3 7 7 5 1 9 2 3 1 9 6 1 7 129 2 41 20 26 28 64 93 33
2 1 2 3 2 4 5 4 7 3 2 2 6 3 2 1 49 57 54 128 151 47 48
6 8 1 2 1 8 2 4 6 1 1 4 7 1 2 3 26 120 73 21 61 92 6
2 6 2 5 6 1 5 7 2 7 2 4 1 7 2 7 1 50 86 3 7 5 1
3 2 1 2 2 7 7 8 3 7 1 2 2 1 2 3 5 59 149 1 3 3 2
1 2 2 7 3 3 2 2 4 1 7 3 3 1 8 4 1 83 81 6 41 103 146
6 2 8 4 3 5 5 3 6 3 3 2 1 8 2 9 2 55 9 2 2 34 146
4 1 4 5 6 2 2 5 4 6 7 5 54 85 42 38 1 6 1 2 190 29 118
3 3 4 7 3 2 3 2 452 311 150 236 109 229 112 41 40 47 84 30 253 171 69
2 6 6 3 1 2 5 144 105 336 148 371 350 147 144 75 131 130 42 47 159 147 129
7 3 9 6 2 615 263 129 229 84 141 280 139 169 36 157 110 182 131 173 53 30 223
10 1 5 1 3 3 656 87 482 125 100 103 4 97 275 46 251 286 30 80 50 192 36
2 3 8 3 4 3 358 650 5 175 516 605 513 287 156 234 88 40 171 32 153 55 117
1 4 2 7 1 7 140 9 7 560 183 174 169 459 165 85 45 140 119 178 114 122 76
2 3 2 3 2 1 304 7 5 7 203 710 90 145 199 121 59 38 33 73 34 44 243
2 10 4 7 1 9 7 3 6 2 2 245 189 415 667 77 35 33 249 227 131 111 121
2 8 1 2 4 5 8 2 113 5 578 311 202 589 495 76 157 31 265 205 101 93 113
10 5 2 2 1 2 1 3 107 116 154 718 555 309 114 49 98 194 183 74 204 36 73
1 2 1 1 1 4 5 5 296 91 478 345 84 45 277 67 37 50 240 32 33 221 72
