31
0000000000000000000000000000000
0000000000000000000000000000000
0000000000000000000000000000000
0000000000000000000000000000000
0000000000000000000000000000000
0000001111110000000000000000000
0000000000000000000000000000000
0000000000000000000000000000000
0000000000000000000000000000000
0000000000000000000000000000000
0000000000000000000000000000000
0000000000000000000000000000000
0000000000000000000000000000000
0000000000000000000000000000000
0000000000000000000000000000000
0000000000000000000000000000000
0000000000000000000000000000000
0000000000000000000000000000000
0000000000000000000000000000000
0000000000000000000000000000000
0000000000000000000000000000000
0000000000000000000000000000000
0000000000000000000000000000000
0000000000000000000000000000000
0000000000000000000000000000000
0000000000000000000000000000000
0000000000000000000000000000000
0000000000000000000000000000000
0000000000000000000000000000000
0000000000000000000000000000000
000000000100000000000000000000
000000000100000000000000000000
000000000100000000000000000000
000000000100000000000000000000
000000000100000000000000000000
000000000100000000000000000000
000000000100000000000000000000
000000000000000000000000000000
000000000000000000000000000000
000000000000000000000000000000
000000000000000000000000000000
000000000000000000000000000000
000000000000000000000000000000
000000000000000000000000000000
000000000000000000000000000000
000000000000000000000000000000
000000000000000000000000000000
000000000000000000000000000000
000000000000000000000000000000
000000000000000000000000000000
000000000000000000000000000000
000000100000000000000000000000
000000100000000000000000000000
000000100000000000000000000000
000000000000000000000000000000
000000000000000000000000000000
000000000000000000000000000000
000000000000000000000000000000
000000000000000000000000000000
000000000000000000000000000000
000000000000000000000000000000
1 250 37 197 1 2 5 4 1 4 2 5 6 6 5 10 5 2 3 7 4 234 363 63 57 361 96 6 4 8 5
4 165 45 83 86 111 2 5 2 2 2 2 7 2 3 2 1 6 3 4 266 242 134 314 115 436 149 5 3 3 2
184 60 233 216 37 45 47 5 8 9 2 5 5 2 3 2 2 3 1 431 172 365 103 312 406 209 72 6 1 3 7
77 54 161 196 114 98 238 130 34 1 1 8 1 6 6 2 3 2 1 1 262 77 325 150 113 12 66 401 24 57 4
73 85 243 38 145 39 311 332 4 2 5 4 4 6 9 5 5 7 191 298 81 282 21 70 37 39 48 19 34 40 8
1 87 68 244 124 124 183 66 1 1 2 5 3 6 2 2 1 3 74 91 48 231 14 69 74 16 13 22 10 12 28
254 47 97 163 13 30 6 1 4 2 2 3 2 2 3 3 8 1 1 59 62 63 56 18 37 11 17 74 15 56 64
234 141 68 23 4 8 36 7 8 4 9 6 1 7 4 4 5 5 2 3 206 9 15 32 65 55 40 24 9 8 2
7 173 11 25 24 23 21 22 1 2 6 8 1 5 1 5 3 3 8 4 98 16 12 52 49 18 37 54 1 3 1
2 2 5 14 14 5 7 15 5 3 6 4 6 4 3 9 1 5 1 2 443 8 7 4 65 62 62 4 3 3 5
2 5 1 6 17 6 33 1 7 7 4 1 3 2 4 1 3 5 3 6 8 7 8 3 8 27 258 1 2 5 9
3 1 6 2 2 17 7 1 9 2 6 3 1 5 5 1 6 2 2 2 3 9 2 2 276 194 238 238 2 2 1
3 8 5 10 6 28 10 2 8 1 9 4 3 3 2 7 8 2 2 9 1 6 2 475 99 140 95 95 64 407 4
2 1 4 5 6 5 29 37 7 9 1 5 4 12 1 6 3 4 2 4 3 2 7 7 4 90 182 116 56 122 155
6 8 8 2 1 4 5 4 8 4 12 11 5 16 3 2 3 4 2 4 4 4 4 2 465 101 55 383 90 315 161
9 4 4 2 26 130 6 7 4 3 17 4 25 20 6 8 7 4 1 1 8 3 7 6 6 92 84 119 50 237 64
35 25 73 29 20 3 28 8 13 5 6 18 14 5 5 6 6 1 4 1 4 2 6 1 4 56 434 231 88 400 60
20 47 17 45 19 16 4 9 5 3 5 24 17 15 3 6 1 3 2 3 2 1 1 2 7 3 281 152 234 280 121
33 18 17 44 119 30 16 14 26 87 30 16 4 1 6 1 4 22 4 3 1 2 2 3 4 127 111 286 176 292 163
39 2 35 36 83 4 7 4 4 125 10 11 7 8 51 9 48 32 25 27 8 5 3 6 246 281 70 118 132 358 262
2 5 30 63 133 8 139 123 201 323 442 5 25 61 30 9 12 54 12 20 3 2 3 7 2 1 259 157 107 132 5
9 1 4 6 24 40 254 115 82 89 117 83 3 29 77 9 32 36 39 47 5 2 1 5 3 1 2 140 2 112 333
4 1 27 89 2 7 8 75 86 149 179 2 12 16 11 47 9 48 11 75 4 1 4 2 4 4 8 1 6 1 2
4 3 8 2 2 1 1 76 167 275 47 1 3 18 3 20 26 18 67 2 2 3 2 2 7 2 6 7 6 2 2
3 3 4 19 6 35 450 216 89 169 11 24 70 38 23 55 3 1 7 4 3 2 2 2 3 1 5 3 7 1 2
3 11 11 2 2 7 122 113 184 87 46 15 17 5 1 56 3 4 3 5 9 8 3 9 1 4 1 4 1 4 1
2 2 7 4 2 3 367 191 90 101 92 73 70 27 16 12 1 8 8 2 2 5 1 10 21 21 24 47 21 4 3
4 4 2 1 2 2 1 249 399 433 14 11 16 21 22 19 2 2 2 3 1 70 26 94 50 125 88 21 78 2 2
6 3 5 1 8 2 7 3 5 244 9 39 63 12 17 29 1 2 3 2 61 69 84 68 20 18 88 64 67 20 9
2 11 2 10 7 3 2 5 1 3 3 18 17 17 18 9 50 2 4 8 39 17 81 113 78 101 89 105 34 44 14
6 6 3 5 12 18 4 3 5 20 26 24 52 22 7 18 18 1 5 9 4 36 15 17 31 15 21 103 22 30 84
