22
0000000000000000000000
0000000000000000000000
0000000000111000000000
0000000000000000000000
0000000000000000000000
0000000000000000011111
0000000000000011111111
1100001111000000000000
0000000000000000000000
0000000000000000000000
0000000000000000000000
0000000000000000000000
0000000000000000000000
0000000000000000000000
0000000000000000000000
0000000000000000000000
0000000000000000000000
0000000000000000000000
0111111100000000000000
0000001111110000000000
0000000000000000000000
000000000000010000100
000000000000000000100
000000000000000000100
000000000000000000000
000000000000000000000
000000000000000000000
000000000000000000000
000000000000000000000
000000000000000000000
000000100000000000000
000000100000000000000
000000100000000000000
000000100000000000000
000000100000000000000
000000100000000000000
000000101000000000000
000000101000000000000
000000101000000000000
000000000000000010000
000000000000000010000
000000000000000010000
000000000000000000000
2 1 2 2 1 203 871 111 290 168 114 2 8 1 1 7 2 2 7 4 3 5
3 9 890 450 570 128 881 113 837 147 145 251 721 70 9 2 4 2 4 1 4 5
6 2 5 6 508 8 128 102 151 623 94 240 386 42 2 4 4 1 1 4 2 5
4 2 5 1 4 7 157 371 739 653 210 315 26 65 68 51 2 9 1 4 5 5
8 3 6 10 2 2 2 404 123 119 91 405 103 31 58 105 1 4 8 3 4 5
1 266 498 121 124 143 69 6 2 2 7 40 43 26 70 64 21 2 3 5 4 3
1 115 82 110 210 233 139 2 5 2 173 22 16 11 24 33 21 2 5 7 8 6
2 52 174 105 87 4 37 38 2 2 380 275 245 29 42 31 29 12 49 4 2 4
11 246 225 178 304 55 110 181 497 70 383 226 98 21 31 42 29 25 13 5 1 9
4 16 4 363 210 67 149 162 356 382 82 3 2 5 35 32 26 53 2 10 1 7
3 6 3 231 310 166 225 3 276 375 15 74 13 17 61 91 17 11 56 4 1 2
4 6 87 103 156 133 313 7 4 383 313 2 40 46 81 12 75 6 31 3 2 1
19 3 92 190 101 508 57 7 4 2 1 2 14 82 49 6 9 7 15 6 7 5
141 274 79 285 229 202 140 4 8 11 8 3 3 2 3 4 9 1 1 2 2 1
288 427 64 262 2 14 263 6 9 2 2 4 3 1 3 8 4 1 1 6 9 3
8 487 310 5 2 103 71 2 2 2 1 1 3 2 2 3 1 1 2 1 1 3
3 10 4 17 3 160 138 1 2 6 6 2 5 4 1 1 7 4 5 1 3 6
113 19 6 10 111 84 339 8 1 1 10 3 2 8 6 2 1 2 2 3 1 2
507 5 3 19 273 143 85 97 2 4 5 2 2 3 2 2 4 4 4 3 3 7
354 1 4 9 2 8 10 2 4 3 6 8 3 3 8 7 5 2 2 1 4 1
3 2 1 1 5 2 2 3 6 4 4 2 3 3 2 1 5 5 6 3 2 10
8 6 4 2 2 3 6 1 10 4 6 4 2 4 1 3 1 5 8 4 2 9
