31
0000000000000000000000000000000
0000000000000000000000000000000
0000000000000000000000000000000
0000011111000000000000000000000
0000000000000000000000000000000
0000000000000000000000000000000
0000000000000000000000000000000
0000000000000000000000000000000
0000000000000111110000000000000
0000000000000000000000000000000
0000000000111000000000000000000
0000000000000000000000000000000
0000000000000000000000000000000
0000001111000000000000000000000
0000011110000000000000000000000
0000000000000000000000000000000
0000000000000000000000000000000
0000000000000000000000000000000
1000000000000000011111111111000
0000000000000000000000000000000
0000000000000000000000000000000
0000000000000000000000000000000
1000000000000000000000000000000
0000000000000000111111000000000
0000000000000000000000000000000
0000000000000000000000000000000
0111111111111110000000000000000
0000000111111110000000000000000
0000000000000000000000000000000
0000000000000000000000000000000
000000000000000000000000000000
000000000000000000000000000000
000000000000000000000000000000
000010000000000000000000000000
100010000000000000000000000000
100010000000000000000000000000
100010000000000000000000000000
100010000000000000000000010000
100010000000000000000000010010
100000000000000000000000011010
100000000000000000000000011010
100000000000000000000000011010
100000000000000000000000011010
100000000000000000000000011000
000000000000000000000000011000
000000000000000010000000001000
000000000000000010000000001000
000000000000000010000000000000
000000000000000010000000000000
000000000000000010000000000000
000000000000000010000000000000
000000000000000010000000000000
000010000000000010000000000000
000010000000000010000000000000
000010000000000010000000000000
000010000000000000000000000000
000010000000000000000000000000
000010000000000000000000000000
000000000000000000000000000000
000000000000000000000000000000
000000000000000000000000000000
119 201 128 32 291 114 109 40 225 243 182 5 25 17 17 32 36 7 121 9 1 7 10 1 2 3 1 6 3 1 4
81 87 92 95 126 289 111 292 73 271 182 4 13 7 26 17 7 18 10 24 24 2 2 2 3 2 22 3 3 4 3
239 91 56 160 93 105 121 44 271 133 78 117 42 11 25 33 11 15 17 6 4 1 3 2 8 4 8 12 17 7 7
47 167 292 269 90 285 35 276 36 175 203 89 24 13 19 31 17 5 12 4 25 17 5 5 21 22 30 8 29 17 4
233 240 46 142 63 111 223 185 192 95 62 98 273 7 26 12 10 11 6 11 25 4 31 32 4 10 5 9 9 3 8
99 34 217 79 240 295 268 43 118 54 47 284 9 10 10 15 26 29 11 7 10 5 10 14 12 29 7 26 8 17 4
256 84 81 231 37 44 138 44 41 55 83 122 86 7 8 7 5 10 33 6 6 7 8 32 20 13 4 16 15 4 8
4 95 289 81 209 163 195 33 63 292 48 26 49 19 20 7 6 7 5 29 12 34 7 14 5 14 16 4 10 4 5
2 38 111 206 182 79 114 36 235 10 6 7 26 6 23 23 4 13 8 29 7 4 5 13 33 8 7 14 4 2 4
2 101 36 107 295 62 194 54 48 27 25 5 8 25 10 36 5 9 22 6 34 32 4 24 13 6 4 21 4 5 3
1 50 105 89 65 1 10 78 8 194 13 3 4 14 6 21 8 21 13 6 13 27 4 28 35 7 6 2 2 4 1
2 148 39 76 129 116 1 38 108 1 4 4 9 17 27 7 27 21 27 20 22 8 4 4 31 10 8 3 3 5 1
4 30 82 126 7 2 9 4 5 5 3 29 13 4 19 32 9 19 4 4 16 8 9 8 28 23 10 2 2 9 1
3 2 1 82 51 1 4 2 13 12 35 7 32 32 17 23 9 8 4 4 9 24 10 11 10 9 2 4 1 2 4
5 7 6 2 5 10 2 2 1 2 6 29 5 9 5 7 16 11 31 22 22 12 12 22 6 5 4 4 9 1 4
2 4 9 3 1 4 2 2 2 2 2 23 14 18 5 4 4 7 5 15 13 7 7 35 4 32 8 3 2 3 9
5 3 5 7 2 6 2 8 2 8 3 7 7 29 8 8 18 31 5 4 6 11 18 17 35 10 4 3 1 1 3
2 1 7 2 2 4 2 1 1 3 2 8 5 61 2 7 6 5 5 7 17 6 14 14 6 6 2 7 2 2 6
2 9 2 6 1 2 4 2 5 10 7 5 3 5 6 4 20 8 27 5 31 19 7 169 7 2 3 5 7 8 6
3 2 2 1 3 6 1 2 5 4 1 10 9 22 35 12 30 2 9 3 3 2 6 5 9 6 7 8 4 1 8
3 1 3 3 3 3 3 1 6 2 3 2 5 2 8 6 10 2 1 6 3 3 2 1 5 5 1 9 4 4 4
2 5 1 5 4 1 4 5 2 5 2 2 6 4 2 9 2 1 9 1 9 6 7 1 7 1 3 2 1 1 2
3 2 4 3 1 5 4 5 2 3 7 4 2 3 1 4 1 5 1 1 5 2 3 3 8 7 3 1 8 3 4
4 4 8 3 2 1 2 2 3 4 3 5 1 6 6 8 1 4 1 10 2 3 2 7 2 7 1 2 2 3 3
10 8 1 9 1 6 5 4 4 1 5 5 2 3 3 3 3 1 1 1 2 2 3 7 4 2 1 8 2 7 1
3 4 10 3 3 8 4 5 4 3 2 3 6 6 1 1 1 7 5 6 1 4 1 9 4 7 1 10 2 1 1
5 4 2 2 4 6 1 1 1 1 1 1 8 6 2 6 2 9 2 2 10 1 2 7 7 2 5 1 4 8 3
6 1 1 8 7 3 4 1 6 1 1 3 2 6 4 2 7 8 10 5 6 5 8 2 5 3 6 2 3 6 1
2 2 7 5 3 2 3 8 2 2 2 1 2 2 6 1 4 5 8 1 7 5 1 8 1 2 6 4 6 2 4
4 1 5 2 2 5 4 1 1 6 1 3 4 3 10 1 1 8 1 7 1 5 3 6 3 3 6 1 2 1 7
6 5 2 7 9 5 7 4 4 8 3 2 10 3 1 6 4 4 10 10 4 7 2 8 3 5 9 2 1 1 2
