40
0000000000000000000000000000000000000000
0000000000000000000000000000000000000000
0000000000000000000000000000000000000000
0000000000000000000000000000000000000000
0000000000000000000000000000000000000000
0000000000000000000000000000000000000000
0000000000000000000000000000000000000000
0000000000000000000000000000000000000000
0000000000000000000000000000000000000000
0000000000000000000001111111000000000000
0000000000000000000000000000000000000000
0000000000000000000000000000000000000000
0000000000000000000000000000000000000000
0000000000000000000000000000000000000000
0000000000000000000000000000000000000000
0000000000000000000000000000000000000000
0000000000000000000000000000000000000000
0000000011111111111110000000000000000000
0000000000000000000000000000000000000000
0000000000000000000000000000000000000000
0000000000000000000000000000000000000000
0000000000000000000000000000000000000000
0000000000000000000000000000000000000000
0000000000000000000000000000000000000000
0000000000000000000000000000000000000000
0000000000000000000000000000000000000000
0000000000000000000000000000000000000000
1111100000000000000000000000000000000000
0000000000000000000000000000000000000000
0000000000000011111100000000000000000000
0000000000000000000000000000000000000000
0000000000000000000000000000000000000000
0000000001111111111111111111100000000011
0000000000000000000000000000000000000000
0000000000000000000000000000000000000000
0000000000000000000000000000000000000000
0000000000000000000000000000000000000000
0000000000000000000000000000000000000000
0000000000000000000000000000000000000000
010000001000000000001001001000001000000
010000001000000000001001001000001000000
000000001000000100001001001000001000000
000000001000000100001001001000001000000
000000001000000100001001001000000000000
001000000000000100001001001000000000000
001000000000000100000001001000000000000
001000000000000110100000101000000000000
001000000000000110100000101000000000000
001000000000000110100000101000000000000
000000000000000110100000100000000000000
000000000000000110100000100000000000000
000000000000000110000000100000000000000
000000000000000110000000100000000000001
000000000000000110000000100000000000001
000000000000000110000100100000000000001
000000100000000110000100100100000000001
000000100000000110000100100100000000001
000000100000000110000100100100000000001
000000100000000110000100100100000000001
000000100000000110000100100100000000011
000000100000000110000100100101000000011
000000100000000010000100000101000000011
000000100000000010000100000101000000011
000000100000000000000100000101000000011
000000100000000000000100000101000000011
000000100000000000000000000101000000011
000000100000000000000000000101000000010
000000100000000000000000000101000000011
000000100000000000000000000101000000011
000000100000000000000000000101000000011
000000100000000000000000000001000000011
000100100000000000000000000001000000011
000100000000000000000000000001000000011
000100000000000000000000000001000000011
000100000000000000000000000000000000010
000100000000000000000000000000000000000
000000000000000000000000000000000000000
000000000000000000000000000000000000000
000000000000000000000000000000000000000
1 5 6 4 2 3 2 2 3 3 8 16 4 3 17 5 4 4 21 7 8 31 3 15 3 3 8 1 9 5 2 2 3 4 3 7 3 2 9 3
3 2 3 2 5 2 1 3 3 17 20 12 7 7 4 22 6 32 22 5 14 6 17 7 9 2 4 1 8 10 6 5 2 1 5 9 3 10 1 1
7 3 3 2 1 2 3 8 3 18 4 4 4 9 9 22 12 6 8 6 4 6 5 24 2 1 2 4 1 5 6 2 5 2 5 2 2 9 5 7
5 3 2 6 5 4 9 1 2 11 27 16 4 4 10 24 19 30 30 26 23 4 26 21 16 2 1 10 2 2 2 6 4 4 1 2 8 3 4 3
5 6 3 4 3 2 1 9 4 17 4 6 22 17 26 20 19 8 25 7 24 4 6 3 7 11 4 2 4 6 1 9 2 4 2 8 1 5 6 5
8 6 6 2 3 2 1 2 10 8 16 6 21 8 8 5 10 8 16 24 3 13 9 17 16 7 8 3 6 2 2 2 1 5 2 6 2 5 8 2
9 3 2 3 1 3 11 32 24 29 4 4 13 8 7 13 11 5 13 6 4 6 6 12 8 3 25 6 5 3 1 1 10 1 8 4 4 1 1 2
2 8 10 1 6 2 13 16 7 11 24 17 11 26 8 8 11 6 4 8 12 6 17 4 12 5 16 2 1 7 3 1 5 2 5 7 2 10 4 1
1 4 3 6 4 1 4 12 3 5 7 2 15 25 13 29 9 11 3 8 22 12 3 8 27 23 5 1 9 2 1 2 5 7 4 3 9 6 3 3
6 1 2 5 3 3 2 22 30 9 8 5 27 8 19 5 3 24 15 23 7 10 8 10 5 26 26 1 4 5 2 2 2 5 10 3 6 1 4 9
2 1 3 5 1 6 6 4 2 4 3 1 4 32 3 2 2 7 14 21 5 31 89 1 2 2 3 3 9 2 3 1 1 8 2 2 5 1 1 4
8 2 2 1 9 2 3 2 3 2 2 3 10 2 7 6 2 7 5 2 10 8 209 130 1 4 2 2 1 2 3 2 4 3 7 6 2 1 3 5
1 7 4 1 5 3 2 6 6 1 1 4 4 5 2 3 2 4 119 38 21 4 167 6 2 3 9 2 3 8 7 5 2 2 6 1 2 1 7 5
3 1 3 2 5 7 5 4 1 9 4 2 8 2 8 1 6 303 175 235 105 68 98 124 217 1 10 1 6 2 7 8 1 1 2 3 3 8 1 3
3 1 3 4 2 3 2 3 2 4 2 1 3 9 2 4 3 202 38 57 100 110 117 48 7 8 6 6 2 4 7 8 6 3 2 6 2 1 3 8
2 6 2 6 3 10 8 7 8 8 4 2 4 1 7 7 8 320 117 51 231 38 355 49 82 2 5 6 3 1 1 4 1 7 2 4 5 8 1 2
3 6 6 2 1 3 2 1 2 3 3 1 6 2 4 6 1 67 65 301 50 226 302 143 255 3 1 3 2 6 3 10 7 9 7 4 1 2 1 1
1 1 7 1 4 2 5 3 5 5 7 2 3 8 3 3 5 48 71 73 114 48 46 8 4 2 105 7 6 2 1 9 7 2 5 3 2 8 2 2
7 1 1 3 5 2 1 1 2 9 5 6 6 1 9 1 3 92 39 53 173 213 1 41 6 8 184 49 3 2 4 2 9 3 6 1 6 4 9 3
5 8 7 1 6 5 2 6 7 3 6 7 8 1 9 3 63 191 44 68 311 275 243 69 70 2 86 249 3 2 8 1 10 3 2 1 5 2 3 3
8 5 4 2 9 2 6 9 8 2 7 1 5 5 6 9 268 353 95 306 98 65 160 112 54 43 296 238 3 2 2 1 2 1 3 1 5 7 3 2
6 2 5 4 1 4 1 4 4 1 3 144 3 3 4 91 107 45 45 53 96 217 65 291 48 319 175 61 4 9 3 2 5 7 2 2 5 2 9 2
1 3 2 2 2 7 2 3 2 90 69 203 108 1 8 339 63 302 46 65 53 148 179 141 333 321 66 41 1 4 9 2 4 5 1 4 8 2 3 5
2 1 4 2 1 4 2 4 8 1 8 45 40 338 45 85 53 46 68 241 66 299 37 189 50 59 302 198 2 2 3 2 1 4 3 1 9 9 1 4
5 3 1 4 4 6 1 1 2 265 70 72 275 299 53 63 137 51 134 85 47 61 109 63 42 53 51 258 5 2 3 2 2 8 1 8 7 8 8 6
3 3 10 1 2 1 4 6 2 4 142 81 119 275 306 82 126 129 51 143 49 161 132 357 64 41 251 38 3 1 8 1 4 8 4 2 10 6 8 6
1 9 3 4 3 6 2 1 1 6 2 2 150 287 48 72 160 69 110 39 72 117 42 57 205 131 46 74 2 9 1 1 2 3 5 6 2 2 3 2
1 2 6 1 2 2 7 4 5 2 2 84 44 49 155 62 59 148 323 124 209 114 304 108 69 71 38 39 4 8 1 1 6 1 1 10 4 1 2 2
2 2 1 5 3 2 1 1 4 4 3 5 9 204 132 303 80 221 85 101 236 217 38 52 70 144 64 266 2 2 1 4 6 3 5 1 1 2 4 1
8 7 2 4 3 8 6 3 1 3 7 7 1 10 201 325 130 41 216 220 176 56 102 233 309 135 134 355 5 2 6 8 5 2 2 2 2 3 7 3
2 4 9 3 4 5 6 6 9 2 3 6 2 1 3 2 54 147 70 205 105 249 38 53 316 302 41 166 1 1 1 3 6 7 1 1 1 2 1 3
1 2 3 4 2 10 1 7 2 1 1 6 2 9 3 3 220 162 270 307 207 69 40 50 47 77 1 7 9 6 4 2 2 2 1 8 1 7 9 1
9 10 7 2 8 21 1 2 6 9 3 7 6 5 6 2 1 156 47 52 51 38 92 135 148 91 197 4 3 7 9 2 7 8 3 2 1 5 4 1
5 2 2 2 8 9 2 8 10 4 1 3 2 4 8 1 3 7 5 7 2 4 9 7 5 6 2 2 5 2 2 10 5 1 3 4 4 3 2 5
20 20 38 4 13 11 27 2 5 4 3 6 5 4 7 4 4 4 6 2 1 1 3 3 3 2 1 5 4 8 1 6 4 2 6 1 8 3 8 1
9 39 8 35 24 9 13 2 1 8 7 6 2 4 1 3 1 5 1 8 3 3 1 2 3 5 5 2 2 4 12 9 2 9 1 1 5 1 3 4
10 5 36 13 5 11 24 21 4 2 2 10 8 3 6 7 1 8 5 6 2 2 8 4 2 1 3 5 11 5 7 4 2 1 1 2 3 8 8 8
4 6 33 8 12 7 16 30 31 7 3 7 1 3 5 1 3 2 1 5 4 2 1 1 1 6 3 3 3 1 2 3 6 3 9 11 1 7 1 2
27 26 31 14 34 18 4 5 4 1 3 1 1 2 3 2 4 3 1 6 1 4 1 2 4 2 7 5 10 9 3 3 7 2 4 3 5 6 1 10
5 17 14 26 7 40 16 12 2 6 1 2 4 1 4 2 3 1 4 8 10 3 7 1 2 5 2 4 2 3 10 9 2 3 2 11 3 9 10 1
