28
0000000000000000000000000000
0000000000000000000000000000
0000000000000000000000000000
0000000000000000000000000000
0000000000000000000000000000
0000000000000000000000000000
0000000000000000000000000000
0000000000000000000000000000
0000000000000000000000000000
0000000000000000000000000000
0000000000000000000000000000
0000000000000000000000000000
0000000000000000000000000000
0000000000000000000000000000
0000000000000000000000000000
0000000000000000000000000000
0000000000000000000000000000
0000000000000000000000000000
0000000000000000000000000000
0000000000000000000000000000
0000000000000000000000000000
0000000000000000000000000000
0000000000000000000000001111
0000000000000000000000000000
0000000000000000000000000000
0000000000000000000000000000
0000000000000000000000000000
000000000010000000000000000
000000000010000000000000000
000000000010000000000000000
000000000010000000000000000
000000000010000000000000000
000000000010000000000000000
000000000010000000000000000
000000000010000000000000000
000000000000000000000000000
000000000000000000000000000
000000000000000000000000000
000000000000000000000000000
000000000000000000000000000
000000000000000000000000000
000000000000000000000000000
000000000000000000000000000
000000000000000000000000000
000000000000000000000000000
000000000000000000000000000
000000000000000000000000000
000000000000000000000000000
000000000000000000000000000
000000000000000000000000000
000000000000000000000000000
000000000000000000000000000
000000000000000000000000000
000000000000000000000000000
000000000000000000000000000
51 37 105 49 3 5 1 1 4 2 3 1 2 1 8 4 74 288 445 604 384 163 3 6 2 3 1 2
22 43 57 78 73 46 9 3 3 2 8 4 6 3 2 2 78 414 673 116 237 7 3 3 4 1 3 2
66 24 83 40 92 82 19 1 5 4 1 4 2 1 8 5 148 166 84 114 147 344 3 8 5 1 1 6
114 133 160 148 18 18 3 3 2 3 2 9 2 5 8 6 195 5 287 203 1 413 143 2 3 5 3 3
160 146 99 26 100 57 10 2 5 2 2 2 4 4 632 267 168 374 188 427 4 232 7 2 6 4 7 5
136 142 21 41 3 31 4 3 1 3 3 3 1 9 3 9 301 148 152 282 137 323 284 46 1 6 2 4
18 105 53 24 59 2 2 2 2 3 3 6 1 1 1 2 385 138 391 199 22 11 12 7 22 38 10 1
20 26 106 17 38 8 1 6 1 1 10 4 5 2 5 1 674 161 83 240 14 30 45 52 40 10 11 18
18 93 81 1 4 1 7 4 2 2 1 8 4 8 4 4 1 3 109 77 49 24 10 13 57 31 9 3
29 73 2 2 2 8 2 8 5 2 2 1 8 1 3 1 196 103 5 4 20 49 45 52 14 17 11 20
45 59 4 1 2 4 2 1 9 1 1 8 2 9 5 122 62 345 5 7 47 11 16 15 14 68 15 60
4 4 2 3 6 15 3 2 8 2 1 5 4 67 39 61 265 211 16 26 4 5 11 54 5 23 2 2
1 2 6 3 4 7 11 3 7 3 7 2 1 53 76 178 58 106 157 4 11 8 19 22 5 19 17 1
11 3 5 6 3 2 12 15 7 1 9 6 8 97 65 99 108 100 288 13 4 12 14 4 23 6 4 2
6 4 3 11 12 3 14 9 3 9 2 2 38 42 359 165 278 44 98 247 19 4 31 11 5 4 5 24
7 8 13 14 4 2 4 2 12 4 3 9 2 322 115 362 40 167 52 62 18 365 9 29 18 7 5 3
1 2 10 2 15 6 8 4 10 3 3 2 3 2 80 126 81 51 28 22 7 14 4 6 7 6 3 7
4 1 6 2 2 13 13 16 8 3 7 9 3 109 186 42 246 182 4 12 27 13 4 7 178 49 2 7
2 8 8 6 2 10 2 10 2 2 2 1 3 272 268 65 195 237 328 93 301 156 61 53 264 49 170 1
3 1 6 8 5 6 6 2 11 13 9 8 3 1 2 1 4 60 304 71 90 22 52 115 189 38 39 161
2 1 8 2 2 10 3 8 3 9 1 5 2 2 9 5 7 1 3 28 78 29 116 133 275 91 220 1
3 6 5 1 14 5 2 6 1 4 2 3 1 2 3 3 3 2 4 32 31 74 48 180 23 143 9 9
1 4 4 2 5 10 1 1 2 1 8 1 4 4 2 4 9 6 1 8 199 52 101 24 38 241 65 1
9 1 5 4 2 6 3 4 4 1 8 5 1 1 4 1 2 2 4 63 156 123 55 32 72 79 121 42
6 8 1 1 3 8 5 2 2 2 6 1 3 9 9 4 4 2 3 110 66 195 58 190 93 70 43 76
4 5 3 1 9 6 8 3 1 2 2 3 7 9 2 4 7 4 1 8 4 39 105 50 102 127 82 156
4 2 3 2 4 3 7 3 4 4 1 2 1 5 4 4 3 2 1 1 3 8 74 135 155 128 1 1
3 1 6 5 2 7 6 5 2 1 8 3 6 7 2 2 6 2 6 5 2 143 51 27 50 10 3 1
