29
00000000000000000000000000000
00000000000000000000000000000
00000000000000000000000000000
00000000000111111111110000000
00000000000000000000000000000
00000000000000000000000000000
00000000000000000000000000000
00000000000000000000000000000
00000000000000000000000000000
00000000000000000000000000000
00000000000000000000000000000
00000000000000000000000000000
00000000000000000000000000000
00000000000000000000000000000
00000000000000000000000000000
00000000000000000000000000000
00000000000000000000000000000
00000000000000000000000000000
00000000000000000000000000000
00000000000000000000000000000
00000001111110000000000000000
00000000000000000000000000000
00000000000000000000000000000
00000000000000000000000000000
00000000000000000000000000000
00000000000000000000000000000
00000000000000000111111000000
00000000000000000000000000000
0000000000000000001000000000
0000000000000000001000000000
0000000000000000001000000000
0000000000000000000000000000
0000000000000000000000000000
0000000000000000000000000000
0000000000000000000000000000
0000000000000000000000000000
0000000000000000100000000000
0000000000000000100000000000
0000000000100000100000000000
0000000000100000100000000000
0000000000100000100000000000
0000000000100000100000000000
0000000000100000100000000000
0000000000100000100000000000
0000000000100000100000000000
0000000000100000100000000000
0000000000100000000000000000
0000000000110000000000000000
0000000000110000000000000000
0000000000010000000000000000
0000000000010000000000000000
0000000000010000000000000000
0000000000010000000000000000
0000000000010000000000000000
0000000000010000000000000000
0000000000010000000000000000
0000000000010000000000000000
9 6 3 3 1 5 3 1 1 1 4 6 2 5 5 2 1 6 8 3 7 9 4 2 2 4 2 3 1
1 1 6 2 1 1 2 5 3 1 1 2 7 10 1 4 2 2 5 6 1 7 1 2 1 2 1 2 3
2 9 6 6 2 3 2 5 10 5 5 2 9 6 3 5 2 2 5 2 4 8 4 1 3 6 3 8 7
5 7 3 2 2 2 1 5 1 1 3 4 1 2 1 3 9 6 2 6 1 3 2 1 7 6 7 7 10
5 6 4 2 4 2 2 3 2 8 2 4 86 92 175 25 1 191 96 5 8 5 4 3 1 2 6 2 3
2 7 2 1 2 3 1 3 1 5 1 222 85 77 166 216 106 78 50 1 6 5 5 1 1 3 4 2 3
6 4 5 2 3 4 2 6 8 1 4 78 88 98 188 62 167 38 28 3 3 1 1 2 4 2 11 3 2
5 1 2 2 3 1 3 1 5 3 2 107 145 41 213 120 25 92 83 2 7 3 2 2 4 1 2 10 11
7 5 7 9 9 2 1 3 2 3 10 74 26 158 37 166 34 153 5 51 8 4 10 5 12 2 2 5 10
2 2 5 2 3 2 2 2 2 3 59 47 5 46 100 118 74 4 9 68 2 2 5 8 6 1 5 3 2
5 5 2 2 6 7 11 3 3 5 1 525 490 30 146 186 25 11 32 22 82 46 11 3 3 3 2 3 1
5 2 2 9 9 4 1 2 3 6 8 596 629 125 175 29 86 44 12 73 18 31 97 69 10 2 11 3 9
7 1 2 11 5 10 7 5 4 1 8 621 456 164 135 60 160 1 48 11 37 77 52 3 9 4 1 1 5
3 2 10 1 135 529 1 5 2 1 9 824 392 400 489 88 112 12 24 14 27 37 32 16 55 3 1 2 5
3 7 6 2 133 393 3 11 3 1 1 122 275 537 132 463 679 83 52 12 81 38 45 84 22 39 2 4 2
9 4 9 6 165 102 10 3 1 6 8 594 88 393 526 262 523 41 23 15 87 36 68 38 24 3 5 5 1
1 3 4 2 254 177 341 125 6 8 4 252 673 125 159 95 276 54 69 68 10 60 22 50 35 51 2 5 150
1 512 160 12 493 464 78 114 246 8 2 366 326 772 390 613 117 9 28 10 92 18 13 15 2 6 2 7 98
3 9 182 189 542 352 248 710 137 1 6 221 216 435 90 2 508 74 33 21 24 59 37 26 71 71 122 189 116
7 116 108 199 398 95 228 103 157 406 8 11 2 8 6 6 1 5 1 10 56 69 26 63 233 94 70 228 595
307 190 283 527 95 143 79 214 434 120 559 3 5 1 1 2 2 2 8 5 1 524 92 19 18 94 200 471 382
2 4 525 650 120 164 331 97 381 524 250 4 1 1 7 2 5 1 7 1 6 2 32 16 31 24 56 265 74
4 44 94 109 510 698 355 283 401 198 22 8 7 202 3 2 1 2 290 2 1 1 26 72 15 30 72 104 102
2 6 565 299 632 173 272 539 29 571 19 9 83 97 144 727 348 148 719 3 2 6 30 132 23 93 16 350 491
7 10 10 29 10 30 13 68 37 12 60 3 473 514 516 589 187 628 100 4 1 7 23 85 47 24 130 32 30
2 26 14 11 23 23 16 50 34 36 79 71 489 620 567 229 95 321 84 3 2 7 3 14 29 64 21 15 515
3 2 2 29 10 88 3 2 12 2 5 1 282 118 371 197 352 354 3 2 10 5 4 1 37 97 56 43 1
2 2 15 10 37 85 13 2 47 3 1 2 188 756 298 111 421 137 3 1 4 2 8 6 5 7 4 41 7
7 5 2 1 1 2 4 9 5 9 8 2 607 166 768 329 88 3 3 10 1 6 4 5 3 5 3 2 3
