23
00000000000000000000000
00000000000000000000000
00000000000000000000000
00000000000000000000000
11111111000000000000000
00000000000000000000000
00000000000000000000000
00000000000000000000000
00000000011110000000000
00000000000011111100000
00000000000000000000000
00000000000000000000000
00000000000000000000001
00000000000000000000000
00000000000000000000000
00000000000000000000000
11110000000000000000000
00000000000000000000000
00000000000000000000000
00000000000000000000000
01111100000000000000000
00000000000000000000000
0000000000010000110000
0000000000000000110000
0000000000000100110000
0100000000000100110000
0100000000000100110000
0100000000000100100000
0000000000000100100000
0000000000000100000000
0000000000000100000000
0000000000000100000000
0000000000000100000100
0110000000000100001100
0110000000000000001100
0110000000000000001100
0110000000000000001100
0110000000000000001100
0010000000000000001100
0010000000000000001000
0000000000000000001000
0000000000000000001000
0000000000000000001000
0000000000000000000000
0000000000000000000000
3 7 1 3 7 3 2 8 6 1 67 5 1 7 3 2 1 3 2 9 1 3 4
9 10 4 3 7 7 3 2 19 74 51 27 25 5 2 4 4 1 3 2 1 3 6
2 2 2 3 4 1 7 17 21 25 60 1 4 5 8 8 4 4 5 7 2 6 2
1 1 9 2 2 4 119 83 21 82 45 14 1 3 5 2 3 3 2 3 1 2 8
5 5 4 5 3 2 8 2 18 54 78 31 10 5 2 1 7 3 6 2 5 3 1
4 3 44 3 33 30 86 40 71 26 21 25 8 5 7 3 1 3 2 1 7 8 6
89 2 15 63 21 99 81 13 41 17 80 53 97 1 5 7 1 1 5 4 5 2 2
17 22 11 18 63 97 24 44 17 14 24 91 7 4 2 7 2 1 2 9 2 6 2
19 26 81 19 20 59 25 59 52 25 16 32 129 1 3 2 7 7 7 9 9 2 1
12 19 84 44 47 21 93 108 32 76 31 2 8 9 5 9 2 1 7 9 1 6 1
48 17 15 47 102 96 85 24 15 13 6 8 2 1 6 2 3 8 9 2 8 1 6
13 27 32 12 102 13 20 4 7 2 3 2 10 1 2 6 3 2 2 1 1 5 3
79 53 3 32 13 14 87 77 7 11 5 1 5 2 4 8 33 17 5 4 2 3 1
10 12 3 68 66 11 38 14 48 2 4 12 7 4 16 49 2 51 2 3 3 4 1
2 8 2 99 42 27 32 44 55 12 7 10 8 3 1 43 15 24 11 7 5 5 6
2 3 2 85 73 15 2 4 4 2 5 6 29 40 16 12 33 54 46 6 10 2 2
2 2 8 2 2 4 2 3 7 5 62 14 14 9 9 25 51 44 13 4 3 7 2
2 8 11 14 8 2 2 2 8 2 2 6 4 17 37 18 62 17 40 6 2 10 2
3 2 2 4 10 2 2 3 2 7 5 2 13 8 71 20 15 41 35 6 1 5 2
4 2 2 8 5 2 3 2 4 8 2 3 13 15 73 1 3 8 26 2 3 1 7
3 3 2 4 14 3 5 2 2 6 22 2 6 13 41 40 6 2 42 2 1 4 6
1 2 1 7 5 3 4 8 8 9 28 32 32 2 10 1 1 2 1 5 1 6 3
3 3 8 6 8 6 4 8 2 7 31 7 1 2 3 1 4 2 3 2 10 1 2
