31
0000000000000000000000000000000
0000000000000000000000000000000
1100000000000000000000000000000
0000000000000000000000000000000
0000000000000000000000000000000
0000000000000000000000000000000
0000000000000000000000000000000
0000000000000000000000000000000
0000000000000000000000000000000
0000000000000000000000000000000
0000000000000000000000000000000
0000000000000000000000000000000
0000000000000000000000000000000
0000000000000000000000000000000
0000000000000000000000000000000
0000000000000000000000000000000
0000000000000000000000000000000
0000000000000000000000000011111
0000000000000000000000011100000
0000000000000000000000011100000
0000000000000000000000000000000
0000000000000000000000000000000
0000000000000000000000000000000
0000000000000000000000000000000
0000000000000000000000000000000
0000000000000000000000000000000
0000000000000000000000000000000
0000000000000000000000000000000
0000000000000000000000000000000
0000000000000000000000000000000
000000100000000000000000000000
000000100000000000000000000000
000000100000000000000000100000
000000100000000000000000100000
000000100000000000000000100000
000000100000000000000000100000
000000110000000000000000100000
000000010000000000000000100000
000000010000000000000000100000
000000010000000000000000100000
000000010000000000000000100000
000000010000000000000000100000
000000010000000000000000100000
000000010000000000000000100000
000000010000000000000000100000
000000010000000000000000100000
000000000000000000000000000000
000000000000000000000000000000
000000000000000000000000000000
000000000000000000000000000000
000000000000000000000000000000
000000000000000000000000000000
000000000000000000000000000000
000000000000000000000000000000
000000000000000000000000000000
000000000000000000000000000000
000000000000000000000000000000
000000000000000000000000000000
000000000000000000000000000000
000000000000000000000000000000
000000000000000000000000000000
1 5 4 8 1 5 3 1 1 6 2 10 10 7 6 9 4 1 2 3 9 5 38 30 12 10 6 4 9 7 3
2 10 4 5 2 1 2 4 4 6 1 2 9 6 3 8 3 41 4 7 12 9 10 27 28 4 1 4 5 3 8
6 1 8 1 2 9 7 6 8 3 5 1 3 27 35 5 6 21 13 12 27 9 6 21 24 4 6 6 10 5 3
3 9 6 1 7 4 8 4 1 3 8 7 34 4 37 8 1 7 25 8 15 22 30 16 5 1 1 1 8 2 6
9 6 4 1 10 2 3 8 3 2 5 4 12 27 5 21 7 10 11 25 31 13 12 4 29 2 1 9 1 4 7
3 1 1 3 2 9 1 1 1 1 1 25 23 8 40 16 6 18 16 26 5 19 32 29 11 4 9 3 3 1 4
2 2 5 5 3 6 4 5 3 6 5 6 30 29 10 7 26 39 5 39 9 23 7 9 7 5 3 3 3 8 3
3 5 2 2 6 5 1 2 9 2 5 8 7 8 29 6 39 34 8 9 11 10 12 39 37 7 4 1 4 1 5
3 3 2 2 2 9 5 2 5 4 6 27 39 16 27 6 7 9 11 4 13 17 6 5 20 10 7 2 7 3 3
9 5 2 2 7 4 4 4 7 8 19 6 24 6 5 18 18 16 4 8 9 15 30 31 7 2 3 6 1 4 4
2 7 1 10 6 3 4 8 6 5 7 9 8 4 24 12 12 4 39 10 29 28 13 31 4 3 2 3 1 7 1
2 3 3 6 3 2 1 7 8 9 5 36 7 7 18 17 13 31 40 12 8 27 7 14 5 1 2 10 4 7 6
9 2 10 5 1 4 1 8 38 25 4 5 10 11 22 5 10 35 8 8 10 41 22 20 12 26 21 4 3 4 6
4 2 3 3 3 2 5 2 18 22 33 9 4 10 27 32 11 9 7 23 41 16 11 11 25 11 19 2 4 5 1
7 1 5 9 3 2 1 2 15 15 6 25 26 36 10 4 15 6 4 33 8 23 31 14 12 9 22 2 2 2 7
1 1 8 3 1 8 6 2 20 10 9 10 7 5 24 29 36 13 12 6 21 16 6 11 18 8 9 2 3 1 6
3 3 7 3 2 2 2 6 30 30 12 6 17 16 8 33 29 6 37 32 31 22 20 35 7 16 23 15 3 2 1
20 1 9 80 105 17 23 27 10 7 12 33 7 19 24 32 16 27 6 25 10 17 33 6 11 6 25 38 31 1 4
19 71 28 70 12 27 72 21 15 8 9 25 23 10 5 5 15 10 14 28 31 8 9 16 25 5 33 2 4 7 2
2 17 35 27 11 46 14 7 34 11 19 25 23 7 38 20 29 6 22 6 13 31 10 12 32 35 37 1 5 9 2
4 12 59 16 88 12 59 23 20 21 21 35 32 39 5 10 14 15 5 20 9 12 10 7 7 30 9 5 9 3 2
4 88 31 11 56 46 28 78 34 39 15 15 6 24 4 7 5 5 16 19 21 29 40 5 15 27 12 1 1 3 8
19 25 28 19 17 24 65 50 45 98 5 69 18 8 5 7 10 13 19 5 12 11 21 6 34 27 2 2 10 1 5
12 33 16 88 18 61 17 85 34 18 18 14 6 6 8 8 21 30 33 39 15 35 18 4 28 19 6 4 2 2 4
41 107 61 105 72 12 39 17 29 45 11 15 39 28 31 17 6 10 13 5 18 16 39 35 34 5 6 25 3 3 3
105 41 14 107 12 48 13 15 46 29 19 69 12 59 27 94 29 14 31 5 6 13 41 10 30 7 3 4 1 6 3
86 30 37 15 18 19 30 17 20 102 12 19 44 11 12 11 5 27 11 19 31 31 62 5 16 8 2 1 8 2 2
22 34 41 25 27 20 27 63 22 12 93 75 19 13 13 97 7 14 28 64 18 25 43 91 104 46 5 2 8 1 5
11 104 53 11 54 77 17 13 26 13 47 15 13 16 16 98 50 14 4 16 65 64 16 22 74 21 36 2 1 3 2
16 100 12 20 58 17 17 54 24 48 19 98 33 55 21 98 31 82 27 52 16 62 24 27 38 50 13 7 5 3 2
70 20 65 14 76 37 17 68 57 17 32 22 18 15 21 48 25 74 28 53 16 96 78 32 63 40 35 11 2 4 2
