26
00000000000000000000000000
00000000000000000000000000
00000000000000000000000000
00000000000000000000000000
00000000000000111111111000
00000000000000000000000000
00000011111000000000000000
00000000000000000000000000
00000000000111111000000000
00000000000000000000000000
00000000000000000000000000
00000000000000000000000000
00000000000000000000000000
00000000001111111111111000
00000000000000000000000000
00000000000000000000000000
00000000001111111111100000
00000000000000000000000000
00001111111111111000000000
00000000000000000000000000
00000000000000000000000000
00000000000000000000000000
00000000000000000000000000
00000000000000000000000000
00000000000000000000000000
0000000100000000000000010
0000000100000000000000000
0000000100000000000000000
0000000100000000000000000
0000000100000000000100000
0000000100000000000100000
0000000000000000000100000
0000000000000000000100000
0000000000000000000100000
0000000000000000000100000
0000000000000000000100000
0000010000000000000100000
0000010000000000000100000
0000010100000000000100000
0000010100000000000100000
0000010100000000000000000
0000010100000000000000000
0000010100000000000000000
0000010000000000000000000
0000010000000000000000000
0000010000000000000000000
0000000000000000000000000
0000000000000000000000000
0000000000000000000000000
0000000000000000000000000
0000000000000000000000000
4 9 4 5 1 3 2 2 7 6 8 6 8 3 3 2 6 1 7 9 2 2 2 1 2 3
1 4 1 6 2 3 2 6 6 23 5 11 148 9 7 2 3 9 1 1 3 1 5 1 7 2
1 10 2 9 1 5 1 1 36 14 7 4 235 146 120 3 7 8 3 2 5 2 3 3 3 7
1 8 3 2 1 4 6 3 4 23 5 31 157 179 3 5 4 6 4 1 4 1 2 2 1 2
6 4 2 6 5 2 2 2 18 10 4 5 213 56 3 9 2 9 10 1 1 8 4 8 2 3
4 1 3 9 4 1 5 6 26 20 40 37 14 55 19 27 34 11 102 192 1 1 2 4 3 6
2 2 3 6 5 2 20 19 6 6 26 54 155 77 89 77 155 35 158 64 2 1 9 2 4 7
2 11 1 3 1 4 1 86 70 28 84 14 38 35 17 62 179 138 122 209 3 4 4 2 2 7
9 33 2 3 6 9 3 23 45 50 25 11 46 44 114 38 110 64 41 49 2 9 2 11 4 4
31 41 28 5 1 5 1 3 14 85 41 21 71 55 55 45 51 59 55 184 1 5 2 8 1 4
9 28 11 4 5 8 6 4 13 14 30 82 54 41 17 2 50 12 112 44 6 10 5 5 1 2
9 33 6 13 18 22 6 3 94 59 11 11 39 86 25 71 175 36 183 36 5 3 3 2 3 8
5 7 14 24 21 12 4 7 11 12 59 16 14 2 3 10 67 75 293 80 5 3 11 5 2 7
3 7 10 38 6 1 7 7 6 7 55 99 2 3 1 2 57 303 110 140 5 10 2 4 7 2
6 10 18 15 9 5 4 3 4 9 15 4 7 6 21 1 1 2 3 4 8 2 4 4 3 3
3 2 11 6 8 7 2 7 18 11 19 3 3 12 6 4 3 7 10 3 1 2 2 1 11 6
31 6 11 7 5 33 1 4 3 7 5 3 10 3 5 15 8 2 2 4 9 10 1 9 1 5
26 23 23 23 5 4 1 2 19 15 10 2 2 7 2 2 2 3 3 6 4 6 2 4 11 4
32 7 20 7 7 31 8 2 1 15 6 10 8 3 2 5 5 3 6 11 6 4 2 1 5 6
6 6 27 22 24 14 5 1 3 3 1 7 6 8 9 5 4 7 2 4 3 4 2 8 1 3
5 18 26 5 18 16 1 4 1 1 7 4 3 2 5 6 1 1 8 2 10 1 3 2 8 3
5 18 9 11 6 3 5 1 3 3 3 4 3 3 5 3 2 5 9 3 2 4 11 9 5 2
34 31 6 10 2 3 2 2 2 1 3 4 9 4 5 7 1 5 8 3 1 2 4 6 2 1
4 6 23 4 6 2 4 1 3 1 1 8 1 3 1 1 6 2 1 9 4 11 2 3 10 2
12 1 7 9 3 6 2 3 3 3 2 6 2 1 5 8 9 2 2 3 2 7 9 1 1 2
3 3 6 7 1 4 1 5 3 1 8 6 4 10 4 7 2 2 6 3 3 6 2 9 1 3
