28
0000001111111100000000000000
0000000000000000000000000000
1000000000000000000000000000
0111111110000000000000000011
0000000000000000000000000000
0000000000000000000000000000
0000000111110000000000000000
0000000000000000000000000000
1111000000000000000000000000
0000000000000000000000000000
0000000000000000000000000000
0000000000000000000000000000
0000000000000000000000000000
0000000000000000000000000000
0000000000000000000000000000
0000000000000000000000000000
0000000000000011111111000000
0000000000000000000000000000
0000001111000000000000000000
0000000000000000000000000000
0000000000000000000000000000
1111111000000000000000000000
0000000000000000000000000000
0000000000000000000000000000
0000000000000000000000000000
0000000000000000000000000000
0000000000000000000000000000
000000000010000000000000000
000000000010000000000000010
000000000010000000000000010
010001000010000000000000010
010001000010000000000000010
010101000010000000000000010
010101000010000100000000010
010101000010000100000000010
010101000010000100000000010
010101000010000100000000010
011101000010000100000000010
011101000010000100000000010
011101000010000100000000010
011101000000000100000000000
000101000000000100000000000
000101000000000100000000000
000100000000000100000000000
000100000000000100000000000
000100000000000100000000000
000000000000000100000000000
000000000000000000000000000
000000000000000000000000010
000000000000000000000000010
000000000000000000000000010
000000000000000000000000010
000000000000000000000000010
000000000000000000000000010
000000000000000000000000000
11 17 3 2 3 9 7 16 10 2 1 1 5 9 3 1 10 1 5 6 3 9 138 182 8 3 3 1
6 15 5 5 4 2 10 14 14 11 3 2 5 2 4 3 1 5 3 5 1 113 841 119 323 1 1 1
6 12 7 8 15 4 2 8 8 11 3 3 9 1 7 3 8 5 7 1 3 130 146 326 100 144 4 4
3 3 2 2 10 3 3 7 6 5 5 2 4 1 2 2 8 3 9 1 838 521 833 96 535 231 1 1
6 5 1 32 37 28 1 17 8 5 4 2 7 2 3 6 2 2 1 41 12 609 99 248 109 8 6 7
6 3 77 27 164 50 4 2 15 3 14 8 4 8 5 6 2 1 3 38 36 19 12 546 489 26 1 1
8 5 93 101 29 64 4 2 3 4 3 1 3 8 8 9 5 2 1 6 33 13 53 49 46 25 2 1
1 5 52 91 190 131 6 3 7 4 6 10 4 9 2 2 5 1 25 73 26 61 55 10 42 10 3 1
9 6 6 1 27 53 2 5 3 1 6 219 286 406 3 8 4 10 3 48 39 47 61 15 3 2 5 8
1 6 3 1 158 63 36 135 132 4 40 337 133 569 2 7 9 8 4 2 15 6 15 57 13 1 4 3
3 1 1 2 39 182 70 121 43 84 38 107 593 1 77 6 4 2 1 2 1 4 7 6 6 2 1 7
3 5 3 6 65 56 161 134 68 43 29 337 104 429 628 642 3 10 2 1 2 3 2 11 2 5 2 2
3 2 3 2 23 107 33 171 94 125 244 332 600 223 86 595 3 5 1 2 8 9 3 6 3 7 3 6
1 7 4 1 9 33 32 47 31 185 232 522 615 225 91 281 1 5 5 5 6 11 2 2 13 4 2 1
3 3 3 1 5 160 85 27 98 66 34 192 659 86 87 267 8 1 3 3 7 2 10 6 6 5 2 2
1 2 4 5 3 87 3 36 57 244 278 80 84 143 418 156 2 7 1 6 3 11 16 3 11 7 5 2
29 11 70 3 6 160 2 43 91 147 107 450 599 159 118 123 3 7 3 1 8 5 11 13 10 20 16 1
17 51 40 15 3 1 301 85 509 187 560 160 196 2 2 5 5 4 12 4 1 5 2 3 4 3 4 2
6 52 32 86 14 78 101 269 2 122 270 738 4 3 1 4 2 6 8 14 10 11 3 13 3 5 1 9
3 94 76 56 18 19 20 57 24 10 19 9 19 4 8 2 2 3 6 20 18 10 5 2 9 4 7 5
16 14 92 50 31 75 10 34 72 23 12 4 6 14 16 8 2 11 8 2 3 3 12 11 7 7 3 3
81 44 59 77 47 50 32 44 6 6 8 4 30 19 6 1 13 4 4 5 6 4 20 4 8 3 10 2
22 5 14 6 9 19 15 60 80 20 10 21 9 4 10 1 3 1 7 2 1 19 7 2 10 3 2 3
21 4 4 17 5 39 83 13 22 25 16 2 8 6 7 8 1 2 2 2 7 3 2 3 9 1 10 4
17 5 19 16 4 5 61 5 5 35 4 24 2 4 8 9 3 4 1 3 7 2 1 3 10 5 2 5
5 5 9 17 31 7 5 14 5 4 20 3 3 4 3 6 1 7 3 1 4 5 2 1 3 6 6 2
9 7 11 9 28 6 23 8 132 43 3 2 4 3 3 3 4 3 3 2 2 6 10 1 3 2 3 2
20 4 4 23 5 26 195 102 157 44 2 5 4 1 3 6 1 2 1 2 2 2 7 3 2 8 2 4
