23
00000000000000000000000
11111000000000000000000
00000000000000000000000
00000000000000000000000
00000000000000000000000
00000000000000000000000
00000000000000000000000
00000000000000000000000
00000000000000000000000
00000000000000000000000
00000000000000000000000
00000000000000000000000
00000000000000000000000
00000000000000000000000
00000000000000000000000
00000000000000000000000
00000000000000000000000
00000000000000000000000
00000000000000000000000
00000000000000000000000
00000000000000000000000
00000000000000000000000
0000000000000000000000
0000000000000000000000
0000000000000000000000
0000000000000000000000
0000000000000000000000
0000000000000000000000
0000000000000000000000
0000000000000000000000
0000000000000000000000
0000000000000000000000
0000000000000000000000
0000000000000000000000
0000000000000000000000
0000000000000000000000
0000000000000000000000
0000000000000000000000
0000000000000000000000
0000000000000000000000
0000000000000000000000
0000000000000000000000
0000000000000000000000
0000000000000000000000
0000000000000000000000
1 6 2 2 2 7 4 2 11 80 12 24 84 27 24 55 21 6 5 3 2 6 8
1 10 6 5 16 2 3 2 3 15 16 53 23 53 10 65 7 2 6 3 1 1 3
1 3 4 1 5 6 9 2 8 15 66 23 72 10 74 52 25 23 4 5 6 4 3
7 2 1 2 3 14 10 8 16 63 69 17 37 13 37 58 1 3 1 3 4 6 2
3 6 8 13 98 12 10 12 62 40 43 23 84 16 18 86 3 7 133 228 8 335 194
2 3 6 33 53 22 39 20 75 15 70 54 24 13 100 30 3 2 49 305 190 224 384
26 56 2 104 59 80 21 14 12 27 56 13 23 38 203 218 9 2 48 267 149 210 296
58 23 37 110 20 62 98 21 13 2 7 43 49 196 66 72 225 47 204 251 271 93 48
36 109 30 39 46 2 61 17 109 1 8 1 2 207 123 130 55 169 147 269 134 73 177
1 6 58 102 16 52 22 43 6 1 2 3 187 52 130 167 157 64 82 124 48 50 95
2 68 29 107 22 42 52 6 3 2 5 92 49 97 38 47 34 215 88 66 59 162 389
7 5 10 31 113 32 6 8 1 6 1 39 38 216 147 199 248 204 239 138 53 78 54
5 5 1 5 2 21 35 4 3 8 2 1 2 116 61 103 33 44 289 406 52 62 254
6 4 8 3 5 17 2 3 2 6 2 7 6 1 34 79 144 2 55 86 242 55 2
9 4 9 3 9 3 8 6 3 5 2 3 7 2 81 1 3 2 273 10 8 4 6
10 3 2 2 1 6 4 1 5 2 8 1 3 3 6 4 187 236 222 6 6 4 8
6 2 3 4 5 1 3 6 2 3 2 3 3 8 2 4 6 84 70 2 12 2 4
5 6 2 2 2 1 3 3 1 2 4 1 3 1 2 10 110 247 6 8 1 2 10
8 6 4 2 8 1 5 6 1 10 7 5 1 6 9 331 124 55 72 76 107 154 57
2 5 1 1 2 1 4 8 2 1 5 1 9 2 4 191 62 172 82 46 225 2 3
2 5 6 5 6 3 3 7 3 4 2 6 2 1 4 191 221 55 134 64 142 68 277
2 5 9 5 2 4 2 3 1 3 5 6 4 147 197 60 273 162 127 273 95 57 3
2 9 1 3 2 2 1 4 1 2 8 2 1 188 139 54 112 44 297 70 113 347 7
