35
00000000000000000000000000000000000
00000000000000000000000000000000000
00000000000000000000000000000000000
00000000000000000000000000000000000
00000000000000000000000000000000000
00000000000000000000000000000000000
00000000000000000000000000000000000
00000000000000000000000000000000000
00000000000000000000000000000000000
00000000000000000000000001111000000
00000000000000000000000000000000000
00000000000000000000000000000000000
00000000000000000000000000000000000
00000000000000000000000000000000000
00000001110000000000000000000000000
00000000000000000000000000000000000
00000000000000000000000001111111000
00000000000000000000000000000000000
00000000000000000000000000000000000
00000000000000000000000000000000000
00000000000000000000000000000000000
00000000000000000000000000000000000
00000000000000000000000000000000000
00000000000000000000000000000000000
00000000000000000000000000000000000
00000000000000000000000000000000000
00000000000000000000000000000000000
00000000000000000000000000000000000
00000000000000000000000000000000000
00000000000000000000000000000000000
00000000000000000000000000000000000
00000000000000000000000000000000000
00000000000000000000000000000000000
00000000000000000000000000000000000
0000000000000000000000000000000000
0000000000000000000000000000000000
0000000000000000000000000000000000
0000000000000000000000000000000000
0000000000000000000000000000000000
0000000000000000000000000001000000
0000000000000000000000000001000000
0000000000000000000000000001000000
0000000000000000000000000001000000
0000000000000000000000000001000000
0000000000000000000000000001000000
0000000000000000000000000001000000
0000000000000000000000000001000000
0000000000000000000000000000000000
0000000000000000000000000000000000
0000000000000000000000000000000000
0000000000000000000000000000000000
0000000000000000000000000000000000
0000000000000000000000000000000000
0000000000000000000000000000000000
0000000000000000000000000000000000
0000000000000000000000000000000000
0000000000000000000000000000000000
0000000000000000000000000000000000
0000000000000000000000000000000000
0000000000000000000000000000000000
0000000000000000000000000000000000
0000000000000000000000000000000000
0000000000000000000000000000000000
0000000000000000000000000000000000
0000000000000000000000000000000000
0000000000000000000000000000000000
0000000000000000000000000000000000
0000000000000000000000000000000000
0000000000000000000000000000000000
18 14 54 27 26 41 2 2 7 12 2 3 5 4 3 2 4 1 1 1 5 3 3 10 1 7 5 2 10 5 2 3 2 3 8
14 49 14 11 43 13 5 7 15 4 2 2 4 8 2 2 4 2 3 2 9 6 3 1 1 3 2 2 7 4 2 2 2 8 1
40 11 7 55 7 5 15 7 2 2 3 2 15 2 6 2 14 15 6 7 2 5 10 1 3 4 7 10 7 2 3 1 4 7 2
7 18 11 18 8 13 25 17 5 12 3 3 2 5 5 4 12 7 5 9 1 2 5 1 1 2 2 1 3 9 1 1 3 2 3
58 8 6 7 7 9 31 23 11 4 8 11 3 5 7 2 4 2 2 128 368 2 2 3 1 9 3 9 7 3 3 2 2 8 1
14 39 30 8 7 58 47 9 47 2 6 12 14 6 3 5 3 10 2 11 406 444 249 2 151 2 1 2 5 2 5 2 7 2 3
7 13 45 16 39 54 16 30 17 41 18 8 12 2 3 2 4 8 69 66 87 236 440 241 161 257 7 4 4 2 4 1 1 2 4
26 10 49 11 15 52 48 12 17 32 37 10 13 2 5 8 2 14 117 5 264 53 253 285 417 202 89 43 1 1 2 2 2 3 7
36 12 56 41 18 16 32 9 29 24 8 4 10 6 4 3 47 62 135 334 105 99 208 291 241 148 241 351 4 3 4 4 3 1 7
41 44 46 35 54 55 51 37 49 11 14 13 9 15 3 4 97 60 94 218 117 437 163 50 52 144 275 70 2 1 8 7 3 2 10
9 32 21 18 15 10 34 59 39 33 15 18 11 6 3 2 99 313 109 253 323 60 149 314 58 152 334 240 6 2 6 9 3 7 2
7 24 41 6 52 28 8 8 28 6 2 8 2 2 6 7 48 79 58 66 52 121 181 98 77 85 103 4 7 6 1 5 3 2 3
9 17 27 13 36 26 25 14 14 10 2 3 7 5 2 6 2 283 247 222 76 436 204 76 258 112 132 73 3 9 5 1 2 8 5
6 19 8 17 7 53 58 31 29 2 3 12 6 3 9 6 37 46 387 92 238 302 39 40 84 80 117 71 79 86 3 3 5 6 5
4 18 11 59 6 27 18 2 6 4 2 2 64 314 181 192 5 2 96 109 69 182 76 141 128 294 153 149 66 118 7 6 6 5 7
3 28 12 2 2 1 1 2 4 8 61 73 93 290 138 299 167 1 159 37 150 238 164 137 58 47 2 296 68 8 5 7 4 1 3
2 6 2 3 3 4 2 2 2 6 369 210 417 200 240 60 1 5 336 171 355 66 304 48 227 96 357 85 51 56 7 2 6 1 9
1 8 3 1 5 5 8 2 8 409 175 171 384 139 362 510 64 471 238 57 208 148 197 141 171 208 86 51 6 1 10 9 3 5 1
1 3 4 3 9 1 3 2 1 5 109 352 310 375 183 107 2 84 44 74 129 106 61 158 245 215 39 200 2 2 4 2 1 7 1
4 2 2 4 1 2 2 2 2 3 2 101 78 145 239 372 4 143 153 228 165 358 93 354 74 355 140 38 38 1 2 4 5 2 2
2 1 3 9 10 3 4 2 6 3 90 492 454 84 231 104 3 75 207 42 70 153 84 95 244 39 176 233 44 2 4 9 1 4 2
1 6 4 2 7 6 2 2 3 2 3 273 3 3 1 4 4 75 102 245 283 59 179 48 53 5 117 2 2 1 2 5 3 2 2
2 1 2 9 1 7 8 6 2 3 6 4 4 9 1 2 352 239 70 312 181 3 188 140 93 2 3 7 2 1 3 3 6 9 9
4 1 8 6 1 1 6 3 2 7 1 1 6 1 3 1 2 7 180 95 266 9 260 8 2 2 1 7 1 7 3 1 9 1 9
9 6 6 5 2 3 8 8 2 1 6 1 7 10 1 3 3 3 3 6 102 6 2 10 2 3 3 2 2 6 7 2 4 2 2
3 1 6 6 3 3 10 1 1 2 3 6 8 9 10 1 3 6 9 1 6 2 1 4 6 2 6 2 6 2 4 3 8 4 8
7 1 2 3 3 2 9 2 2 2 5 2 1 2 2 5 9 9 2 3 4 3 2 1 2 2 2 9 9 2 1 7 6 2 7
2 1 7 7 3 5 5 1 1 5 2 9 2 2 3 2 4 2 3 2 2 1 3 5 3 7 5 1 3 5 1 9 3 1 6
2 2 9 2 5 7 7 5 6 4 6 1 9 4 4 3 1 4 7 4 3 4 1 10 4 3 2 3 9 3 8 5 1 3 2
1 6 3 1 6 6 2 3 3 1 8 6 4 1 6 2 2 7 10 5 4 3 5 3 10 4 3 1 6 4 1 8 2 3 3
4 2 9 3 5 7 2 2 1 3 2 1 9 3 2 7 2 6 9 5 4 4 3 2 8 9 8 9 2 1 6 1 5 8 2
5 3 1 6 4 3 1 6 8 4 5 2 8 7 4 2 6 6 2 3 1 9 3 2 6 1 3 5 6 3 1 6 1 2 8
6 3 1 3 4 3 5 4 4 2 10 9 3 8 2 4 4 3 5 1 10 8 1 4 2 6 1 2 10 2 2 3 8 3 9
2 10 5 8 2 1 3 5 3 9 8 1 8 1 2 2 2 2 7 7 6 2 5 2 4 3 2 5 3 4 1 7 1 3 2
3 7 3 1 1 3 1 1 8 2 4 2 7 4 2 2 1 9 2 2 7 1 5 6 2 1 4 2 8 1 1 4 8 2 1
