22
0000000000000000000000
0000000000000000000000
0000000001111111110000
0000001110000000000000
0000000000000000000000
0000001111100000000000
0000000000000000000000
0000111111100000000000
0000000000000000000000
0000000000000000000000
0000000111000000000000
0000000000000000000000
0000000000000000000000
0000000000000000000000
0000000000000000000000
0000000000000000000000
0000000000000000000000
0000000000000000000000
0000000000000000000000
0000000000000000000000
0000000000000000000000
010000000010001000000
110100000010001000000
110100000010000000000
110100000010000000000
110100000010000000000
010100000010000000000
010100000010000000000
000100000010000000000
010100000010000000000
010001000000000000000
010001000000000000100
010001001000000000100
010001001000000000100
010001001000000000100
010011001000000000100
010011001000000000100
010011001000000000100
010011001000100000100
000010001000100000100
000000001000100000100
000000000000100000100
000000000000100000000
4 7 2 6 3 10 2 1 2 7 1 8 4 8 8 10 20 18 6 3 1 4
2 3 2 2 2 2 8 1 8 1 3 4 19 13 21 12 8 10 33 1 1 3
2 3 7 6 36 3 5 1 1 2 4 35 16 20 18 6 13 25 28 10 5 1
5 5 4 25 8 18 9 2 6 9 2 1 2 4 3 9 2 15 16 13 6 7
4 27 37 6 11 24 12 2 1 2 2 4 1 1 1 9 3 10 10 2 2 10
22 28 18 33 13 21 8 3 3 3 1 6 1 9 5 1 9 1 25 6 1 1
8 7 32 17 15 12 60 42 27 24 9 1 2 1 6 8 1 3 2 4 110 273
13 11 6 2 35 17 33 11 11 41 30 2 6 23 23 9 5 2 100 498 320 561
25 5 11 2 3 3 2 7 17 3 3 7 16 14 37 5 2 2 3 3 683 685
9 1 3 10 4 5 5 3 3 3 17 12 56 48 39 55 1 1 466 124 210 685
2 6 9 10 2 3 4 6 2 2 2 15 18 31 25 15 8 2 296 169 146 568
1 10 24 8 10 3 3 7 3 8 17 16 23 31 27 28 5 3 2 294 127 253
1 3 7 18 2 8 4 1 2 9 34 10 57 70 9 61 2 4 2 276 84 287
2 9 7 8 6 10 7 4 2 70 38 39 67 79 26 51 28 2 2 161 92 154
3 3 1 8 7 4 1 8 8 25 1 73 5 9 16 11 4 3 4 230 141 439
7 4 1 5 7 2 2 1 3 16 1 3 4 3 5 2 2 809 1 309 458 258
5 6 2 2 2 2 2 7 1 2 4 3 2 5 2 7 2 216 424 118 587 339
4 1 6 7 6 6 2 3 1 4 1 1 3 4 1 2 354 522 96 86 183 80
2 1 7 9 5 9 2 2 2 2 5 2 2 1 9 206 369 173 258 369 86 171
4 3 2 3 2 1 2 5 4 4 7 1 4 8 3 8 469 187 422 548 776 147
6 9 9 4 1 3 5 2 5 8 9 1 1 3 1 4 149 254 198 411 200 246
9 2 5 1 3 2 2 9 5 2 2 6 1 9 3 1 92 408 540 403 629 305
