33
000000000000000000000000000000000
000000000000000000000000000000000
000000000000000000000000000111111
000000000000000000000000000000000
000000000000000000000000111111111
000000000000000000000000000000000
000011111111000000000000000000000
111110000000000000000000000000000
000000000000000000000000000000000
000000000000001111111111111000000
000000000011111110000000000000000
000000000000000000000000000000000
000000000000000000000000000000000
000000000000000000000000000000000
000011111111111111111110000000000
000000000000000000000000000000000
000000000001111111111000000000000
000000000000000000000000000000000
000000000000000000000000000000000
000000000000000000000000000000000
000000000000000000000000000000000
000000000000000000000000000000000
000000000000000000011100000000000
000001111111111000001111100000000
000000000000000000000000000000000
000000000000000000000000000000000
000000000000000000000000000000000
000000000000000000000000000000000
000000000000000000000000000000000
000000000000000000000000111111111
000000000000000000000000000000000
000000000000001110000000000000000
00000000000110000000000000000000
00000000000110000000000000000000
00000000000100000000000000000000
00000000000100000001000000000000
00000000000100000001000000000001
00000000000000000001000000000001
00000000000000000001000000000001
00000000000000000001000000000000
00000000000000000001000000000000
00000000000000000001000000000000
00000000000000000001000000000000
00000000000000000001000000000000
00000000000000000001000000000000
00000000000000000000000000000000
00000000000000000000000000000000
00000000000000000100000000000000
00000000000000000100000000000000
00100000000000000100000000000000
00110000000000000100000000000000
00110000000000000100000000000000
00110000000000000100000000000000
00110000000000000100000010000000
00110000000000000100000010000000
00110000000000000100000010000000
00110000000000000100000010000000
00110000000000000100000000000000
00110000000000000100000000000000
00010000000000000100000000000000
00010000000000000100000000000000
00010000000000000100000000000000
00010000000000000100000000000000
00000000000000000000000000000000
00000000000000000000000000000000
61 35 48 81 95 135 43 139 156 107 117 32 52 204 27 28 107 71 40 54 84 145 47 72 122 53 33 125 163 48 63 43 32
152 51 30 97 198 149 36 29 29 56 27 246 187 157 54 79 230 228 33 40 108 74 38 32 252 123 122 77 58 42 227 36 124
172 96 41 191 43 164 114 212 216 249 53 74 209 58 32 63 106 95 33 35 223 230 118 149 27 69 135 79 115 136 153 119 71
231 29 52 47 46 220 27 103 247 116 41 76 46 101 91 227 61 105 59 116 162 167 37 194 27 72 74 60 43 39 124 65 8
73 240 41 39 182 90 27 122 219 71 153 253 32 32 74 31 35 138 180 29 40 32 149 141 227 168 82 203 132 125 29 205 6
110 144 155 134 84 80 121 42 44 147 36 30 194 136 65 26 27 129 26 31 84 42 100 225 40 253 60 29 31 42 59 5 1
59 149 248 69 54 67 178 27 230 155 245 126 66 255 27 38 30 134 34 132 43 78 139 27 41 146 35 98 63 35 29 56 2
80 35 64 55 45 37 47 49 227 156 67 42 61 161 136 102 106 53 140 29 79 40 29 214 93 202 42 133 33 39 87 30 143
64 64 105 33 156 27 138 112 27 198 39 144 109 93 41 26 29 255 116 74 46 37 80 210 43 73 112 38 121 178 9 10 38
121 34 36 150 229 45 27 190 121 132 223 43 37 126 93 209 135 70 121 120 202 26 76 205 162 157 159 219 27 3 2 1 3
93 68 41 196 81 57 163 143 80 33 71 100 76 81 28 185 110 247 135 75 94 124 39 37 84 130 109 88 4 2 6 6 8
119 80 140 93 261 160 257 129 243 78 103 73 180 54 46 149 81 72 141 127 41 39 27 28 74 39 260 28 155 83 37 1 83
130 81 150 96 190 149 151 34 30 87 76 86 30 198 60 90 152 41 49 31 104 63 32 127 129 51 36 34 49 205 210 77 160
60 255 61 215 105 179 28 30 39 51 160 109 51 84 55 84 77 180 26 177 124 29 95 174 50 102 143 54 190 161 53 179 1
174 61 39 223 57 115 44 46 70 48 89 38 156 118 39 124 62 97 108 166 33 156 91 43 33 109 140 57 39 82 41 93 6
39 147 89 35 116 78 77 77 32 110 42 33 31 76 49 162 2 2 141 48 114 188 200 104 261 256 190 50 80 207 52 39 162
168 158 55 149 160 177 90 41 40 74 36 52 28 52 127 81 189 2 8 49 123 83 63 43 35 45 229 94 174 65 49 27 93
38 75 31 47 186 122 96 68 119 117 179 112 74 226 2 2 3 1 5 8 6 2 51 195 144 130 197 194 57 54 122 109 29
34 91 43 39 69 201 254 212 52 47 80 222 167 102 242 3 4 2 5 6 7 2 3 61 38 44 123 51 218 183 48 64 29
60 56 32 74 223 41 104 72 208 81 153 261 158 3 7 3 1 3 2 2 5 1 4 2 183 44 31 67 55 137 32 235 88
129 244 125 3 51 71 231 38 138 191 45 56 32 8 2 7 8 3 4 4 2 8 9 5 90 7 198 80 98 37 249 120 34
53 157 110 2 239 32 144 42 77 45 82 40 56 3 2 2 2 2 4 2 4 7 6 9 6 8 175 4 116 123 194 3 2
102 129 33 10 84 156 130 154 78 38 54 50 52 3 3 1 4 1 1 1 3 8 1 5 2 5 6 10 6 2 66 1 1
88 209 146 7 57 83 46 120 28 34 85 261 33 5 5 3 9 3 7 5 4 3 3 3 7 7 3 1 4 87 113 1 1
36 230 156 4 110 84 4 3 2 2 6 8 5 4 3 4 4 7 1 4 4 5 3 2 7 5 1 4 8 3 2 5 4
1 254 97 1 27 123 10 7 8 5 1 7 5 5 6 2 5 3 2 1 6 2 5 5 1 6 1 4 5 3 2 9 9
2 133 29 2 226 34 9 7 2 8 1 2 9 8 2 2 4 3 2 6 4 6 1 4 2 2 2 8 7 1 2 3 1
5 2 34 6 1 1 6 5 2 6 1 1 3 1 1 1 3 7 5 3 5 1 7 1 1 5 2 4 4 9 1 5 6
3 2 1 4 2 10 4 5 1 2 2 1 10 8 3 7 7 2 4 1 4 2 2 2 1 3 1 5 2 3 2 2 2
8 2 1 5 3 10 3 9 3 3 6 4 9 7 1 2 9 10 3 3 3 3 1 6 1 6 4 1 2 2 3 10 2
7 1 3 2 6 1 4 1 8 1 2 7 4 2 5 2 5 1 6 6 7 6 2 2 8 4 10 3 1 4 5 2 3
5 2 8 5 8 1 3 10 3 4 3 7 5 1 4 3 2 2 9 2 1 8 2 6 5 2 2 1 2 1 2 2 1
3 3 2 3 6 3 2 3 1 6 4 6 2 7 7 2 4 1 1 1 8 2 4 1 1 3 6 1 6 5 6 2 4
