20
00000000000000000000
00000000000000000000
00000000000000000000
01111111000000000000
00000000000011111111
00000000000000000000
00000000000000000000
00000000000001111111
00000000000000000000
00000000000000000000
00000000000000000000
00011100000000000000
00000000000000000000
00000000000000000000
00000000000000000000
00000000000000000000
00000000000000000000
00000000000000000000
00000111111000000000
0000110000000001000
0100110000000000000
0100010000000000000
0100010000000000000
0100000000000000000
0100000000000000000
0100000000000000000
0100000000000000000
0100000000000000000
0100000000000000000
0110000001000000000
0010000001000000000
0010000001010001000
0010000011010001000
0010000011010001100
0010000011010001100
0010010011010001100
0000010001010001100
0000010000000001000
0000000000000000000
259 108 2 5 2 2 8 7 6 47 71 136 93 36 158 30 211 48 36 2
116 81 10 1 8 2 7 5 107 55 111 36 55 114 35 55 99 35 92 81
204 244 4 1 3 6 2 1 212 166 39 45 78 147 107 37 100 43 96 71
144 617 3 1 7 4 5 217 55 26 34 156 77 40 66 35 115 85 201 101
287 702 2 5 4 1 1 1 1 7 131 186 58 94 130 129 71 38 127 37
124 121 2 1 2 3 7 8 1 2 95 45 6 3 2 10 8 7 4 3
219 752 1 6 7 3 5 5 6 7 183 202 2 3 1 10 6 3 1 1
114 84 4 3 7 2 198 197 4 1 45 75 45 47 5 3 7 6 2 6
207 152 1 4 2 3 61 65 8 2 8 2 280 8 4 3 6 6 3 1
127 180 518 185 387 194 334 457 168 7 1 10 2 6 1 7 4 4 3 4
128 341 83 593 128 505 61 302 178 192 1 3 1 5 4 2 6 3 2 1
105 235 171 48 42 6 170 63 169 71 4 2 7 1 4 3 5 2 3 5
159 775 155 349 64 160 160 249 160 49 5 2 3 3 4 2 1 1 7 3
120 179 99 234 405 116 291 191 293 51 5 9 1 1 1 2 9 3 2 7
600 94 284 340 48 91 74 62 197 201 3 5 9 2 3 3 4 2 3 9
151 650 237 279 48 419 158 52 55 81 1 3 2 3 2 3 2 2 2 5
470 154 231 446 1 3 237 157 113 423 182 52 3 4 3 2 4 3 5 4
228 112 126 247 87 1 115 219 68 388 59 7 5 1 1 2 2 4 1 5
756 157 696 276 3 3 129 336 103 169 48 10 1 1 4 2 6 10 9 5
161 174 212 477 84 771 3 2 1 9 7 4 1 1 1 4 8 2 9 2
