40
0000000000000000000000000000000000000000
0000000000000000000000000000000000000000
0000000000000000000000000000000000000000
0000000000000000000000000000000000000000
0000000000000000000000000000000000000000
0000000000000000000000000000000000000000
0000000000000000000000000000000000000000
0000000000000000000000000000000000000000
0000000000000000000000000000000000000000
0000000000000000000000000000000000000000
0000000000000000000000000000000000000000
0000000000000000000000000000000000000000
0000000000000000000000000000000000000111
0000000000000000000000000000000000000001
0000000000000000000000000000000000000000
0000000000000000000000000000000000000000
0000000000000000000000000000000000000000
0000000000000000000000000000000000000000
0000000000000000111110000000000000000000
0000000000000000000000000000000000000000
0000000000000000000000000000000000000000
0000000000000000000000000000000000000000
0000000000000000000000000000000000000000
0000000000000000000000000000000000000000
0000000000000000000000000000000000000000
0000000000000000000000000000000000000000
0000000000000000000000000000000000000000
0000000000000000000000000000000000000000
0000000000000000000000000000000000000000
0000000000000000000000000000000000000000
0000000000000000000000000000000000000000
1000000000000000000000000000000000000000
0000000000000000000000000000000000000000
0000000000000000000000000000000000000000
0000000000000000000000000000000000000000
0000000000000000000000000000000000000000
0000000000000000000000000000000000000000
0000000000000000000000000000000000000000
0000000000000000000000000000000000000000
000001000000000100000000000000000000000
000001000000000100000000000000000000000
000001000000000000000000000000000000000
000001000000000000000000000000000000000
000001000000000000000000000000000000000
000001000000000000000000000000000000000
000001000000000000000000000001000000000
000001000000000000000000000001000000000
000001000000000000000000001001000000000
000001000000000000000000001001000000000
000001000000000000000000001001000000000
000001000000000000000000011001000000000
000001000000000000000000010001000000000
000000000000000000000000010001000000000
000000000000000000000000010001000000000
000000000000000000000000010001000000000
000000000000000000000000010001000000000
000000000000000000000000010001000000000
000000000000000000000000010001000000000
000000000000000000000000010001000000000
000000000000000000000000010001000000000
000000000000000000000000010001000000000
000000000000000000000000010001000000000
000000000000000000000000010001000000000
000010000000000000000000010001000000000
000010000000000000000000010000000000000
000010000000000000000000010000000000000
000010000000000000000000010000000000000
000010000000000000000000010000000000000
000010000000000000000000010000000000000
000010000000000000000000000000000000000
000010000000000000000000000000000000000
000010000000000000000000000000000000000
000000000000000000000000000000000000000
000000000000000000000000000000000000000
000000000000000000000000000000000000000
000000000000000001000000000000000000000
000000000000000001000000000000000000000
000000000000000001000000000000000000000
000000000000000001000000000000000000000
635 376 460 679 302 82 7 6 2 2 2 1 3 5 1 45 101 9 29 13 73 118 87 67 89 54 123 28 55 27 38 28 104 53 129 8 4 2 10 1
120 550 138 223 79 161 3 6 14 5 3 2 3 37 61 19 25 19 15 51 24 43 56 25 91 34 33 42 87 89 80 58 33 25 189 24 4 5 2 6
285 378 462 523 261 638 2 5 6 2 8 6 2 13 8 34 105 28 22 23 20 45 17 30 58 31 74 33 34 50 22 58 36 106 34 61 32 156 1 2
498 136 531 264 379 490 8 3 5 2 6 6 7 56 48 109 33 56 15 41 77 51 22 16 27 24 129 115 106 22 182 146 145 32 40 64 38 110 66 186
282 80 463 82 554 208 10 4 14 6 7 3 11 9 9 67 26 16 48 13 38 61 44 92 36 112 36 27 30 98 44 59 151 84 138 22 153 24 67 44
78 152 98 194 235 266 10 3 10 5 7 19 8 43 40 116 32 32 27 8 19 77 34 61 22 29 38 33 126 89 29 106 192 45 169 65 31 38 99 18
294 573 523 111 228 79 6 2 4 6 6 3 4 18 21 109 97 19 19 17 9 68 26 40 88 52 134 23 41 153 166 46 40 3 29 119 62 85 50 108
503 408 133 679 160 453 10 2 10 8 3 8 53 28 52 99 31 30 16 72 8 42 4 2 174 87 176 130 34 50 63 31 60 24 18 17 32 42 51 55
145 182 678 326 112 727 1 3 4 4 8 11 34 10 33 27 20 41 15 22 125 4 1 2 4 21 59 141 55 23 20 30 73 120 20 37 58 18 51 21
90 367 367 505 212 419 7 1 3 2 8 12 34 16 12 29 13 107 33 2 6 1 3 5 27 28 20 115 40 39 27 22 6 64 158 154 41 57 81 112
441 689 164 150 82 123 154 3 8 4 3 2 13 20 43 21 16 8 59 8 55 1 6 4 5 3 28 145 62 53 2 26 8 34 95 59 19 35 21 62
116 204 80 712 173 166 82 5 2 3 3 4 9 2 9 70 35 22 31 58 56 1 2 7 2 1 100 105 50 41 3 2 83 17 115 51 51 36 163 45
113 544 708 338 134 646 59 83 204 1 3 4 5 2 10 42 61 6 1 5 3 5 3 2 4 5 136 2 3 24 1 5 6 37 21 71 53 19 126 90
363 198 725 86 148 563 688 86 2 2 3 1 2 2 3 1 3 7 4 2 2 3 7 6 3 9 7 6 4 36 4 3 3 40 111 25 57 46 1 3
549 134 348 668 104 209 290 52 8 5 5 10 4 2 5 8 3 1 2 5 1 4 2 2 5 10 5 3 3 9 7 24 6 8 30 38 18 34 2 2
189 179 158 564 5 361 482 29 1 3 1 5 2 1 1 4 6 7 2 5 1 10 5 1 3 6 2 1 2 2 16 25 5 15 13 6 11 15 5 5
6 677 209 9 9 98 8 5 2 2 1 9 7 2 7 3 1 1 4 1 9 10 3 8 6 3 3 6 2 4 37 4 6 13 12 7 15 2 4 1
7 4 1 3 2 86 4 7 4 3 7 2 9 6 1 5 2 8 3 3 1 7 2 3 3 2 9 1 1 6 4 5 13 8 17 12 16 11 29 15
1 1 3 6 233 165 9 1 4 3 3 1 3 6 10 4 2 6 8 1 1 3 5 4 2 3 1 3 6 3 20 9 13 37 17 25 5 8 13 4
3 4 3 6 4 157 1 3 4 1 3 6 6 6 3 3 3 6 6 2 2 2 2 8 3 4 2 4 2 8 29 14 18 15 29 13 35 5 5 6
2 10 5 6 2 142 4 5 7 1 4 5 9 1 7 2 4 5 2 4 1 2 1 2 2 2 3 7 3 2 7 17 4 21 22 25 26 5 13 7
2 2 2 2 2 4 5 8 4 8 6 2 9 3 3 3 2 1 2 2 2 8 6 2 4 1 2 5 5 1 20 5 21 4 4 24 20 17 21 7
1 5 3 2 1 7 10 2 7 8 8 10 3 1 2 8 4 5 6 2 1 1 2 1 1 2 7 2 5 1 4 21 36 6 30 6 11 8 9 7
1 1 3 2 1 9 1 8 5 10 6 10 1 3 3 1 1 3 2 7 6 2 2 2 9 3 9 2 20 5 16 18 34 5 34 10 6 10 32 13
2 3 2 6 1 1 4 9 7 3 1 1 6 7 4 5 8 6 9 3 9 3 3 2 5 6 2 2 30 8 30 32 33 34 12 4 7 12 20 5
3 5 2 2 3 1 4 5 5 2 9 8 9 3 2 8 7 5 4 8 1 2 4 9 1 2 5 4 26 15 17 37 15 36 28 9 6 3 1 4
3 2 10 4 2 5 1 2 2 2 7 7 4 5 3 7 4 4 3 9 2 4 1 3 9 2 2 6 9 6 18 16 15 27 33 4 25 1 3 1
1 2 1 3 3 6 1 3 4 1 7 6 5 5 7 2 3 1 2 2 4 6 4 8 4 9 6 1 2 4 18 12 5 10 11 23 26 2 4 2
6 1 2 4 1 1 2 1 3 4 1 4 4 4 1 2 2 1 9 2 7 2 5 1 5 2 3 7 11 15 6 12 4 17 14 15 3 2 2 1
6 2 1 8 2 1 7 4 3 6 3 10 8 5 6 2 9 6 5 3 8 9 5 5 10 3 3 5 9 1 14 10 2 3 7 28 3 3 3 4
5 9 2 7 2 1 2 3 4 2 1 1 4 5 1 5 8 2 9 8 2 2 9 9 7 6 6 1 1 2 1 4 2 9 9 1 9 2 1 3
5 2 1 1 4 10 3 3 4 3 6 5 8 2 1 1 5 2 2 7 2 3 3 4 4 2 3 4 2 2 3 1 5 2 2 9 2 8 8 3
8 6 9 2 6 3 7 4 4 8 3 2 2 3 4 5 5 1 3 1 6 2 2 7 1 3 1 2 1 9 3 1 5 2 1 10 6 1 3 4
7 5 5 4 5 4 3 2 3 1 3 5 1 8 6 2 4 6 9 3 8 4 2 1 5 1 5 3 2 8 3 2 1 9 2 3 6 4 10 4
5 1 1 5 5 2 2 3 7 2 4 1 2 3 1 3 4 8 4 1 2 5 1 4 4 1 9 7 1 1 3 2 4 2 5 1 5 2 2 1
5 3 4 1 5 1 8 3 8 3 5 3 4 3 8 3 2 2 4 5 4 2 2 2 6 1 8 3 7 1 4 1 8 7 2 10 5 6 5 4
7 2 2 4 4 6 8 7 1 2 8 6 3 1 7 6 3 4 6 1 8 5 9 5 5 2 2 2 1 7 5 4 4 3 6 1 1 7 2 7
1 4 1 5 2 2 1 1 1 7 5 6 1 6 5 1 1 1 4 3 6 2 2 1 4 6 5 5 2 5 3 3 5 1 5 8 5 6 3 6
1 4 8 2 1 6 5 1 3 1 9 1 1 8 3 9 2 5 2 1 4 3 1 2 1 2 10 1 7 4 4 6 5 2 2 4 4 10 1 3
5 1 2 2 1 4 2 6 2 3 5 5 3 2 6 1 2 1 2 3 8 4 2 3 6 3 5 1 1 7 5 5 9 7 3 2 1 8 5 3
