37
0000000000000000000000000000000000000
0000000000000000000000000000000000000
0000000000000000000000000000000000000
0000000000000000000000000000000000000
0000000000000000000000000000000000000
0000000000000000000000000000000000000
0000000000000000000000000000000000000
0000000000000000000000000000000000000
0000000000001111111110000000011110000
0000000000000000000000000000000000000
0000000000000000000000000000000000000
0000000000000000000000000000000000000
0000000000000000111111111111111110000
0000000000000000000000000000000000000
0000000000000000000000000000000000000
0000000000000000000000000000000000000
0000000011111111111111000000000000000
0000000000000000000000000000000000000
0111111111111111111000000000000000000
0000000000000000000000000000000000000
0000000000000000000000000000000000000
0000000000000000000000000000000000000
0000000000000000000000000000000000000
0000000000000000000000000000000000000
1111111111000000000000000000000000000
0000000000000000000000000000000000000
0000000000000000011111110000001111100
0000000000000000000000000000000000000
0000000000000000011100000000000000000
0000000000000001111111000000000000000
0000011111111111111100000000000000000
0000000000000000000000000000000000000
0000000000000000000000000000000000000
0000000000000000000000000000000000000
0000000000000000000000000000000000000
0000000000000000000000000000000000000
000010010000000000010000000000000000
000010010000000000010000000000000000
000010010000010000010000000000000000
000000010000010000010000000001000000
000000010000010000010000000001000000
000000000000010000010000000001000000
000000000000010000010000000001000000
000010000000010000010000000001000000
000010000000010000010000000000000000
000010000000010000000000000000000000
000010000000010000000000000000000000
000010000000010000000000000000000100
000010000000010000000000000000000100
000000000000010000000000000000000100
000000000000010000000000000000000100
000000000000010000000000000000000100
000000000000010010000000000000000100
000000000000010010000000000000000100
000000000000000010000000000000000100
000000000000000000000000000000000100
000000000000000000010000000000000100
000000000000000000010000000000000100
000000000000000000010000000000000100
000000000000000000010000000000000100
000000000000000000010000000000000100
000000000000000000010000000000000100
000000000000000000010000000000000101
000000000000000000010000000000000101
000000000000000000010100000000000001
000000100000000000010100000000000001
000000100000000000010100000000000001
000000100000000000010100000000000001
000000100000000000010000000000000000
000000100000000000000000000000000000
000000100000000000000000000000000000
000000100000000000000000000000000000
000000000000000000000000000000000000
97 307 56 99 333 329 75 67 136 47 2 3 8 5 5 1 3 4 9 2 2 1 1 5 2 4 2 4 5 3 7 5 10 7 7 2 4
83 277 117 104 91 235 233 157 24 110 34 54 113 170 6 2 1 3 4 2 3 158 1 2 4 8 8 3 2 7 8 8 2 1 9 7 4
156 114 84 116 383 360 63 516 192 153 78 127 84 138 7 1 7 7 2 4 801 560 6 2 1 8 5 4 6 4 1 5 2 7 3 1 2
220 179 417 286 530 438 313 480 126 145 92 140 44 63 2 9 2 8 7 4 181 558 92 3 1 7 1 3 2 4 1 2 6 2 3 1 1
72 258 478 134 107 77 63 93 206 496 82 80 158 64 8 7 9 5 4 7 453 255 101 380 139 1 9 4 3 5 1 2 2 4 1 7 1
82 116 213 92 117 214 193 222 320 150 96 24 118 308 5 1 4 4 2 5 323 639 139 139 6 2 3 1 2 7 3 3 2 2 10 4 4
168 218 488 180 507 473 207 471 276 370 235 218 134 274 6 1 6 2 3 6 152 170 611 110 6 5 7 4 3 2 2 10 5 3 3 6 4
147 58 56 255 268 194 214 89 174 104 165 247 62 106 5 1 5 4 4 1 111 104 115 175 451 1 4 2 6 7 4 3 1 3 9 7 10
57 62 58 112 72 55 145 493 57 509 161 24 500 442 4 9 2 3 1 1 219 301 100 598 866 8 3 5 1 2 3 3 2 1 7 1 2
384 223 197 91 301 73 32 147 25 60 400 73 118 214 302 47 65 75 198 158 101 296 832 569 2 7 4 2 10 6 1 2 8 2 6 184 73
42 95 207 80 191 346 70 92 204 54 143 8 6 3 138 296 96 106 190 343 371 306 210 267 9 4 8 3 1 2 1 1 7 2 95 224 104
48 131 219 70 5 84 162 117 224 32 32 1 3 3 220 83 139 49 125 134 327 385 218 90 2 6 1 5 4 9 3 6 3 1 314 410 54
5 6 4 3 3 112 9 7 4 4 2 6 3 6 71 52 98 122 111 344 315 420 240 694 5 7 3 9 5 2 3 1 7 5 56 54 91
3 2 5 1 3 2 4 7 2 3 2 8 3 2 80 130 121 77 273 58 83 134 192 130 9 2 1 1 12 6 12 3 4 9 93 90 140
2 4 3 4 5 5 8 10 2 8 2 8 2 9 43 41 40 153 140 73 85 76 54 269 3 9 3 31 2 11 6 4 20 8 69 108 82
5 7 1 1 4 5 5 8 1 1 2 7 2 1 270 142 182 141 240 41 34 133 184 264 7 3 3 227 21 28 12 1 2 1 183 92 85
2 3 4 4 4 8 8 6 4 10 8 10 2 6 110 75 213 75 75 116 189 197 32 233 69 91 115 43 4 27 6 22 5 3 398 158 313
7 2 4 2 1 4 5 2 9 3 6 6 6 1 6 2 9 251 32 69 77 173 98 104 102 188 211 5 18 4 20 18 31 10 251 160 119
6 1 7 10 1 1 8 3 4 1 4 3 2 3 3 3 9 31 35 186 42 250 55 32 79 30 31 6 8 15 22 20 7 18 131 457 66
2 4 5 9 6 5 1 2 9 2 1 7 8 1 3 3 9 79 22 32 265 107 71 117 33 80 15 9 33 13 10 13 6 18 89 91 219
4 1 5 1 6 5 4 7 2 8 3 3 6 1 1 2 2 1 15 106 96 221 80 105 32 152 48 7 12 34 16 29 17 2 217 224 342
7 3 8 3 4 4 2 6 2 3 7 8 5 10 9 9 7 13 45 60 175 77 94 229 64 189 56 58 3 1 4 34 4 8 302 186 104
1 2 4 4 9 3 9 4 4 10 5 2 1 9 4 8 56 26 25 24 50 165 70 235 181 62 148 40 3 5 37 19 9 8 1 100 136
1 2 3 7 1 3 1 4 2 2 3 13 9 6 10 18 33 8 67 33 39 75 60 38 1 3 2 133 7 8 31 3 2 8 1 2 4
2 5 8 6 2 8 5 4 3 4 5 31 12 24 11 21 9 40 30 63 5 2 57 1 2 2 4 5 3 3 1 2 3 2 3 1 3
3 125 26 24 5 5 9 9 29 8 11 51 17 27 63 13 12 30 26 18 3 6 3 1 8 2 3 3 2 2 8 3 3 4 7 1 3
299 413 81 322 591 7 18 6 12 13 31 53 13 28 27 19 63 8 50 41 6 3 2 1 1 6 3 5 4 3 5 6 1 1 2 2 7
12 199 84 121 163 53 9 75 77 73 54 75 63 74 14 38 23 18 16 24 7 3 10 2 1 2 5 1 2 2 2 1 1 5 1 2 5
277 682 407 248 536 659 443 536 10 24 62 19 12 14 28 25 58 9 60 24 1 10 2 1 9 2 6 3 1 9 7 6 1 1 2 8 2
342 142 182 149 339 159 122 359 45 10 53 8 9 49 43 12 59 31 70 8 4 2 7 1 2 5 1 5 2 1 4 6 2 9 4 2 3
89 102 197 120 127 318 148 18 43 43 11 49 15 28 16 45 8 15 26 62 2 1 5 2 1 3 2 8 2 2 1 3 4 1 9 8 7
615 149 86 576 364 252 143 5 2 9 6 1 4 1 1 5 2 1 2 5 3 7 2 3 6 5 10 3 2 10 7 3 6 10 1 7 1
138 148 210 681 330 83 89 8 3 4 2 1 1 7 9 4 10 2 2 3 2 6 1 5 4 9 3 6 8 2 2 3 3 3 2 3 3
536 93 219 102 230 123 115 5 3 6 3 5 5 4 2 2 8 6 1 5 2 1 4 7 5 4 1 5 1 4 6 2 3 1 3 3 5
112 157 114 211 293 116 84 9 4 4 6 1 3 5 2 1 2 4 1 1 8 4 7 3 1 6 2 2 8 1 2 2 9 10 2 2 4
143 138 115 97 89 424 105 7 1 3 1 4 4 7 2 2 2 1 9 10 4 6 3 5 2 1 9 1 7 2 1 2 1 1 2 8 4
293 214 189 569 372 651 632 215 4 8 2 3 2 2 7 6 3 2 3 2 4 8 9 9 7 10 3 3 3 2 4 2 8 8 6 6 8
