33
111111111111111000000000000000000
000000000000000000000000000000000
000000000000000000000000000000000
000000000000000000000000000000001
000000000000000000000000000000000
000000000000000000000000000000000
000000111111111111111100000000000
000000000000000000000000000000000
000000000000000000000000000000000
000000000000000000000000000000000
000000000000000000000000000000000
000000000000000000000000000000000
000000000000000000000000000000000
000000000000000000000000011111111
000000000000000000000000000000000
000000000000000000000000000000000
000000000000000000000000000000000
000000000000000000000000000000000
000000111111111000000000000000000
000000000000000001111111111100000
000000000000000000000000000000000
000000000000000000000000000000000
000000000011110000000000000000000
000000000000000000000000000000000
000111100000000000000000000000000
000000001111111111110000000000000
000000000000000000000000000000000
011111111000000000000000000000000
000111100000000000000000000000000
000000000000000000000000000000000
000000000000000000000111111111110
000000000000000000000000000000000
00000000000000000000011010000000
00000010000000000000011010000000
00000010000000000000011010000000
00000010000000000010001010000000
00000010000000000010001010000000
00000010000000000010001000000000
00000010000000000000001000000000
01000010000000000000001000000000
01000010000000000000011000000000
01000010000000000000011000000000
01000010000000000000011000000000
01000000000000000000011000000000
01000000000000000000011000000000
01000000000000000000011000000000
01000000000000000000011000000000
00000000000000000000011000000000
00000000000000000000010000000000
00000000000000000000010000000000
00000000000000000000010000000000
00000000000010000000010000000000
00000000000010000000010000000000
00000000001010000000010000000000
00000000001000000000010000000000
00000000001000000000010000000000
00000000001000000000010000000000
00000000001000000000010000000000
00000000001000000000010000000000
00000000001000000000010000000000
00000000001000000000010000000000
00000000000000000000010000000000
00000000000000000000010000000000
00000000000000000000010000000000
00000000000000000000000000000000
4 5 5 4 1 3 3 8 5 2 5 4 6 8 4 37 86 11 1 24 2 3 6 3 3 95 126 148 92 22 24 30 46
87 76 68 90 2 2 6 7 2 22 69 20 88 35 51 32 17 16 20 18 8 8 3 3 1 18 51 46 129 70 121 104 101
60 87 221 77 298 155 99 10 51 18 14 35 15 104 27 22 104 42 94 4 3 2 2 9 7 47 73 62 110 38 15 116 49
435 180 73 567 307 273 361 9 72 30 17 45 90 13 16 68 20 23 87 24 1 1 6 8 3 125 36 19 44 68 39 29 44
415 128 285 293 246 129 210 40 16 59 17 30 24 92 45 31 14 27 11 21 49 4 3 213 65 28 16 22 95 83 24 98 78
145 292 303 459 146 246 267 30 17 29 20 16 11 13 104 49 20 13 28 19 83 4 2 222 42 44 53 123 26 31 24 89 4
80 168 218 63 403 184 64 71 81 22 15 75 14 71 21 21 32 34 25 70 89 3 5 45 114 107 26 126 48 100 62 5 4
151 132 72 574 146 88 284 8 2 3 6 1 1 6 6 6 2 1 2 2 1 7 7 42 94 25 52 17 170 1 2 1 7
208 133 106 483 161 4 11 7 2 5 8 2 4 7 3 1 1 2 2 6 6 4 5 33 144 42 38 54 95 4 9 1 5
4 7 3 6 161 8 2 2 9 1 4 9 1 3 6 2 4 2 2 6 6 2 9 264 138 144 104 224 101 199 5 2 2
4 3 3 12 16 2 16 1 8 4 3 1 2 6 3 3 4 1 2 3 2 7 9 180 48 245 209 45 63 3 3 7 1
10 10 16 2 14 8 7 8 2 7 1 6 1 4 8 4 8 1 9 4 10 1 6 1 5 203 1 2 8 2 9 5 2
7 2 7 6 15 7 9 5 1 2 1 1 2 3 3 5 7 6 1 2 1 7 2 8 3 3 6 3 6 2 7 2 1
3 11 7 48 6 3 14 1 2 3 2 2 3 1 2 2 7 2 3 6 3 5 1 2 3 1 4 9 5 4 2 10 1
7 13 1 2 4 3 1 2 3 2 5 8 9 1 7 8 1 3 1 2 8 2 9 13 12 8 12 17 49 6 9 4 1
3 6 11 3 6 3 5 1 8 7 3 3 5 1 7 2 4 7 3 8 3 2 5 7 12 40 11 44 19 7 26 2 1
14 2 2 113 2 2 3 1 9 3 3 1 1 2 24 14 16 6 23 3 4 2 9 8 10 29 51 7 14 25 10 7 18
358 310 3 489 163 3 221 7 4 1 8 5 5 2 6 5 6 25 4 10 1 5 10 8 21 18 20 52 49 50 18 7 45
5 586 141 71 148 138 236 8 9 2 2 5 3 2 4 13 10 13 19 5 3 6 4 51 12 25 5 13 6 11 31 12 11
578 152 5 93 266 126 147 307 4 3 5 1 4 6 7 6 4 7 9 5 6 2 12 26 26 24 16 17 41 30 9 30 4
485 81 415 236 584 613 640 401 86 4 5 20 24 4 11 13 5 4 13 3 7 3 7 8 2 4 21 8 7 13 32 7 7
377 232 195 509 563 628 170 164 91 1 3 9 3 6 4 7 13 6 6 4 7 4 1 1 2 2 4 38 22 1 2 6 2
27 76 512 240 74 179 74 66 70 1 1 23 4 7 8 22 9 3 4 4 7 1 2 2 2 6 4 46 14 17 1 2 1
232 133 209 534 112 470 202 261 1 7 2 2 4 3 15 3 17 16 15 14 5 3 6 8 6 1 3 7 33 5 3 5 2
449 148 185 140 367 69 597 1 3 1 1 5 6 4 2 8 10 20 23 12 2 8 2 9 9 4 4 3 26 4 6 1 5
283 204 27 3 4 28 3 4 2 4 3 1 8 6 2 25 21 23 12 8 4 5 7 11 9 62 20 13 9 28 22 63 3
204 155 6 17 9 18 4 8 2 5 2 7 2 2 2 2 7 6 2 3 4 3 4 4 71 34 51 54 11 10 1 5 1
378 121 30 9 3 6 2 7 5 3 3 2 2 2 2 2 2 4 2 3 6 8 6 43 41 15 15 9 55 59 2 1 4
1 1 2 9 7 3 6 2 7 6 9 6 6 2 1 6 5 5 1 2 6 1 9 50 36 18 13 24 65 2 2 6 9
1 7 2 5 1 1 6 4 2 2 3 3 1 1 1 9 1 1 10 3 2 7 14 66 69 41 43 26 35 35 3 9 2
1 1 1 7 4 6 1 2 9 4 1 4 5 2 1 2 2 1 10 2 6 4 4 28 59 9 13 11 1 1 4 7 2
1 2 3 3 7 2 6 4 3 3 8 3 2 3 7 1 3 3 1 3 4 8 10 5 8 3 3 2 3 1 1 1 1
7 4 4 3 4 2 7 6 5 1 6 3 4 7 2 2 4 1 7 2 4 8 1 4 1 2 3 2 2 5 1 1 2
