28
0000000000000000000000000000
0000000000000000000000000000
0000000000000000000000000000
0000000000000000000000000000
0000000000111110000000000000
0000000000000000000000000000
0000000000000000000000000000
0000000000000000000000000000
0000000000000000000000000000
0000000000000000000000000000
0000000000000000000000000000
0000000000000000000000000000
0111111111111110000000000000
0000000000000000000000111100
0000000000000000000000000000
0000000111111111111100000000
0000000000000000000000000000
0000000000000000000000000000
0000000000000000000000000000
0000000000000000000000000000
0000000000000000000000000000
0000000000000000000000000000
0000000011111111110000000000
0000000000000000000000000000
0000000000011111111110000000
0000000000000000000000000000
0000000000000000000000000000
000000001000000000000000000
000000001000000000000000000
000000001000000000000000000
000000001000000100000000000
000000000000000100000000000
000000000000000100000000000
000010000000000100000000000
000010000000000000000000000
000010000000000000001000000
000010000000001000001000000
000010000000001000001000000
000010000000001000001000000
000011000000001000001000000
000001000000001000001000000
000001000000001000001000000
000000000000001000001000000
010000000000001000001000000
010000000000001010001000000
010000000000001010001000000
010000000000000010000000000
000000000000000000000000000
000000000000000000000000000
000000000000000000000000000
000000000000000000000000000
000000000000000000000000000
000000010000000000000000000
000000010000000000000000000
000000010000000000000000000
587 199 799 115 395 950 3 3 2 7 1 6 2 2 2 8 8 6 9 6 9 32 23 7 8 15 6 5
369 115 354 168 107 1 3 4 1 7 2 6 6 4 4 2 3 9 2 6 2 17 7 40 6 24 28 24
531 121 503 104 174 3 2 2 3 7 2 3 5 4 3 2 9 1 28 9 27 10 21 7 36 10 10 17
722 748 940 547 490 8 10 2 8 3 8 6 3 4 6 7 2 3 7 2 11 17 56 9 14 31 5 20
4 131 806 675 158 3 2 1 1 1 3 4 2 2 2 1 8 3 9 3 4 28 22 62 38 4 1 26
961 302 164 108 105 4 2 8 3 58 14 14 2 4 4 2 2 8 1 108 22 225 195 101 26 169 7 3
668 188 471 163 10 6 2 2 1 45 7 10 2 4 2 10 4 3 6 74 32 5 5 118 114 40 2 3
871 313 627 510 31 6 91 14 11 21 23 34 9 6 9 15 5 5 35 100 101 82 280 45 41 74 1 2
151 8 104 934 322 1 25 16 75 72 14 41 5 12 15 26 40 180 99 63 73 234 313 81 45 40 130 32
20 35 43 13 10 9 95 41 50 12 27 47 19 23 8 25 12 125 180 216 2 11 131 33 22 23 2 1
6 5 28 17 10 10 17 68 18 26 60 12 23 17 6 1 5 63 43 2 1 32 45 46 171 30 6 2
11 17 5 6 2 106 23 103 45 84 19 15 10 42 18 4 12 35 6 9 6 68 59 21 5 5 6 6
7 6 6 9 10 4 42 81 41 13 34 9 8 22 10 7 1 2 3 2 10 14 28 76 122 6 9 2
8 2 5 2 1 2 9 4 2 4 12 4 20 3 2 2 7 6 7 1 9 14 3 35 42 4 3 2
2 9 6 2 7 2 7 20 15 16 14 6 3 8 10 4 7 3 1 3 7 57 16 9 65 5 40 14
2 10 3 6 6 35 8 8 3 2 18 5 2 9 5 2 4 2 5 7 3 16 23 13 14 12 14 22
1 4 5 5 2 37 59 103 46 180 3 3 9 1 9 7 3 9 3 5 1 30 32 22 42 52 19 3
4 7 19 41 33 7 23 32 134 224 56 18 10 2 2 4 9 9 2 6 4 11 65 63 70 47 53 55
2 2 3 12 26 7 47 35 52 72 33 5 18 2 2 9 4 4 1 7 49 70 19 66 10 13 46 9
2 3 2 12 53 35 16 10 54 97 250 50 7 2 46 10 1 2 8 2 34 10 68 16 10 31 43 34
6 9 6 9 45 6 7 211 104 240 62 42 22 4 32 15 21 7 2 57 2 9 8 3 18 8 31 16
14 12 20 37 54 20 32 104 251 190 59 65 9 34 13 48 57 14 35 8 9 34 37 6 28 7 8 2
31 17 17 48 7 87 201 76 89 221 99 69 159 10 26 58 60 10 14 9 10 1 3 7 1 1 3 4
3 3 2 152 155 205 200 53 42 2 7 3 3 1 3 1 9 1 30 20 21 8 2 4 6 8 7 2
4 121 64 131 49 72 71 67 148 6 4 4 6 2 3 1 5 5 3 5 5 2 1 8 1 2 5 2
61 90 274 54 113 106 31 118 7 2 1 6 2 2 3 1 2 2 4 2 1 1 3 3 3 10 4 3
7 108 96 62 5 220 8 7 1 6 1 3 4 5 4 6 7 4 2 4 2 7 1 1 1 2 9 3
6 6 70 2 39 167 41 4 1 5 5 4 4 3 5 6 2 7 4 3 7 3 7 6 6 4 1 5
