24
000000001110000000111110
000000000000000000000000
000000000000000000001111
000000000000000000000000
000000000000000000000000
000000000000000000000000
000000000000000011100000
000000000000000000000000
000000000000000000000000
000000000000000000000000
000000000000000000000000
000000000000000000000000
000000000000000000000000
000000001111111110000000
000001111110000000000000
000000000000000000000000
000000000000000000000000
000000000000000000000000
000000000000000000000000
000000000000000000000000
111111000000001111111110
000000000000000000000000
000000000000000000000000
00000000010010000000000
00000000010010000000000
00000000010010000000000
00000000010010000000000
00000000000000000000000
00000000000000000000000
00000000000000000000000
00000000000001000000000
00000000000001000000000
00000000000001000010000
00000000000011000010000
01000000000111000110000
01000000000110000110000
01000000000110000110000
01000100000110000110000
00000100000110000110000
00000100000110000110000
00000100000010000110000
00000100000010000110000
00000100000010000110000
00000100000000000110000
00000100000000000000000
00000000000000000000000
00000000000000000000000
64 485 275 430 76 575 195 205 200 589 181 113 216 596 97 107 68 202 111 172 80 311 430 393
193 168 96 197 92 501 288 309 529 87 140 182 190 276 275 471 78 69 129 128 66 367 123 200
524 369 75 167 220 443 402 328 293 192 299 130 131 432 95 251 307 130 75 82 175 264 263 133
359 465 120 587 156 522 76 84 142 558 358 189 471 163 96 300 75 192 102 64 118 126 249 156
71 137 181 71 162 264 154 118 252 336 556 129 202 270 419 585 87 498 569 94 106 368 286 150
145 256 342 450 64 626 517 324 113 226 213 622 65 430 302 168 138 105 120 72 160 608 300 132
178 89 108 403 144 371 414 195 160 241 71 163 97 398 410 264 157 192 236 422 94 132 251 123
433 120 124 131 242 472 211 195 373 157 296 590 80 113 82 282 104 211 210 107 160 101 319 103
333 359 70 116 67 278 136 93 97 593 84 462 85 506 97 525 66 111 116 148 170 499 105 73
100 96 565 103 349 195 117 66 399 396 192 136 288 220 411 136 260 263 70 553 605 72 300 166
206 108 458 505 341 71 91 159 73 323 255 89 72 95 133 197 368 203 417 83 66 177 105 253
134 151 620 64 336 132 124 330 454 116 123 463 171 334 195 431 121 353 120 238 181 147 199 125
227 550 128 88 121 561 146 186 429 329 186 232 133 612 292 343 275 90 529 179 130 359 205 131
64 531 275 606 72 79 419 97 620 630 409 243 351 67 478 67 277 216 146 371 114 274 292 130
389 463 294 536 450 309 554 324 256 215 122 91 8 142 379 77 154 210 1 72 68 81 259 157
588 462 348 467 174 63 4 2 7 9 224 71 2 70 102 253 180 69 2 81 594 132 127 83
73 553 171 395 440 500 1 70 427 3 103 134 203 252 300 76 154 113 2 123 220 440 75 570
194 80 129 556 226 502 3 202 434 295 197 289 78 386 300 509 514 560 2 459 162 64 91 126
270 275 444 166 292 96 2 2 2 233 368 89 100 72 112 157 345 85 7 172 87 540 573 395
83 320 251 110 371 158 3 3 3 158 168 65 544 165 316 142 289 101 3 247 341 141 379 380
68 83 119 258 164 175 5 5 299 114 281 578 217 162 488 165 68 244 1 116 313 215 287 484
3 1 3 1 2 6 2 6 2 460 550 74 114 291 71 1 73 193 128 179 210 235 87 147
9 2 5 8 1 3 1 273 200 574 403 83 154 244 432 5 193 291 482 131 296 81 71 274
3 2 3 2 7 9 4 178 193 93 77 84 191 152 401 299 9 236 184 9 318 271 192 335
