39
000000000000000000000000000000000000000
000000000000000000000000000000000000000
000000000000000000000000000000000000000
000000000000000000000000000000000000000
000000000011111100000000000000000000000
000000000000000000000000000000000000000
000000000000111111110000000000000000000
111100000000000000000000000000000000000
000000000000000000000000000000000000000
000000000000000000000000000000000111100
000000000000001111110000000000000000000
000000000000000000000000000000000000000
000000000000000000000000000000000000000
000000000000000000000000000000000000000
000000000000000000000000000000000000000
000000000111111111100000000000000000000
000000000000000000000000000000000000000
000000000000000000000000000000000000000
000000000000000000000000000000000000000
000000000000000000000000000000000000000
000000000000000000000000000000000000000
000000000000000000000000000000000000000
000000000000000000000000000000000000000
000000000000000000000000000000000000000
000000000000000000000000000000000000000
000000000000000000000000000000000000000
000000000000000000000000000000000000000
000000000000000000000000000000000000000
000000000000000000000000000000000000000
000000000000000000000000000000000000000
011110000000000000000000000000000000000
000000000000000000000000000000000000000
000000000000000000000000000000000000000
000000000000000000000000000000000000000
000000000000000000000000000000000000000
000000000000000000000000000000000000000
000000000000000000000000000000000000000
000000000000000000000000000000000000000
00000000000000010100000000000000000001
00000000000000010100000000000000000001
00000000000000010100000000000000000001
00000000000000010100010000000000000001
00000000000000010100010000000000000011
00000000000000010100010000000000000011
00000000000000000100010000000000000010
00000000000000000100010000000000000010
00000000000000000100010000000000000010
00000000000000000100010000000000000010
00000000000000000100010000000000000010
00000000000000000100000000000000000010
00000000000000000100000000000000000010
00000000000000000000000000000000000010
00000000000000000000000000000000000010
00000000000000000000000000000000000000
00000000000000000000000000000000000010
00000000000000000000000000000000000010
00000000000000000000000000000000000010
00000000000000000000000000010000000010
00000000000000000000000000010000000010
00000000000000000000000000010000000010
00000000000000000000000000010000000010
00000000000000000000000000010000000010
00000000000000000000000000000000000010
00000000000000000000000000000000000010
00000000000000000000000000000000000010
00000000000000000000000000000000010010
00000000000000000000000000000000010010
00000010000000000000000000000000010010
00000010000000000000000000000000010010
00000010000000000000000000000000010010
00000010000000000000000000000000010010
00000010000000000000000000000000010000
00000010000000000000000000000000010000
00000010000000000000000000000000010000
00000000000000000000000000000000010000
00000000000000000000000000000000000000
00000000000000000000000000000000000000
2 5 9 5 4 4 2 5 5 5 6 6 2 5 4 16 6 9 5 2 2 7 3 7 3 1 4 2 3 9 5 6 9 2 8 2 2 5 45
2 4 8 6 11 4 2 5 7 2 6 3 10 6 8 4 2 6 2 6 1 9 3 1 1 10 3 1 7 1 8 2 1 3 2 1 9 2 47
11 4 2 3 6 6 2 2 2 11 5 13 2 7 3 4 6 2 2 2 3 1 3 3 1 3 2 2 3 7 2 4 4 7 2 1 2 2 61
8 4 3 2 5 2 9 4 3 5 9 3 10 11 5 3 6 7 4 9 7 3 7 5 1 1 3 3 2 1 10 2 4 3 6 1 49 26 90
3 6 4 2 7 8 7 5 1 6 3 3 10 6 2 2 8 2 5 4 1 5 5 10 1 1 3 1 2 5 3 3 1 8 3 2 2 20 56
3 2 4 1 2 8 9 2 6 5 6 13 13 6 7 6 1 4 1 2 8 3 9 5 8 4 1 6 7 7 3 4 1 8 5 1 2 16 51
8 9 7 6 11 3 2 1 3 6 4 15 2 11 4 2 4 9 8 6 7 1 5 7 5 7 1 4 8 3 5 9 2 1 9 2 5 22 31
7 3 1 8 2 2 4 2 6 3 2 9 3 3 15 3 6 2 4 4 4 1 2 3 3 1 3 3 3 4 7 87 67 9 1 2 1 90 77
5 3 9 6 8 8 2 2 1 6 3 2 3 2 15 16 7 1 7 3 2 3 5 4 9 9 2 4 3 42 59 43 12 2 2 1 9 12 15
3 2 2 4 10 5 8 1 4 2 4 3 3 3 4 5 5 8 5 1 3 7 2 7 3 4 2 104 9 48 21 18 22 79 3 2 4 64 14
5 7 5 8 7 2 4 2 2 3 2 6 4 15 4 7 2 7 8 1 2 1 60 15 11 5 1 14 24 33 91 34 19 29 70 69 57 48 37
2 2 2 8 5 6 5 2 4 7 7 8 9 3 1 3 8 1 64 92 22 62 49 20 21 73 22 49 43 88 27 91 12 52 40 17 14 11 28
2 5 2 6 3 11 2 10 4 5 10 4 9 7 1 7 1 1 1 8 5 2 4 61 81 17 13 34 23 100 41 15 26 21 87 43 23 63 18
2 3 4 2 3 6 5 1 2 7 2 7 4 1 2 1 2 2 7 2 2 6 6 70 28 82 12 80 65 20 107 18 103 94 22 14 83 70 42
2 2 3 5 5 3 3 12 10 14 8 2 13 4 11 9 4 6 8 4 2 1 6 94 12 39 88 46 89 13 18 15 25 62 23 43 45 14 23
6 7 8 3 9 3 3 14 6 3 6 1 4 1 4 9 4 6 1 3 2 6 9 8 74 64 94 30 16 15 20 28 107 11 72 59 88 98 20
2 2 1 2 5 4 6 2 2 5 3 4 5 1 4 8 2 4 3 5 9 4 8 1 16 99 19 54 37 22 58 33 64 45 100 14 34 17 11
1 3 4 2 8 10 2 2 5 16 8 20 2 4 4 17 1 5 5 2 5 4 4 2 3 70 15 16 17 55 92 12 29 31 21 21 63 47 13
4 2 2 1 6 1 4 3 3 13 12 18 17 22 7 8 4 20 10 4 6 1 5 10 2 26 9 35 30 23 22 53 67 63 22 64 86 27 17
1 7 5 2 2 6 6 3 4 3 21 12 5 11 3 24 12 3 20 22 23 8 8 7 1 1 3 14 12 90 69 44 28 20 16 28 87 11 48
1 1 2 10 7 1 2 4 9 20 8 15 21 3 5 3 5 6 20 7 7 18 5 2 3 3 6 28 92 34 83 14 18 64 26 40 14 39 98
6 8 5 7 5 3 3 3 1 7 4 6 4 10 3 6 6 25 7 11 3 5 6 1 4 20 8 5 31 1 13 18 39 25 57 30 63 48 18
6 2 7 4 6 9 1 7 1 4 4 11 8 26 14 11 6 3 11 7 11 4 25 20 5 8 3 7 7 37 8 91 48 22 52 87 11 94 36
5 3 1 7 1 4 1 7 2 10 1 25 19 17 8 3 3 5 3 22 3 4 11 6 7 4 3 1 3 16 52 14 44 16 29 16 12 32 96
2 3 2 2 3 3 9 1 1 3 1 14 26 13 7 7 3 11 7 5 19 5 17 19 16 21 9 3 15 10 6 9 21 26 84 25 45 18 25
2 1 4 3 1 4 6 6 5 2 4 9 8 5 25 26 15 7 16 3 6 9 5 15 26 5 16 7 2 4 31 16 37 32 51 35 9 23 14
8 5 2 2 1 4 8 1 4 4 19 20 19 5 18 7 14 7 13 9 3 12 5 3 4 19 3 2 2 9 7 52 16 12 20 9 39 14 45
1 2 3 3 3 1 5 9 6 4 2 7 10 4 3 7 16 4 6 14 15 3 16 2 7 9 2 2 3 29 27 25 10 6 51 11 8 101 7
9 1 6 3 5 3 4 3 4 8 5 26 9 3 15 9 6 4 8 13 4 24 6 2 8 12 1 2 1 11 20 24 1 12 49 23 13 68 6
2 1 6 2 4 2 4 2 2 7 2 2 6 26 6 11 5 4 6 8 3 6 3 1 3 8 6 1 4 9 1 28 3 5 52 28 20 25 54
34 8 6 8 7 3 4 2 3 2 4 3 4 3 10 13 5 21 6 25 6 4 4 20 4 1 8 2 4 2 5 5 1 1 8 3 10 2 54
89 141 229 77 60 231 2 5 5 3 5 4 3 7 18 3 10 6 6 4 23 11 4 5 2 7 3 6 1 2 9 2 1 8 2 5 1 4 89
96 48 162 126 123 137 4 9 5 9 2 6 1 4 10 7 13 15 9 19 11 20 7 3 4 5 9 8 2 4 2 2 6 1 5 4 3 1 6
226 221 289 80 48 98 2 4 4 47 1 1 4 1 18 3 12 3 15 3 14 10 3 7 4 2 5 2 1 5 7 9 9 2 1 5 4 5 1
150 124 47 224 102 218 154 7 1 60 136 2 5 1 6 2 7 3 12 23 6 1 4 9 2 7 2 3 4 5 3 1 1 4 3 2 6 1 2
132 37 35 34 58 33 56 67 303 233 42 5 4 9 8 7 9 7 6 1 7 6 6 2 5 4 5 5 4 5 3 5 1 4 3 1 2 8 7
187 61 41 71 47 119 37 75 65 101 7 1 2 6 1 1 8 4 7 8 6 9 3 2 7 4 8 2 5 2 2 1 5 2 4 4 6 7 9
251 50 210 111 44 211 35 45 69 39 35 4 2 9 6 1 2 4 9 1 5 10 10 4 7 3 6 4 7 9 8 2 2 3 3 10 10 2 8
102 121 103 33 205 107 276 232 132 44 38 1 1 6 8 9 1 3 3 7 10 3 9 5 1 1 5 5 2 3 9 2 2 1 4 2 5 1 1
