29
00000000000000000000000000000
00000000000000000011111111111
00000000000000000000000000000
00000000000000000000000000000
00000000000000000000000000000
00000000000000000000000000111
00000000000000000000000000000
00000000000000000000000000000
01111111111110000000000000000
10000000000000000000000000000
00000000000000000000000000000
00000000000011111111111111000
00000000111111111110000000000
00000000000000000000000000000
00000000000111000000000000000
00000000000000000000000000000
00000000000000000000000000000
00000000001111111000000000000
00000000000000000000000000000
00000000000000000000000000000
00000011111111111111000000000
00000000000000000000000000000
11111111000000000000000000000
11111100000000000000000000000
00000000000000000000000000000
00000000000000000000000000000
00000000000000000000000000000
00000000000000000000000000000
0000000000000000100000000000
0000000000000000100000000000
0000000000000000100000000000
0000000000000000100000000000
0000000001000000100000000000
0000000001000000000000000000
0000001001000000000000000000
0000001001000000000000000000
0000001000000000000000000000
0000001000000000000000000000
0000001000000000000000000000
0000001000000000000000000000
0000001000000010000000110000
0000001000000010000000110000
0000001000000010000000110000
0000001000000010000000110000
0000001000010000000010010000
0000001000010000000010010000
0000001000010000000010010000
0000001001010000000010010000
0000000001010000010000010000
0000000001010000010000010000
0000000001010000010010010000
0000000001010000010010010000
0000000001000010010010010000
0000000001000010010010010000
0000000000000010000000000000
0000000000000010000000000000
0000000000000010000000000000
20 10 17 19 67 70 11 6 2 8 2 1 2 6 5 1 2 8 10 2 6 2 1 3 6 2 2 6 3
53 66 61 14 11 56 10 2 6 3 2 6 5 3 9 7 8 3 4 1 9 4 9 2 7 2 2 8 3
10 16 23 9 11 26 48 16 59 2 8 3 6 2 7 8 2 6 6 1 7 5 1 8 2 7 2 1 4
27 17 14 17 39 16 35 73 50 1 3 4 8 4 7 2 7 3 1 3 2 2 1 2 2 3 1 9 2
43 48 10 9 19 67 25 11 27 10 2 1 4 3 9 8 6 3 4 2 1 7 2 8 9 1 9 10 2
9 18 28 78 24 16 54 12 30 6 1 3 7 9 4 1 7 1 1 7 1 1 4 2 2 1 9 1 2
11 20 58 54 38 10 43 71 16 74 1 1 9 2 4 5 1 3 4 2 10 7 7 5 2 2 9 1 3
68 15 25 39 38 13 39 18 10 84 4 5 2 2 1 4 2 4 1 1 7 8 2 1 4 3 1 6 7
22 50 12 80 40 48 32 11 20 1 6 5 3 1 5 7 2 3 7 4 5 6 9 1 1 5 3 7 1
13 23 16 15 39 17 48 2 3 10 7 1 1 4 4 5 2 2 6 3 3 5 2 10 4 2 7 4 8
16 26 71 51 43 20 10 2 10 3 6 2 1 7 10 3 1 2 3 5 6 1 3 1 1 5 6 4 8
70 18 77 10 50 31 18 10 5 3 2 1 1 1 5 2 1 2 1 4 1 2 4 3 9 3 2 2 6
10 37 15 24 28 22 13 1 2 3 5 1 7 1 5 8 6 1 1 5 6 4 2 4 1 4 7 4 2
32 77 73 82 38 21 12 5 1 4 5 1 1 3 1 3 3 2 3 1 1 2 3 3 9 4 3 3 2
42 62 51 19 17 24 14 4 3 5 7 8 2 1 6 2 4 1 2 3 1 3 2 2 7 10 9 8 1
8 61 28 18 17 24 16 27 8 1 4 4 6 8 2 3 1 1 3 1 2 4 3 8 4 2 1 7 2
9 15 65 29 56 23 11 83 13 4 4 3 4 7 1 3 3 3 9 6 1 1 3 2 8 6 3 2 1
69 32 44 12 30 12 21 24 6 2 10 6 1 4 2 2 4 1 5 4 2 6 3 1 3 2 9 2 6
17 46 31 58 27 63 37 27 3 4 1 3 5 7 6 1 5 2 3 4 4 10 1 2 7 9 2 4 6
13 23 75 35 8 27 13 47 44 1 5 10 10 4 4 5 4 1 3 1 4 6 3 1 2 2 2 1 4
36 33 12 31 53 56 18 84 10 32 1 3 9 1 1 2 1 1 6 3 16 3 2 5 1 9 3 4 8
51 10 19 41 18 18 21 26 27 16 11 17 14 4 2 2 6 4 12 8 2 3 7 1 9 4 6 2 8
26 68 27 10 10 41 69 16 23 60 5 11 8 8 5 3 2 18 8 9 2 10 3 9 9 2 1 9 1
1 7 14 45 30 19 31 37 57 60 5 4 11 3 5 6 8 2 3 3 2 8 1 10 6 1 2 8 2
32 16 22 75 32 63 73 57 17 36 11 12 16 4 3 12 19 10 9 14 9 9 8 10 2 2 2 4 4
15 14 17 15 46 23 16 35 36 13 5 10 10 15 5 5 9 7 5 13 2 2 2 2 3 1 2 5 6
65 10 13 36 56 16 72 19 20 72 46 12 13 5 6 2 10 3 2 5 3 13 7 2 1 8 4 2 6
5 5 49 60 14 10 11 81 56 82 14 3 8 4 4 3 8 7 3 8 7 4 2 3 5 4 4 6 2
6 4 50 12 22 75 14 82 18 30 4 7 3 3 3 3 3 3 5 3 3 4 1 4 6 6 1 3 4
