32
00000000000000000000000000000000
00000000000000000000000111111100
00000000000000000000000000000000
00000000000000000111111111110000
00000000000000000000000011111100
00000000000000000000000000000000
00011111111111111000000000000000
00000000000000000000000000000000
00000000000000000000000000000000
00000000001111100000000000000000
00000000000000000000000000000000
00000000111111111111111000000000
00000000000000000000000000000000
00000000000000000000000000000000
00000000000000000000000000000000
00000000001111111111000000000000
00000000000000000000001110000000
00000000000000000000000000000000
00000000011111100000000000000000
00000000000000000000000000000000
00000000000000011111111110000000
00000000000000000000000000000000
00000000111110000000000000000000
00000000000000000000000000000000
00001111111111111111000000000000
00000000000000000000000000000000
00000000000000000000000000000000
00000000000111111111111100000000
00000000000000000000000000000111
00111111000000000000000000000000
00000000111111111110000000000000
0110000000001010010000000000000
0110000000001010010000000000000
0010000000001010010000000000000
0010000000001010010000000000000
0010000000001010010000000000000
0110000000001000010000000000000
0100000000001000010001000000000
0100000000001000010001000000000
0100000000001000010011000000000
0100000000001000010011000000000
0100000000000000010011000000000
0100000000000000010001000000000
0100000000000000010001000000000
0100000000000000010001000000000
0100000000000000010000000000000
0100000000000000010000000000000
0100000000000000000000000000000
0100000000000000000000000010000
0100000000000000000000000010000
0100000000000000000000000010000
0100000000000000000000000010000
0000000000000000000000000000000
0000000000000000000000000000000
0000000000000000000000000000000
0000000000000000000000000000000
0000000000000000000000000000000
0000000000000000000000000000000
0000000000000000000000000000000
0000000000000000000000000000000
0000000000000000000000000000000
0000000000000000000000000000000
0000000000000000000000000000000
322 129 118 3 5 7 1 3 1 3 2 4 2 8 7 8 4 13 56 11 44 78 10 32 30 52 42 12 24 9 8 1
186 109 81 2 3 5 3 2 8 3 1 3 2 4 4 13 16 8 12 13 53 16 25 38 11 25 15 10 5 2 2 1
276 39 57 1 5 2 2 1 4 1 3 3 10 13 4 2 7 15 11 13 59 12 67 18 45 74 10 6 1 3 8 2
122 69 48 5 3 3 7 1 5 2 6 8 3 2 7 9 2 17 12 37 25 49 51 58 26 9 80 80 1 2 10 2
57 63 106 5 5 1 9 2 3 1 2 5 5 2 9 2 4 8 4 3 3 7 1 8 5 5 1 2 6 4 1 1
64 17 111 4 2 1 4 3 7 7 4 2 4 13 4 81 9 9 1 2 1 1 10 3 2 10 2 3 3 3 8 3
19 60 20 260 5 2 3 8 4 2 7 3 5 7 9 16 20 60 3 3 3 2 5 1 6 2 5 2 1 1 1 3
17 32 206 45 1 1 8 2 9 4 1 1 4 44 38 82 25 24 1 8 9 4 9 3 1 1 5 2 1 3 2 5
82 15 148 41 9 6 2 5 7 5 3 6 7 10 9 10 23 20 2 7 6 4 1 1 1 2 5 5 6 8 3 9
34 65 7 4 1 6 26 18 4 3 9 2 2 21 12 15 36 45 2 1 9 6 2 5 5 8 1 1 1 9 1 2
17 87 2 1 4 4 1 7 3 13 32 85 18 38 11 44 15 13 3 6 7 7 4 5 7 2 4 3 3 2 4 1
127 17 1 2 5 4 3 4 11 4 4 5 16 24 49 22 13 47 3 8 4 2 3 1 61 4 2 3 4 4 6 1
126 21 4 1 4 3 3 25 21 1 3 3 2 7 6 7 4 6 5 4 3 6 1 19 13 1 2 5 3 5 1 5
15 21 3 3 3 7 66 51 2 7 1 8 6 3 2 6 5 9 2 5 5 4 18 34 17 21 2 2 11 2 3 1
16 22 2 9 3 113 84 122 1 10 1 2 2 6 1 3 1 6 1 1 6 1 6 37 77 23 39 9 1 5 2 1
22 101 2 1 113 28 137 1 3 7 2 5 8 2 3 2 4 2 4 5 248 120 92 14 31 20 43 3 1 3 11 11
28 134 4 119 113 37 89 4 1 1 3 1 55 144 219 189 419 448 418 174 145 534 103 93 11 14 24 12 40 29 5 1
58 85 8 50 55 29 3 5 2 1 2 5 1 3 117 499 108 196 476 424 157 148 83 26 85 77 59 39 11 2 2 2
15 59 31 43 53 48 7 3 2 1 1 8 1 325 358 23 151 118 379 567 102 225 232 98 42 20 17 7 2 5 2 3
128 20 163 52 31 154 6 4 3 4 8 15 9 4 9 8 219 449 248 418 155 555 353 408 1 375 31 2 2 2 2 1
23 87 96 198 52 53 22 64 2 5 6 7 15 3 5 7 66 146 81 462 73 61 174 62 2 393 61 74 194 464 514 278
15 75 74 26 82 27 80 2 2 2 20 5 6 5 7 15 13 13 3 21 19 8 1 4 2 401 290 75 111 65 63 232
49 37 48 48 55 203 62 2 7 1 4 2 15 9 3 7 21 6 8 3 3 22 3 1 1 65 191 58 82 128 168 294
42 3 92 169 184 183 3 4 1 11 20 18 3 20 14 3 18 6 7 4 9 3 1 8 2 31 205 171 58 74 142 278
2 5 4 22 23 2 9 4 2 3 10 4 12 3 6 3 11 4 21 4 2 5 3 4 109 13 242 360 146 87 322 511
7 3 5 6 8 6 1 2 6 3 4 6 4 1 3 9 3 5 1 1 4 1 6 1 3 158 67 56 261 119 241 75
3 4 1 2 1 3 2 1 5 46 3 1 2 1 2 6 3 9 3 9 9 2 3 7 4 113 39 301 165 80 506 359
2 2 2 3 2 1 4 3 3 15 10 4 2 1 2 2 5 6 2 2 2 1 6 5 11 38 30 70 73 62 142 279
4 5 1 6 2 6 3 3 46 6 11 39 11 18 47 12 11 54 74 44 11 12 15 68 31 24 77 110 407 161 441 14
5 4 3 6 2 1 2 7 1 9 7 52 9 32 13 45 18 11 80 36 18 17 27 19 56 20 23 44 4 5 4 2
9 2 3 4 2 1 9 3 1 27 17 7 7 19 11 24 18 17 18 10 39 53 13 13 37 41 25 16 5 2 7 2
3 9 8 3 2 1 9 2 5 2 5 3 7 9 4 41 51 76 50 8 75 22 12 30 11 2 6 20 10 2 6 1
