21
000111110000000000000
000000000000000111100
111000000000000000000
000000000000000000000
000000000000000000000
000000000000000000000
000000000000000000000
000000000000000000000
000000000000000000000
000000000000000000000
000000000000000011111
000000000000000000000
000000000000000000000
001110000000000000000
000000000000000000000
000000000000000000000
000000000000000000000
000011100000000001111
000000000000000000000
000000000000000000000
00000010000001000100
00000010000001000000
00011010000001000001
00011010001001000001
00011100001001000001
00011100001001000100
00011100001001000100
00011000001001000100
00011100001000000100
00011100001000000000
00011100000000000000
00011100000000000000
00010100000000001000
00010100000000001000
00010100000000001000
00010100000000001000
00010100000000001000
00000100000000001000
00000100000000000000
00000000000000000000
00000000000000000000
2 6 16 1 1 8 6 2 1 9 5 7 1 5 43 75 5 3 1 2 3
25 37 34 14 2 2 2 4 6 6 2 7 2 4 32 189 128 1 3 261 6
4 28 30 14 3 3 8 8 1 2 1 7 3 3 227 214 187 55 47 58 1
20 43 4 13 8 3 1 6 6 1 7 1 4 10 55 65 35 53 267 164 2
65 8 6 2 2 5 4 9 3 2 2 5 7 2 32 182 47 43 51 54 3
2 7 4 7 4 2 6 2 1 1 4 1 2 2 147 78 92 42 77 117 127
2 2 14 15 5 2 9 4 8 10 6 1 1 4 55 81 115 71 114 21 3
8 3 7 14 1 5 2 7 4 10 2 3 3 3 126 162 52 9 37 39 3
2 9 11 2 2 1 4 3 2 3 6 9 3 4 75 28 131 136 65 33 122
8 14 2 3 4 3 2 1 7 3 3 3 3 93 107 3 39 155 120 29 83
9 4 7 2 7 2 8 8 1 1 3 6 85 74 134 113 1 41 51 21 119
15 11 6 2 8 3 5 2 3 1 9 2 90 89 37 27 96 71 154 43 49
3 2 2 4 3 1 5 8 9 130 5 93 152 24 21 81 25 36 34 47 46
15 3 4 3 4 1 2 1 92 19 42 118 24 73 118 168 61 26 150 32 106
3 2 1 15 1 4 4 2 4 45 85 93 56 19 30 118 66 55 104 76 136
2 2 7 2 2 8 7 3 3 109 75 152 65 123 43 30 40 26 29 42 69
2 5 5 4 6 6 4 5 4 3 3 3 1 7 61 29 102 54 90 184 34
2 11 2 7 4 3 2 2 2 4 2 6 6 7 20 70 123 68 182 141 27
6 9 2 1 2 6 5 1 5 10 7 5 2 5 22 128 28 3 3 3 2
3 3 1 2 2 2 4 5 1 9 6 1 6 8 5 4 2 7 4 9 4
7 4 2 4 3 3 7 7 3 3 8 1 10 4 7 4 9 2 1 1 9
