37
0000000000000000000000000000000000000
0000000000000000000000000000000000000
0000000000000000000000000000000000000
0000000000000000000000000000000000000
0000000000000000000000000000000000000
0000000000000000000000000000000000000
0000000000000000000000000000000000000
0000000000000000000000000000000000000
0000000000000000000000000000000000000
0000000000000000000000000000000000000
0000000000000000000000000000000000000
0000000000000000000000000000000000000
0000000000000000000000000000000000000
0000000000000000000000000000000000000
0000000000000000000000000000000000000
0000000000000000000000000000000000000
0000000000000000000000000000000000000
0000000000000000000000000000000000000
0000000000000000000000000000000000000
0000000000000000000000000000000000000
0000000000000000000000000000000000000
0000000000000000000000000000000000001
0000000000000000000000000000000000000
0000000000000000000000000000000000000
0000000000000000000000000000000000000
0000000000000000000000000000000000000
0000000000000000000000000000000000000
0000000000000000000000000000000000000
0000000000000000000000000000000000000
0000000000000000000000000000000000000
0000000000000000000000000000000000000
0000000000000000000000000000000000000
0000000000000000000000000000000000000
0000000000000000000000000000000000000
0000000000000000000000000000000000000
0000000000000000000000000000000000000
000000000000000000000000000000000000
000000000000000000000000000000000000
000000000000000000000000000000000000
000000000000000000000000000000000000
000000000000000000000000000000000000
000000000000000000000000000000000000
000000000000000000000000000000000000
000000000000000000000000000000000000
000000000000000000000000000000000000
000000000000000000000000000000000000
000000000000000000000000000000000000
000000000000000000000000000000000000
000000000000000000000000000000000000
000000000000000000000000000000000000
000000000000000000000000000000000000
000000000000000000000000000000000000
000000000000000000000000000000000000
000000000000000000000000000000000000
000000000000000000000000000000000000
000000000000000000000000000000000000
000000000000000000000000000000000000
000000000000000000000000000000000000
000000000000000000000000000000000000
000000000000000000000000000000000000
000000000000000000000000000000000000
000000000000000000000000000000000000
000000000000000000000000000000000000
000000000000000000000000000000000000
000000000000000000000000000000000000
000000000000000000000000000000000000
000000000000000000000000000000000000
000000000000000000000000000000000000
000000000000000000000000000000000000
000000000000000000000000000000000000
000000000000000000000000000000000000
000000000000000000000000000000000000
000000000000000000000000000000000000
6 9 2 3 5 4 9 7 1 1 3 1 7 159 20 111 2 9 3 3 5 7 106 113 46 33 102 118 244 300 65 182 188 282 54 55 53
6 14 11 6 6 5 1 7 7 2 73 7 36 143 172 66 22 1 3 6 8 31 18 18 90 73 146 35 149 145 88 130 212 31 265 181 296
3 2 2 4 2 5 4 7 9 61 56 78 170 32 41 115 9 5 7 2 6 21 30 115 42 28 229 198 54 39 96 98 273 176 176 77 39
6 2 2 3 6 9 12 2 1 24 68 71 124 71 139 30 30 4 10 3 47 56 15 60 87 95 82 34 124 142 254 118 223 119 92 272 100
5 4 11 3 2 2 2 2 1 10 4 41 50 21 73 91 2 3 7 1 35 39 51 17 54 75 14 55 49 279 34 109 91 160 83 107 127
11 5 3 10 10 4 13 8 4 2 122 105 38 76 148 1 9 3 2 3 29 67 44 14 91 15 14 6 253 44 54 78 213 108 45 261 47
5 6 8 7 3 2 9 1 3 9 61 91 54 56 100 3 4 6 30 66 18 17 22 23 19 25 61 10 9 5 7 52 100 178 41 118 48
13 5 4 10 3 5 2 2 1 2 1 1 9 7 7 2 2 1 1 1 18 59 25 110 13 43 19 56 6 2 114 245 4 232 288 98 32
7 2 3 2 10 6 11 7 3 9 6 2 1 7 7 5 2 2 2 7 30 2 7 23 49 13 53 25 14 28 2 4 54 41 9 218 155
3 2 5 6 8 6 3 7 4 3 10 5 3 5 3 1 2 2 4 8 3 4 3 71 50 58 16 107 4 5 9 4 150 154 102 19 55
6 2 3 6 4 5 2 2 7 1 1 2 4 7 3 9 2 6 1 1 3 6 3 2 2 4 10 3 5 5 3 11 9 5 283 5 25
3 2 3 3 6 2 7 1 4 5 9 1 3 9 1 6 1 4 9 2 6 4 3 10 2 1 1 9 3 6 12 3 22 18 12 22 130
1 3 6 2 6 3 2 3 3 2 4 7 2 2 8 3 3 2 2 8 7 4 1 2 1 1 10 4 14 5 17 5 20 12 17 8 2
2 3 3 7 9 4 9 3 2 5 6 3 6 2 3 2 5 3 2 2 2 2 1 5 7 1 8 2 2 7 20 4 13 4 4 5 109
4 2 6 5 18 8 1 7 9 2 2 1 9 3 2 4 1 1 2 6 3 3 3 2 2 1 1 3 4 12 7 8 3 4 5 20 3
20 15 14 13 4 3 2 1 2 1 2 2 3 2 3 1 7 3 1 5 3 6 426 5 2 1 7 5 57 60 65 3 77 9 12 8 3
6 7 3 2 2 2 2 7 7 3 5 3 1 3 4 2 1 5 1 9 168 189 360 434 12 462 51 20 33 12 14 15 7 18 5 2 17
9 20 6 18 12 13 13 10 4 2 3 8 2 5 1 1 1 2 6 2 119 157 149 575 113 323 45 18 41 22 34 9 6 6 5 10 20
17 2 3 7 7 19 4 1 6 1 3 7 3 3 1 1 1 5 2 1 144 443 117 152 88 95 2 86 30 10 2 9 4 6 3 7 4
3 7 11 11 5 4 5 32 112 2 46 9 52 24 7 3 1 9 262 188 223 505 390 169 217 673 35 24 67 18 22 5 16 9 27 9 5
1 1 10 2 15 3 3 2 15 24 63 81 15 23 7 9 3 9 321 562 267 547 620 635 681 27 25 14 24 36 62 22 30 8 21 34 30
5 1 3 9 5 3 32 98 34 90 20 30 91 26 6 8 5 5 2 578 251 112 551 181 720 816 159 2 27 74 15 36 5 27 7 8 39
1 4 3 9 1 2 107 107 21 33 58 18 31 43 96 50 4 7 3 687 209 248 756 93 291 173 515 9 6 3 70 10 10 18 18 27 7
1 5 10 1 2 2 8 131 25 65 15 67 82 109 1 1 1 344 338 389 721 419 288 384 357 231 280 1 2 7 5 19 5 7 17 35 19
2 1 11 7 6 5 2 5 8 105 26 32 65 40 130 1 1 1 6 101 228 427 138 552 103 280 298 95 215 8 8 4 13 9 8 10 19
3 3 2 4 4 2 3 6 4 3 24 85 59 2 2 1 1 1 2 3 444 1 546 656 285 6 1 1 3 4 1 5 5 10 20 13 24
3 1 6 4 1 4 7 5 131 18 66 25 124 3 5 6 7 2 4 3 8 1 1 146 2 3 3 5 9 3 10 14 4 2 26 17 7
7 5 5 3 2 1 8 4 4 3 46 2 7 4 1 4 2 6 4 6 5 1 2 222 15 4 13 2 3 3 4 4 10 10 6 23 1
2 9 2 4 6 26 13 14 7 25 4 6 1 2 6 7 8 1 4 6 3 4 5 2 18 11 5 2 3 9 13 4 2 2 10 1 4
3 9 10 2 11 12 4 15 19 7 6 16 2 4 2 3 9 10 2 1 2 2 6 2 16 3 6 11 5 5 19 11 2 6 1 3 6
4 2 10 17 24 9 15 14 10 16 4 7 4 9 2 1 1 2 4 5 2 1 1 4 2 12 7 5 2 17 2 3 3 1 1 6 2
2 5 4 5 30 6 13 6 27 13 6 5 5 5 5 8 6 4 2 2 6 1 6 3 3 454 2 9 19 184 10 231 74 8 1 2 1
2 9 16 6 7 7 4 7 4 34 4 1 8 7 1 1 4 9 7 7 8 8 7 2 196 76 122 370 148 307 406 142 111 9 1 7 8
2 3 1 29 4 4 2 10 7 5 3 3 2 4 5 6 1 2 2 7 3 1 5 9 2 350 80 97 196 98 116 105 203 82 405 9 1
5 1 2 1 3 2 4 9 2 1 1 6 2 3 3 4 6 1 1 1 4 4 1 1 4 1 202 120 187 64 359 264 98 1 1 1 5
4 1 6 6 2 9 8 3 9 2 3 3 2 3 4 1 2 4 3 1 2 2 1 1 2 134 304 81 242 145 119 115 60 102 482 53 9
1 2 4 1 1 3 5 5 3 8 4 2 1 8 7 3 2 4 4 6 1 6 8 4 212 135 213 479 266 337 111 441 253 215 378 245 9
