24
000000000000000000000000
000000000000000000000000
000000000000000000000000
000000000000000000000000
000000000000000000000000
000000000000000000000000
000000000000000000000000
000000000000000000000000
000000000000000000000000
000000000000000000000000
000000000000000000000000
000000000000000000000000
000000000000000000000000
000000000000000000000000
000000000000000000000000
000000000000000000000000
000000000000000000000000
000000000000000000000000
000000000000000000000000
000000000000000000000000
000000000000000000000000
000000000000000000000000
000000000000000000000000
00000000000000000000000
00000000000000000000000
00000000000000000000000
00000000000000000000000
00000000000000000000000
00000000000000000000000
00000000000000000000000
00000000000000000000000
00000000000000000000000
00000000000000000000000
00000010000000000000000
00000010000000000000000
00000010000000000000000
00000010000000000000000
00000010000000000000000
00000010000000000000000
00000010000000000000000
00000010000000000000000
00000010000000000000000
00000000000000000000000
00000000000000000000000
00000000000000000000000
00000000000000000000000
00000000000000000000000
2 1 3 1 2 3 1 5 8 9 1 1 2 3 4 3 2 4 5 2 6 2 1 4
3 2 2 5 1 2 1 1 2 4 7 4 9 6 2 1 4 2 2 7 10 5 2 3
8 2 3 3 1 4 7 2 9 7 2 2 3 2 8 3 3 2 3 7 2 2 10 1
9 5 2 2 9 5 1 3 2 8 2 3 3 3 1 3 6 8 3 2 1 4 3 3
5 2 5 2 5 1 5 8 9 2 5 8 6 1 3 10 3 5 2 5 6 5 1 5
5 3 2 2 1 5 2 10 2 2 6 6 2 2 6 3 1 7 4 9 3 2 1 4
2 2 8 6 4 3 3 4 8 1 2 6 1 9 5 2 6 5 9 3 2 3 9 3
3 203 190 4 1 5 6 1 3 1 2 2 9 4 3 5 2 3 1 2 9 2 8 9
83 219 52 68 1 10 4 3 9 10 6 3 6 4 2 6 2 4 1 9 2 5 1 5
131 32 52 164 62 9 7 11 3 6 3 4 2 7 10 5 2 3 5 8 4 1 4 3
177 148 34 67 37 252 1 5 10 3 11 3 2 4 9 11 4 7 4 5 4 9 6 2
43 264 171 56 172 7 7 8 4 4 2 5 8 1 1 8 7 6 12 1 4 4 2 7
4 238 151 203 55 2 5 4 9 11 9 3 3 1 1 9 5 12 3 7 6 1 6 2
5 258 47 133 5 6 2 3 10 1 2 2 3 3 4 1 5 12 51 12 8 3 4 2
2 5 9 1 4 2 5 7 7 10 7 2 2 1 10 3 10 9 31 9 17 8 9 7
1 3 5 3 2 4 4 2 4 83 14 90 85 11 3 3 4 77 11 22 8 8 8 2
2 2 5 4 4 3 7 3 10 11 29 21 12 75 14 2 2 18 18 16 54 28 1 4
3 3 9 9 1 4 4 1 31 60 52 20 19 20 15 8 63 33 79 42 40 43 2 1
2 1 4 6 2 2 4 79 10 53 11 10 43 65 17 10 11 16 8 59 22 30 15 1
1 1 3 8 7 4 3 1 2 15 93 73 36 14 34 80 45 14 51 9 54 25 48 11
2 1 4 5 2 4 6 4 2 8 14 91 53 16 14 17 10 8 32 9 14 17 30 55
1 3 5 6 7 3 1 2 6 5 31 31 33 35 13 17 78 39 24 67 9 33 25 80
4 2 6 1 2 5 2 4 6 9 2 74 57 48 43 5 14 22 17 11 8 23 13 12
1 2 3 5 2 9 5 2 2 3 37 53 50 11 48 34 44 30 9 20 10 42 22 72
