40
0000000000000000000000000000000000000000
0000000000000000000000000000000000000000
0000000000000000000000000000000000000000
0000000000000000000000000000000000000000
0000000000000000000000000000000000000000
0000000000000000000000000000000000000000
0000000000000000000000000000000000000000
0000000000000000000000000000000000000000
0000000000000000000000000000000000000000
0000000000000000000000000000000000000000
0000000000000000000000000000000000000000
0000000000000000000000000000000000000000
0000000000000000000000000000000000000000
0000000000000000000000000000000000000000
0000000000000000000000000000000000000000
0000000000000000000000000000000000000000
0000000000000000000000000000000000000000
0000000000000000000000000000000000000000
0000000000000000000000000000000000000000
0000000000000000000000000000000000000000
0000000000000000000000000000000000000000
0000000000000000000000000000000000000000
0000000000000000000000000000000000000000
0000000000000000000000000000000000000000
0000000000000000000000000000000000000000
0000000000000000000000000000000000000000
0000000000000000000000000000000000000000
0000000000000000000000000000000000000000
0000000000000000000000000000000000000000
0000000000000000000000000000000000000000
0000000000000000000000000000000000000000
0000000000000000000000000000000000000000
0000000000000000000000000000000000000000
0000000000000000000000000000000000000000
0000000000000000000000000000000000000000
0000000000000000000000000000000000000000
0000000000011111111111111110000000000000
0000000000000000000000000000000000000000
0000000000000000000000000000000000000000
000000000000000000000000000000000000000
000000000000000000000000000000000000000
000000000000000000000000000000000000000
000000000000000000000000000000000000000
000000000000000000000000000000000000000
000000000000000000000000000000000000000
000000000000000000000000000000000000000
000000000000000000000000000000000000000
000000000000000000000000000000000000000
000000000000000000000000000000000000000
000000000000000000000000000000000000000
000000000000000000000000000000000000000
000000000000000000000000000000000000000
000000000000000000000000000000000000000
000000000000000000000000000000000000000
000000000000000000000000000000000000000
000000000000000000000000000000000000000
000000000000000000000000000000000000000
000000000000000000000000000000000000000
000000000000000000000000000000000000000
000000000000000000000000000000000000000
000000000000000000000000000000000000000
000000000000000000000000000000000000000
000000000000000000000000000000000000000
000000000000000000000000000000000000000
000000000000000000000000000000000000000
000000000000000000000000000000000000000
000000000000000000000000000000000000000
000000000000000000000000000000000000000
000000000000000000000000000000000000000
000000000000000000000000000000000000000
000000000000001000000000000000000000000
000000000000001000000000000000000000000
000000000000001000000000000000000000000
000000000000001000000000000000000000000
000000000000001000000000000000000000000
000000000000001000000000000000000000000
000000000000001000000000000000000000000
000000000000001000000000000000000000000
000000000000001000000000000000000000000
8 6 2 3 40 28 29 42 46 86 96 222 41 7 4 2 4 4 2 3 4 3 7 2 3 11 2 11 2 5 3 5 2 6 2 2 7 6 1 7
6 1 1 9 119 31 45 72 26 121 25 5 50 7 10 4 2 1 2 6 2 2 1 1 2 1 1 7 2 2 3 7 9 6 3 4 8 2 1 2
7 2 3 5 97 93 4 17 13 12 19 22 4 16 3 5 1 9 2 9 2 10 2 2 3 7 2 1 6 3 2 4 4 3 7 8 2 4 3 2
3 3 5 2 87 66 291 10 20 14 8 7 10 5 9 3 7 7 2 2 5 2 3 3 8 8 1 2 2 5 4 7 11 6 8 2 1 2 1 2
4 5 1 1 1 348 3 8 7 16 10 5 22 15 14 2 5 1 9 9 1 4 5 2 2 4 11 2 3 6 10 6 3 10 6 4 4 3 2 2
5 2 3 3 2 275 341 7 3 3 8 17 5 9 11 3 3 1 9 2 2 8 252 116 11 6 4 1 2 8 1 2 8 15 32 19 9 6 1 9
2 3 1 1 295 219 4 18 66 6 7 18 27 3 5 423 7 5 3 3 2 4 8 8 11 9 4 179 1 1 2 70 9 28 18 22 41 79 9 5
7 8 4 2 1 1 27 4 18 4 5 288 131 8 90 291 3 2 3 8 2 2 4 46 280 2 118 93 5 20 76 2 54 46 12 42 11 20 3 1
3 8 3 7 6 3 366 4 5 25 12 60 192 26 143 166 3 1 2 9 7 2 2 240 331 233 107 322 3 9 41 69 43 12 29 83 21 40 16 10
7 5 2 8 2 1 5 2 22 3 2 197 213 226 508 2 1 2 9 2 5 6 1 5 60 277 81 52 45 61 81 15 27 9 31 76 19 21 23 22
2 10 2 6 2 3 3 3 28 9 170 43 95 224 86 160 4 2 3 8 5 5 2 334 382 306 168 248 73 56 65 34 44 21 42 10 23 12 51 25
1 4 3 5 4 1 5 1 5 4 6 31 142 1 70 85 147 44 2 4 2 2 2 2 351 112 2 2 323 114 85 9 33 9 7 11 12 29 22 6
2 5 1 3 1 4 7 7 3 6 2 196 36 125 180 90 157 80 55 5 2 2 3 7 4 5 3 5 9 2 80 83 28 22 23 43 63 35 32 12
3 9 4 7 3 7 1 7 8 5 2 269 55 110 148 162 47 173 212 1 6 1 3 3 7 5 2 4 5 4 3 29 16 12 10 15 15 49 22 7
4 5 9 10 3 6 5 2 2 7 4 2 291 46 132 133 100 47 68 95 6 8 5 6 5 4 7 2 2 27 4 7 4 4 15 36 42 12 19 15
5 8 1 3 2 8 13 25 4 2 10 37 50 103 83 43 96 275 41 51 1 3 2 8 2 2 9 1 8 4 27 9 20 12 14 28 22 9 40 27
4 8 1 24 32 12 18 11 1 3 1 1 40 39 65 262 79 205 66 1 1 2 4 7 4 7 2 4 1 25 12 5 15 19 9 18 48 11 18 52
1 7 27 5 30 36 7 38 3 9 2 2 105 47 174 47 211 36 2 4 1 1 259 6 6 4 6 93 2 57 14 49 36 10 8 5 4 16 7 10
5 25 17 7 14 18 19 19 1 2 5 5 203 49 46 227 63 229 72 106 304 5 324 1 86 1 2 58 126 43 47 65 57 35 25 14 8 4 6 7
2 40 38 38 30 9 5 4 1 1 5 7 1 91 224 214 5 314 69 58 428 433 159 363 461 270 60 83 39 42 26 34 47 43 25 4 34 10 10 2
3 4 8 6 29 4 10 9 5 1 3 1 1 116 35 56 53 432 105 33 107 50 94 28 70 23 118 40 35 40 24 133 17 77 18 10 32 5 17 3
6 2 8 15 14 21 27 1 3 2 3 2 2 128 75 74 296 262 88 413 73 82 66 45 89 32 20 45 36 39 26 23 4 3 2 16 28 5 2 7
1 3 2 5 26 4 6 3 1 1 1 6 6 2 123 143 331 226 241 143 69 27 23 37 37 17 25 30 31 43 17 27 1 2 5 1 5 3 1 3
2 4 3 2 4 3 8 2 4 2 4 1 1 1 1 2 359 75 185 535 103 71 48 25 47 28 70 42 86 118 68 25 7 1 6 8 5 5 3 2
10 1 1 5 8 9 7 1 6 5 9 7 3 5 2 3 352 81 103 184 127 117 27 33 54 35 68 19 35 38 28 110 2 1 1 2 4 2 6 3
2 1 3 8 4 2 3 1 1 2 8 2 8 2 2 6 110 3 489 3 122 47 74 49 19 77 19 70 2 5 8 2 4 3 1 10 1 10 3 7
7 1 3 10 2 2 5 5 9 1 6 2 3 2 5 4 525 7 2 3 521 31 17 38 131 54 16 9 10 1 2 9 3 6 2 3 2 3 1 4
1 2 24 7 4 2 1 1 1 4 1 2 1 1 5 6 7 5 1 2 1 110 46 105 18 5 9 5 1 2 1 4 2 8 1 6 1 2 9 7
1 29 10 1 4 4 7 2 3 2 1 4 9 2 5 7 6 5 44 8 4 141 136 18 4 3 3 2 3 2 7 123 1 5 5 2 7 3 1 6
10 17 27 4 4 6 6 5 1 8 2 4 4 3 2 9 3 22 11 7 3 12 5 27 1 5 2 10 2 5 2 18 52 6 5 3 2 88 3 6
2 26 9 1 2 2 8 4 1 2 1 7 9 1 1 7 4 10 20 37 9 7 13 11 17 11 10 4 4 3 50 25 15 2 11 11 54 21 2 4
66 68 83 2 4 5 8 1 2 3 3 7 2 2 4 6 15 7 30 26 5 11 9 16 7 5 33 3 2 22 18 14 9 37 58 21 26 107 6 2
88 13 6 3 4 1 1 3 2 7 2 1 3 1 7 1 8 22 29 7 17 28 9 12 8 13 29 2 24 11 78 66 68 54 38 48 31 57 2 3
21 11 6 20 3 2 4 1 2 4 1 6 2 3 2 1 1 3 2 16 6 25 12 10 7 18 3 1 41 17 25 15 43 17 64 15 48 73 2 4
30 19 11 85 75 10 3 1 9 6 3 4 10 1 7 1 3 5 44 14 27 5 23 34 5 19 23 11 10 45 87 89 12 43 54 2 45 41 1 2
66 68 10 37 16 11 1 5 9 8 4 5 3 7 4 3 8 11 7 24 12 32 25 26 22 11 10 30 10 11 83 57 34 18 26 19 6 3 6 1
13 15 34 56 19 22 26 3 8 2 3 1 3 2 5 6 6 12 36 7 11 21 6 40 11 6 10 82 11 14 50 21 18 22 11 1 2 3 4 2
69 27 70 12 59 16 14 1 6 7 1 2 5 3 3 9 2 4 8 1 10 2 2 2 5 2 69 22 18 3 4 4 10 15 4 7 3 6 2 3
78 16 35 13 20 24 36 81 4 2 3 8 5 3 5 2 2 3 4 2 6 10 2 6 2 6 4 49 20 58 13 1 1 3 2 2 1 10 2 2
46 2 10 53 11 26 67 2 9 4 2 1 9 7 8 6 1 6 5 1 1 3 7 9 9 6 2 2 23 2 1 6 2 2 4 3 3 1 2 2
