20
00000000000000111110
00000000000000000000
00000000000000000000
00000000000000000000
00000000000000000000
00000000000000000001
00000000000000011111
00000000000000000000
00000000000000000000
00000000000000000000
00000000000000000000
00000000000000000000
00000000000011111000
00011111111110000000
00000000000000000000
00000000000000000000
00000000000000000000
00000000000000000000
00111111111111110000
0000000010000000000
0000000010000000000
0000000010000000000
0000000010000000000
0100000010100000110
0100100000100000110
0100100000100000110
0100100000100000110
0100100000100000100
0100100000100000100
0000100000100000100
0000100000101000100
0000100000001010100
0000100000001010010
0000100000000010010
0000000000000010010
0000000000000010010
0000000000000010010
0000000000000010010
0000000000000000000
6 1 7 3 2 3 2 7 4 1 2 1 10 3 10 3 1 4 6 4
2 1 3 3 8 5 5 5 2 2 3 6 4 1 6 1 6 3 7 9
2 7 7 7 1 8 8 6 5 8 2 2 4 1 1 1 3 9 1 2
3 5 3 8 4 9 1 5 5 3 5 6 2 2 2 5 6 4 6 4
3 2 3 6 5 110 5 7 5 136 121 6 1 5 7 7 1 1 10 4
1 2 5 5 5 175 111 168 95 180 336 7 4 9 9 3 1 1 1 5
9 3 5 3 1 445 232 455 403 328 521 2 6 8 10 2 4 2 4 4
13 2 62 23 21 112 339 194 351 508 158 2 2 1 5 3 2 5 3 3
4 29 20 39 67 4 4 3 278 306 1 3 8 2 2 9 6 89 792 194
46 41 59 10 45 2 5 4 7 329 1 2 6 4 2 2 2 119 323 509
93 29 10 8 61 2 2 2 1 1 5 6 2 8 4 4 1 839 98 189
265 47 39 67 117 9 6 1 4 7 3 3 7 9 2 3 7 136 112 288
64 165 51 143 224 1 2 3 5 7 9 2 1 2 1 2 6 151 312 320
37 133 44 163 66 7 4 1 1 4 5 7 2 1 3 543 793 554 671 590
88 175 29 42 45 98 10 73 23 14 31 42 14 3 6 309 234 257 356 2
217 29 109 28 207 228 42 53 12 27 33 41 10 2 1 622 157 643 196 174
58 36 201 112 55 120 2 8 17 61 13 27 8 4 3 230 163 298 402 114
46 173 238 38 244 252 1 2 3 9 15 32 15 4 2 93 300 106 116 607
94 273 53 36 96 1 6 6 5 16 96 11 5 2 1 163 576 138 94 792
207 29 4 1 3 2 3 3 9 1 4 127 326 806 575 170 314 112 382 113
