23
00000000000000000000000
00000000000000000000000
00000000000000000000000
00000000000000000000000
00000000111111100000000
00000000000000000000000
00000000000000000000000
00000000000000000000000
00000000000000000000000
00000000000000000000000
00000000000000000000000
00000000000000000000000
00000000000000000000000
00000000000000000000000
00000000000000000000000
00000000000000000000000
00000000000000000000000
00000000000000000000000
00000000000000000000000
00000000000000000000000
00000000000000000000000
00000000000000000000000
0000000000000000010010
0000000000000000010010
0000000000000000010010
0000000000000000000010
0000000000000000000010
0000000000000000000000
0000000000000000000000
0000000000000000000000
0000000000000000000001
0000000000000000000011
0000000000000100000011
0000000000000100000011
0000000000000100000010
0000000000000100000010
0000000001000100000000
0000000001000100000000
0000000001000000000000
0000000001000000000000
0000000001000000000000
0000000001000000000000
0000000001000000000000
0000000000000000000000
0000000000000000000000
3 1 2 6 11 2 3 2 3 14 2 7 4 3 2 2 10 5 2 7 3 2 1
1 9 41 43 3 6 2 14 5 9 12 4 4 1 7 1 5 4 2 2 1 4 5
2 2 2 45 14 11 8 3 15 18 4 15 9 9 3 8 8 8 3 5 71 2 1
4 1 24 72 6 2 5 13 2 5 3 7 4 2 3 4 3 4 373 111 203 2 2
4 5 8 30 100 4 9 3 4 15 5 8 1 5 3 1 1 3 1 47 121 5 1
1 2 4 195 230 7 14 8 2 4 5 7 1 6 6 1 1 2 363 142 294 105 53
4 3 10 1 56 89 7 2 7 2 2 1 4 5 4 1 4 2 73 46 131 160 68
2 183 419 93 4 1 6 1 2 1 10 1 4 8 1 5 3 2 153 269 333 77 51
1 2 89 4 2 2 324 1 1 65 450 2 7 1 1 2 2 2 1 1 85 63 255
1 89 104 122 215 173 167 422 199 120 100 161 2 7 2 2 9 3 49 281 54 255 102
4 453 195 72 224 94 84 257 237 76 46 5 6 3 1 2 1 3 19 43 190 75 9
1 101 169 74 370 253 124 50 48 318 202 3 3 3 2 1 2 4 3 28 6 89 53
7 184 77 193 80 226 281 360 100 173 358 5 6 8 2 4 8 2 3 10 31 213 77
2 3 174 77 48 117 211 249 120 273 113 8 2 1 2 5 1 4 6 46 14 191 4
3 1 6 183 48 321 1 71 149 216 242 5 6 5 10 2 6 17 16 9 275 60 1
2 3 4 5 6 2 94 257 84 80 117 2 2 1 2 2 18 6 45 167 205 149 226
3 2 10 2 8 9 8 1 8 3 8 5 9 4 2 7 5 12 27 26 42 200 221
8 7 5 5 9 9 5 2 1 9 3 2 2 5 5 2 5 4 43 6 23 385 39
5 10 5 3 2 14 10 8 4 3 4 1 3 2 2 6 1 3 30 51 37 28 14
1 29 4 9 21 9 13 12 6 8 3 5 9 9 3 1 5 8 5 14 12 9 15
14 6 6 21 15 6 4 10 13 6 19 4 8 2 2 9 2 3 15 34 25 43 44
6 10 16 4 16 24 11 7 7 24 9 28 12 2 1 4 6 23 9 34 7 19 6
5 3 6 7 25 4 7 25 17 7 9 19 2 2 3 2 2 2 5 5 4 6 2
