26
00000000000000000000000000
00000000000000000000000000
00000000000000000000000000
00000000000000000000000000
00000000000000000000000000
00000000000000000000000000
00000000000000000000000000
00000000000000000000000000
00000000000000000000000000
00000000000000000000000000
00000000000000000000000000
00000000000000000000000000
00000000000000000000000000
00001111111111110000000000
00000000000000000000000000
00000000000000000000000000
00000000000000000000000000
00000000000000000000000000
00000000000000000000000000
00000000000000000000000000
00000000000000000000000000
00000000000000000000000000
00000000000000000000000000
00000000000000000000000000
00000000000000000000000000
0001000000000000000000010
0001000000000000000000010
0001000000000000000000010
0001000000000000000000010
0000000000000000000000000
0000000000000000000000000
0000000000000000000000000
0000000000000000000000000
0000000000000000000000000
0000000000000000000000000
0000000000000000000000000
0000000000000000000000000
0000000000000000000000000
0000000000000000000000000
0000000000000000000000000
0000000000000000000000000
0000000000000000000000000
0000000000000000000000000
0000000000000000000000000
0000000000000000000000000
0000000000000000000000000
0000000000000000000000000
0000000000000000000000000
0000000000000000000000000
0000000000000000000000000
0000000000000000000000000
1 2 4 7 4 2 2 1 1 69 78 52 2 2 2 66 25 28 16 57 16 77 75 2 3 2
4 2 7 2 5 5 143 339 56 305 48 125 299 3 10 25 38 70 27 41 13 14 25 20 6 6
9 1 3 1 1 6 299 62 141 43 76 57 5 1 82 39 21 49 9 16 51 36 21 1 4 2
13 19 12 2 5 63 205 42 66 390 184 67 339 3 66 41 1 40 39 35 10 72 5 4 4 9
6 22 95 51 57 6 46 42 42 393 277 319 212 1 5 6 6 7 20 71 2 3 2 104 193 3
21 17 250 301 160 233 1 2 80 53 347 219 61 4 2 2 7 6 6 10 3 35 25 63 1 3
544 75 419 69 265 5 7 8 3 73 2 5 5 1 2 3 1 2 1 1 10 25 189 64 50 35
412 89 129 514 250 548 10 1 5 3 3 2 2 2 4 4 5 2 177 26 128 204 56 37 2 1
15 393 211 70 5 2 2 4 3 6 11 3 3 3 9 2 7 4 125 122 27 64 25 10 3 1
29 128 129 329 7 2 89 3 2 2 5 8 7 2 4 2 2 42 77 50 227 39 1 1 4 5
31 82 38 157 8 4 4 9 2 12 3 3 2 4 8 9 92 118 41 27 158 152 30 6 1 8
7 7 47 376 201 5 5 3 8 4 3 3 3 1 3 1 71 3 2 63 132 46 157 8 6 4
1 28 15 14 96 9 6 5 8 6 11 2 4 2 1 3 1 9 171 26 31 232 2 4 3 2
19 84 179 32 48 14 2 9 2 3 9 1 2 4 12 4 5 2 4 51 4 5 1 5 3 1
18 42 83 49 19 38 35 26 49 24 1 2 3 168 3 7 5 332 4 2 1 2 4 2 2 4
71 52 57 23 30 56 68 47 57 43 4 8 7 23 2 2 1 9 9 19 4 1 3 3 4 2
8 85 23 3 26 18 135 27 34 121 9 2 155 41 26 8 3 137 224 76 46 7 192 50 3 5
2 35 1 2 22 2 1 142 3 4 2 2 92 29 122 328 168 51 299 81 304 7 307 76 45 5
1 8 3 5 4 1 8 4 8 6 31 50 23 80 160 3 68 78 62 306 220 5 61 290 1 1
5 10 7 3 10 2 4 5 27 7 35 7 143 96 5 11 157 155 196 38 18 3 48 1 5 2
7 1 1 5 6 3 4 24 17 15 25 50 37 174 17 4 44 57 55 60 52 40 2 2 2 2
9 2 2 7 2 2 6 21 29 16 31 52 48 35 51 21 223 5 2 3 250 70 2 2 2 4
2 7 10 2 7 29 8 9 37 11 22 13 13 137 22 4 1 4 1 1 6 328 8 9 2 9
6 4 7 1 4 3 1 1 33 17 21 9 8 8 5 10 1 4 7 2 4 2 1 2 7 5
1 6 2 1 3 9 5 2 15 9 28 14 9 1 1 2 8 1 5 4 1 5 2 1 1 7
5 8 4 5 4 3 1 3 7 9 3 4 9 8 7 7 1 6 4 1 1 7 3 2 2 3
