38
00000000000000000000000000000000000000
00000000000000000000000000000000000000
00000000000000000000000000000000000000
00000000000000000000000000000000000111
00000000000000000000000000000000000000
00000000000000000000000000000000000000
00000000000000000000000000000000000000
00000000000000000000000000011111111100
00000000000000000000000000000000000000
00000000000000000000000000000000000000
00000000000000000000000000000000000000
00000000000000000000000000000000000000
00000000000000000000000000000000000000
00000000000000000000000000000000000000
00000000000000000000000000000000000000
00000000000000000000000000000000000000
00000000000000000000000000000000000000
00000000000000000000000000000000000000
00000000000000000000000000000000000000
11111111111111111000000000000000000000
00000000000000000000000000000000000000
00000000000000000000000000000000000000
00000000000000011111111111111111110000
00000000000011111110000000000000000000
00000000000000000000000111111111111110
00000000000000000000000000000000000000
00000000000000000000000000000000000000
00000011111111110000000000000000000000
00000000000000000000000000000000000000
00000000000000000000000000000000000000
00000000000000000000000000000000000000
00000000000000000000000000000000000000
00000000000000000000000000000000000000
00000000000000000000000011111000000000
00000000000000000000000000000000000000
00000000000000000000000000000000000000
00000000000000000000000000000000000000
1000000000000001010000000001000100000
1000000000000001010000000001000100000
1000000000000001010000000001000100000
1000000000000001010000000001000000000
1000000000000001010000000001000000000
1000000000000001010000000001000000000
1000000000000001000001000001000000000
1000000000000001000001000001000000000
1000000000000001000001000001000000000
0000000000000001000001000001000000000
0000000000000001000001000001000000000
0000000000000001000001000001000000000
0000000000000001000001000001000000000
0000000000000001000001000000000000000
0000000000000001010000000000000000000
0000000000000000010000000000000000000
0000000000000000010000000000000000000
0000000000000000010000000000000000000
0000000000000000010000000000000000000
0000000000000000010000000000000000000
0000000000000000010000000000000000000
0000000000000000010000000000000000000
0001000000000000010000000000000000000
0001000000000000010000000000000000000
0001000000000000010000000000000001000
0001000000000000000000000000000001000
0001000000000000000000000000000001000
0001000000000000000000000000000000000
0001000000000000000000000000000000000
0001000000000000000000000000000000000
0001000000000000000000000000000000000
0001000000000000000000000000000000000
0001000000000000000000000000000000000
0001000010000000000000000000000000000
0001000010000000000000000000000000000
0001000010000000000000000000000000000
0001000010000000000000000000000000000
0000000010000000000000000000000000000
2 10 6 6 5 3 9 1 4 26 9 6 13 32 27 8 1 4 4 2 4 4 9 2 7 8 4 1 7 2 6 6 4 10 1 7 1 8
5 1 2 2 1 6 8 5 4 5 4 49 33 44 9 26 8 9 2 8 1 7 5 10 7 3 4 5 9 3 3 2 14 6 2 5 2 5
9 9 7 2 7 5 4 1 2 2 5 52 36 9 21 25 1 2 3 4 4 4 6 4 12 10 2 5 8 4 1 1 14 3 9 6 1 7
1 2 4 8 8 10 4 4 32 7 13 11 3 17 31 8 2 3 7 1 3 12 2 4 2 7 9 2 5 3 1 21 4 2 13 3 6 3
7 1 9 3 6 4 3 60 8 29 8 25 18 36 21 9 1 6 3 2 5 6 2 8 3 6 3 2 2 9 18 15 18 20 14 11 25 6
6 7 9 2 5 10 23 24 11 31 7 24 23 16 51 28 2 5 3 2 2 6 2 8 15 8 6 2 1 5 22 3 7 4 7 19 22 3
2 5 6 6 1 1 9 21 33 11 6 42 25 17 8 8 1 1 8 2 2 6 7 2 4 12 4 15 2 3 3 8 11 16 4 10 16 6
2 2 1 3 8 1 25 14 12 11 14 22 21 43 16 27 8 5 1 3 5 1 2 4 2 3 5 8 4 2 3 16 6 8 9 14 11 5
5 2 8 6 2 15 37 12 9 25 7 32 16 13 9 2 4 1 4 2 4 4 4 3 8 12 11 7 3 8 3 5 10 9 14 4 10 12
1 2 5 1 2 20 13 34 8 26 44 32 19 5 5 10 2 6 1 6 5 4 7 2 3 5 2 3 3 2 1 14 8 5 3 13 7 23
1 3 3 5 3 2 4 39 1 1 56 1 40 2 5 4 1 1 6 1 3 1 10 3 5 14 3 4 2 2 8 26 4 9 21 20 7 8
2 3 3 8 3 5 1 8 1 12 21 42 53 3 6 1 3 2 1 2 4 3 13 13 15 2 15 5 5 9 2 242 7 18 23 4 12 5
2 4 2 9 1 1 48 22 78 13 93 94 6 2 1 4 3 3 4 3 5 3 2 9 9 6 4 4 4 3 4 5 6 3 17 4 3 28
5 1 1 2 2 6 108 23 71 44 15 47 41 1 1 2 8 7 6 1 4 3 7 9 2 1 15 4 6 7 3 15 6 23 7 15 5 13
1 3 6 2 3 1 9 67 116 16 42 64 12 41 8 3 4 13 10 1 3 7 9 2 9 4 5 5 101 102 249 395 4 9 23 6 6 4
9 9 1 2 91 8 88 48 79 30 79 62 49 22 22 99 79 74 9 10 10 6 5 9 2 1 1 133 170 279 184 59 6 28 9 17 4 8
2 7 4 3 29 9 24 115 25 47 105 48 12 44 15 119 12 21 7 5 1 7 6 9 1 6 8 174 283 225 302 5 13 4 10 13 22 4
8 2 10 6 105 51 62 52 56 38 61 29 15 73 30 16 21 166 1 2 2 2 5 2 2 2 2 4 270 107 255 141 10 10 17 11 13 3
4 5 7 18 24 15 49 82 21 68 40 19 48 102 56 13 40 29 5 8 2 1 2 4 2 10 4 1 271 158 504 63 372 95 17 5 8 11
1 4 46 15 50 16 29 18 60 17 96 21 18 44 26 102 80 189 1 3 3 3 8 2 5 5 4 9 396 99 163 97 93 396 21 4 3 4
2 16 8 6 1 2 2 6 2 99 193 65 208 69 99 85 192 55 2 1 1 4 9 1 6 3 1 1 3 293 346 88 79 109 303 24 14 4
2 2 15 4 4 15 5 2 159 165 43 191 62 123 98 135 88 84 10 1 2 3 5 7 10 2 1 2 564 395 5 63 1 81 291 176 59 243
3 3 2 11 3 2 7 2 51 56 35 150 27 34 87 24 47 51 2 3 1 3 8 8 3 3 3 10 10 10 3 95 266 6 1 10 3 6
3 4 8 4 2 12 3 3 2 9 202 121 56 33 106 57 64 216 8 17 6 2 15 9 5 2 7 3 3 2 2 1 6 2 1 5 2 7
3 3 8 2 2 4 4 4 1 4 8 53 73 138 1 8 10 6 3 9 8 2 6 7 1 7 4 1 9 4 10 8 9 2 6 2 9 9
9 4 8 3 3 4 7 1 2 10 7 53 104 28 3 3 5 9 16 2 5 10 4 3 7 1 9 13 16 1 21 7 6 11 18 4 6 3
11 9 13 15 2 2 3 5 2 8 3 9 31 2 3 4 4 3 9 5 15 3 4 6 12 2 5 2 15 7 4 29 7 4 18 6 3 4
4 2 5 5 1 5 1 7 6 7 5 5 112 80 2 16 13 10 8 13 8 2 5 5 9 11 3 25 25 11 16 17 9 7 8 7 22 5
2 9 3 13 5 8 16 27 135 32 42 82 136 83 99 51 5 4 3 13 5 9 10 3 2 3 9 7 4 6 3 7 3 22 15 8 9 8
4 5 3 14 1 1 33 127 52 24 61 109 123 53 122 26 14 10 3 5 4 5 6 3 9 17 18 2 3 3 18 7 19 6 5 4 8 6
8 5 15 11 41 105 18 44 31 63 105 53 18 32 122 58 9 2 5 2 2 4 4 3 5 4 6 5 2 20 10 7 7 4 7 3 17 23
4 8 7 7 16 26 74 26 19 17 51 63 23 99 31 9 5 3 6 11 3 4 9 7 5 1 7 9 3 2 12 9 7 9 9 27 6 14
3 3 2 4 152 55 34 8 65 61 29 104 29 46 18 75 7 5 10 18 2 12 7 2 2 6 3 4 1 5 4 10 9 9 22 4 4 13
11 4 4 2 2 38 2 1 121 16 22 20 110 17 48 29 101 6 4 8 7 8 3 2 1 7 2 2 7 7 7 12 25 7 9 15 5 4
3 5 11 2 1 3 9 9 4 36 49 17 34 29 22 27 107 10 1 1 1 8 1 4 2 4 1 18 16 1 4 17 9 4 20 3 5 4
6 10 12 9 1 3 5 9 2 70 4 33 2 86 59 55 5 2 2 3 6 7 3 8 3 1 4 5 4 1 14 6 13 8 11 15 8 18
3 6 3 14 15 2 1 2 4 5 94 63 70 29 143 102 2 9 6 1 2 3 9 7 4 1 4 9 22 9 6 24 6 4 14 15 4 23
4 3 5 11 3 12 6 1 2 1 141 4 32 21 154 56 6 4 3 3 4 9 1 2 4 3 5 9 17 3 9 10 14 11 9 24 22 18
