37
0000000000000000000000000000000000000
0000000000000000000000000000000000000
0000000000000000000000000000000000000
0000000000000000000000000000000000000
0000000000001111111111000000000000000
0000000000000000000000000000000000000
0000000000000000000000000000000000000
0000000000000000000000011111111110000
0000000000000000000000000000000000000
1000000000000000000000000000000000000
0000000000000000000000000000000000000
0000000001111111000000011111111110000
0000000000000000000000000000000000000
1110000000000000000000000000000000000
0000000000000000000000000000000011111
0000000000000000000000000000000000000
0000000000000000000000000000000000000
0000000000000000000000000000000000000
0000000000011111111111111100000000000
0000000001111111111110000000000000000
0000000001111111111111100000000000000
0000000000000000000000000000000000000
0111111110000000000001111111111110000
0000000000000000000000000000000000000
0000000000000000000000000011111100000
0000000000000000000000000000000000000
0000000000000000111111100000000000000
0000000000000000000000000000000000000
0000000000000000000000000000000000111
0000000000000000000000000000000000000
0000000000000000000000000000000001111
0000000001111111111111111111000000000
0000000011111110001111111111000000000
0000000001111111111111110111111111110
0000000000000000000000000000000000000
0111111111111111111000000000000000000
101000000000000010000000000001000000
101000000000000110000000000001000000
101000000000000110000000000001000100
101100000000000110000000000001000100
101100000000000110000000000101000100
001100000000000110000000000101000100
001100000000000110000000000100000100
000100000000000100000000000100000100
000100000000000100000000000100000101
000100000000000100000000000100000101
000100000000000100000000000100000101
000100000000000100000000000000000101
000100000000000100000000000000000101
000100000000000100000000000000000100
000100000000000100000000000000000100
000100000000000100000000000000000100
000100000000000000000000000000000000
000000000000000000000000000000000000
000000000000000000000000000000010000
000000000000000000000010000000010000
000000000000000000000010000000010000
000000000000000000000010000000010000
000000000000000001000010000000010000
000000000000000001000010000000010000
000000000000000001000010000000110000
000000000000000001000010000000100000
000000000000000001000010000000100000
000000000000000000000010000000100000
000000000000000000000010000000100000
000000000000000000000000000000100000
000000000000000000000000000000100000
000000000000000000000000000000100000
000000000000000000000000000000100000
000000000000000000000000000000100000
000000000000000000000000000000100000
000000000000000000000000000000100000
000000000000000000000000000000000000
45 10 3 89 55 34 73 31 30 88 120 25 13 85 22 52 95 5 10 70 52 22 16 21 15 51 15 46 126 21 2 2 9 8 8 2 1
102 9 3 43 51 33 40 17 20 14 52 55 113 81 66 116 129 9 9 2 6 1 64 75 47 31 14 36 101 24 9 8 3 1 1 3 2
70 1 94 82 27 65 36 19 44 111 18 82 38 85 41 32 52 5 30 22 14 22 66 23 80 40 21 58 59 21 5 2 3 4 3 4 6
61 54 92 114 38 101 101 52 36 52 14 67 105 108 110 22 13 8 16 18 14 30 27 17 41 80 17 30 86 10 4 3 2 1 2 2 5
30 18 114 36 53 46 34 23 116 31 84 103 53 68 33 83 16 31 14 41 51 17 56 127 34 24 110 20 1 5 1 2 7 4 1 3 4
56 35 44 111 35 93 14 35 111 38 32 54 125 33 38 81 16 14 90 26 16 48 88 107 117 86 103 100 2 2 3 3 4 3 2 8 4
44 84 59 29 114 14 26 125 93 62 15 88 34 28 53 15 28 14 71 18 83 23 27 93 73 58 30 21 2 7 1 2 1 6 4 3 7
121 51 26 75 75 30 74 17 36 15 77 15 24 90 18 13 19 29 19 13 31 19 39 22 23 36 118 18 4 3 1 8 8 3 3 1 3
34 17 14 63 39 107 50 37 14 126 67 28 19 95 27 39 83 31 22 44 114 40 22 56 20 96 123 34 2 2 1 9 7 5 9 5 3
47 49 123 15 89 98 31 58 36 33 20 21 111 28 93 70 114 20 16 26 123 107 18 46 36 61 15 33 7 5 2 2 7 6 5 3 1
102 30 41 114 76 124 14 41 101 89 116 22 34 104 76 14 30 16 69 95 101 21 44 74 85 53 44 89 102 57 7 2 6 34 5 1 10
16 96 94 48 17 29 38 68 22 22 19 102 105 45 23 20 39 78 54 30 19 69 43 128 88 18 77 17 43 81 70 4 2 15 5 4 8
19 103 14 90 119 112 15 22 30 68 19 82 18 123 19 59 21 54 31 99 19 23 46 84 16 61 121 29 78 49 15 109 15 39 2 1 9
22 90 32 76 115 30 92 21 20 116 57 62 15 116 101 48 25 127 127 28 63 106 110 14 20 82 46 28 20 44 19 45 110 47 8 7 7
81 27 42 43 87 113 30 42 20 28 35 34 93 117 85 31 28 61 13 52 48 21 47 17 46 29 56 65 88 17 17 41 45 23 1 2 2
22 53 69 25 76 111 101 16 17 32 16 105 67 30 48 112 24 28 22 79 17 33 19 66 127 124 72 66 23 86 29 84 20 62 19 20 1
33 14 57 35 15 71 113 14 79 89 20 39 88 25 103 42 17 109 89 120 44 14 32 23 102 38 25 17 21 60 25 20 38 14 21 47 15
17 46 65 63 26 74 19 74 25 35 24 27 58 48 13 44 14 31 102 70 31 53 40 23 14 24 19 26 78 90 40 45 14 18 30 25 26
91 48 104 97 101 79 26 39 101 17 79 54 62 46 49 110 13 38 29 23 50 16 128 117 18 67 30 17 91 15 30 55 60 40 126 67 34
18 71 41 20 58 20 119 18 61 21 73 117 38 115 89 35 71 24 39 46 86 56 31 116 82 62 69 50 20 45 18 19 50 19 14 38 21
14 124 70 87 29 81 29 40 14 25 106 85 14 41 54 97 99 41 39 73 43 18 18 41 43 18 17 26 66 23 83 22 22 25 60 76 41
45 26 20 14 17 120 47 110 25 20 16 80 37 65 21 70 18 23 81 35 25 56 25 43 39 17 51 116 93 43 28 32 100 14 42 39 52
21 49 20 26 17 78 16 46 45 44 32 67 20 42 20 46 16 26 17 64 15 60 38 58 115 44 88 40 69 114 104 98 103 79 16 2 7
109 93 15 42 39 59 59 108 48 65 37 54 45 45 57 17 20 54 45 15 17 53 19 20 15 91 65 13 44 43 118 16 8 14 1 4 3
64 79 129 35 37 35 55 37 28 14 24 33 25 79 70 112 108 23 27 22 120 17 29 53 93 42 25 20 30 69 19 16 1 1 4 9 3
121 18 45 34 13 38 26 35 51 14 20 28 93 45 19 38 18 43 33 19 33 22 77 14 13 122 22 80 17 35 30 2 8 2 1 3 1
27 27 38 28 15 72 39 20 32 50 124 68 14 26 15 109 119 15 13 31 53 19 13 63 22 117 13 44 62 40 15 4 2 2 2 6 1
23 79 17 21 49 37 46 72 52 55 16 20 60 100 17 26 58 15 96 21 20 57 42 14 41 99 20 79 26 46 53 8 3 6 7 1 2
52 106 47 73 15 67 91 75 13 33 30 27 33 119 15 23 100 91 79 31 21 35 14 29 49 18 48 20 72 31 111 4 1 6 3 3 1
33 29 14 14 26 17 49 35 36 19 33 23 14 77 35 61 34 65 39 41 16 116 26 64 16 22 36 74 56 107 18 8 3 32 2 4 4
14 97 54 122 57 15 17 23 31 51 42 19 14 34 112 37 116 120 40 80 13 19 35 63 23 27 79 19 26 101 48 28 77 20 4 1 6
40 17 39 17 100 97 23 84 68 125 24 13 46 78 25 85 20 25 18 72 116 26 21 121 82 13 95 15 96 25 14 16 25 25 70 28 17
79 110 93 27 39 34 21 16 81 29 46 33 60 16 15 22 50 20 21 88 47 72 16 14 84 18 62 16 31 50 100 35 16 19 87 27 63
72 53 20 18 54 14 75 30 46 37 32 25 52 58 45 118 42 52 28 21 58 21 19 20 14 21 28 27 108 26 33 68 92 69 16 33 29
21 16 65 51 36 87 38 68 15 20 55 30 21 112 48 25 23 82 18 19 96 128 30 54 15 28 86 29 38 40 16 81 19 13 19 53 79
58 62 25 51 55 23 92 119 68 119 26 92 23 87 62 103 15 106 52 14 37 57 16 56 33 76 21 48 114 26 18 99 100 23 16 67 29
20 48 13 63 80 15 85 68 69 92 16 13 117 57 33 59 68 47 126 57 48 63 57 27 20 78 97 15 61 16 18 68 33 37 28 90 28
