31
0000000000000000000000000000000
0000000000000000000000000000000
0000000000000000000000000000000
0000000000000000000000000000000
0000000000000000000000000000000
0000000000000000000000000000000
0000000000000000000000000000000
0000000000000000000000000000000
0000000000000000000000000000000
0000000000000000000000000000000
1000000000000000000000000000000
0000000000000000000000000000000
0000000000000000000000000000000
0000000000000000000000000000000
0000000000000000000000000000000
0000000000000000000000111111110
0000000000000000000000000000000
0000000000000000000000000000000
0000000000000000000000000000000
0000000000000000000000000000000
0000000000000000000000000000000
0000000000000000000000000000000
0000000000000000000000000000000
0000000000000000000000000000000
0000000000000000000000000000000
0000000000000000000000000000000
0000000001111111111000000000000
0000000000000000000001111111111
0000000000000000000000000000000
0000000000000000000000000000000
000000000000000000000000000000
000001000000000000000000000000
000001000000000000000100000000
000001000000000000000100000000
000001000000000000000100000000
000001000000000000000000000000
000001000000000000000000000000
000001000000000000000000000000
000001000000000000000000000000
000000000000000000000000000000
000000000000000000000000001000
000000000000000000000000001000
000000000000000000000100001000
010000000000000000000100001000
010000000000000000000100001000
010000000000000000000000001000
010000000000000000000000001000
010000000000000000000000001000
010000000000000000000000001000
010000000000000000000000001000
010000000000000000000000001000
010000000000000000000000001000
010000000000000000000000001000
010000000000000000000000000000
010000000000001000000000000000
010000000000001000000000000000
010000000000001000000000000000
000000000000001000000000000000
000000000000000000000000000000
000000000000000000000000000000
000000000000000000000000000000
121 198 107 104 37 128 34 33 123 88 187 144 202 39 83 196 266 46 116 52 43 56 137 58 288 90 36 81 81 184 127
99 78 140 47 222 310 211 41 282 64 229 44 47 205 37 108 245 43 118 51 45 47 64 138 35 111 118 276 272 49 58
100 184 228 59 42 153 93 42 278 269 68 82 55 42 51 229 59 272 56 156 172 102 108 36 210 149 184 70 97 101 58
93 45 45 133 302 33 181 77 250 38 58 195 198 259 173 205 93 36 122 123 85 266 69 53 108 110 45 315 39 300 160
41 61 247 34 72 90 106 45 270 197 98 130 38 171 153 41 273 176 152 188 44 100 208 91 109 212 85 36 94 207 32
55 116 217 253 62 50 39 63 109 181 145 122 45 259 314 77 243 264 100 69 196 218 113 162 50 284 216 105 267 103 40
288 33 65 129 69 251 237 216 52 182 73 57 278 73 51 35 122 36 47 40 123 130 98 53 272 102 219 49 65 206 170
46 141 274 32 48 50 120 300 242 64 127 165 48 32 120 147 34 219 90 61 108 91 83 262 40 108 42 69 307 136 162
86 36 38 53 242 72 56 90 101 34 282 126 84 242 77 248 128 206 168 169 102 35 125 227 89 260 233 33 303 120 82
184 66 224 52 119 265 55 52 33 144 33 76 37 43 109 181 123 42 67 66 132 104 287 129 57 34 104 277 41 294 77
190 150 90 65 68 268 45 102 308 104 82 85 44 115 219 136 55 182 224 281 169 201 151 51 116 74 236 126 142 43 104
42 36 289 85 295 45 217 232 83 84 39 118 91 59 236 72 313 202 32 41 87 96 208 58 98 227 212 229 247 217 37
41 64 50 92 60 107 57 51 53 44 251 84 233 96 34 222 154 40 33 60 225 51 142 44 93 239 176 271 55 138 180
89 110 245 35 73 75 281 54 152 191 51 37 51 50 66 231 132 181 41 43 59 217 101 126 39 77 101 109 73 194 36
148 159 61 47 64 41 106 143 160 35 172 89 163 252 243 124 125 90 209 224 127 204 88 224 263 249 165 319 82 34 97
181 190 183 291 82 193 32 240 150 64 291 318 81 98 96 102 61 86 199 174 37 256 46 49 171 295 36 125 102 130 73
36 47 107 42 180 36 70 167 261 148 198 137 38 112 59 38 247 48 34 71 146 157 73 212 86 35 125 40 198 203 210
35 110 72 92 234 136 219 90 258 95 45 264 179 86 43 84 91 42 211 34 183 280 71 43 94 158 68 68 64 167 58
167 53 254 176 121 68 47 312 222 116 60 249 194 39 54 136 141 307 120 239 41 101 124 133 37 182 90 193 40 57 105
69 123 250 84 139 37 74 255 38 82 95 43 259 74 42 173 111 64 251 153 40 67 34 48 81 48 140 55 35 37 35
113 166 225 109 46 33 36 317 278 303 71 199 68 101 258 49 259 186 60 89 32 195 33 122 77 255 57 132 88 150 184
204 59 63 35 291 60 305 288 43 72 37 157 45 249 34 59 75 225 57 114 36 94 57 35 53 182 42 141 204 49 212
120 105 169 88 58 37 81 36 240 69 120 82 55 117 279 60 38 122 42 154 66 261 91 109 168 76 185 42 192 78 116
190 96 102 157 45 185 43 225 60 156 51 214 155 96 60 281 157 306 226 144 272 46 48 105 206 292 310 252 70 43 82
201 34 91 130 40 94 198 63 93 209 90 212 270 292 103 145 34 150 38 168 153 42 42 140 65 79 313 59 143 40 195
62 142 226 36 70 178 45 117 191 167 103 106 312 86 187 65 221 71 73 40 60 66 96 46 56 155 55 260 82 155 42
104 43 87 93 304 54 302 198 108 135 110 90 265 86 63 86 251 219 65 190 94 121 266 66 319 240 66 155 221 130 183
248 134 154 90 79 216 57 92 34 266 67 267 43 54 97 63 136 102 57 43 300 50 78 166 265 75 96 203 42 127 90
133 182 140 117 171 301 63 42 133 168 64 48 88 101 206 43 84 280 71 52 198 203 117 217 33 36 81 37 35 300 4
110 40 188 75 47 118 125 219 152 113 100 278 173 225 63 182 34 222 48 45 41 218 114 221 76 125 112 58 44 234 242
191 263 103 83 54 173 70 59 127 146 270 33 63 51 32 54 124 97 151 96 59 42 58 35 35 200 114 118 8 9 1
