37
0000000000000000000000000000000000000
0000000000000000000000000000000000000
0000000000000000000000000000000000000
0000000000000000000000000000000000000
0000000000000000000000000000000000000
0000000000000000000000000000000000000
0000000000000000000000000000000000000
0000000000000000000000000000000000000
0000000000000000001111000000000000000
0000000000000000000000000000000000000
0000011111111111111000000000000000000
0000000000000000000000000000000000000
0000000000000000000000000000000000000
0000000000000000000000000000000000000
0000000000000000000000000000000000000
1111111100000000000001111111100000000
0000000000000000000000000000000000000
0000000000000000000000000000000000000
0000000000000000001111111111111111000
0000000000000000000000000000000000000
0000000000000000000000000000000000000
0000000000000000000000000000000000000
0000000000000000000000000000000000000
0000000000000000000000000000000000000
0000000000000000000000000000000000000
0000000000000000000000000000000000000
0000000000000000000000000000000000000
0000000000000001111111111111110000000
0000000000000000000000000000000000000
0000000000000000000000000000000000000
0000000000000000000000000000000000000
0000000000000000000000000000000000000
0000000000000000000000001111111111111
0000000000000000000000000000000000000
0000000000000000000000000000000000000
0000000000000000011111111111111000000
000000000000000000000000000000000000
000000000000000000000000000000000000
000000000000000000000000000100000000
000000000000000000000000000100000000
000000000000000000000000000100000000
000000010000000000000000000100000000
000001010000000000000000000100000000
000001010000000000000000000100000000
100001010000000000000000000100000000
100001010000000000000000000100000000
100001000000000010000000000100000000
100001000000000010000000000100000000
100001000000000010000000000000000000
100001000000000010000000000000000000
000001000000000010000000000000001000
000001000000000010000000000000001000
000001000000000010000000000000001000
000001000000000010000000000000001000
000001000000000010000000000000001000
000001000000000010000000000000001000
000001000000000000000001000000001000
000000000000000000000001000000001000
000000000000000000000001000000001000
001000000000000000000001000000001000
001000000000000000000001000000001000
001000000000000000000001000000001000
001000000000000000000001000000000000
001000000000000000000001000010000000
001000000000000000000001000010000000
001000000000000000000000000010000000
001000000000000000000000000010000000
001000000000000000000000000010000000
000000000000000000000000000010000000
000000000000000000000000000000000000
000000000000000000000000000000000000
000000000000000000000000000000000000
000000000000000000000000000000000000
17 108 34 66 24 27 110 15 18 14 87 7 7 4 2 8 9 1 3 2 4 1 3 2 3 2 2 3 1 2 4 2 10 4 4 2 5
18 95 66 19 13 75 22 93 114 73 32 1 1 4 2 10 3 7 2 6 5 6 2 9 2 10 7 5 5 8 2 3 2 8 3 6 6
58 39 15 27 58 14 23 18 49 32 4 6 4 4 6 8 5 1 6 8 5 1 6 6 4 3 3 6 6 3 5 3 8 1 2 3 3
74 13 77 93 20 24 16 27 16 3 2 7 10 2 3 2 2 2 3 2 2 8 2 10 9 9 3 9 2 6 14 3 2 3 8 3 5
67 42 123 21 22 22 55 64 88 4 1 4 1 1 1 1 7 1 3 3 1 8 6 8 3 3 9 2 9 5 3 2 1 1 6 2 5
110 85 19 24 27 18 23 33 111 33 106 67 3 3 5 4 5 3 3 7 2 2 5 5 3 5 6 5 4 2 13 8 2 2 2 2 3
88 36 51 53 66 50 71 41 35 18 76 8 3 2 7 2 8 3 3 2 6 2 1 6 6 5 1 4 4 4 2 13 2 12 10 13 6
32 25 40 121 70 68 26 22 24 32 2 3 2 4 4 1 8 1 5 4 2 2 2 1 9 1 1 2 4 14 4 4 8 11 3 3 7
113 110 31 28 17 12 36 97 121 75 3 2 2 2 5 2 4 2 9 2 4 3 3 2 7 2 6 4 3 2 7 10 3 2 5 9 5
33 60 23 25 74 17 82 56 13 45 43 8 5 8 4 4 10 1 6 1 4 2 2 1 6 3 6 3 8 2 4 7 7 5 9 3 9
38 24 14 35 59 81 39 42 20 3 7 4 3 9 9 2 3 5 3 2 3 1 7 6 3 8 8 12 3 8 5 3 11 5 4 4 4
18 17 15 27 33 42 49 7 17 25 38 53 36 24 9 10 29 8 2 2 3 7 2 5 4 12 8 7 2 6 3 8 3 4 10 5 10
45 15 62 45 36 65 7 56 20 61 26 14 9 11 43 12 17 4 5 9 3 2 3 15 2 7 8 3 4 4 8 9 3 9 8 2 3
26 91 42 98 37 32 15 25 7 46 34 30 10 26 17 36 15 3 2 2 3 8 3 2 3 7 9 3 5 3 4 2 13 4 6 8 2
51 20 31 36 119 29 10 10 20 9 22 37 13 31 6 38 13 4 2 1 4 8 2 5 2 6 4 13 9 9 8 3 2 2 2 5 2
32 19 71 62 33 13 15 30 55 40 22 10 29 38 30 10 29 6 28 19 9 2 6 13 12 2 2 4 2 3 4 5 6 3 12 6 15
4 23 9 5 7 5 11 11 8 7 12 36 9 53 8 10 16 7 13 4 33 10 2 9 8 3 6 7 4 5 3 1 1 2 4 2 6
34 27 13 8 8 5 19 22 10 9 23 6 12 8 16 56 45 17 27 11 7 2 1 2 2 5 5 1 4 2 2 1 1 10 8 1 9
6 12 19 12 30 22 8 16 26 21 5 13 19 7 7 7 25 18 15 57 8 12 4 2 5 3 6 1 2 9 6 10 3 8 1 2 4
10 36 12 7 6 21 18 4 8 14 5 52 34 53 22 48 10 10 3 6 26 11 36 16 4 5 5 2 8 18 3 4 3 1 3 1 2
4 25 6 16 28 7 21 5 31 18 23 4 5 14 51 57 21 43 29 8 11 21 30 8 6 7 2 6 8 3 21 4 5 3 2 7 3
11 22 33 17 20 28 5 6 25 12 23 32 15 5 17 5 7 8 18 8 1 33 16 36 14 2 6 15 7 2 5 7 14 8 2 4 3
6 27 28 12 7 4 30 31 17 15 11 32 22 9 7 8 8 6 12 5 35 22 15 34 8 9 22 11 19 5 9 16 10 2 6 1 4
12 27 13 10 9 6 9 4 5 37 15 26 22 15 16 9 12 20 22 19 13 7 6 8 4 7 3 3 3 8 8 11 12 2 2 5 2
24 13 26 10 5 9 18 19 12 21 29 8 30 29 18 13 20 33 5 44 9 5 18 6 8 4 4 5 3 17 11 5 7 3 3 4 2
5 33 16 22 4 7 23 8 22 8 5 7 17 10 14 3 16 7 6 9 43 38 20 5 6 19 3 6 16 18 18 13 3 6 5 5 3
34 6 10 14 9 32 19 15 7 9 54 46 1 1 6 8 5 2 21 13 8 10 28 6 5 14 6 12 8 5 4 8 5 3 4 8 2
34 4 8 22 7 10 15 10 6 7 55 15 3 1 9 6 5 3 5 2 3 19 13 38 19 7 2 17 7 6 22 5 2 22 5 6 1
12 4 4 22 11 11 15 2 3 1 1 2 2 1 1 2 6 3 1 4 6 1 1 2 7 4 3 1 7 1 4 8 3 4 3 19 10
5 7 5 4 3 1 7 3 2 2 8 1 2 2 5 3 8 4 4 7 1 1 3 1 1 3 1 1 2 3 6 7 15 3 10 9 7
2 9 8 8 2 3 9 6 7 3 1 8 4 4 3 3 5 1 4 2 3 1 2 10 3 7 6 2 6 9 5 6 5 3 6 1 2
9 3 8 3 3 8 1 3 7 2 3 2 6 4 5 1 3 1 1 4 2 9 6 6 8 2 1 8 9 2 3 2 8 6 9 1 3
5 2 8 3 2 5 6 7 9 5 1 1 5 1 5 5 2 1 1 9 2 3 2 6 9 1 3 3 1 7 1 1 4 2 3 2 7
2 2 3 2 1 2 2 3 3 2 1 1 1 8 4 2 1 4 2 10 1 5 8 7 6 7 8 1 2 3 6 1 4 4 9 1 6
1 5 7 6 5 1 8 5 2 2 1 5 8 5 3 1 2 8 1 2 3 2 5 2 4 5 2 3 1 3 2 1 7 5 3 2 5
5 3 7 2 1 1 9 8 2 3 2 8 5 2 2 4 1 2 2 1 3 4 1 8 6 1 3 6 1 2 2 4 8 2 6 2 3
2 7 9 1 6 2 4 7 9 2 2 7 2 6 1 2 1 2 1 9 3 4 6 2 1 2 2 5 6 1 9 4 2 10 3 3 8
