35
00000000000000000000000000000000000
00000000000000000000000000000000000
00000000000000000000000000000000000
00000000000000000000000000000000000
00000000000000000000000000000000000
00000000000000000111111111111100000
11100000000000000000000000000000000
00000000000000000000000000000000000
00000000000000000000000000000000000
00000000000000000000000000000000000
00000000000000000000000000000000000
00000000000000000000000000000000000
00000000000000000000000000000000000
00000000000000000000000000000000000
00000000000000000000000000000000000
00000000000000000000000000000000000
00000000000000000000000000000000000
00000001111111111111000000000000000
00001111110000000000000001111110000
00000000000000000000000000000000000
00000000000000000000000000000000000
00000011111000000000000000000000000
00000000000000000000000000000000000
00000000000000000000000000000111111
11111111000000011111100000000000000
00000000000000000000000000000000000
00000000000000000000000000000000000
00000000000001111111111111111100000
00000000000000011111111111111000000
00000000000000000000000000000000000
00000000000000111100000000000000000
00000000000000000000000000000000000
00111111111111000000000000000000000
00000000000000000000000000000000000
1100000000101000000000000000010000
1100000000101000000000000000010000
0100000000101000000000000000010000
0100000000101000000000000000010000
0100000000101000000000000000000000
0100000000101000000000000000000000
0000000000101000000000000000000000
0000000000101000000000000000000000
0000000000101000000000000000000000
0000000000101000000000000000000000
0000000000101000000000000000000000
0000000000101000000000000000000000
0000000000101000000000000000000000
0000000000101000000000000000100000
0000000000101000000000000000100000
0000000000001000000000000000100000
0000000000000000000000000000100000
0000000000000000000000000000000000
0000000000000000010000010000010000
0000000000000010010000010000010000
0000000000000010010000010000010000
0000000000000010000000010000010000
0000000000000010000000010000000000
0000000000000010000000010000000000
0000000000000010000000010000000000
0000000000100010000000010000000000
0000000000100010000000000000000000
0000000000100010000000000000000000
0000000000000010000000000000000000
0000000000000010000000000000000000
0000000000000000000000000000000000
0000000000000000000000000000000000
0000000000000000000000000000000000
0000000000000000000000000000000000
0000000000000000000000000000000000
2 4 2 6 3 2 4 3 1 4 9 9 9 1 2 1 10 3 7 1 1 2 1 2 5 6 8 1 9 8 1 7 1 6 4
6 3 2 3 1 6 2 1 8 5 10 4 9 2 3 2 3 7 1 6 3 3 2 6 3 6 9 6 8 6 1 48 8 1 104
2 1 1 2 2 2 8 8 9 7 5 6 1 1 10 1 9 1 2 5 10 7 10 3 2 4 2 10 1 1 71 125 52 33 28
1 2 2 4 2 10 8 2 1 3 1 1 8 3 1 3 1 1 1 8 7 8 2 5 2 9 1 5 2 77 69 19 36 102 23
2 2 1 4 8 4 4 8 2 3 2 1 7 5 196 82 101 105 2 3 3 7 3 2 6 2 3 5 2 45 38 34 39 127 50
3 1 3 10 1 4 2 6 6 1 4 1 1 71 76 94 102 323 1 2 1 9 3 5 3 4 1 2 2 35 73 41 50 33 32
2 3 2 4 3 3 2 6 6 4 1 3 6 179 347 51 172 4 10 102 68 58 55 26 60 27 34 119 37 99 64 35 48 27 85
5 6 1 1 6 2 2 2 4 2 6 1 2 77 61 203 56 3 111 5 2 11 123 74 41 36 25 122 45 140 35 64 26 100 105
1 3 2 3 3 5 8 1 2 4 3 8 60 359 133 204 2 8 8 2 14 58 27 73 47 76 64 102 37 59 31 100 59 25 56
4 1 2 3 2 6 3 2 4 3 1 8 2 186 3 12 4 6 7 14 7 3 158 74 56 152 87 93 18 56 24 53 44 82 24
2 3 1 3 7 3 5 5 7 6 1 2 3 3 12 7 5 14 2 3 177 25 72 57 24 120 51 26 23 28 39 21 138 29 42
1 1 5 1 6 8 3 2 1 3 6 14 2 2 4 7 9 13 2 4 165 12 48 99 19 119 63 25 20 18 84 113 106 26 31
2 4 5 3 6 1 5 289 53 3 3 3 9 2 2 6 8 7 8 8 2 5 8 26 21 38 89 79 19 47 40 32 78 47 23
3 3 1 4 226 159 61 84 216 9 15 2 11 11 6 14 9 15 10 12 9 2 10 303 124 77 28 28 21 19 28 153 151 43 65
6 3 3 70 146 133 2 4 15 7 5 13 7 11 15 12 5 7 3 2 2 7 2 3 6 5 17 38 96 62 2 137 59 101 49
2 2 130 45 99 52 44 2 6 7 6 2 15 2 3 12 4 4 4 10 2 5 12 4 9 2 45 30 92 7 8 2 47 74 60
8 5 63 124 305 113 109 165 10 2 3 2 3 15 5 2 3 4 3 4 4 13 4 7 11 5 18 18 27 3 5 6 2 60 146
4 3 51 278 174 44 111 69 229 5 9 9 2 5 4 5 7 14 12 7 12 5 4 5 12 11 3 91 133 11 2 5 2 6 2
3 8 117 81 77 157 173 44 50 16 5 29 32 9 1 4 3 2 6 5 2 11 8 3 2 3 2 6 33 3 11 13 3 2 6
4 5 4 4 6 6 2 12 10 6 19 23 27 37 30 1 2 2 2 3 4 3 9 10 3 2 4 6 16 4 2 4 13 8 5
1 9 1 1 4 5 5 9 41 11 13 10 24 43 26 4 6 2 15 2 12 3 2 3 3 7 2 13 2 2 15 2 2 2 13
9 6 10 4 7 3 4 24 8 8 43 28 21 5 9 8 1 10 2 11 4 5 2 4 3 4 2 4 3 2 7 10 5 4 2
5 6 2 3 2 2 3 20 9 13 30 13 6 26 44 5 8 2 4 11 4 12 3 8 4 2 9 16 12 13 6 3 8 8 10
2 6 3 1 3 2 6 2 6 11 10 7 41 8 14 2 1 3 1 8 5 4 10 8 8 3 2 10 7 2 13 2 9 2 2
4 5 2 4 6 2 3 4 8 17 9 10 20 37 20 10 4 10 1 2 5 1 5 2 7 3 8 8 5 2 8 5 5 4 1
2 10 7 5 2 1 2 4 6 5 8 14 16 38 39 3 8 2 7 3 9 9 2 1 11 13 7 4 3 3 7 8 2 4 4
6 2 7 2 1 4 3 1 4 7 3 24 36 20 13 4 2 8 2 4 2 7 2 13 13 3 10 4 5 3 2 2 2 4 1
1 4 4 1 2 3 2 5 3 2 2 14 35 12 2 8 1 5 1 1 1 5 6 9 13 2 5 5 9 13 3 7 9 15 1
4 4 7 5 3 7 1 5 3 4 3 9 5 2 3 1 7 2 4 4 5 2 5 8 3 1 4 9 2 3 2 1 2 14 8
7 2 6 2 2 7 1 1 7 1 3 9 2 8 5 3 1 4 3 1 8 4 1 1 2 5 1 9 2 2 3 4 3 2 7
6 7 4 6 3 3 1 4 1 3 1 1 4 3 1 1 3 9 7 3 2 9 3 4 3 4 6 7 1 2 8 2 3 1 1
3 2 1 9 1 2 1 4 3 4 2 2 2 5 3 1 3 2 3 3 3 1 1 7 6 3 9 1 1 3 3 2 6 7 7
7 1 1 4 2 7 2 2 5 1 2 3 2 8 5 5 3 1 3 2 1 1 9 4 2 3 3 6 4 3 3 3 1 1 1
5 7 1 3 1 4 7 3 7 3 9 6 8 2 5 1 1 2 9 3 2 9 2 5 1 1 9 2 2 2 2 9 6 4 3
4 4 3 1 1 7 1 6 6 2 5 4 3 2 4 3 2 6 5 6 4 8 9 6 5 7 3 2 3 1 6 5 2 2 1
