25
0000000000000000000000000
0000000000000000000000000
1111100000000000000000000
0000000000111110000000000
0000000000000000000000000
0000000000000000000000000
0000000000000000000000000
0000000000000000000000000
0000000000000000000000000
0000000000000000000000000
0000000000000000000000000
0000000000000000000000000
0000000000000000000000000
0000000000000000000000000
0000000000000000000000000
0000000111000000000000000
0000000000000000000000000
0000000000000000000000000
0000000011111111000000000
0000000000000000000000000
0000000000000000000000000
0000000000000000000000000
0000000000000000000000000
0111111100000000000000000
000000000000100000000000
000000000000100000000000
000000000000100000000000
000000000000100000000000
000000000000100000000000
000000000000000000000000
000000000000000000000000
000000000010000000000000
000000000010000000000000
000000000010000000010000
000000000010000000010001
000000000010000000010001
000000000010000000010001
000000000010000000010001
000000000010000000010001
000000000010000000010001
000000000010000000010001
000000000000000000010001
000000000000000000010001
000000000000000000000001
000000000000000000000000
000000000000000000000000
000000000000000000000000
000000000000000000000000
000000000000000000000000
567 101 2 7 6 6 4 257 2 2 4 2 3 19 39 8 11 20 32 6 15 15 14 8 48
10 16 3 207 6 14 3 13 299 1 1 1 8 3 34 28 13 25 8 7 7 15 48 6 49
299 229 222 320 6 8 9 9 169 234 2 2 4 1 29 56 47 51 16 15 23 14 42 35 207
1 2 3 4 1 10 7 2 612 532 2 1 3 42 37 28 23 8 15 18 42 16 7 3 3
2 6 1 4 17 3 6 495 221 192 9 1 4 16 53 66 38 23 41 8 12 9 25 8 17
3 1 2 4 12 8 6 5 5 6 4 4 2 4 5 2 48 15 6 7 13 6 21 2 2
10 3 1 1 6 2 4 8 4 9 10 115 32 38 3 1 1 17 46 2 16 2 2 2 8
28 8 5 1 48 6 4 7 6 1 1 16 117 72 29 2 2 4 3 7 2 4 4 9 3
15 35 36 29 67 73 2 5 2 3 7 103 72 111 21 5 2 2 7 8 7 4 1 2 2
41 15 12 37 15 54 7 1 6 6 4 31 25 99 32 21 7 6 4 1 4 6 2 2 2
71 64 70 36 28 22 4 2 4 5 1 1 109 28 25 15 2 1 4 2 7 3 1 5 1
10 30 59 20 10 4 2 3 4 2 1 1 35 46 71 5 5 6 3 4 3 1 6 3 2
15 14 74 65 18 1 8 6 2 3 2 2 15 36 115 1 6 1 3 7 1 5 3 8 4
6 16 25 65 23 4 3 9 3 3 3 1 16 14 39 1 1 2 2 8 1 2 6 10 2
6 4 14 14 52 8 1 2 3 6 9 3 69 90 85 34 8 2 7 4 9 1 3 2 6
4 2 17 4 12 11 2 1 2 2 8 17 94 19 34 32 40 60 4 10 8 2 1 8 8
5 6 2 14 17 6 4 1 3 1 3 69 63 46 46 103 47 34 1 9 15 1 86 28 2
3 4 6 10 10 10 3 6 3 16 86 21 84 15 106 47 4 13 44 70 54 87 40 31 2
3 6 4 3 5 17 4 9 3 15 13 58 41 29 19 100 73 67 15 26 26 27 63 60 1
11 16 7 2 8 3 2 3 2 8 6 100 12 95 356 37 93 35 19 16 24 57 13 78 54
3 4 7 5 15 2 1 1 8 271 47 101 328 141 64 132 116 25 92 24 16 42 28 25 23
3 3 2 8 5 5 2 9 6 165 3 105 148 2 275 285 73 120 26 108 63 41 43 84 63
1 7 5 3 5 3 2 4 1 9 2 214 126 51 216 67 376 101 5 94 112 22 103 5 9
2 3 8 2 1 3 2 2 8 2 4 68 143 328 195 3 186 2 1 3 3 17 53 13 3
3 7 2 3 3 6 8 3 5 7 1 7 64 4 6 3 4 5 4 2 1 10 3 1 7
