30
000000000000000000000000000000
000000000000000000000000000000
000000000000000000000000000000
000000001111110000000000000000
000000000000000000000000000000
000000000000000000000000000000
000000000000000000000000000000
000000000000000000000000000000
000000000000000000000000000000
000000000000000000000000000000
111111111000000000000000000000
000000000000000000000000000111
000000000000000000000000000000
000000000111110000000000000000
000000000000000000000000000000
000000011111111100000000000000
000000000000000000000000000000
000000000000000000000000000000
000001111111111110000000000000
000000000000000000000000000000
000000000000000000000000000000
000000000000000000000000000000
001111111111110000000000000000
000000000000000000000000000000
000000000000000000000000000000
000000000000000000000000011111
000000000000000000000000000000
000000000000000000000000000000
000000000000000000000000000000
00100000001001001000000010000
00100000000001001000000110000
00100000000001000000000110000
00100000000001000000000110000
00000000000001000000000100000
00000000000001000000000100000
00000000000000000000000100000
00000000000000000000000100000
00000000000000000000000100000
00000000000000000000000100001
00000000000000000000000100001
00000000000000000000000100001
00000000000000000000000100001
00000000000000000000000000001
00000000000010000000000000001
00000000000010000000000000001
00000000000010000000000000001
00000000000010000000000000001
00000000000010000000000000001
00000000000010000000000000000
00000000000010000000100000000
00000000000010000000100000000
00000000000010000000100000000
00000000000010000010100000000
00000000000010000010100000000
00000000000000000010100000000
00000000000000000010100000000
00000000000000000010100000000
00000000000000000010100000000
00000000000000000010100000000
38 46 36 64 25 102 72 12 73 59 27 8 6 2 3 5 2 1 8 1 5 7 3 2 6 8 9 2 2 2
58 17 20 95 13 17 46 49 50 44 36 3 10 2 8 9 1 2 3 2 2 2 7 2 6 2 5 2 2 1
76 14 25 63 34 51 16 30 92 17 30 12 81 60 3 1 1 1 3 3 3 2 6 7 1 1 4 5 1 5
20 24 54 15 77 27 53 16 17 49 52 4 12 15 1 1 5 3 3 9 3 6 1 6 3 1 1 4 8 6
19 37 16 26 26 49 56 25 53 59 75 59 21 28 1 5 4 2 7 4 9 7 3 3 5 7 8 1 2 9
12 38 35 12 85 28 32 17 56 13 21 39 82 6 7 8 1 3 6 1 3 4 2 9 3 3 4 7 1 4
61 22 30 13 22 66 27 16 35 19 29 96 83 4 14 5 5 3 5 1 6 6 3 7 2 7 2 1 1 1
23 15 20 16 42 92 56 24 22 43 16 16 39 67 81 2 1 1 4 9 8 8 1 1 2 2 3 10 10 1
83 40 28 37 70 67 15 13 11 12 17 73 11 36 32 3 8 1 1 5 10 2 2 4 1 4 2 8 2 9
11 11 13 21 84 13 44 94 35 25 59 62 54 57 65 4 2 5 4 5 2 3 1 3 3 3 7 1 2 1
30 24 52 16 19 45 13 50 16 37 31 63 11 16 7 3 4 2 2 5 7 2 2 6 5 1 1 3 6 1
5 9 4 4 1 9 7 3 4 52 12 84 1 4 6 7 9 2 4 6 4 7 5 7 3 6 6 7 1 1
3 7 7 3 37 5 1 3 2 2 16 1 1 5 4 2 8 2 2 2 6 1 4 5 10 6 1 41 3 5
1 8 19 28 30 4 9 3 6 4 1 2 2 3 1 2 1 4 3 2 2 5 8 14 13 8 32 32 31 7
1 1 3 28 5 1 11 4 2 1 4 3 1 5 3 6 2 8 6 7 8 3 18 68 39 8 8 12 16 8
2 10 1 18 42 6 22 2 5 9 8 2 3 5 5 5 2 2 6 9 22 23 14 15 17 53 47 41 11 10
6 42 5 8 13 17 8 20 47 6 47 44 21 8 7 3 9 4 4 17 32 70 21 25 15 17 59 62 13 7
23 10 45 42 8 8 42 17 12 5 6 36 27 4 2 2 4 2 1 8 21 19 53 51 25 10 3 40 18 11
1 6 14 26 18 26 17 11 11 21 13 47 18 9 7 4 3 2 2 3 32 21 28 3 8 4 3 7 5 16
1 10 3 3 15 8 7 8 3 5 4 1 2 3 3 1 2 3 4 3 4 15 48 6 13 23 8 21 7 46
1 5 7 2 2 4 1 5 1 3 1 3 5 2 3 9 10 4 10 9 1 4 8 5 14 9 13 7 8 50
8 3 7 1 2 10 4 2 3 3 4 1 4 2 2 9 6 1 1 8 2 5 3 21 11 5 10 13 18 3
8 4 4 7 4 7 1 5 1 2 10 7 1 2 3 1 1 1 1 2 1 13 13 19 12 3 8 7 9 12
4 2 1 8 2 7 4 7 1 9 2 4 7 8 3 5 8 3 8 4 4 11 10 17 11 4 7 4 12 11
6 2 1 2 5 2 6 2 5 3 8 1 1 2 9 9 1 2 5 9 7 4 18 3 16 4 9 8 6 8
6 4 1 3 3 2 1 6 6 2 1 1 3 1 6 6 9 1 6 1 1 3 5 5 3 15 5 4 23 3
2 1 7 1 1 9 2 1 3 7 3 3 3 9 4 2 5 1 6 1 2 52 19 12 6 4 69 71 6 5
6 6 4 2 8 5 2 3 4 9 2 1 5 6 2 2 7 4 4 9 6 28 10 26 41 10 30 16 4 6
4 2 8 3 2 9 5 5 1 8 8 1 1 1 2 5 6 2 8 4 1 41 36 45 13 29 28 23 29 1
8 6 8 6 5 2 3 4 9 4 2 4 8 7 6 3 4 8 1 4 1 19 17 33 69 29 11 41 9 5
