32
00000000000000000000000000000000
00000000000000000000000000000000
11100000000000000000000000000000
00000000000000000000000000000000
00000000000000000000000000000000
00000000000000000000000000000000
00000000000000000000000000000000
00000000000000000000000000000000
00000000000000000000000000000000
00000000000000000000000000000000
00000000000000000000000000000000
00000000000000000000000000000000
00000000000000000000000000000000
00000000000000000000000000000000
00000000000000000000001111111000
00000000000000000000000000000000
00000000000000000000000000000000
00000000000000000000000000000000
00000111111111110000000000000000
00000000000001111100000000000000
00000000000000000000000000111110
00000000000000000000000000000000
00000000000000000000000000000000
00000000000000000000000000000000
00000000000000000000001111000000
00000000000000000000011111111111
00000000000000000000000000000000
00000000011111111111111000000000
00000000000000000000000000000000
00000000000000000000000000000000
00000000000000000000000000000000
0000000000000000000010000000000
0000000000000000000010000000000
0000000000000000000010000000000
0000000000000000000010000000000
0000000000000000000000000000000
0000000000010000000000000000000
0000000000010000000000000000000
0000000000010000000000000000000
0000000000010000000000000000000
0000000000010000000000000000000
0000000000000000000000000000000
0000000000000000000000000000000
0000000000000000000000000000000
0000000000000000000000000000000
0000000000000000000000000000000
0000000000000000000000000000000
0000000000000000000000000000000
0000000000000000000000000000000
0000000000000000000000000000000
0000000000000000000000000000000
0000000000000000000000000000000
0000000000000000000000000000000
0000000000000000000000000000000
0000000000000000000000000000000
0000000000000000000000000000000
0000000000000000000000000000000
0000000000000000000000000000000
0000000000000000000000000000000
0000000000000000000000000000000
0000000000000000000000000000000
0000000000000000000000000000000
0000000000000000000000000000000
5 4 1 3 2 4 4 1 7 1 3 1 2 2 3 9 91 321 184 281 55 269 30 32 57 15 84 54 35 15 24 31
2 3 2 4 2 1 8 4 1 8 1 8 4 5 4 2 204 1 148 364 320 133 84 117 47 45 31 76 114 100 75 52
6 1 2 9 3 2 6 8 5 2 7 1 7 4 5 3 50 46 122 48 116 419 71 52 63 40 42 24 57 99 137 26
8 6 5 7 3 5 8 6 4 1 4 3 9 3 1 1 3 117 105 95 50 82 241 58 232 24 19 17 47 38 75 84
5 3 4 8 2 6 1 6 2 2 5 4 3 4 5 3 1 272 185 327 224 178 204 156 422 94 217 23 6 30 61 16
3 7 9 7 1 2 5 1 5 2 1 4 1 51 8 3 167 188 7 3 1 71 90 86 25 29 137 82 6 49 21 77
1 1 2 2 1 5 1 1 1 3 2 2 10 61 5 1 1 2 3 9 4 442 76 54 125 81 124 48 2 5 36 18
1 3 2 2 2 3 1 2 1 2 1 2 131 53 6 1 3 2 2 8 5 1 4 70 20 55 512 1 7 1 6 1
3 2 2 3 2 1 2 8 1 1 2 3 78 35 24 4 1 154 86 6 6 1 2 2 2 3 4 1 5 3 4 4
1 1 9 9 2 5 5 9 1 2 1 115 48 39 122 2 8 4 16 87 7 5 2 9 1 2 3 3 1 2 4 1
5 1 9 2 1 4 2 2 1 24 157 164 71 155 3 2 4 20 108 90 2 7 3 3 1 7 2 2 6 2 3 6
6 6 7 1 2 6 2 1 2 5 170 116 21 66 33 42 11 3 5 23 9 5 1 1 3 10 5 2 4 4 4 1
3 3 4 4 2 1 2 1 6 9 57 74 33 66 20 105 30 144 7 17 16 34 2 4 2 8 1 1 1 2 5 8
9 4 8 1 5 3 4 305 636 181 66 163 87 172 30 74 28 59 8 45 29 114 42 116 6 8 1 6 3 3 3 4
1 4 7 2 2 6 641 78 170 188 156 351 68 458 274 23 22 49 42 33 32 62 2 2 3 9 4 3 1 7 4 3
3 304 8 2 158 75 228 142 415 90 272 428 255 606 13 29 15 26 12 25 10 21 10 3 9 3 2 2 10 8 2 7
53 143 9 1 87 265 176 80 283 137 82 88 134 96 11 37 9 8 18 32 13 10 2 1 8 2 8 7 5 6 2 1
264 65 215 273 270 215 2 83 364 500 431 209 22 11 38 46 41 28 14 61 20 4 4 7 2 10 5 8 1 6 1 5
4 59 83 86 41 60 263 463 103 108 277 404 17 8 37 11 49 19 8 24 34 1 4 1 4 2 6 4 7 2 7 2
3 5 135 52 18 10 9 14 17 5 4 2 1 3 1 5 8 12 1 3 2 9 2 3 1 2 10 2 1 1 1 2
191 7 17 34 10 44 12 25 56 6 12 109 136 59 82 11 43 193 371 7 2 1 2 8 4 1 2 2 8 2 4 1
116 116 179 196 50 6 7 24 33 16 16 32 315 42 291 46 43 6 2 9 3 1 4 5 6 3 2 3 1 2 9 9
8 7 247 50 54 11 45 11 18 16 3 208 144 224 92 179 2 11 5 2 11 3 6 1 3 2 9 8 1 9 8 4
6 14 113 197 93 28 10 30 13 24 7 125 89 203 62 192 7 2 4 5 4 3 4 7 9 2 8 3 1 2 3 2
10 30 82 44 125 16 10 11 23 2 44 92 217 5 154 43 51 277 9 7 7 2 6 2 3 2 3 2 6 7 7 4
16 7 7 26 1 6 32 16 6 6 69 48 52 63 233 89 121 5 4 2 8 1 4 2 5 3 7 4 5 4 1 1
18 10 38 7 8 8 1 59 4 3 2 5 45 54 81 3 41 2 7 7 3 1 2 1 4 10 2 6 3 4 7 5
5 6 9 1 2 1 9 8 4 8 8 3 9 3 236 5 7 5 7 12 3 2 8 2 2 3 2 2 2 8 2 4
5 43 6 4 4 2 4 84 150 17 12 15 19 6 6 15 11 8 9 12 7 8 2 3 6 4 3 2 8 1 8 3
5 21 5 9 4 1 6 16 49 6 9 4 10 8 21 13 18 24 16 5 10 13 12 9 5 2 3 7 9 1 3 5
5 16 13 22 4 1 108 81 92 29 109 43 13 3 5 11 10 7 13 17 5 11 6 3 1 2 9 4 6 2 8 1
17 36 16 28 6 5 145 69 17 36 28 95 147 11 5 18 10 6 5 5 10 28 7 9 3 3 6 5 1 3 8 6
