34
0000011111110000000000000000000000
0000000000000000000000000000000000
0000000000000000000000000000000000
0000000000000000000000000000000000
0000000000000000000000000000000000
0000000000000000000000000000000000
0000000000000000000000000000000000
0000000000000000000000000000000000
0000000000000000000000000000000000
0000000000000000000000000000000000
0000000000000000000011110000000000
0000000000000000000000000000000000
0000000000000000000000000000000000
0000000000000000000000000000000000
0000000000000000000000000000000000
0000000000000000000000000000000000
0000000000000000000000000000000000
0000000000000000000000000000000000
0000000000000000000000000000000000
0000000000000000000000000000000000
0000000000000000000000000000000000
0000000000000000000000000000000000
0000000000000000000000000000000000
0000000000000000000000000000000000
0000000000000000000000000000000000
0000000000000000000000000000000000
0000000000000000000000000000000000
0000000000000000000000000000000000
0000000000000000000000000000000000
0000000000000000000000000000000000
0000000000000000000000000000000000
0000000000000000000000000000000000
0000000000000000000000000000000000
000000000000000000000000000000000
000000000000000000000000000000000
000000000000000000000000000000000
000000000000000000000000000000000
000000000000000000000000000000000
000000000000001000000000000000000
000000000000001000000000000000000
000000000000001000000000000000000
000000000000001000000000000000000
000000000000001000000000000000000
000000000000001000000000000000000
000000000000001000000000000000000
000000000000001000000000000000000
000000000000001000000000000000000
000000000000001000000000000000000
000000000000001000000000000000000
000000000000001000000000000000000
000000000000001000000000000000000
000000000000001000000000000000000
000000000000000000000000000000000
000000000000000000000000000000000
000000000000000000000000000000000
000000000000000000000000000000000
010000000000000000000000000000000
010000000000000000000000000000000
010000000000000000000000000000000
010000000000000000000000000000000
000000000000000000000000000000000
000000000000000000000000000000000
000000000000000000000000000000000
000000000000000000000000000000000
000000000000000000000000000000000
000000000000000000000000000000000
000000000000000000000000000000000
21 51 16 55 10 8 7 55 6 20 8 6 9 1 1 6 326 452 3 2 1 2 1 2 8 3 2 1 4 5 2 2 2 4
6 30 8 12 10 42 18 28 1 2 2 3 5 8 2 584 415 143 2 2 1 1 2 328 4 2 1 1 5 5 3 6 6 7
21 7 23 27 24 51 20 8 9 4 4 1 7 3 7 142 266 189 1 6 5 550 202 170 8 5 4 2 5 1 3 2 2 5
26 11 21 7 9 35 30 9 38 3 1 1 10 542 69 283 468 105 5 3 184 573 84 441 1 3 1 2 8 6 1 4 10 4
11 109 32 10 24 24 8 17 31 14 21 2 3 72 315 163 232 155 667 550 90 128 230 391 74 102 5 7 2 3 2 1 4 5
9 247 40 7 31 21 32 43 53 10 25 2 2 3 6 2 289 607 250 200 108 88 1 4 8 4 7 2 9 2 7 8 7 1
350 120 85 64 221 56 34 2 14 32 3 2 7 4 5 2 5 1 2 161 69 273 9 12 4 12 3 9 8 2 2 2 8 8
435 313 530 342 75 396 165 6 34 9 6 1 2 1 7 2 2 8 7 300 120 408 329 3 4 3 9 5 5 4 12 2 6 2
134 319 165 258 518 166 77 7 3 3 2 7 5 7 5 10 4 3 2 2 2 2 5 11 5 5 2 1 9 4 2 5 5 7
446 160 95 187 90 147 96 1 7 3 4 8 3 6 1 4 2 2 4 2 2 5 5 10 2 5 1 2 6 4 3 6 2 10
300 308 61 105 165 94 5 3 8 4 7 3 2 2 5 10 1 3 9 6 1 11 4 1 1 2 2 5 2 9 1 3 1 5
105 113 249 132 471 500 3 3 6 23 1 2 4 7 7 3 4 7 8 6 2 2 1 6 3 7 3 3 2 1 2 2 3 8
134 69 190 299 83 90 63 19 4 6 5 7 2 1 5 5 9 2 1 1 6 9 7 3 9 5 3 3 2 85 61 36 5 1
3 14 162 129 127 347 341 8 10 24 1 2 5 8 2 1 1 2 1 3 1 3 1 4 4 10 2 4 7 90 38 1 135 271
3 2 96 62 79 318 429 7 6 1 4 2 2 5 1 7 9 3 2 7 4 1 9 2 4 7 60 136 178 218 49 58 45 102
146 365 64 551 15 80 26 4 10 6 4 2 3 4 2 4 1 2 1 6 7 10 5 3 4 3 171 50 175 64 75 57 69 141
153 98 149 107 165 19 17 26 21 5 473 69 1 9 5 2 2 3 3 2 1 1 5 31 1 6 39 6 147 46 59 98 115 50
197 91 140 500 153 9 7 25 7 25 261 90 2 9 6 2 1 2 4 1 1 3 9 236 1 98 37 205 215 77 54 156 89 3
606 66 217 327 564 94 9 3 5 6 52 71 2 5 4 1 5 1 5 4 2 1 2 158 33 137 5 195 134 8 3 2 7 2
109 505 91 65 97 455 82 73 162 280 395 9 5 4 1 8 2 9 7 1 1 5 2 4 10 6 2 132 2 1 6 5 7 3
291 99 75 353 57 309 86 140 3 133 361 1 4 4 5 2 2 7 5 6 2 6 4 10 7 6 1 46 9 8 2 3 4 2
330 279 397 249 82 149 5 2 7 1 5 4 2 2 10 2 2 6 4 4 2 3 3 2 37 3 17 25 87 1 2 2 1 3
136 104 561 317 97 5 1 2 8 3 8 9 1 8 6 5 2 8 5 1 5 3 4 7 30 11 20 45 39 42 7 5 1 4
103 608 185 470 2 1 1 2 7 8 2 5 1 5 2 5 1 2 5 2 8 23 78 21 4 30 35 24 26 47 2 9 2 4
152 113 6 265 2 9 4 6 8 1 8 2 8 4 4 1 2 527 6 2 816 2 54 14 9 28 10 26 77 16 87 1 4 3
1 347 7 141 2 2 1 1 3 2 3 2 1 3 3 6 151 229 330 232 497 2 17 22 32 30 16 30 30 4 5 1 4 2
8 10 5 1 1 7 5 1 2 3 4 2 154 103 105 696 148 437 847 550 12 9 25 41 60 62 35 23 29 38 3 3 2 9
5 1 3 7 7 1 4 7 1 3 2 18 88 38 482 167 379 350 146 524 5 5 22 85 38 7 16 9 2 1 1 1 2 3
2 9 6 6 5 6 5 2 2 11 104 27 40 95 95 15 100 148 131 324 5 17 35 86 8 11 27 21 2 8 6 1 3 3
9 1 8 7 1 9 6 8 25 55 101 16 15 33 41 89 20 102 122 624 19 4 8 22 7 12 14 3 6 4 2 5 2 4
1 2 10 2 3 4 1 9 1 4 1 13 16 54 13 31 71 43 6 5 35 27 19 8 36 4 26 2 5 5 1 2 2 7
7 7 2 2 4 4 6 4 6 8 7 36 99 25 49 59 19 11 144 14 11 8 18 36 13 13 14 2 6 7 3 3 2 8
4 2 1 7 1 8 6 6 4 2 12 52 217 120 860 821 40 863 637 6 8 15 15 6 4 16 36 3 1 3 8 3 2 2
8 4 3 3 5 1 2 10 4 2 1 20 2 239 394 324 84 4 9 3 2 13 23 2 6 9 3 4 6 1 1 1 2 6
