37
0000000000000000000000000000000000000
0000000000000000000000000000000000000
0000000000000000000000000000000000000
0000000000000000000000000000000000000
0000000000000000000000000000000000000
0000000000000011111111100000000000000
0000000000000000000000000000000000000
0011111110000000000000000000000000000
0000000000000000000000000000000000000
1111111111111110000000000000000000000
0000000000000000000000000000000000000
0000000000000000000000000000000000000
0000000000000000000000000000000000000
0000000000000000000000000000000000000
0000000000000000000000000000000000000
1111111100000000000000000000000000000
0000000001111111110000000000000000000
0000000000000000000000000000000000000
0000000000000000000000000000000000000
0000000000000000000000000000000000000
0000000000000000000000000000000000000
0000000011111111111111111000000000000
0000000000000000000001111111111100000
0000000000000000000000000000000000000
0000000000000000000000000000000000000
0000000000000000000000000000000000000
0000000000000000000000000000000000000
0000000000000000000000000000000000000
0000000000000000000000000000000000000
0000000000000000000000000000000000000
0000000000000000000000000000000000000
0000000000000000000000000000000000000
0000000000000000000000000000000000000
0111111111111110000000000000000000000
1111100000000000000000000000000000000
0000000000000000000000000000000000000
000000000000100000001000000000000000
000000000000100000001000000000000000
000000000000100000001000000000000000
000000000000100000001000000000000000
000000000000100000001000000000000000
000000000000000000001000000000000000
000000000000000000001000000000000000
000000000000000000001000000000000000
000000000000000000000000000000000000
000000000000000000000000000000000000
000000000000000010000000000000000000
000000000000000010000000000000000001
000000000000000010000000000000000001
000000000000000010000000000000000001
000000000000000010000000000000000001
000000000000000010000000000000000001
000000000000000010000000000000000001
000000000000000010000100000000000001
000000000000000010000100000000000001
000000000000000010000100000000000000
000000000000000010000100000000010000
000000000000000010000100000000010000
000000000000000010000100000000010000
000000000000000010000100000000010000
000000000000000010000100000000010000
000000000000000010000100000000010000
000000000000000000000000000000010000
000000000000000000000000000000010000
000000000000000000000000000000010000
000000000000000000000000000000010000
000000000000000000000000000000010000
000000000000000000000000000000010000
000000000000000000000000000000010000
000000000000000000000000000000010000
000000000000000000000000000000000000
000000000000000000000000000000000000
000000000000000000000000000000000000
8 3 6 1 2 2 2 3 6 8 2 4 2 1 2 1 2 2 3 4 2 2 6 5 4 7 7 2 7 5 5 1 2 1 8 1 5
7 2 3 2 6 8 2 5 4 4 6 3 6 2 4 4 4 1 10 2 3 4 7 8 9 4 1 1 7 2 2 3 7 1 2 7 3
8 2 3 4 4 5 8 2 2 1 5 1 2 1 5 7 8 4 2 9 8 8 3 9 2 10 2 3 2 4 1 10 1 194 3 134 44
1 6 3 2 4 2 5 6 3 3 3 6 4 7 4 2 2 2 7 4 7 2 2 4 7 6 3 3 1 1 3 1 2 63 58 146 300
4 4 9 4 5 8 3 2 1 4 3 1 1 7 3 2 7 7 10 1 5 3 6 8 3 2 47 9 2 317 2 184 140 144 92 1 106
4 7 3 5 1 3 2 5 4 6 3 1 6 3 3 3 7 3 8 9 6 4 2 4 3 104 41 40 117 114 49 6 4 107 67 47 49
1 1 2 2 9 3 2 5 4 1 5 4 2 2 5 6 6 9 5 9 1 1 3 4 79 183 64 248 7 264 43 134 174 237 250 171 136
2 8 5 5 3 3 4 5 8 4 3 3 8 5 5 7 11 11 3 2 3 3 2 3 1 3 4 41 42 141 239 118 87 283 40 152 246
2 1 3 1 2 8 3 6 2 10 1 13 2 10 2 14 2 2 1 1 3 1 10 1 2 6 2 151 266 99 105 48 219 76 56 76 197
1 5 6 3 3 7 1 3 3 7 5 5 6 7 4 4 15 2 2 7 1 3 8 6 1 1 375 142 62 119 119 78 70 51 67 299 89
2 11 8 13 2 9 10 2 6 14 5 6 12 2 3 2 6 10 4 3 5 3 6 4 2 2 289 217 60 146 197 147 137 175 230 335 40
4 15 2 9 11 7 2 5 11 5 7 14 4 2 9 6 11 3 2 3 4 6 4 9 4 88 83 60 119 274 81 169 51 165 92 167 96
1 6 2 5 2 10 3 11 8 3 12 4 4 3 11 3 5 7 4 2 7 1 2 9 56 50 129 58 47 40 287 82 71 122 60 119 338
5 3 8 6 14 2 2 2 5 2 7 3 16 2 3 12 2 2 3 2 5 2 9 3 1 194 142 282 263 210 120 54 47 213 125 121 339
3 1 10 6 2 2 14 4 3 3 6 3 7 2 3 5 5 4 5 2 2 6 2 4 124 111 52 384 106 51 120 322 144 42 206 65 310
4 5 5 6 2 3 2 4 2 15 3 2 10 15 4 6 12 2 2 6 1 1 9 306 88 45 368 210 117 223 81 162 45 80 81 171 2
7 11 6 6 21 6 14 27 2 11 5 9 16 2 2 2 7 2 3 3 2 5 2 111 91 78 87 112 194 271 44 347 40 52 133 213 3
16 3 7 16 16 13 21 27 21 8 4 19 19 7 9 21 9 4 3 6 5 2 4 5 10 1 187 360 63 61 99 42 41 199 240 278 5
15 4 10 4 28 5 9 4 19 7 4 22 11 4 3 19 14 4 1 4 2 4 2 3 3 1 294 161 118 359 188 133 154 218 45 98 4
5 5 11 20 7 6 30 4 14 5 27 11 11 13 12 8 24 2 3 2 1 3 2 2 2 6 6 2 2 96 224 59 155 143 304 287 7
6 7 9 8 19 5 9 10 26 13 15 18 19 4 12 5 8 2 4 6 2 7 4 3 3 2 3 1 4 7 90 96 54 120 318 5 2
6 20 3 20 27 8 19 6 5 11 3 11 7 4 4 14 6 4 5 4 2 2 4 3 2 6 9 2 9 7 73 115 46 2 4 2 5
14 8 5 5 17 5 4 23 7 6 12 5 15 6 117 144 83 139 128 507 646 488 1 8 3 2 1 5 7 1 379 1 5 8 2 8 2
3 10 11 10 3 4 4 4 5 428 20 6 19 3 629 108 718 797 484 254 112 464 1 2 382 3 4 103 7 2 6 2 2 2 9 2 4
17 6 9 6 7 7 12 15 29 218 477 8 550 584 145 184 289 175 158 457 162 209 613 215 125 88 159 88 121 856 4 2 3 7 4 7 5
17 12 7 12 11 4 6 3 21 12 102 328 249 164 116 705 410 96 567 261 203 269 646 354 380 536 381 201 302 115 3 4 2 2 4 5 6
4 11 24 22 5 17 7 13 12 19 742 474 35 309 601 659 554 227 279 115 147 355 173 279 632 9 2 5 3 2 2 2 6 5 8 8 5
4 27 5 4 1 19 13 4 4 6 416 108 267 148 688 252 366 239 320 689 342 274 99 402 144 395 15 148 489 1 5 1 10 8 10 2 1
25 19 12 13 19 5 18 8 10 23 20 216 127 96 176 264 207 111 467 118 256 248 391 206 176 124 325 497 568 6 5 7 9 3 2 3 6
16 22 12 4 10 11 6 7 243 300 6 795 197 542 131 126 124 328 313 681 624 335 102 103 127 529 195 163 779 1 2 2 9 3 1 3 4
3 17 7 5 16 4 3 232 301 89 157 192 312 339 228 158 284 606 326 499 112 202 501 327 98 730 361 353 681 7 2 8 3 8 4 4 5
8 1 9 8 30 14 4 468 269 6 773 264 243 170 692 411 225 524 159 220 374 100 121 102 105 253 1 239 2 1 2 3 2 3 5 2 2
2 5 12 4 30 5 2 3 2 182 149 36 828 162 138 531 127 461 89 208 249 482 843 244 833 2 1 5 3 4 3 8 1 1 3 8 3
2 3 2 4 2 1 9 4 5 175 5 49 313 106 593 192 105 133 205 117 257 719 261 253 370 1 6 8 4 7 6 8 7 4 2 4 2
8 20 25 10 23 17 23 9 11 22 26 17 8 15 5 145 362 192 498 118 118 266 10 395 103 8 3 5 2 6 9 6 6 6 10 3 4
5 24 9 8 18 22 25 3 5 4 24 3 6 13 17 107 148 246 686 111 733 286 5 765 2 5 10 1 3 1 10 4 10 6 1 2 4
7 26 3 5 4 6 3 7 20 7 6 24 4 3 7 3 4 8 234 614 12 11 7 10 8 3 9 4 2 3 1 7 4 7 6 3 4
