23
00000000000000000000000
00000000000000000001111
00000111110001111110000
00000000000000000000000
00000000000000000000000
00000000000000000000000
00000000000000000000000
11000000000000000000000
00011111111000000000000
00000000000000000000000
00000000000000000000000
00000000000000000000000
00000000000000000000000
00000000000000000000000
00000111000000000000000
00011111110000000000000
00000000000000000000000
11111000000000000000000
00000000000000000000000
00000000000000000001111
00000000000000000000000
00000000000000000000000
0000010000000000000000
0000010000000000000000
0000011000000000000000
0000011000000000000000
0000011001000000000000
0000011001000000000000
0000001001000000000000
0000001000000000000000
0000001000000000000000
0000001010001010000000
0000000010001010000000
0000000010001010000000
0000000010001011000000
0000000010001011000000
0000000010001011000000
0000000010001011000001
0000000010001001000001
0000000010001001000001
0000000010001001000001
0000000010001001000001
0000000000000000000000
0000000000000000000000
0000000000000000000000
3 2 3 3 4 4 2 1 3 1 2 1 1 4 2 3 6 2 1 2 10 3 3
4 2 7 10 4 11 6 2 2 1 4 5 4 1 8 2 9 2 3 2 2 2 3
2 9 12 2 2 8 5 4 2 1 3 1 3 6 2 2 4 3 3 83 32 18 9
2 5 2 2 3 9 2 4 4 10 1 7 49 15 45 85 35 25 63 19 14 49 2
3 11 5 7 6 12 4 6 5 6 8 9 2 4 28 52 44 16 22 22 15 80 2
8 3 2 2 3 4 2 10 4 1 2 7 1 55 35 12 29 15 17 76 11 62 24
13 10 6 8 2 14 6 1 9 2 5 2 9 2 29 13 17 31 32 7 17 13 18
2 13 10 2 9 3 8 8 2 1 2 4 6 6 3 1 2 8 1 1 3 8 2
6 8 865 194 7 1 6 4 1 2 10 8 1 2 9 2 1 1 5 3 4 6 8
16 5 426 303 151 342 6 18 4 5 3 2 2 10 3 2 6 3 3 6 3 2 4
10 285 632 882 294 136 354 9 2 8 4 7 7 3 4 9 3 7 2 1 2 7 1
9 704 299 394 246 269 9 6 4 8 3 7 4 1 2 3 2 8 4 3 5 3 6
5 166 619 157 133 300 235 98 2 1 2 3 1 8 7 2 10 9 7 1 10 2 2
8 15 7 256 459 560 397 169 4 5 1 2 5 2 6 4 3 4 2 3 6 1 5
4 12 675 370 958 963 644 107 405 9 2 8 8 2 5 1 2 8 3 8 3 4 2
193 272 206 332 699 517 509 134 964 3 4 4 7 2 5 3 2 6 1 8 8 2 2
237 137 609 849 179 247 7 11 5 3 7 3 6 7 9 1 2 5 9 4 1 4 1
156 402 243 203 344 503 789 11 16 9 1 1 1 5 1 1 2 3 8 7 2 6 6
7 7 3 18 233 403 848 5 4 2 3 6 1 3 9 3 5 5 1 10 1 3 1
4 6 14 3 5 8 112 9 4 4 8 9 7 2 2 10 4 7 10 1 1 1 5
12 18 8 5 2 11 295 3 6 4 2 3 2 5 8 7 3 7 1 6 1 1 4
2 4 7 4 2 4 2 1 2 6 2 4 2 3 2 6 7 5 2 5 1 1 6
1 2 7 4 5 6 2 2 9 4 7 1 1 8 8 1 2 2 5 3 2 3 4
