38
00000000000000000000000000000000000000
00000000000000000000000000000000000000
00000000000000000000000000000000000000
00000000000000000000000000000000000000
00000000000000000000000000000000000000
00000000000000000000000000000000000000
00000000000000000000000001111100000000
00000000000000000000000000000000000000
00000000000000000000000000000000000000
00000000000000000000000000000000000000
00000000000000000000000000000000000000
00000000000000000000000000000000000000
00000000000111000000000000000000000000
00000111000000001111111111111110000000
00000000000000000000000000000000000000
00000000000000000000000000000000000000
00000000000000000000000000000000000000
00000000000000000000000000000000000000
00000000000000000000000000000000000000
00000000000000000000000000000000000000
00000000000000000000000000000000000000
00000000000000000000000000000000000000
00000000000000000000000000000000000000
00000000000000000000000000000000000000
00000000000000000000000000000000000000
00000000000000000000000000000000000000
00000000000000000000000000000000000000
00000000000000011110000000000000000000
00000000000000000000000000000000000000
01111111111111111000000000000000000000
00000000000000000000000000001111000000
00000000000000000000000000000000000000
00000000000000000000000000000000000000
00000000000000000000000000000000000000
00000000000000000000000000000000000000
00000000000000000000000000000000000000
00000000000000000000000000000000000000
0000010000000000000000000000000100010
0000010000000000000000000000000000010
0000010000000000000000000000000000010
0000010000000000000000000000000000010
0000010000000000000000000000000100010
0000000000000000000000000000000100010
0000000000000000000000000000000100010
0000000000000000000000000000000100010
0000000000000000000000000000000100010
0000000000000000000000000000000100010
0000000000000000000000000000000100010
0000000000000000000000000000000000010
0000000000000000000000000000000000010
0000000000000000000000000001000000010
1000000000000000000000100001000000010
1000000000000000000000100001000000010
1000000000000000000000100001000000010
1000001000000000000000100001000000010
1000001000000000000000100001000000010
1100001000000000000000100001000000000
0100001000000000000000100001000000000
0100001000000000000000100001000000000
0100001000000000000000100001000000000
0100001000000000000000100001000000000
0100001000000000000000100001000000000
0100001000000000000000100001000000000
0100001000000000000000100001000000000
0100001000000000000000100001000000000
0100000000000000000000100001000000000
0000000000000000000000100000000000000
0000000000000000000000000000000000000
0000000000000000000000000000000000000
0000000000000000000000000000000000000
0000000000000000000000000000000000000
0000000000000000000000000000000000000
0000000000000000000000000000000000000
0000000000000000000000000000000000000
0000000000000000000000000000000000000
3 2 2 4 5 8 193 344 261 493 134 478 1 10 5 4 3 4 1 9 2 2 4 2 2 2 63 330 124 46 324 40 167 142 95 114 65 192
1 5 9 4 4 2 906 97 198 463 374 7 2 4 4 4 1 6 1 6 7 5 8 1 2 2 2 194 25 201 127 60 331 76 115 263 294 177
2 7 4 1 5 2 248 184 206 255 95 156 7 10 1 3 9 1 7 6 4 7 2 3 4 5 88 139 151 40 62 253 174 48 67 229 189 38
1 1 4 1 1 6 170 135 195 290 130 380 97 1 3 7 2 2 2 1 1 4 5 1 2 1 4 149 2 62 41 92 203 228 119 109 63 45
3 8 2 3 1 2 251 738 291 392 175 629 730 7 2 1 6 5 3 8 2 2 2 6 5 2 5 76 78 330 296 110 338 162 96 346 80 306
7 5 3 3 2 5 9 5 101 209 133 4 3 5 7 8 4 1 2 2 1 9 3 1 1 2 2 2 2 95 106 39 61 116 220 166 66 98
9 1 1 2 2 6 2 5 2 432 357 186 2 9 9 6 8 8 1 1 2 1 3 10 1 6 2 2 2 1 2 83 316 68 66 121 92 180
5 7 5 2 3 1 1 8 4 8 214 421 1 1 2 2 2 9 6 4 4 1 6 3 5 6 3 2 3 10 2 10 154 108 40 303 176 254
2 2 9 6 8 3 9 7 1 2 1 2 5 1 2 2 4 4 5 1 2 2 3 6 1 6 10 2 1 6 3 3 317 36 80 248 54 288
2 3 3 8 5 1 6 2 3 5 2 8 1 4 1 4 3 5 6 2 1 2 4 1 2 1 2 5 1 3 9 2 296 264 352 112 50 232
2 9 3 6 6 1 7 8 4 2 2 3 4 1 6 1 5 2 2 4 6 3 6 5 7 3 3 3 2 6 2 2 96 38 333 242 352 77
5 9 7 9 8 5 2 4 9 9 2 2 3 3 2 3 2 3 3 1 3 1 2 10 7 5 2 2 2 3 3 3 84 175 4 57 56 46
5 2 7 5 4 1 3 5 2 6 1 9 1 2 5 208 3 3 10 9 1 1 1 7 3 1 4 3 4 1 1 28 1 221 9 6 322 106
3 6 3 4 2 9 5 4 6 2 1 6 68 255 101 163 3 2 6 5 4 6 1 9 4 1 2 7 4 4 2 24 18 167 6 2 82 69
4 1 3 3 5 102 253 6 6 3 3 2 50 100 59 328 156 76 75 144 191 99 1 2 3 7 2 9 25 14 12 32 4 5 6 3 282 335
6 85 158 196 206 301 132 7 6 4 2 83 116 57 40 93 62 207 48 300 85 162 64 8 10 13 2 4 7 10 22 6 27 6 2 3 40 105
3 151 173 381 177 131 297 1 2 2 3 7 273 97 100 75 254 85 63 54 108 1 1 3 6 8 4 11 9 6 19 15 5 5 1 4 173 185
2 340 184 244 56 419 268 3 4 2 6 67 192 113 284 68 46 204 77 166 287 6 1 7 2 9 2 4 6 4 13 33 9 5 4 4 244 168
3 472 268 512 98 238 322 5 4 9 68 248 42 42 258 49 323 145 38 283 1 4 2 2 14 4 2 2 13 30 15 9 21 5 2 2 101 55
2 524 110 60 293 91 156 6 2 3 3 2 317 79 332 95 90 82 102 48 2 2 2 3 2 7 2 5 34 4 3 5 5 6 2 9 250 47
306 153 55 503 411 63 69 3 3 5 3 3 42 270 44 75 317 69 292 155 2 2 3 8 10 11 4 4 22 27 33 4 16 3 2 2 77 82
283 343 173 411 91 230 125 3 2 1 1 1 303 5 50 3 320 91 71 98 3 2 6 3 5 9 4 8 6 22 25 19 12 1 9 23 6 206
1 1 56 60 413 60 184 5 8 1 5 3 258 125 7 1 60 105 95 37 8 1 1 3 10 3 14 2 2 23 11 14 27 29 25 6 7 5
6 8 58 476 80 71 283 1 4 3 1 9 42 2 115 1 2 138 116 2 3 9 3 4 6 7 17 3 30 21 6 39 11 14 17 1 3 1
7 2 88 262 108 459 71 1 1 4 4 1 14 1 28 6 1 7 2 8 8 3 2 23 14 11 18 3 26 10 6 30 30 9 40 11 8 4
2 2 235 219 219 412 60 1 2 2 5 102 35 29 48 88 37 77 3 1 3 3 9 13 7 16 26 11 7 21 14 15 5 32 7 26 7 1
6 6 448 79 288 160 326 1 2 7 3 43 27 60 17 107 4 6 8 8 4 9 1 4 6 4 4 6 75 36 10 8 16 36 13 13 79 145
1 2 186 96 194 313 88 2 8 2 55 60 56 115 58 13 29 14 13 88 1 5 4 19 4 4 19 10 70 3 8 14 6 24 14 4 22 125
5 7 506 118 71 538 134 2 2 1 3 22 36 59 43 64 71 32 14 8 6 2 1 7 10 4 10 5 7 3 204 85 32 5 6 8 151 228
19 122 163 161 519 296 168 161 1 2 47 72 26 41 74 33 45 79 89 77 2 2 4 8 3 4 7 9 6 15 13 325 29 5 9 26 71 333
63 58 15 98 36 43 22 3 8 1 2 4 4 1 3 2 95 32 13 1 5 21 8 22 7 3 8 5 4 13 9 24 30 75 568 114 62 66
35 44 43 18 79 130 37 71 2 1 1 6 10 8 1 47 58 22 3 2 6 4 3 9 12 3 5 7 4 204 114 129 10 278 478 137 79 402
41 113 52 125 101 37 25 14 61 9 3 6 7 4 8 7 48 19 1 3 3 5 24 5 17 12 6 36 15 312 210 321 71 153 204 68 257 432
66 18 27 55 45 134 26 115 2 6 2 3 3 5 2 2 2 2 2 20 9 8 5 57 20 6 6 4 107 75 127 113 266 78 130 388 90 102
61 28 31 15 60 55 66 66 9 4 1 5 1 2 4 7 2 5 8 2 2 1 1 18 3 17 22 6 90 26 219 208 82 266 108 340 264 371
28 64 130 103 55 22 135 91 32 22 113 2 5 5 8 10 2 1 2 4 2 3 7 61 23 4 53 32 20 36 2 283 130 139 227 125 289 343
35 17 15 56 49 22 21 38 108 59 2 2 10 2 3 6 3 6 6 1 2 2 3 46 49 84 71 45 40 21 33 116 70 284 427 225 69 517
26 120 81 23 54 16 36 31 1 2 2 9 3 3 8 5 4 2 1 4 1 2 3 22 60 28 34 52 57 6 7 1 1 145 58 67 227 70
