32
00000000000000001111111111000000
00000000000000000000000000000000
11100000000000000000000000000000
00000000000000000000000000000000
00000000000000000000000000000000
00000000000000000000000000000000
00000000000000000000000000000000
00000000000000000000000000000000
00000000000000000000000000000000
00000000000000000000000000000000
00000000000000000000000000000000
00000000000000000000000000000000
00000000000000000000000000000000
00000000000000000000000000000000
00000000000000000000000000000000
00000000000000000000000000000000
00000000000000000000000000000000
00000000000000000000000000000000
00001111111111111110000000000000
00000000000000000000000000000000
00000000000000000111100000000000
00000000000000000000000000000000
00000000000000000000000000000000
00000000000000000000000000000000
00000000000000000000000000000000
00000000000000000000000000000000
00000000000000000000000000000000
00000000000000000000000000000000
00000000000000000000000000001111
00000000000000000000000000000000
00000000000000000000000000000000
0000000000000000000010000000100
0000000000000000000010000000100
0000000000000000000010000000100
0000000000000000000010100000100
0000000000000000000000100000000
0000000000000000000000100000000
0000000000000000000000100000000
0000000000000000000000100000000
0000000000000000000000100000000
0000000000000000000000000000000
0000000000000000000000000000000
0000000000000000000000000000000
0000000000000000000000000000000
0000000000000000000000000000000
0000000000000000000000000000000
0000000000000000000000000000000
0000000000000000000000000000000
0000000000100000000000000000000
0000000000100000000000000000000
0000000000100000000000000000000
0000000000100000000000000000000
0000000000100000000000000100000
0000000000100000000000000100000
0000000000100000000000000100000
0000000000100000000000000110000
0000000000000000000000000110000
0000000000000000000000000110000
0000000000000000000000000110000
0000000000000000000000000110000
0000000000000000000000000110000
0000000000000000000000000100000
0000000000000000000000000000000
10 21 24 7 54 13 50 19 14 15 15 42 11 29 18 25 33 14 4 1 1 1 8 1 5 1 3 8 3 4 5 4
47 10 29 47 57 42 9 9 33 11 20 60 41 12 29 7 12 20 31 29 38 29 10 24 4 1 6 8 1 8 3 2
10 22 22 66 15 23 33 13 20 38 22 23 23 29 30 35 14 7 7 9 46 39 66 34 4 1 6 9 9 8 4 9
10 30 49 10 20 46 26 35 36 11 11 18 42 20 19 67 27 24 35 10 25 10 20 59 7 10 17 14 13 2 4 6
12 7 33 8 32 45 21 47 20 50 21 9 53 8 55 9 7 9 50 56 44 20 43 1 13 28 21 13 9 3 4 4
15 50 22 20 35 41 10 34 7 51 30 7 38 10 7 63 52 23 8 17 29 15 45 14 17 24 8 15 2 3 1 2
13 55 16 21 41 29 9 33 8 24 45 62 20 37 51 10 7 30 53 32 57 23 21 56 25 15 16 43 6 3 1 2
41 15 10 20 26 20 40 8 25 10 47 37 12 16 22 7 11 25 21 13 27 59 20 17 65 19 55 13 62 22 9 17
10 51 28 10 18 20 11 13 44 40 38 37 7 32 8 7 19 13 11 7 17 16 51 7 35 22 41 9 34 65 8 51
19 13 13 30 53 9 22 39 9 42 7 67 51 17 8 41 7 9 35 10 11 61 25 18 49 9 12 11 11 17 17 14
51 10 39 32 9 14 43 15 29 9 21 17 38 41 8 24 15 43 31 13 34 13 11 26 23 16 10 26 58 13 8 3
22 7 19 27 11 23 11 11 25 49 8 32 13 14 9 36 62 44 18 43 8 19 14 7 43 17 27 57 28 18 1 2
30 12 54 9 7 10 47 49 8 51 66 10 49 13 15 50 13 26 62 7 13 12 16 18 8 15 66 15 13 12 2 2
10 24 38 27 10 18 23 56 7 67 11 54 16 32 11 40 41 7 8 8 46 54 51 44 20 14 50 15 65 49 50 4
9 43 13 17 7 8 66 13 10 43 17 45 22 30 36 66 8 52 17 7 21 11 12 15 16 28 9 20 17 16 31 14
9 12 8 56 42 10 42 49 26 21 13 33 23 19 49 54 17 10 10 17 17 54 17 10 40 61 14 23 40 51 21 3
27 33 7 40 14 26 7 59 7 10 20 15 38 8 8 13 39 15 14 44 16 64 57 11 17 63 13 13 13 7 10 2
34 23 13 13 8 15 37 18 28 7 22 10 9 7 21 11 41 8 15 17 62 9 9 15 41 17 9 52 38 31 32 18
18 48 14 24 11 31 53 21 9 12 60 7 8 13 43 7 37 7 8 32 32 12 25 7 10 8 21 61 13 13 8 9
14 12 16 19 8 40 54 37 10 21 58 20 8 16 22 11 7 17 24 21 20 7 51 50 13 13 13 12 8 57 11 39
14 10 10 12 11 29 9 22 13 35 8 26 22 16 8 57 27 17 22 39 25 36 9 25 12 37 24 14 41 44 18 19
23 24 56 24 66 67 12 21 10 48 11 50 14 45 17 11 39 20 50 13 19 66 17 46 38 25 33 11 66 8 22 9
33 8 8 7 13 15 9 9 19 9 12 14 8 11 44 25 10 49 10 22 13 51 34 11 10 30 26 7 14 33 14 16
19 15 13 15 43 7 32 20 12 7 7 13 17 58 27 17 24 40 15 9 7 38 15 11 12 33 9 34 54 15 24 22
15 16 8 30 63 14 64 33 15 23 20 22 10 19 21 14 46 35 25 23 8 36 60 35 11 50 62 35 15 18 37 37
16 7 20 44 41 18 14 28 27 27 56 62 35 15 43 35 9 27 20 28 52 9 19 47 32 12 22 8 7 31 66 37
15 10 11 9 48 34 9 41 33 8 21 53 36 60 22 34 66 7 13 16 31 27 13 57 10 44 14 7 16 57 8 8
16 17 52 8 10 20 9 36 7 22 17 24 56 23 12 47 28 8 48 61 8 35 52 11 23 24 4 19 9 10 8 10
8 31 53 7 7 26 27 27 16 17 23 44 26 8 21 51 14 13 37 14 47 17 8 62 14 39 10 10 30 20 16 15
9 9 7 14 23 26 21 42 16 45 32 24 37 13 36 9 67 48 9 35 14 11 45 40 21 20 6 18 30 36 13 28
58 48 20 43 14 37 12 17 30 15 10 7 60 12 45 22 19 16 11 36 12 10 52 23 10 8 10 43 61 36 26 66
17 23 13 22 30 17 13 48 31 18 7 7 8 26 23 12 7 22 9 12 27 29 38 16 16 8 43 55 64 18 15 46
