33
111000000000000000000000000000000
000000000000000000000000000000000
000000000000000000000000000000000
000000000000000000000000000000000
000000000000000000000000000000000
001111111110000000000000000000000
000000000000000000000000000000000
000000000000000000000000000000000
000000000000000000000000000000000
000000000000000000000000000000000
000000000000000000000000000000000
000000000000000111111111111000000
000000000000000000000000000000000
000000000000000000000000000000000
000000000000000000000000000000000
000000000000000000000000000000000
000000000000000000000000000000000
111111111000000000000000000111111
000000000000011111000000011111110
000000000000000000000000000000000
000000000000000000000011111111100
000000000000000000000000000000000
000000000000000111111000000000000
011111111111111100000000111111111
000000000000000000000000000000000
000000000000000000000000000000000
000000000011110000000000000000000
000000000000000000000000000000000
000000001111111111111000000000000
000000000000000000000000000000000
000111111111100000000000000000000
000000000000000000000000000000000
00000001000000000110000000000101
00000001000001000110000000000101
00001001000001000010000000000101
00001001000001000000000000000101
00001001000001000000000000000101
00001001000001000100000000000100
00001000000001000100000000000100
00001000000001000100000000000100
00001000000001000100000000010100
00001000000001000100000000010101
00001000000001000100000000011001
10001000000001000000000000011001
10001000000000000000000000011001
10001000000000000000000000011001
10000000000001000000000000011001
10000000000001000000000000011001
10000000000001000000000000011001
10000000000001000000000000001000
10000100000001000000000000001000
10000100000001000000000000001000
10000100000001000000000000000000
00000100000001000000000000000000
00000100000001000000000001000000
00000100000000000000000001000000
00000100000000000000000001000000
00000000000000000000000001000000
00000000000000000000000001000000
00000000000000000000000000000000
00000000000000000000000000000000
00000000000000000000000000000000
00000000000000000000000000000000
00000000000000000000000000000000
00000000000000000000000000000000
2 6 2 1 8 2 5 4 11 25 15 19 13 17 15 11 10 3 3 7 3 2 5 6 3 3 3 3 1 3 9 6 2
2 1 2 6 1 4 3 3 8 37 13 21 10 58 25 12 11 7 27 17 9 6 8 7 10 1 5 1 2 6 2 2 4
8 6 2 5 4 4 2 8 9 41 15 29 8 39 16 6 3 26 7 5 4 3 3 1 3 1 3 1 6 6 7 8 6
5 1 2 3 2 4 1 3 13 16 13 10 22 24 16 25 3 378 235 265 129 60 4 2 3 2 8 1 3 3 2 4 6
1 5 4 5 5 3 1 3 23 18 14 54 18 144 7 4 4 182 88 251 246 218 96 5 9 6 7 5 1 8 5 3 7
6 8 5 1 2 2 1 3 16 35 44 12 95 226 22 24 300 261 68 107 85 56 153 1 2 2 2 4 1 4 3 2 9
5 3 8 2 6 5 2 10 4 1 7 88 85 85 19 13 156 387 58 431 332 224 186 235 5 2 5 10 9 8 2 4 2
1 2 1 2 3 3 56 2 7 8 5 93 133 156 6 4 22 6 142 380 108 72 113 153 142 96 2 9 7 4 4 8 2
5 4 1 7 1 83 164 73 136 5 197 46 52 57 6 15 3 21 201 519 503 98 2 1 4 3 2 7 1 1 2 2 3
4 7 5 6 3 194 68 159 278 160 71 109 51 68 175 8 5 13 305 223 429 215 1 2 1 6 2 4 2 1 10 2 5
1 1 6 2 10 73 58 73 87 103 155 48 45 266 42 3 6 20 163 89 256 111 1 4 2 5 3 2 9 8 1 8 9
1 2 1 7 2 2 3 49 48 42 76 85 142 41 120 332 15 3 78 425 230 368 462 5 1 10 7 5 5 3 2 2 7
5 4 4 5 2 4 13 124 65 88 365 58 51 113 60 31 67 57 253 63 2 2 2 2 1 3 3 6 2 1 8 9 4
4 1 1 2 6 5 5 9 67 57 57 57 174 55 66 52 180 75 51 113 1 11 1 4 8 2 11 3 1 3 6 5 4
6 5 2 5 6 2 5 7 4 52 60 116 262 33 37 97 99 10 114 2 3 2 11 3 3 10 10 1 4 8 3 9 7
2 10 2 2 2 4 10 7 11 2 95 89 27 228 82 258 42 54 1 5 3 11 2 3 4 6 3 2 5 6 4 1 4
1 8 2 2 2 3 1 2 4 6 8 2 150 68 38 264 5 3 10 3 7 2 1 10 6 2 9 10 2 2 7 6 4
4 8 3 4 7 3 6 6 5 2 3 2 2 239 30 2 19 13 3 1 8 2 4 5 1 9 4 2 3 2 6 2 4
4 5 3 2 2 2 9 5 10 6 2 6 4 234 9 1 5 4 4 12 13 8 7 4 2 1 3 2 7 8 3 5 17
3 5 8 3 6 9 5 2 3 2 2 3 4 5 2 13 5 2 3 3 11 18 2 2 9 4 2 4 4 5 4 12 4
7 5 8 8 1 2 9 8 9 2 9 3 6 4 2 18 2 9 17 11 8 9 5 7 6 3 2 6 7 14 11 3 7
6 3 3 2 2 2 2 9 1 1 4 3 2 2 16 21 3 5 17 12 4 5 2 14 2 4 11 11 6 4 10 8 14
9 5 2 3 2 5 10 8 2 3 2 2 7 2 6 12 12 8 8 16 4 9 2 17 2 5 6 9 3 2 3 2 3
1 4 2 3 9 1 3 9 1 4 3 2 2 3 2 5 9 5 4 2 10 3 4 2 2 7 13 9 13 7 13 4 17
8 2 3 12 3 1 545 355 415 102 830 5 2 4 9 2 6 7 2 4 4 3 1 7 7 4 4 2 2 1 2 6 2
1 3 4 27 55 87 411 679 677 508 426 380 9 3 2 2 5 2 12 1 9 7 5 7 2 3 1 5 2 1 5 4 4
2 89 84 23 57 71 13 552 355 177 904 265 392 2 2 2 4 2 1 11 2 8 7 3 21 2 2 1 2 1 2 1 1
2 50 29 38 15 21 14 524 134 177 251 6 3 3 3 6 2 2 7 2 8 6 4 13 3 2 2 1 1 5 10 5 3
13 60 44 18 29 68 14 107 354 310 497 12 10 14 6 1 8 8 2 2 4 4 8 3 3 3 2 3 3 5 5 7 2
29 71 64 16 95 37 25 33 18 3 1 2 4 1 5 6 1 1 3 2 9 3 8 3 2 2 4 3 2 5 6 2 5
29 32 20 59 58 70 27 35 42 1 2 2 2 1 7 1 1 1 4 10 3 1 2 5 1 3 4 3 2 5 2 4 2
101 41 63 4 10 10 3 1 1 5 9 4 6 5 9 5 2 9 2 2 4 5 9 5 4 5 1 2 5 5 4 2 7
81 29 44 63 2 5 10 1 9 1 9 4 9 1 10 9 3 2 7 8 8 4 5 9 2 7 2 2 1 2 2 3 3
