22
0000000000000000000000
0000000000000000000000
0000000000000000000000
0000000000000000000000
0000000000000000000000
0000000000000000000000
0000000000000000000000
0000000000000000000000
0000000000000000000111
0000000000000000000000
0000000011111111100000
0000000011111111000000
0000000000000000000000
0000000000000000000000
0000000000000000000000
0000000000000000000000
0000000000000111111000
0000000000000000000000
0000000000011111111000
0000000000000000000000
0000000000000000000000
101000000000000000010
101000000000000000010
100000000000000010010
100000000000000010000
100000000000000010000
100000000000000010000
000000000000000010000
000000000000000010000
000000000000000010000
000000000100000010001
000000000100000010001
000000000100000010001
000000000100000010001
000000000100000000001
000000000100000000001
000000000110000000001
000000000110000000001
000000000110000000001
000000000100000000001
000000000100000000001
000000000100000000000
000000000000000000000
8 8 8 9 4 8 4 4 7 5 16 2 1 8 2 3 2 4 6 3 1 2
7 17 32 2 4 8 4 3 1 9 8 1 1 2 6 9 7 2 3 2 8 8
4 6 6 3 4 7 25 14 3 4 2 1 1 2 4 2 9 4 2 8 3 3
1 17 14 6 7 3 9 7 5 2 4 2 1 2 8 2 1 1 27 10 1 5
5 11 12 15 9 20 6 2 5 4 1 1 3 2 3 1 9 14 12 6 9 2
19 13 9 9 17 8 21 1 2 9 7 2 4 4 2 4 5 13 20 6 5 3
16 11 22 7 4 5 2 1 3 3 5 1 2 5 2 6 2 11 7 4 7 6
19 10 14 11 21 9 3 2 2 2 5 4 3 2 1 9 2 19 4 10 5 3
10 3 31 7 3 12 3 1 8 2 3 3 1 1 6 8 8 30 15 19 2 2
3 8 1 2 4 2 5 2 4 4 7 2 1 2 2 5 3 14 4 8 19 3
4 3 3 2 2 1 5 1 7 1 1 6 1 6 8 8 1 5 13 23 11 7
1 3 8 56 1 1 2 6 1 1 4 2 1 2 4 5 2 6 9 5 22 2
17 36 64 51 9 21 5 2 4 6 8 2 4 8 2 4 1 5 7 26 4 7
18 24 23 14 2 15 2 3 2 5 1 1 6 3 20 17 18 455 578 89 72 4
52 42 7 64 4 11 7 9 3 4 2 4 4 1 14 17 4 28 114 20 116 5
27 38 7 23 5 12 5 16 2 1 5 4 1 2 4 9 276 80 29 46 69 4
29 17 27 34 19 2 10 17 22 9 8 10 2 2 16 24 87 15 79 14 84 5
17 10 28 31 9 66 19 21 13 8 1 2 3 5 7 6 2 91 18 41 91 78
48 14 13 15 9 8 10 11 4 18 1 1 1 2 63 28 14 66 28 82 94 21
39 62 10 5 21 17 20 2 17 2 6 2 2 1 739 542 23 17 67 36 51 74
14 20 29 59 5 2 2 4 5 4 2 2 2 4 567 16 77 99 102 15 112 46
60 23 11 20 61 1 5 5 2 4 2 4 5 8 282 52 22 57 24 38 49 51
