28
1111111000000000000000000000
0000000000000000000000000000
0000000000000000000000000000
0000000000000000000000000000
0000000000000000000000000000
0000000000000000000000000000
0011111111110000000000000000
0000000000000000000000000000
0000000000000000000000000000
0000000000000000000000000000
0000000000000000000000000000
0000000000000000000011100000
0000000000000000000000000000
0000000000000000000000000000
0000000000000000000000000000
0000000000000000000000000000
0000000000000000000000000000
0000000000000000000000000000
0000000000000000000000000000
0000000000000000000000000000
0000000000000000000000000000
0000000000000000111111111000
0000000000000000000000000000
0000000000000000000000000000
0000000001110000000000000000
0011111111111111000000000000
0000000000000000000000000000
000000000000100000000000000
000000000000100000000000000
000000000000100001000000000
000000000000100001000000000
000000000000100001000000000
000000000000000001000000000
000000000000000001000000000
000000000000000001000000000
000000000000000000000000000
000000000000000000000000000
000000000001000000000010000
000000000001000000000010001
000000000001000000000010001
000000000001000000000010001
000000000001000000000010001
000000000001000000000010001
000000000001000000000010001
000000000001000000000010000
000000000001110010000010000
000001000001110010000010000
000001000001110010000010000
000001000001000010000010000
000001000001000001000001000
000000000001000001000001000
000000000000000001000001000
000000000000000000000000000
000000000000000000000000000
000000000000000000000000000
2 9 3 5 7 186 87 312 101 184 42 131 91 6 2 4 3 10 2 3 8 8 2 7 5 13 4 1
8 4 99 298 50 54 91 288 88 231 183 124 117 7 5 11 2 9 2 8 11 10 3 2 8 2 7 6
2 8 107 66 276 124 88 144 87 132 255 130 125 6 2 5 12 6 7 6 2 3 2 9 2 13 3 11
2 5 42 69 89 93 82 145 124 131 65 219 326 7 10 8 11 6 8 5 1 10 9 6 5 3 4 6
63 50 55 255 89 326 176 62 113 108 357 50 110 5 10 3 2 8 2 2 2 4 7 7 13 2 3 8
3 355 4 53 108 80 48 314 247 102 219 183 351 7 4 1 12 7 2 6 3 8 6 7 3 2 3 8
10 10 4 5 2 1 7 116 52 46 216 211 37 29 104 98 9 8 2 3 10 3 2 6 12 3 2 2
6 6 1 10 2 5 8 10 1 1 1 2 54 23 34 47 1 3 6 9 9 3 5 3 7 8 2 21
2 8 1 1 4 6 9 9 2 1 127 66 45 43 107 18 1 149 4 2 1 6 8 3 2 4 30 37
3 9 7 3 3 6 1 25 115 92 18 58 37 169 85 77 167 40 6 4 6 2 10 9 9 12 46 60
3 4 9 5 10 1 7 1 19 75 139 38 26 32 82 34 75 24 6 8 2 4 8 15 2 2 12 5
1 5 9 1 1 7 2 2 5 8 1 3 21 74 19 66 22 34 4 2 5 2 3 10 35 24 27 1
2 3 2 8 1 1 4 3 9 7 7 6 21 1 124 89 2 1 2 2 6 3 2 73 34 11 39 1
1 9 2 1 6 15 1 7 5 2 2 1 54 3 3 2 2 3 2 19 3 21 24 21 11 51 12 2
4 3 9 2 11 83 5 6 6 7 2 5 3 4 2 1 4 2 8 4 3 26 7 38 33 34 42 5
3 3 1 11 65 15 12 3 70 4 2 1 2 9 3 2 7 6 3 1 3 6 14 23 19 49 13 44
9 68 15 14 35 47 13 17 45 68 4 1 5 2 2 7 6 5 1 5 3 25 8 48 10 12 12 45
40 39 35 18 43 11 10 5 7 4 2 2 1 5 7 2 8 1 11 4 4 12 5 36 12 23 41 48
13 67 12 81 10 19 8 3 1 2 2 5 5 7 2 3 1 8 4 5 13 17 17 28 48 24 62 16
65 11 24 13 13 44 35 73 2 2 1 9 5 9 3 1 8 1 7 9 7 14 16 11 9 66 10 34
20 56 18 45 74 75 18 43 12 4 6 3 5 4 4 1 8 3 3 17 12 8 5 34 10 25 53 11
42 38 79 32 13 42 26 2 2 5 2 5 5 4 1 3 3 7 3 1 6 9 6 11 10 26 25 57
26 68 9 56 61 49 8 1 7 2 5 6 6 8 5 1 2 4 3 7 9 8 2 6 31 22 43 28
17 19 34 39 24 10 3 1 2 7 1 4 1 4 1 5 2 3 3 5 5 9 10 2 20 20 23 13
12 11 39 22 11 14 59 7 7 1 2 8 4 6 2 4 2 9 8 2 2 9 8 4 19 33 85 57
18 38 39 32 21 56 5 2 10 7 2 2 2 3 1 2 4 9 8 2 4 8 1 5 44 13 38 75
10 36 35 4 7 3 3 7 8 5 1 5 1 7 5 6 2 4 4 8 3 3 5 5 30 9 11 13
15 22 4 1 9 4 3 2 6 1 3 7 4 2 1 6 6 1 2 2 2 4 1 7 3 36 21 66
