29
00000000000000000000000000000
00000000000000000000000000000
00000000000000000000000000000
00000000000000000000000000000
00000000000000000000000000000
00000000000000000000000000000
00000000000000000000000000000
00000000000000000000000000000
00000000000000000000000000000
00000000000001111110000000000
00000000000000000000000000000
00000000000000000000000000000
00000000000000000000000000000
00011111111111111000000011111
00000000000000000000000000000
00000000000000000000000000000
00000000001111111111000000000
00000011111111111111000000000
00000000000000000000000000001
00000000001111100000000000000
00000000000000000000000000000
00000000000000001111111100000
00000001111111111000000000000
00000000000000000000000000000
00000000000000000000000000000
00000000000000000000000000000
00000000000000000000111111111
00000001111111111100000000000
0000000000010010100001000100
0000000000000010100001000100
0000000000100010100001000100
0000000000100010100001000100
0000000000100010100001000100
0000000000100010100001000100
0000000000000000000001000100
0000000000000000000001000100
0000000000000000000000000000
0000000000000000000000000000
0000001000000000000000000000
0000001000000000000000000000
0000001000000000000000000000
0000001000000000000000000000
0000001000000000000000000100
0000001000000000000000000100
0000001000000000000000000100
0000001000000000000000000100
0000001000000000000000000100
0000001000000000000010000100
0000001000000000000010000100
0000001000000000000010000000
0000001000000000000010000000
0000000000000000000010000000
0000000000000000000010000000
0000000000000000000010000000
0000000000000000000000000000
0000000000000000000000000000
0000000000000000000000000000
5 9 4 1 4 1 3 4 2 1 8 6 6 8 2 2 3 140 29 111 31 20 1 1 2 8 8 4 8
6 3 3 9 4 2 2 1 3 7 3 4 3 2 2 4 3 86 21 22 38 23 7 7 3 1 3 6 3
2 2 3 6 2 1 2 7 1 1 4 2 4 7 8 1 1 92 158 99 29 136 7 1 8 3 6 8 3
8 2 4 2 4 6 9 3 3 5 2 3 9 3 6 5 1 18 72 74 43 131 10 5 1 5 7 3 3
3 1 5 3 20 4 6 12 5 13 7 1 2 2 4 102 32 158 18 34 29 147 2 2 4 2 9 2 4
2 6 2 9 11 5 3 11 19 5 3 4 3 3 2 89 20 17 20 84 84 51 6 5 1 5 5 2 2
2 7 3 11 20 6 5 8 8 6 18 5 4 74 20 72 154 79 30 47 116 129 1 3 6 1 4 3 2
6 2 6 5 3 2 3 13 3 6 2 11 8 5 4 23 80 20 40 23 128 39 9 4 7 1 3 1 1
4 3 11 9 17 6 14 3 7 4 5 4 5 6 12 132 21 2 58 73 20 146 159 4 3 7 1 2 10
1 2 2 18 16 4 8 20 3 4 14 9 4 5 5 9 23 44 20 75 29 18 5 3 3 3 5 65 56
8 2 4 8 2 3 7 15 3 5 3 17 7 12 2 6 6 118 81 44 26 225 51 210 7 282 267 35 97
38 8 4 6 7 18 5 9 9 2 17 7 3 11 3 14 5 106 74 48 4 89 202 35 46 223 166 60 2
98 6 2 3 2 2 5 7 9 3 21 15 4 7 6 3 13 3 3 5 76 81 272 36 218 207 69 258 73
28 112 1 1 2 7 1 20 3 2 3 4 2 7 10 6 16 8 2 7 18 2 135 193 322 38 71 88 38
49 103 25 26 30 26 3 6 3 1 2 1 1 3 2 4 3 14 5 3 8 132 173 203 159 3 2 1 1
218 125 82 152 41 134 8 2 2 9 7 2 7 4 2 7 19 3 2 17 7 3 1 7 1 3 2 5 2
42 183 132 74 47 118 74 4 7 2 2 6 1 1 2 3 4 13 4 1 11 4 14 9 1 3 1 7 8
23 88 171 28 197 26 2 3 1 2 9 4 3 1 8 4 2 1 2 7 4 1 2 2 1 10 2 9 2
5 2 8 3 136 104 9 3 4 3 3 4 8 1 4 4 2 2 1 8 7 5 6 4 6 2 6 4 10
5 2 10 7 2 6 6 1 3 2 3 2 7 4 2 4 1 9 1 6 5 3 8 3 2 2 3 2 4
8 1 11 6 6 7 5 2 2 4 2 2 1 7 4 4 7 1 4 4 2 1 1 3 5 8 1 1 6
4 5 7 4 2 7 8 2 3 2 4 2 3 6 3 8 1 2 2 6 2 5 6 6 9 1 3 2 3
7 2 6 2 2 5 1 1 1 5 3 3 1 3 2 5 3 9 9 2 2 10 7 5 5 3 9 1 7
8 6 6 11 1 10 3 1 2 2 1 2 2 2 2 3 2 2 3 5 2 3 3 5 6 4 3 2 1
189 1 3 11 95 23 4 6 1 5 5 4 10 5 1 2 3 3 2 1 10 2 2 2 2 2 1 4 2
4 6 4 8 49 66 1 8 8 3 2 3 1 7 5 3 8 2 5 2 3 1 3 5 1 2 8 6 8
6 4 2 1 152 5 2 2 1 8 1 2 5 9 3 3 2 5 5 2 7 1 2 5 9 8 2 6 2
4 4 4 9 44 1 1 1 3 4 3 1 1 2 1 2 8 3 3 5 3 9 7 1 1 9 6 5 3
8 2 4 3 1 5 8 4 2 5 6 2 3 2 1 8 8 1 6 1 9 2 1 8 4 6 10 8 4
