23
00000000000000000000000
00000000000000000000000
00000000000000000000000
00000000000000000000000
00000000000000000000000
00000000000000000000000
11000000000000000000000
00000000000000000000000
00000000000000000000000
00000000011111110000000
00000000000000000000000
00111111111111100000000
11111111100000000000000
00000000000000000000000
00000000000000000000000
00000000000000000000000
00000000000000000000000
00000000000000000000000
00000000000000000000000
00000000000000000000000
00000000000000000000000
00000000000000000000000
0101001000000001000000
0101001000000001000000
0101000000000001000000
0100000000000001000000
0000000000000001000000
0000000000000000000000
0000000000000000000000
0000000000000000000000
0000000000000000000000
0000000000000000000000
0000000000000000000000
0000000000000000000000
0000000000000000000000
0100000000000000000000
0100000000000000000000
0100000000000000000000
0100000000000000000000
0100000000000000000000
0100000000000000000000
0000000000000000000000
0000000000000000000000
0000000000000000000000
0000000000000000000000
1 2 8 1 1 3 3 8 2 4 6 3 4 3 13 8 94 56 357 199 79 280 89
7 5 6 8 1 8 8 1 18 6 5 2 7 12 4 4 174 87 384 169 254 159 154
3 2 8 3 2 4 2 3 4 19 13 17 4 3 2 11 235 227 169 288 139 2 409
7 3 2 5 3 4 2 3 14 3 4 15 13 5 19 7 2 415 173 249 86 54 262
9 2 5 2 2 7 12 19 3 2 6 8 19 4 3 19 5 459 221 122 52 248 160
4 1 2 8 7 5 1 5 11 6 11 3 13 5 11 12 2 103 60 498 434 393 3
5 6 2 10 2 4 4 5 4 15 6 3 3 14 5 8 14 4 370 296 460 6 8
4 3 7 1 1 5 14 5 8 3 6 10 19 18 13 10 2 2 3 94 113 97 2
2 6 1 2 1 4 2 18 1 9 5 2 6 3 3 33 8 13 2 6 7 2 13
6 5 1 2 4 4 4 1 1 1 8 2 1 5 1 12 79 39 21 3 9 6 2
9 1 2 3 2 9 1 2 2 2 5 8 5 1 28 48 97 22 112 59 67 6 12
2 2 7 1 2 1 4 1 8 5 8 4 4 3 2 90 28 35 19 12 29 3 3
1 3 4 1 1 4 1 5 5 2 6 4 1 2 2 88 21 12 45 70 9 4 63
89 6 1 2 7 2 2 6 6 5 3 3 7 2 110 15 70 54 146 48 43 16 107
66 19 3 1 3 8 2 4 1 2 6 5 4 9 8 21 58 79 64 20 49 36 49
21 87 10 4 2 2 4 9 10 6 5 4 1 1 2 10 28 17 68 133 69 23 3
92 113 2 2 1 6 1 4 5 3 1 4 4 20 104 25 77 43 58 26 6 1 4
122 20 62 20 9 36 4 2 5 6 8 3 2 29 47 81 125 129 17 20 96 3 9
47 79 89 48 23 21 3 2 1 4 3 4 6 18 140 27 89 32 112 40 1 7 3
174 34 24 97 142 8 3 1 6 1 3 4 1 74 100 48 21 22 38 20 156 9 6
31 65 165 85 61 75 26 3 2 4 1 2 4 1 56 84 23 38 21 46 1 2 2
29 49 26 117 26 69 169 2 4 5 2 2 1 9 3 38 114 94 1 125 3 9 9
89 42 92 1 52 81 1 8 4 3 9 8 1 1 6 1 35 21 97 21 1 1 2
