36
000000000000000000000000000000000000
000000000000000000000000000000000000
000000000000000000000000000000000000
000000000000000000000000000000000000
000000000000000001111111111100000000
000000000000000000000001111111110000
000000000000000000000000000000000000
000000000000000000000000000000000000
000000000000000000000000000000000000
000000000000000000000000000000000000
000000000000000000000001110000000000
000000000000000000000000000000000000
000000000000000000000000000000000000
000000000000000000000000000000000000
000000000000000000000000000000000000
000000000000000000000000000000000000
000000000000000000000000000000000000
000000000000000000000000000000000000
000000000000000000000000000000000000
000000000000000000000000000000000000
000000000000000000000000000000000000
000000000000000000000000000000000000
000000000000000000000000000000000000
000000000000000000000000000000000000
000000000000000000000000000000000000
000000000000000000000000000000000000
000000011111110000000000000000000000
000000000000000000000000000000000000
000000000000000000000000000000000000
000000000000000000000000000000000000
000000000000000000000000000000000000
000000000000000000000000000000000000
000000000000000000000000000000000000
000001111000000000000000000000000000
000000000000000000000000000000000000
00000000000000000000000000000000000
00000000000000000000000000000000000
00000000000000000000000000000000000
00000000000000000000000000000000000
00000000000000000000000000000000000
00000000000000000000000000000000000
00000000000000000000000000000000000
00000000000000000000000000000000000
00000000000000000000000000000000000
00000000000000000000000000000000000
00000000000000000000000000000000000
00000000000000010000000000000000000
00000000000000010000000000000000000
00000000000000010000000000000000000
00000000000000010000000000000000000
00000000000000010000000000000000000
00000000000000010000000000000000000
00000000000000010000000000000000001
00000000000000000000000010000000001
00000000000000000000000010000000001
00000000000000000000000010000000001
00000000000000000000000010000000001
00000000000000000000000010000000001
00000000000000000000000010000000001
00000000000000000000000010000000001
00000000000000000100000010000000001
00000000000000000100000010000000001
00000000000000000100000010000000001
00000000000000000100000010000000001
00000000000000000000000010000000001
00000000000000000000000010000000001
00000000000000000000000000000000001
00000000000000000000000000000000001
00000000000000000000000000000000001
00000000000000000000000000000000001
00000000000000000000000000000000000
2 2 6 3 1 7 7 7 3 3 7 8 11 5 6 4 1 7 2 9 5 9 3 2 7 2 1 1 7 3 3 1 1 2 2 5
10 4 4 9 2 5 3 3 14 7 13 8 34 4 5 5 1 3 2 5 10 8 2 2 2 3 3 6 4 5 3 2 10 9 5 9
3 2 3 2 2 4 1 6 1 9 9 20 27 8 10 8 4 5 3 10 3 5 2 1 2 7 7 1 1 3 9 10 3 6 4 2
1 3 1 9 10 11 9 21 5 15 23 10 7 9 5 35 6 5 3 1 5 6 2 1 10 8 1 3 2 9 1 2 9 1 1 1
3 2 9 11 12 9 23 11 22 7 6 11 25 5 4 7 14 6 3 2 3 9 3 8 5 2 4 2 4 2 8 2 1 5 7 7
1 2 24 8 30 13 14 4 9 27 15 6 12 35 23 12 4 13 2 7 4 4 8 3 3 3 2 2 1 2 1 3 3 6 3 1
4 1 35 6 7 11 29 4 35 9 25 13 25 10 10 5 5 18 3 2 9 2 1 6 3 2 3 1 10 4 2 3 1 2 6 3
4 1 1 1 4 17 11 14 17 12 15 7 6 10 19 181 95 6 29 3 7 4 2 2 3 3 2 2 2 3 3 3 3 3 1 3
2 4 10 7 23 7 6 15 19 386 63 125 6 83 265 74 325 92 21 2 2 3 9 1 1 10 1 6 4 5 6 6 2 4 2 3
1 3 2 4 15 25 9 24 6 16 25 96 170 382 81 118 63 77 4 3 2 2 2 2 2 4 7 3 4 6 7 10 4 4 6 1
2 2 1 5 1 8 4 18 4 6 12 63 185 189 313 75 356 76 343 3 1 2 4 8 3 2 4 1 9 4 6 3 7 8 8 1
2 4 1 5 4 7 1 16 21 82 353 56 304 43 322 49 94 231 411 1 7 1 2 2 1 2 4 6 2 8 1 3 1 1 8 8
1 8 10 3 2 2 4 5 1 48 382 194 80 223 74 249 1 265 2 3 9 8 7 3 2 8 7 2 6 5 2 1 4 4 3 7
5 4 8 3 20 9 2 3 4 47 96 43 255 306 168 133 4 10 2 4 5 9 2 7 8 2 9 4 8 1 2 7 6 2 9 1
3 4 4 14 47 1 1 1 8 106 44 160 167 147 46 310 8 2 1 2 3 7 3 2 5 10 7 9 9 6 3 4 1 1 9 2
1 4 13 12 21 1 254 244 46 348 100 106 284 91 58 111 1 211 408 3 1 6 8 5 4 3 5 4 1 4 5 5 2 6 8 6
21 14 49 29 31 37 12 77 193 171 63 70 270 144 397 237 162 213 166 5 4 5 3 7 1 2 1 1 2 2 2 8 3 4 7 1
22 14 7 14 24 10 12 118 56 242 217 46 156 82 361 327 89 58 96 331 1 126 2 3 8 9 4 6 1 1 4 2 7 2 7 7
18 7 42 6 13 23 27 3 183 89 47 191 305 50 43 171 52 57 64 97 2 98 140 1 1 2 2 1 2 3 7 4 9 2 1 6
17 27 36 11 20 8 48 67 50 119 294 69 46 115 164 95 96 310 114 280 381 314 63 1 5 3 2 3 2 3 1 2 2 6 7 4
11 44 42 15 30 18 6 39 5 180 201 66 57 53 58 198 52 54 295 166 363 70 316 5 2 3 7 2 3 9 2 6 1 5 5 2
9 23 6 12 5 40 35 28 6 87 88 229 130 59 45 242 199 81 121 292 157 295 19 10 2 7 1 5 1 3 2 2 2 8 6 8
36 6 13 14 6 5 18 39 16 38 13 220 387 152 238 77 324 177 233 340 90 287 16 3 5 2 8 1 2 2 1 1 1 4 5 2
28 15 16 26 34 36 6 40 32 347 315 199 59 6 44 89 95 132 102 18 18 6 15 4 4 2 1 6 4 4 2 3 6 5 2 2
21 33 28 36 34 11 28 12 28 228 52 80 63 85 376 311 140 342 124 101 10 3 3 4 1 2 3 8 4 3 9 1 2 2 8 1
44 34 6 27 13 19 13 42 27 242 413 79 45 201 146 145 86 51 108 57 2 4 1 4 10 4 5 2 8 3 5 3 2 4 5 1
6 14 45 30 7 21 17 20 50 99 14 25 110 414 55 68 76 153 2 3 7 2 3 3 1 4 2 1 9 3 3 10 5 1 2 2
8 45 7 7 6 26 39 14 8 10 44 18 22 3 17 303 411 258 8 1 7 1 6 5 1 4 8 3 2 8 2 4 3 7 2 5
39 28 5 22 16 15 13 7 28 46 9 8 6 17 6 3 1 7 9 3 1 5 3 2 1 6 10 2 8 1 3 6 2 7 1 5
11 30 6 18 13 35 7 9 6 9 9 10 46 7 3 3 2 5 2 2 5 3 3 3 2 2 2 5 3 5 4 7 2 3 5 3
15 45 14 12 26 17 20 10 9 7 48 50 17 5 3 7 7 2 2 2 1 3 9 7 3 2 2 5 2 1 2 2 3 9 3 3
7 8 5 11 13 8 30 12 29 20 10 8 13 11 2 3 6 5 6 1 9 6 3 2 7 10 2 4 3 1 3 3 7 1 3 1
37 38 29 24 30 14 6 16 9 25 36 14 17 5 6 2 2 1 2 2 7 2 1 1 3 1 6 9 1 2 6 8 5 1 2 3
10 20 8 7 25 6 29 15 7 8 27 22 8 30 27 2 4 5 1 6 6 2 3 3 6 1 3 5 1 5 2 3 1 4 4 2
10 10 20 13 9 11 28 13 12 23 36 39 20 13 9 3 7 2 4 7 3 5 6 1 7 3 8 5 4 3 3 4 3 2 9 6
2 28 5 19 33 10 21 31 18 5 4 9 7 9 2 1 2 3 5 2 1 5 9 2 8 2 5 7 4 2 1 2 2 1 2 7
