25
0000000000000000000000000
1111111100000000000000000
0000000000000000000000000
1111100000000000000000000
0000000000000000000000000
0000000000000000000000000
0000000000000000000000000
0000000000000000000000000
0000000000000000000000000
1111111000000000000000000
0000000000000000000000000
0000000000000000000000000
0000000000000000000000000
0000000000000000000000000
0000001111000000000000000
0000000000000000000000000
0000000000000000000000000
0000000000000000000000000
0000000000000000000000000
0000000000000000000000000
0000000000000000000000000
0000000000000000000000000
0000000000000000000000000
0000000000000000000000000
000000000000000000000000
000000000000000000000000
000000000000000000000000
000000000000000000000000
000000000000000000000000
000000000000000000000000
000000000000000000000000
000000000000000000000000
000000000000000000000000
000000000000000000000000
000000000000000000000000
000000000000000000000000
000000000000000000000000
000000000000000000000000
000000000000000000000000
000000000000000000000000
000000000000000100000000
000000000000000100000000
000000000000000100000000
000000000000000100000000
000000000000000100000000
000000000000000100000000
000000000000000100000000
000000000000000100000000
000000000000000000000000
74 19 24 18 48 19 37 41 46 80 36 14 5 7 1 9 3 3 13 16 2 1 3 3 4
46 79 37 39 33 27 120 110 78 84 19 38 2 2 1 3 7 7 11 2 16 2 2 2 3
2 3 8 5 3 1 2 9 123 15 97 36 21 6 13 4 18 6 13 4 10 6 8 3 7
5 1 3 1 1 3 2 8 127 46 75 80 93 8 2 2 8 6 8 3 2 6 6 2 1
2 6 5 2 2 2 4 39 99 19 26 135 6 5 7 16 6 2 14 7 6 3 1 2 3
2 6 5 1 1 3 2 6 59 1 1 3 7 6 6 18 11 8 2 19 14 9 9 2 1
1 5 8 9 2 2 1 1 5 10 1 10 1 1 1 3 7 3 13 2 1 3 5 2 1
7 1 1 2 1 1 6 2 8 4 9 3 1 4 8 1 11 4 3 1 6 8 3 1 2
4 1 1 1 2 6 1 1 8 2 1 3 7 3 1 7 7 3 9 3 11 6 1 1 12
9 7 9 2 5 2 2 2 2 2 6 117 2 1 5 1 5 1 3 6 2 3 3 4 6
3 8 4 3 2 8 2 3 2 2 192 129 1 4 2 2 48 4 1 2 5 3 2 2 1
6 1 7 7 1 2 6 2 1 3 63 168 194 48 120 152 102 131 2 6 3 12 11 1 5
48 22 18 43 3 8 2 4 92 83 261 93 290 60 69 58 131 159 281 3 2 8 3 10 4
12 40 9 11 8 27 3 6 4 97 206 328 294 197 415 9 47 111 69 4 5 4 6 13 4
16 19 18 6 40 6 3 296 178 148 63 82 64 161 62 206 5 49 55 22 59 2 9 3 1
8 29 25 13 15 22 6 11 2 166 266 61 177 51 4 2 7 49 357 56 18 10 2 29 43
2 9 10 26 21 42 43 9 11 29 5 319 61 295 208 3 1 77 60 72 35 12 6 21 46
7 32 8 5 29 10 3 5 4 7 197 118 238 109 395 9 4 29 77 6 3 78 85 14 78
48 33 21 7 43 7 2 3 2 2 2 4 4 173 2 4 1 4 11 2 4 38 62 5 3
38 2 13 8 41 6 2 7 1 1 8 7 1 4 1 4 3 37 105 3 3 3 5 9 9
2 3 2 6 6 10 1 4 1 8 4 1 1 1 3 2 38 75 18 21 2 4 2 2 4
9 7 4 3 1 6 9 4 3 2 2 2 1 7 6 4 6 106 23 21 31 38 17 2 6
3 6 5 3 1 1 10 1 7 6 1 3 3 5 1 2 18 21 156 18 51 25 2 6 4
1 3 1 2 5 10 9 4 3 1 2 10 1 5 4 1 1 160 44 122 24 25 20 87 3
4 3 1 2 4 1 9 3 4 4 2 4 1 7 3 68 106 43 65 71 31 45 23 2 3
