40
0000000000000000000000000000000000000000
0000000000000000000000000000000000000000
0000000000000000000000000000000000000000
0000000000000000000000000000000000000000
0000000000000000000000000000000000000000
1111111111100000000000000000000000000000
0000000000000000000000000000000000000000
0000000000000000000000000000000000000000
0000000000000000111111111111110000000000
0000000000000000000000000000000000000000
0000000000000000000000000000000000000000
0000000000000000000000000000000000000000
0000000000000000000000000000000000000000
0000000000000000000000000000000000000000
0000000000000000000000000000000000000000
0000000000000000000000000000000000000000
0000000000000000000000000000000000000000
0000000000000000000000000000000000000000
0000000000000000000000000000000000000000
0000000000000000000000000000000000000000
0000000000000000000000000000000000000000
0000000000000000000000000000000000000000
0000000000000000000000000000000000000000
0000000000000000000000000000000000000000
0000000000000000000000000000000000000000
0000000000000000000000000000000000000000
0000000000000000000000000000000000000000
0000000000000000000000000000000000000000
0000000000000000000000000000000000000000
0000000000000000000000000000000000000000
0000000000000000000000000000000000000000
0000000000000000000000000000000000000000
0000000000000000000000000000000000000000
0000000000000000000000000000000000000000
0000000000000000000000000000000000000000
0000000000000000000000000000000000000000
0000000000000000111111100000000000000000
0000000000000000000000000000000000000000
0000000000000000000000000000000000000000
000000000001000000000000000000000000000
000000000001000000000000000000000000000
000000000001000000000000000000000010000
000000000001000000000000000000000010000
000000000001000000000000000000000010000
000000000001000000000000000000000010000
000000000001000000000000000000000010000
000000000001000000000000000000000010000
000000000001000000000000000000000010000
000000000001000000000000000000000010000
000000000001000000000000000000000010000
000000000001000000000000000000000010000
000000000000000000000000000000000010000
000000000000000000000000000000000010000
000000000000000000000000000000000010000
000000000000000000000000000000000000000
000000000000000000000000000000000000000
000000000100000000000000000000000000000
000000000100000000000000000000000000000
000000000100000000000000000000000000000
000000000100000000000000000000000000000
000000000100000000000000000000000000000
000000000100000000000000000000000000000
000000000100000000000000000000000000000
000000000100000000000000000000000000000
000000000100000000000000000000000000000
000000000100000000000000000000000000000
000000000100000000000000000000000000000
000000000100000000000000000000000000000
000000000100000000000000000000000000000
000000000000000000000000000000000000000
000000000000000000000000000000000000000
000000000000000000000000000000000000000
000000000000000000000000000000000000000
000000000000000000000000000000000000000
000000000000000000000000000000000000000
000000000000000000000000000000000000000
000000000000000000000100000000000000000
000000000000000000000100000000000000000
000000000000000000000100000000000000000
2 2 7 2 6 5 17 7 2 16 2 3 5 9 8 2 9 5 36 13 42 42 21 19 44 50 10 24 52 2 2 8 3 5 4 5 3 3 2 6
3 2 8 2 12 2 8 3 10 4 13 8 4 4 5 1 1 4 29 58 1 22 19 36 53 59 66 10 51 3 4 1 8 7 1 1 2 3 2 2
14 14 16 8 2 10 2 10 2 10 11 7 9 1 3 4 1 1 36 11 23 17 42 89 26 15 18 14 11 1 1 7 4 1 7 7 1 7 6 7
2 7 8 5 3 12 2 3 5 4 6 2 6 8 5 3 9 3 10 76 22 84 9 19 10 11 48 29 4 4 2 8 1 5 3 9 2 1 2 4
11 4 9 4 6 12 4 2 2 3 9 7 4 4 7 9 4 2 3 22 17 16 2 25 29 17 54 4 6 3 8 3 1 5 2 3 1 6 1 4
2 5 2 5 10 3 9 17 15 2 4 7 3 4 7 8 2 1 7 41 1 42 46 22 1 12 55 4 4 1 5 3 2 2 2 6 4 6 6 5
6 3 2 5 2 2 2 3 2 6 7 4 1 6 1 3 2 6 5 1 8 13 4 3 3 61 2 6 1 5 2 3 10 4 1 10 7 5 2 7
9 3 3 7 1 1 2 3 2 5 15 3 5 7 7 2 2 4 9 4 7 3 6 3 7 7 4 5 3 2 2 2 4 10 4 4 6 2 2 4
4 6 1 5 3 3 4 1 10 10 5 3 10 1 7 4 9 4 2 4 4 2 9 5 9 1 8 1 9 10 3 9 4 3 2 5 10 8 3 3
1 1 5 2 2 2 2 8 293 2 635 13 4 6 2 2 4 2 28 2 1 5 1 1 2 1 8 5 2 2 2 23 4 3 14 6 8 6 3 3
10 2 6 14 10 6 11 282 150 13 161 320 1 5 2 58 9 8 11 452 293 3 3 3 3 1 1 9 10 3 4 14 7 14 17 2 6 3 1 1
2 1 9 10 3 3 2 5 552 404 508 518 1 6 2 2 16 23 8 30 27 290 542 91 3 1 1 2 2 33 4 5 10 8 20 7 5 7 2 1
2 2 7 2 6 2 3 630 501 139 476 124 109 3 21 9 9 32 26 15 13 274 706 705 3 4 7 5 7 3 14 5 4 17 27 2 1 2 7 4
11 2 4 8 14 3 177 260 3 614 83 139 266 18 28 10 19 18 42 44 10 12 371 140 2 7 2 1 3 9 4 9 12 15 6 7 1 6 1 3
4 7 4 7 7 2 3 2 3 109 305 108 30 27 11 8 35 25 12 55 28 79 79 7 2 5 7 2 4 19 19 29 4 22 13 4 7 5 5 1
3 2 6 9 6 12 4 340 62 100 788 2 2 1 59 19 23 13 56 12 14 14 6 102 81 3 2 5 5 4 29 18 5 7 19 28 4 8 1 2
3 9 9 2 13 90 16 95 17 85 84 9 5 3 32 8 12 30 21 69 9 68 24 2 4 6 3 3 22 5 5 20 12 8 7 16 6 4 9 1
1 12 12 5 52 71 11 11 11 24 186 1 5 5 2 50 9 23 27 8 19 10 47 5 2 8 5 6 1 3 12 5 5 7 1 3 8 2 6 8
4 6 10 2 11 59 68 31 39 21 6 3 5 2 3 1 38 24 42 14 7 2 11 7 2 6 2 2 1 4 11 10 5 2 1 2 1 5 3 5
4 4 1 13 12 15 33 13 60 49 2 5 3 9 2 2 1 3 8 8 424 2 2 2 6 10 1 4 1 1 2 5 2 2 2 3 1 7 3 1
1 2 8 4 13 15 37 91 11 16 2 2 5 4 3 1 2 3 33 211 4 2 2 6 7 4 7 4 7 9 3 2 1 5 1 3 1 1 1 3
4 5 7 8 12 52 19 14 30 74 6 7 2 6 9 4 2 154 32 210 195 71 3 3 12 5 11 5 2 6 3 5 8 1 1 1 9 5 4 4
2 4 5 2 7 33 13 86 34 17 6 4 3 1 1 1 67 82 30 190 10 4 12 8 6 8 8 2 2 1 5 2 1 1 4 3 9 1 2 1
4 4 2 3 2 3 1 32 77 27 3 1 2 1 3 187 199 37 156 67 50 112 2 3 1 2 12 11 9 2 2 6 10 6 1 4 2 2 2 3
7 1 7 9 1 4 5 8 21 13 2 2 5 1 249 57 123 72 77 195 137 47 12 3 4 3 4 4 3 9 2 6 3 1 2 1 4 1 2 2
1 2 2 4 4 4 3 4 8 6 5 2 8 90 56 62 81 293 71 34 170 209 219 6 128 379 2 9 2 7 10 2 2 7 5 76 66 318 56 9
5 4 4 9 3 5 2 3 9 3 2 1 8 83 116 130 88 68 218 45 83 8 2 3 5 91 238 5 3 79 131 1 2 10 61 81 81 315 246 41
1 1 1 2 3 4 6 2 1 5 2 3 7 2 254 209 49 104 196 168 23 51 10 1 3 3 384 72 274 91 218 94 150 211 212 43 390 215 273 140
8 9 1 7 1 7 2 1 2 4 2 1 1 3 41 53 131 222 289 193 120 52 2 6 6 213 62 244 109 272 45 46 42 213 44 182 168 329 2 1
2 8 4 9 4 2 1 2 2 1 1 118 82 147 240 179 78 115 31 46 1 2 3 2 2 4 112 135 40 79 85 203 44 85 246 197 90 2 5 7
1 1 2 1 9 2 1 8 2 7 5 2 276 32 9 3 164 171 40 3 2 10 5 8 7 2 233 186 180 355 266 84 107 114 115 242 246 323 54 234
8 6 1 7 2 2 6 4 3 2 6 4 173 3 4 5 31 59 253 93 3 1 8 7 5 2 4 253 80 79 76 279 93 273 84 273 7 2 1 4
2 6 2 3 5 4 4 8 2 9 1 2 3 7 2 2 4 2 104 3 8 8 9 2 4 4 10 80 171 343 145 348 281 279 4 269 2 2 2 3
3 10 4 10 7 1 2 5 2 6 6 8 4 14 4 10 4 7 3 2 3 2 3 10 10 5 1 47 167 317 239 362 47 98 10 9 2 2 7 2
8 5 4 4 19 12 6 4 4 10 5 6 8 11 4 13 5 6 8 9 5 2 6 2 2 2 1 5 3 5 235 234 69 73 8 2 2 1 3 2
10 20 12 19 12 22 6 4 2 5 6 15 2 13 7 11 13 8 2 15 4 6 4 9 5 2 9 5 7 6 88 201 179 233 3 2 2 7 1 2
25 6 25 3 14 6 4 8 5 9 2 16 15 3 6 4 3 15 9 8 2 4 3 5 8 13 2 2 2 2 1 1 7 5 3 1 9 3 2 2
17 12 5 26 3 9 5 5 15 7 2 2 8 4 8 12 3 13 3 14 3 14 16 9 7 13 9 6 7 7 7 1 1 5 7 1 4 2 4 1
7 5 14 3 5 5 12 18 24 5 6 6 2 10 5 6 14 3 7 12 2 3 3 2 1 4 2 6 8 6 7 6 5 3 3 2 2 1 1 4
17 22 7 5 5 26 21 27 5 1 3 3 4 7 2 2 11 1 5 6 2 7 8 7 2 5 5 3 8 6 7 1 3 1 2 1 7 5 6 2
