39
000000000000000000000000000000000000000
000000000000000000000000000000000000000
000000000000000000000000011100000000000
000000000000000000000000000000000000000
000000000000000000000001111110000000000
000000000000000000000000000000000000000
000000000000000000000000000000000000000
000000000000111111111111110000000000000
000000000111111111111111110000000000000
000000000000000000000000000000000000000
000000000000000000000000000000000000000
000000000000000000000000000000000000000
000000000000000000000000000000000000000
000000000000000000000000000000000000000
000000011111111111111100000000000000000
000000000000000000000000000000000000000
000000000000000000000000000000000000000
000000000000000000000111000000000000000
000000000000000000000000000000000000000
000000000001111111111111000000000000000
000000000000000000000000000000000000000
000000000000111111111111111111100000000
000000000000000000000000000000000000000
000000000000000000000000000000000000000
000000000000000000000000000000000000000
000000000000000000000000000000000000000
000000000000000000000000000000000000000
000000000000000000000000000000000000000
000000000000000000000000000000000000000
111111111111000000000000000000000000000
000000000000000000000000000000000000000
000000000000000000000000000000000000000
111111111111111100000000000000000000000
000000000000000000000000000000000000000
001110000000000000000000000000000000000
000000000000000000000000000000000000000
000000000000000000000000000000000000000
000000000000000000000000000000000000000
00000010000000000000000000100010000000
00000010000000000000000000100010000000
00000010000000000000000000100010000000
00000010000000000000000000100010000000
00000010000000000000000000100000000000
10000010000000000000000000100000000000
10000000000000000000000000100000010000
10000000000000000000000000000000010000
10000000000000000000000000000000010000
10000000000000000000000000000000010000
00000000000000000000000000000000010000
00000000000000000000000000000010010000
00000000000000000000000000000010010000
00000000000000000000000000000010010000
00000000000000000000000000000000000000
00000000000000000001000000000000000000
00000000000000000001000000000000000000
00000000000000000001000000000000000000
00000001000000000001000000000000000000
00000001000000000000000000000000000000
00000001000000000000000000000000000000
00000001000000100000000000000000000000
00000001000000100000000000000000000000
00000000000000100000000000000000000000
00000000000000100000000000000000000000
00000000000000100000000000000000000000
00000000000000100000000000000000000000
00000000000000100000000000000000000000
00000000000000100000000000010000000000
00000000000000100000000000010000000000
00000000000000100000000000010000000000
00000000000000100000100000010000000000
00000000000000100000100000010000000000
00000010000000110000100000010000000000
00000010000000110000000000010000000000
00000010000000010000000000010000000000
00000010000000000000000000010000000000
00000010000000000000000000000000000000
00000000000000000000000000000000000000
4 1 2 2 3 1 8 1 2 8 1 4 3 4 1 3 4 58 1 10 3 3 65 1 5 3 3 2 2 9 1 8 2 3 8 1 1 4 4
6 1 3 5 3 1 4 9 5 5 2 8 5 8 6 1 7 74 290 284 187 418 232 8 2 7 9 8 4 2 2 89 76 312 5 3 1 2 2
2 1 4 1 9 1 2 2 2 431 7 7 8 3 1 3 152 402 286 63 59 331 530 363 3 9 9 1 5 8 113 3 204 265 59 4 4 2 3
1 5 1 1 4 4 1 1 2 89 434 1 4 1 5 136 73 228 166 249 436 194 78 61 9 2 6 9 2 3 285 123 58 290 198 2 8 6 3
10 4 3 3 403 3 1 542 343 567 461 4 7 2 393 122 153 414 354 203 103 393 479 145 3 2 7 3 1 81 338 423 307 57 114 83 5 2 2
7 2 8 4 214 3 169 97 116 375 290 7 388 7 1 2 522 260 250 413 125 139 425 58 6 2 1 7 10 2 6 327 76 51 74 93 229 4 2
1 4 3 9 93 268 355 185 79 125 370 93 223 2 4 1 117 401 481 386 167 58 135 182 2 10 1 2 3 10 2 163 77 180 114 5 204 69 5
5 8 1 1 372 524 69 350 75 87 118 372 175 294 1 2 3 428 88 4 8 6 1 1 2 2 5 2 7 2 1 296 62 224 2 195 368 4 3
1 6 1 2 565 234 59 86 101 508 433 426 214 305 3 1 4 10 2 1 1 4 9 4 3 2 4 4 2 5 4 62 9 8 2 5 222 1 4
3 3 8 5 1 264 265 140 94 93 58 91 182 65 202 414 91 222 196 311 170 81 426 225 8 3 8 2 6 3 1 112 1 2 3 7 5 5 4
2 6 1 3 558 282 85 189 452 271 124 83 405 415 174 127 529 361 68 160 320 90 239 561 2 1 2 9 2 7 3 3 3 8 1 9 3 4 9
2 3 3 2 301 551 131 393 178 77 351 205 351 181 177 290 190 363 346 99 124 155 75 230 7 7 10 1 1 2 9 2 8 2 2 6 1 1 2
7 10 1 6 62 482 69 25 3 179 354 68 559 101 195 489 298 508 246 87 76 479 337 147 4 1 5 1 2 9 5 5 6 5 6 2 4 7 5
2 3 5 36 1 9 26 1 10 71 478 294 347 490 59 127 61 114 448 228 84 268 1 5 4 2 2 4 5 13 11 3 10 4 9 7 2 1 2
2 6 35 27 3 26 81 2 6 8 94 97 188 412 289 132 161 70 114 187 385 131 243 59 8 8 1 6 3 3 2 3 2 10 2 10 4 9 2
3 1 2 72 49 37 87 12 50 23 17 24 50 16 19 15 68 34 90 4 3 1 87 3 6 3 6 8 7 8 3 7 13 14 3 7 3 3 1
10 2 92 65 55 47 19 52 33 17 84 10 40 58 22 15 78 15 10 9 6 2 291 91 7 6 5 3 3 4 13 4 2 11 8 4 8 6 1
2 4 3 59 30 11 18 21 10 24 14 53 33 15 13 25 17 26 62 16 1 2 7 1 3 6 3 2 7 7 4 3 2 11 5 3 5 2 5
47 57 6 259 26 15 16 14 37 10 24 16 22 9 51 16 12 25 34 6 6 10 5 1 1 2 2 3 1 2 13 11 2 6 3 4 3 2 2
199 8 53 330 132 17 29 46 15 57 53 18 40 18 28 44 10 3 1 8 3 2 1 3 1 3 2 1 1 4 13 3 2 4 7 10 5 4 4
176 287 109 89 221 80 86 25 79 28 49 68 9 13 22 78 8 5 2 2 4 3 1 3 3 1 2 2 2 9 2 2 5 5 8 7 2 12 4
140 449 386 73 36 34 16 26 9 11 22 89 35 13 12 10 3 8 1 8 1 9 5 6 1 3 3 4 2 9 12 4 7 13 3 8 6 5 3
101 372 51 437 17 26 84 32 9 75 35 74 65 20 16 2 7 2 8 7 9 8 1 8 3 6 5 3 10 3 3 5 8 5 3 3 7 13 7
88 439 342 50 4 30 40 12 20 29 40 21 15 70 10 4 1 3 8 9 6 5 2 7 4 1 3 3 5 10 12 14 4 5 3 4 2 8 11
409 121 156 6 19 21 21 11 13 15 15 39 58 20 18 4 2 2 9 2 8 7 5 3 2 4 3 8 2 2 3 3 3 2 7 3 12 13 1
133 176 9 13 13 7 15 20 19 70 21 92 28 13 33 9 1 2 3 1 8 5 4 6 4 5 5 2 13 13 11 8 7 12 7 3 3 14 6
212 82 11 7 15 8 7 20 47 65 37 23 31 51 31 4 6 2 1 2 2 2 1 2 2 3 2 6 9 8 5 5 6 5 8 3 2 3 3
90 197 367 69 3 17 14 2 35 7 17 83 35 19 42 3 4 3 3 6 1 2 7 9 6 4 9 9 2 1 10 9 3 2 9 3 1 2 2
58 221 167 4 6 8 6 4 4 5 58 11 39 15 39 3 1 10 3 1 3 3 1 2 7 1 10 3 8 1 3 2 4 2 4 2 1 9 10
185 327 82 9 11 7 12 3 15 17 64 20 14 332 168 6 1 3 4 5 7 10 8 4 2 4 2 3 2 1 2 10 14 5 3 1 2 2 3
3 5 8 3 1 6 5 9 71 57 41 57 8 13 2 4 1 6 2 1 10 1 10 7 4 2 1 2 4 9 3 8 3 3 6 3 2 4 2
8 3 5 7 4 5 10 2 94 63 98 57 207 178 175 4 3 7 7 6 1 2 4 1 1 1 9 2 3 10 7 2 3 1 1 2 3 4 2
3 2 4 9 2 1 2 4 35 289 53 160 176 40 65 7 2 7 1 2 5 6 1 10 3 3 4 2 2 5 1 1 6 1 4 3 4 3 1
7 9 6 4 2 6 2 9 9 3 9 9 3 1 5 3 9 7 2 2 2 8 5 3 3 2 1 3 10 1 5 6 1 5 7 1 3 2 1
1 1 7 2 2 5 8 7 3 9 2 4 3 2 5 3 8 1 4 5 2 3 4 1 4 1 2 2 7 2 9 3 5 2 7 1 1 6 8
2 2 7 7 4 6 1 10 2 9 2 8 5 3 6 1 7 5 6 9 4 3 10 2 3 2 2 7 4 2 3 1 2 1 9 4 1 1 2
10 6 2 8 5 3 3 2 3 2 8 1 1 1 2 4 5 2 6 2 5 3 6 2 4 2 5 4 6 8 4 6 3 1 2 1 2 4 2
10 7 2 6 9 8 7 8 2 2 2 3 4 4 1 1 4 5 6 4 9 1 6 6 5 1 2 1 1 2 9 2 4 2 2 6 4 2 4
6 1 5 6 2 7 2 7 6 4 2 2 3 4 1 5 2 2 4 5 1 5 3 2 8 1 2 4 1 3 2 4 4 2 5 2 3 2 5
