37
0000000000000000000000000000000000000
0000000000000000000000000000000000000
0000000000000000000000000000000000000
0000000000000000000000000000000000000
0000000000000000000000000000000000000
0000000000000000000000000000000000000
0001111100000000000000000000001111100
0000000000000000000000001111111111000
0000000000000000000000000000000000000
0000000000000000000000000000000000000
0000000000000000000000000000000000000
0000000000000000000000000000000000000
0000000000000000000000000000000000000
0000000000000000000000000000000000000
0000000000000000000000000000000000000
0000000000000000000000000000000000000
0000000000000000000000000000000000000
0000000000000000000000000000000000000
0000001111111111111111110000001111111
0000000000000000000000000000000000000
0000000000000000000000000000001111111
0000000000000000000000000000000000000
0000000000000000000000000000000000000
0000000000000000000000000000000000000
1111111111111100000000000000000000000
0000000000000000000000000000000000000
0000000000000000000000000000000000000
0000000000000000000111111111111111000
0000000000000000000000000000000000000
0000000000000000000000000011111000000
0000000000000000000000000000000000000
0000000000000000000000000000000000000
0000000000000000000000000000000000000
0000000000000000000000000000000000000
0000000000000000000000000000000000000
0000000000000000000000000000000000000
001000000000000010000000000000000000
001000000000000001000000000000000000
001000000000000001100000000000000000
001000000000000001100000000000000000
000000000000000001101000000000000000
000000000000000001101001000000000000
000000000000000001101001000000000000
000000000000000001101001000000000000
000000000000000001101001000000000000
000000000000000001101001000000000000
000000000000000001001001000000000000
000000000000000001001001000000000000
000000000000000001000001000000000000
000000000000000000000001000000000000
000000000000000000000001000000000000
000000000000000000000001000000000000
000000000000000000001001000000000000
000000000000000000001001000000000000
000000000000000000001001000000000000
000000000000000000001001000000000000
000000000000000000001000000000000000
000000000000000000001000000000000000
000000000000000000101000000000000000
000000000000000000101000000000000000
000000000000000000101000000000000000
000000000000000000101000000000000000
000000000000000000101000000000000000
000000000000000000101000000000000000
000000000000000000101000000000000000
000000000000000000101000000000000000
000000000000000000101000000000000000
000000000000000000101000000000000000
000000000000000000101000000000000000
000000000000000000000000000000000000
000000000000000000000000000000000000
000000000000000000000000000000000000
000000000000000000000000000000000000
5 8 2 8 119 31 107 25 51 24 68 13 25 76 14 2 53 127 17 115 87 205 65 62 29 87 156 30 97 46 34 52 84 5 2 2 9
6 2 2 7 114 13 15 36 60 66 28 28 16 24 31 92 26 17 368 46 36 171 36 258 222 44 130 95 102 158 88 3 2 1 2 10 6
7 1 2 2 15 14 34 16 38 28 53 16 85 93 90 25 81 13 67 247 206 61 41 32 84 123 182 160 127 30 163 4 1 3 9 3 9
1 3 2 5 20 2 97 98 41 9 2 57 21 22 38 37 37 63 122 39 103 161 94 100 64 89 53 42 32 49 40 152 3 1 8 2 1
4 2 1 9 14 4 3 14 16 4 14 7 98 16 18 17 16 27 3 342 156 193 33 99 109 27 48 65 77 116 120 71 92 1 9 1 8
6 2 7 2 4 2 4 38 4 7 8 32 30 24 105 31 23 3 62 375 232 38 44 54 111 54 98 165 195 228 56 27 1 9 10 15 1
4 6 7 1 15 3 3 2 3 3 12 53 8 17 1 1 78 4 328 292 106 68 53 37 45 117 42 48 84 29 140 168 47 4 1 21 8
1 6 1 1 7 5 9 4 4 15 8 2 30 65 24 14 37 9 193 156 137 87 160 71 43 87 49 27 164 80 144 44 103 73 80 17 15
2 3 9 5 2 10 3 6 8 2 15 24 126 8 3 2 1 2 332 142 223 148 232 117 1 4 8 3 3 8 2 7 3 24 12 11 10
1 1 2 49 18 13 17 18 1 12 7 92 4 3 4 3 3 2 434 305 367 295 136 14 7 3 3 2 3 4 7 10 3 12 22 28 4
4 68 31 72 169 16 3 3 1 3 3 2 7 4 1 8 10 6 67 123 352 85 3 7 3 3 4 1 12 4 27 13 9 8 13 13 10
59 33 70 70 59 266 18 7 7 268 3 5 1 2 1 2 3 4 105 104 130 150 81 4 1 5 7 3 8 8 11 4 6 6 4 19 16
59 270 104 35 42 138 43 218 40 1 9 4 1 7 3 2 2 1 81 137 52 134 12 17 3 1 5 2 5 15 9 10 19 9 3 4 7
186 62 67 38 32 42 208 96 116 304 75 155 144 5 6 4 419 448 97 232 103 253 187 91 2 8 5 6 2 2 5 5 3 5 6 9 15
53 69 95 74 197 74 41 133 292 52 58 33 5 1 3 6 3 486 69 61 440 53 274 135 1 3 1 4 8 5 9 14 11 7 8 11 10
287 64 52 61 38 155 113 43 89 105 4 59 10 4 4 5 10 7 71 156 425 85 116 90 2 2 6 4 7 9 4 3 4 3 6 14 14
125 86 33 124 121 80 82 78 78 288 4 1 8 5 6 2 12 12 5 7 11 84 5 78 3 7 3 13 5 23 15 4 24 3 7 27 11
106 157 130 35 68 34 120 60 3 2 1 5 1 4 8 6 1 4 7 18 3 408 9 40 4 8 1 26 4 3 24 21 28 6 5 3 9
99 32 55 133 128 172 113 166 91 2 6 6 1 1 3 2 2 5 1 17 8 105 1 46 1 1 3 2 11 9 6 7 13 7 5 12 4
38 32 128 162 5 2 1 5 1 3 4 10 3 8 3 9 5 3 10 1 7 2 4 2 2 6 2 2 2 2 3 5 2 2 3 4 2
105 259 3 2 2 3 6 1 1 3 8 1 3 7 2 1 1 8 11 3 8 4 4 2 1 4 1 1 2 1 4 5 4 1 3 2 2
7 97 2 7 5 1 9 5 7 2 1 10 1 7 2 7 5 10 4 1 3 7 4 1 1 4 1 4 2 7 4 4 2 2 7 8 8
2 8 2 1 2 8 3 6 5 2 9 2 2 10 3 3 8 2 8 2 8 5 2 2 8 10 2 1 4 2 2 5 1 1 1 4 6
1 2 3 1 3 3 1 6 3 8 4 6 4 1 4 3 8 9 8 3 6 10 1 10 4 1 2 5 4 2 10 2 5 3 3 2 4
2 1 5 1 8 2 6 3 3 1 4 3 8 1 2 5 9 6 1 1 2 1 1 4 4 3 6 1 4 3 3 3 3 3 4 8 5
11 7 12 9 2 1 3 8 5 2 1 2 1 2 2 8 7 1 4 7 3 7 8 2 7 3 2 1 5 2 2 5 3 6 1 3 7
3 5 3 8 3 1 10 5 9 7 2 9 9 8 3 3 5 3 1 10 2 8 2 9 3 10 8 1 8 4 2 1 10 1 2 2 2
7 4 4 2 3 9 4 2 2 2 2 3 1 9 4 2 6 6 2 9 8 2 8 3 1 10 4 3 1 3 3 5 5 5 8 2 6
3 4 13 4 6 8 7 2 3 1 1 7 5 2 5 3 6 4 5 3 2 1 2 5 1 2 2 2 1 1 8 9 4 2 9 3 5
13 5 2 2 3 5 6 6 1 9 4 2 1 4 3 2 5 8 5 5 7 3 1 5 1 6 2 5 9 1 2 3 2 8 4 6 8
7 4 10 4 2 9 4 8 3 3 2 2 2 2 3 3 2 9 1 3 3 2 2 9 6 4 1 6 1 2 3 1 4 9 1 7 1
3 1 3 2 2 8 3 3 2 2 5 7 3 3 1 3 1 2 8 1 8 3 2 9 3 6 4 1 8 2 1 2 5 7 9 10 2
13 8 8 3 5 13 3 2 2 10 6 2 6 7 2 2 2 1 7 9 7 1 2 4 5 1 7 1 1 1 6 2 3 3 3 4 5
2 7 1 2 2 8 3 6 1 10 1 1 1 4 1 6 2 2 9 4 3 7 1 5 9 4 3 2 2 4 7 2 5 3 1 2 3
2 6 7 6 8 2 4 1 5 3 2 6 10 2 2 2 9 4 1 1 3 6 8 2 4 3 2 8 6 4 3 5 9 7 2 2 5
6 2 2 12 7 13 3 7 8 8 5 3 5 4 2 3 2 4 3 6 1 2 2 3 1 2 3 7 2 2 6 9 1 2 4 2 3
9 8 1 7 5 2 2 7 3 2 1 5 2 5 10 1 8 1 4 3 4 1 1 3 8 5 2 2 6 7 2 7 5 6 2 5 2
