26
00000000000000000000000000
00000000000000000000000000
01111000000000000000000000
00000000000000000000000000
00000000000000000000000000
00000000000000000000000000
01111100000000000000000000
00000000000000000000000000
00000000000000011111000000
00011110000000000000000000
00000000000000000000000000
00000000000000000000000000
00000000000000000000000000
00000000000000000000000000
00000000000000000000000000
00000000000000001111110000
00000000000000011100000000
00000000000000000000000000
00000000000000000000000000
00000000000000000000000000
00000000000000000000000000
00000000000000000000000000
00000111111111000000000000
00000000000001111111110000
00000000000000000000000000
1000001000011001000000000
0000001000011001000000000
0000001000011001000000000
0000001000011001000000000
0000001000001001000000000
0000001000001001000000000
0000001000001001000000000
0000001000001001000000000
1000001000001000000000000
1000000000000000000000000
1000000000000000000000000
1000000100000000000000000
1000000100000000000000000
1000000100100000000001000
1000000100101000000001000
0000000100101000000001000
0000000100101000000000000
0000000100001000000000000
0000000100001000000000000
0000000100001000000000000
0000000000001000000000000
0000000000001000000000000
0000000000001000000000000
0000000000001000000000000
0000000000001000000000000
0000000000001000000000000
9 6 4 1 3 5 8 3 2 1 2 3 2 7 4 1 9 32 28 17 3 5 5 10 7 1
32 88 20 8 2 9 2 2 7 1 1 5 9 6 5 2 9 5 7 18 15 5 3 10 2 2
31 111 62 3 1 26 6 24 83 7 6 6 9 2 4 3 13 5 33 24 5 4 8 1 8 9
89 23 63 54 26 125 36 21 22 17 4 8 9 6 6 10 8 20 7 23 26 22 5 1 6 1
75 45 128 19 32 64 85 21 36 20 1 6 2 4 4 9 9 5 36 19 47 7 8 4 3 7
72 17 23 50 22 67 20 100 17 31 4 5 10 1 1 3 5 14 18 8 46 35 26 1 2 7
29 20 20 33 33 106 54 110 76 86 12 5 7 1 8 6 30 19 12 28 28 35 38 30 32 35
16 43 41 48 35 29 6 4 16 14 5 42 6 5 4 5 14 15 16 6 20 37 25 6 34 18
47 37 12 72 10 50 16 62 13 22 10 27 8 2 7 8 9 2 1 32 6 6 23 25 6 15
66 10 78 84 58 48 29 9 6 5 20 31 7 2 2 2 3 5 6 6 24 16 21 21 13 14
8 21 59 34 5 11 4 4 9 5 35 38 5 4 10 9 2 4 2 40 21 15 7 15 32 34
9 32 36 52 13 82 19 2 6 9 15 9 29 6 8 19 1 8 7 12 12 88 4 2 6 13
2 9 42 47 84 42 3 17 8 32 32 5 34 10 12 1 5 2 5 2 10 7 10 112 102 8
4 3 60 66 13 6 6 5 7 8 3 2 6 19 19 10 2 9 5 5 2 60 11 1 3 5
1 5 2 2 5 9 8 9 4 5 28 129 36 22 6 18 2 3 25 4 7 10 7 2 7 2
2 6 7 1 2 1 4 8 3 84 121 31 79 9 27 22 12 13 18 11 40 8 1 3 2 1
5 2 7 10 1 3 2 1 7 133 69 35 142 9 6 34 8 1 4 8 1 2 6 2 1 9
10 3 5 2 8 2 1 6 26 21 27 110 163 2 11 1 5 3 3 3 2 3 9 5 4 1
2 1 1 6 3 4 3 5 166 152 55 23 75 8 5 3 10 8 4 2 5 2 3 5 8 3
2 6 2 4 6 1 4 3 2 118 27 38 31 3 7 16 4 5 2 3 5 7 8 3 9 2
4 8 4 3 3 9 6 7 4 2 6 10 37 2 4 15 13 15 4 3 9 5 3 1 2 5
4 1 1 7 3 3 9 2 6 2 9 1 2 7 1 7 2 6 5 8 3 8 3 1 10 7
2 3 4 1 2 1 1 2 4 6 5 4 3 9 3 4 6 10 5 3 5 7 8 4 1 2
6 5 3 10 7 6 4 2 6 2 3 7 3 7 10 4 6 13 4 6 9 6 2 2 4 3
4 8 1 3 3 1 2 8 1 1 3 6 2 5 1 10 5 5 2 3 2 1 5 7 9 4
7 4 2 4 2 4 5 1 3 2 6 5 2 3 2 3 2 6 3 6 2 3 1 2 8 4
