40
0000000000000000000000000000000000000000
0000000000000000000000000000000000000000
0000000000000000000000000000000000000000
0000000000000000000000000000000000000000
0000000000000000000000000000000000000000
0000000000000000000000000000000000000000
0000000000000000000000000000000000000000
0000000000000000000000000000000000000000
0000000000000000000000000000000000000000
0000000000000000000000000000000000000000
0000000000000000000000000000000000000000
0000000000000000000000000000000000000000
0000000000000000000000000000000000000000
0000000000000000000000000000000000000000
0000000000000000000000000000000000000000
0000000000000000000000000000000000000000
0000000000000000000000000000000000000000
0000000000000000000000000000000000000000
0000000000000000000000000000000000000000
0000000000000000000000000000000000000000
0000000000000000000000000000000000000000
0000000000000000000000000000000000000000
0000000000000000000000000000000000000000
0000000000000000000000000000000000000000
0000000000000000000000000000000000000000
0000000000000000000000000000000000000000
0000000000000000000000000000000000000000
0000000000000000000000000000000000000000
0000000000000000000000000000000000000000
0000000000000000000000000000000000000000
0000000000000000000000000000000000000000
0000000000000000000000000000000000000000
0000000000000000000000000000000000000000
0000000000000000000111111111111000000000
0000000000000000000000000000000000000000
0000000000000000000000000000000000000000
0000000000000000000000000000000000000000
0000000000000000000000000000000000000000
1111000000000000000000000000000000000000
000000100000000000000010000000000000000
000000100000000000000010000000000000000
000000100000000000000010000000000000000
000000000000000000000010000000000000000
000000000000000000000010000000000000000
000000000000000000000010000000000000000
000000000000000000000010000000000000000
000000000000000000000000000000000000000
000000000000000000000000000000000000000
000000000000000000000000000000000000000
000000000000000000000000000000000000000
000000000000000000000000000000000000000
000000000000000000000000000000010000000
000000000000100000000000000000010000000
000000000000100000000000000000010000000
000000000000100000000000000000010000000
000000000000000000000000000000010000000
000000000000000000000000000000010000000
000000000000000000000000000000010000000
000000000000000000000000000000010000000
000000000000000000000000000000010000000
000000000000000000000000000000000000000
000000000000000000000000000000000000000
000000000000000000000000000000000000000
000000000000000000000000000000000000000
000000000000000000000000000000000000000
000000000000000000000000000000000000000
000000000000000000000000000000000000000
000000000000000000000000000000000000000
000000000000000000000000000000000000000
000000000000000000000000000000000000000
000000000000000000000000000000000000000
000000000000000000000000000000000000000
000000000000000000000000000000000000000
000000000000000000000000000000000000000
000000000000000000000000000000000000000
000000000000000000000000000000000000000
000000000000000000000000000000000000000
000000000000000000000000000000000000000
000000000000000000000000000000000000000
2 1 4 3 9 39 16 104 13 66 86 23 2 5 4 10 13 2 5 2 12 1 1 1 1 3 1 1 1 2 15 18 16 17 2 37 52 24 8 3
1 8 5 90 6 54 11 57 65 29 18 29 1 1 4 3 2 2 2 9 4 8 4 3 2 3 9 3 6 4 1 16 6 7 23 112 130 57 4 1
5 1 1 18 64 19 17 100 16 94 24 4 46 6 4 7 2 2 8 3 3 2 3 5 46 136 61 3 4 3 6 9 1 9 6 36 174 137 36 87
2 3 126 23 70 38 40 16 14 65 14 29 4 1 10 2 4 2 2 2 6 4 6 9 3 269 37 117 48 5 1 2 6 5 17 29 22 122 63 89
19 6 50 64 24 76 31 52 27 12 19 54 2 2 11 3 4 5 9 3 2 3 7 89 177 36 304 226 186 9 6 10 9 1 9 120 21 57 35 51
128 17 13 36 25 63 33 103 81 53 71 99 48 1 3 2 11 2 6 4 4 2 248 227 34 167 92 85 6 250 5 2 8 2 11 154 27 20 34 42
3 41 60 34 15 44 54 45 38 12 9 40 8 2 7 2 4 5 4 4 2 2 207 264 133 58 185 171 105 10 3 7 2 3 7 82 28 48 26 175
20 33 55 23 21 13 2 5 24 81 1 15 4 3 7 2 4 4 9 197 115 134 52 84 300 89 96 49 119 10 10 2 5 6 55 131 20 109 20 90
2 9 16 3 11 18 2 7 12 37 3 2 5 1 1 8 1 1 4 3 222 273 184 91 85 229 32 12 1 6 4 4 3 7 67 107 29 151 53 135
9 4 12 3 7 2 5 17 41 3 2 1 1 4 4 4 2 1 1 1 9 32 46 121 181 299 48 2 3 1 6 5 5 2 152 123 98 63 18 34
8 9 18 4 3 15 5 109 1 7 74 1 3 4 9 2 2 2 1 5 3 103 1 74 1 8 59 74 9 3 3 9 5 2 110 23 39 112 77 52
2 17 2 3 3 3 5 4 49 36 242 50 3 1 1 2 2 7 1 7 2 1 9 7 5 5 104 169 4 1 6 9 2 2 168 54 35 58 6 28
9 13 11 6 12 3 10 9 129 47 182 89 69 5 5 5 6 3 3 3 2 4 3 3 10 1 3 1 1 2 5 2 1 9 8 131 18 37 119 32
6 6 3 2 122 36 54 37 38 67 38 35 285 10 8 3 9 1 10 1 9 6 4 4 2 3 5 6 2 1 6 2 4 3 6 2 62 152 6 4
17 15 2 18 14 65 69 62 67 65 132 24 31 7 2 3 2 8 5 5 2 2 9 7 1 6 8 3 5 3 4 7 7 3 2 162 69 166 10 2
12 7 3 4 3 169 79 37 112 38 35 206 62 184 1 2 3 3 7 2 6 8 7 2 2 2 4 1 2 1 1 2 6 1 6 6 42 2 3 2
2 1 12 3 114 179 141 184 167 110 100 144 63 260 1 6 4 6 1 2 1 3 1 6 4 8 7 9 2 7 2 9 3 5 5 1 2 3 7 2
2 2 5 46 50 53 112 184 96 91 31 204 49 7 6 3 6 3 2 7 1 1 5 5 2 2 2 10 1 7 2 10 6 4 9 2 2 1 2 2
9 22 18 2 33 42 49 31 61 144 52 85 40 82 1 6 3 3 1 3 9 2 7 2 1 7 10 7 3 7 3 2 5 3 2 5 7 2 11 2
16 43 28 6 30 37 9 265 51 36 241 39 43 162 5 8 7 2 5 1 2 5 3 8 8 7 8 1 2 4 6 2 8 6 2 7 3 2 2 3
46 14 12 28 2 125 16 102 34 63 213 76 164 6 1 1 7 5 2 8 7 4 1 2 2 3 2 3 2 3 7 4 2 1 1 6 4 7 1 4
3 19 16 17 32 129 26 17 12 13 6 121 3 3 4 1 3 4 5 6 1 5 8 10 2 1 2 1 2 4 6 7 6 2 9 9 2 2 4 1
7 21 34 36 16 20 6 9 35 8 13 7 29 5 7 2 3 2 1 3 8 3 1 1 4 58 1 186 98 4 6 1 2 4 2 4 1 2 1 2
41 16 9 11 10 24 36 27 17 25 10 15 149 21 5 2 2 6 1 134 2 2 1 9 1 176 145 31 2 2 3 8 5 8 10 9 4 6 6 5
47 13 8 28 50 15 10 7 6 21 49 20 2 7 48 4 2 2 8 145 4 9 10 26 253 218 220 44 131 2 2 1 1 2 1 7 5 4 3 1
19 8 13 19 10 20 9 7 9 26 6 21 41 45 6 3 9 3 8 152 199 2 153 68 29 26 93 62 111 3 3 1 3 7 1 3 1 3 7 2
2 54 54 47 14 19 13 35 29 13 41 47 1 2 9 6 1 1 48 29 111 201 145 122 150 36 54 29 189 139 4 2 2 3 3 7 6 1 10 10
52 19 22 26 7 39 28 15 27 1 6 2 8 1 8 1 3 2 2 93 191 92 74 104 191 94 3 14 100 3 44 78 2 2 6 1 1 2 2 5
14 19 9 56 39 7 18 22 5 8 4 2 1 2 7 1 1 1 6 6 2 82 27 206 67 186 18 9 5 12 18 3 1 3 5 10 2 5 4 2
23 34 18 53 51 20 5 3 6 1 3 5 4 2 2 4 3 6 2 2 8 29 219 163 38 6 5 11 4 5 9 3 15 1 7 2 4 2 2 3
1 18 10 12 10 35 12 8 1 7 1 4 2 2 4 7 5 3 3 4 28 118 201 116 31 67 4 6 11 4 4 14 8 5 9 6 2 1 3 8
20 18 10 29 19 19 25 2 6 8 3 2 2 2 2 1 3 1 7 5 2 2 27 135 2 15 17 16 14 21 6 10 16 23 24 2 5 2 3 4
8 56 42 9 9 4 1 5 7 3 3 2 2 4 1 2 2 4 3 8 6 3 3 8 9 6 14 13 5 12 20 9 17 17 15 3 8 3 1 4
2 4 5 8 15 2 2 7 5 5 8 5 2 9 3 4 3 1 4 1 2 1 1 5 3 5 7 7 11 4 4 3 22 60 12 2 1 80 1 4
3 2 5 8 2 2 4 2 7 1 3 4 9 7 5 3 3 1 3 7 2 1 7 34 15 31 5 69 13 35 13 18 50 31 63 2 32 45 2 1
7 3 6 4 3 2 2 6 8 3 7 4 6 3 8 1 3 7 5 4 1 5 2 25 16 58 9 15 2 73 10 91 57 23 87 10 33 63 23 59
4 4 3 6 7 4 9 3 4 1 9 9 5 6 7 2 1 8 2 5 3 2 4 10 24 12 65 49 5 27 68 24 50 59 18 62 33 56 23 26
1 6 1 6 8 3 9 4 1 4 8 1 6 8 3 8 2 3 10 8 9 2 6 26 57 10 10 24 21 11 12 13 10 14 81 21 87 61 10 74
10 5 4 3 1 5 1 4 4 7 1 1 4 2 2 4 2 2 2 2 1 6 1 31 9 17 59 49 15 9 35 11 54 12 52 48 53 56 14 20
8 3 1 1 2 5 1 1 1 1 5 4 6 10 8 3 9 2 5 4 3 1 2 14 74 40 80 44 20 14 77 41 14 40 11 28 43 26 11 22
