34
0000000000000000000000000000000000
0000000000000000000000000000000000
0000000000000000000000000000000000
0000000000000000000000000000000000
0000000011111100000000000000000000
0000000000000000000000000000000000
0000000000000000000000000000000000
0000000000000000000000000000000000
0011110000000000000000000000000000
0000000000000000000000000000000000
0011111111111111110000000000000000
0000000000000000000000000000000000
0000000000000000000000000000000000
0000000000000000000000000000000000
0000000000000000000000000000000000
0000000000000000000000000000000000
0000000000000000000000000000000000
0000000000000000000000000000000000
0000000000000000000000000000000000
0000000000000000000000000000000000
0000000000000000000000000000000000
0000000000000000000000000000000000
0000000000000000000000000000000000
0000000000000000000000000000000000
0000000000000000000000000000000000
0000000000000000000000000000000000
0000000000000000000000000000000000
0000000000000000000000000000000000
0000000000000000000000000000000000
0000000000000000000000000000000000
0000000000000000000000000000000000
0000000000000000000000000000000000
0000000000000000000000000000000000
000000000000000000000000000000100
000000000000000000000000000000100
000000000000000000000000000000100
000000000000000000000000000000100
000000000000000000000000000000000
000000000000000000000000000000000
000000000000000000000000000000000
000100000000000000000000000000000
000100000000000000000000000000000
000100000000000000000000000000000
000100000000000000000000000000000
000100000000000000000000000000000
000100000000000000000000000000000
000100000000000000000000000000000
000100000000000000000000000000000
000100000000000000000000000000000
000000000000000000000000000000000
000000000000000000000000000000000
000000000000000000000000000000000
000000000000000000000000000000000
000000000000000000000000000000000
000000000000000000000000000000000
000000000000000000000000000000000
000000010000000000000000000000000
000000010000000000000000000000100
000000010000000000000000000000100
000000010000000000000000000000100
000000010000000000000000000000100
000000010000000000000000000000100
000000010000000000000000000000100
000000000000000000000000000000100
000000000000000000000000000000000
000000000000000000000000000000000
000000000000000000000000000000000
43 156 38 111 187 34 32 126 105 12 25 12 54 80 31 51 38 69 5 5 4 2 8 2 2 1 8 1 1 4 2 9 8 4
3 81 34 164 45 25 24 25 24 19 45 17 21 11 30 12 28 52 23 34 3 3 2 4 9 1 6 4 7 2 4 2 2 8
20 59 30 85 33 31 83 29 49 32 70 24 17 12 43 19 20 11 35 42 2 1 2 3 2 2 3 8 2 1 1 6 4 2
185 69 63 196 133 137 25 22 27 48 17 36 21 47 22 16 40 88 95 38 40 3 1 1 5 6 4 3 1 10 3 3 9 6
113 165 133 99 41 123 183 91 51 34 11 48 38 31 11 26 147 39 21 132 3 2 1 5 2 9 1 5 1 6 10 5 1 2
189 22 44 196 116 96 21 161 95 106 80 33 79 29 12 31 14 34 7 22 5 2 1 2 3 4 5 8 4 1 9 6 6 9
115 117 175 21 24 155 27 85 50 166 146 34 156 20 118 29 44 21 8 2 3 7 7 1 1 1 5 10 5 3 6 6 5 5
181 50 23 58 186 52 21 65 148 29 31 41 129 28 163 35 27 163 118 6 6 1 5 2 10 5 1 1 1 3 3 8 5 1
100 7 29 54 164 70 81 53 32 33 125 119 105 21 66 24 33 35 27 66 2 1 3 8 1 2 8 3 2 1 2 2 3 9
4 1 3 1 53 31 34 151 29 47 23 153 46 67 27 56 116 26 126 1 4 3 7 4 6 1 3 6 9 1 3 6 3 1
3 3 1 2 5 2 60 149 25 28 33 97 37 5 8 2 2 4 2 6 2 1 3 20 2 2 1 2 1 5 9 1 8 3
4 2 9 7 9 3 1 9 1 2 3 7 2 5 5 4 1 4 9 3 3 3 6 4 1 3 1 1 1 2 4 10 2 4
3 8 10 3 3 1 5 2 2 4 6 2 1 2 8 2 2 6 4 4 21 4 11 8 2 8 8 4 3 10 1 2 7 7
7 6 9 4 3 4 8 2 3 1 4 9 4 5 3 3 2 6 2 6 8 2 8 6 7 3 6 2 2 4 6 1 4 2
3 76 1 2 3 4 3 1 4 10 5 3 3 3 8 3 3 9 1 15 5 6 9 9 5 4 13 5 3 2 8 7 5 1
225 42 218 5 4 7 4 1 9 5 4 5 6 9 8 9 2 19 6 3 4 4 10 3 19 18 6 2 3 8 7 2 6 3
258 130 41 2 10 3 4 3 2 1 3 3 2 2 7 7 3 8 19 15 12 19 4 3 21 20 4 7 18 5 9 8 1 3
107 62 257 163 332 5 7 2 6 3 3 9 1 4 3 17 14 4 4 6 16 4 15 2 13 2 12 19 7 10 3 17 8 79
43 86 51 120 265 133 7 1 5 1 1 3 3 6 2 6 8 19 3 11 8 21 4 14 3 9 6 3 11 7 11 15 18 79
44 299 113 162 83 83 257 1 1 1 7 2 2 7 4 1 4 10 7 9 4 18 14 4 19 14 8 5 3 9 7 180 48 39
43 185 256 55 301 371 1 2 5 1 7 6 6 4 5 2 2 3 5 4 2 16 3 2 21 5 15 2 19 14 5 6 45 93
148 66 139 61 70 359 239 5 3 7 1 4 2 3 5 1 5 2 4 2 5 10 11 9 3 5 4 5 7 21 5 213 181 111
75 127 189 160 255 133 359 46 2 1 2 1 4 5 2 2 6 4 8 2 4 7 17 2 5 11 3 5 11 8 214 97 70 98
55 73 64 59 210 57 75 168 3 3 3 3 1 4 8 2 1 2 2 15 10 13 11 5 18 9 91 8 7 16 39 82 111 197
190 195 39 239 247 117 62 42 3 4 2 4 6 7 4 5 1 9 3 2 10 10 20 16 7 7 208 180 6 4 250 46 96 41
53 335 43 139 367 377 105 224 192 82 6 1 45 220 8 3 3 8 4 7 2 8 5 11 5 7 7 334 7 280 211 74 209 96
104 55 340 254 94 58 208 56 199 66 81 323 254 4 2 2 9 5 3 9 1 4 4 15 7 3 11 6 294 246 10 40 91 145
63 258 370 202 122 47 107 340 254 10 1 1 4 2 3 9 2 5 2 1 1 2 1 2 4 5 6 152 56 37 39 69 54 49
79 92 42 147 245 369 161 334 118 306 39 1 2 1 8 7 8 1 4 5 1 6 1 9 4 4 3 215 50 307 64 76 173 101
214 159 248 170 83 147 117 150 114 91 277 48 139 10 5 8 6 2 1 10 4 1 2 7 9 3 2 84 81 315 96 301 68 52
282 43 178 154 169 78 332 102 183 186 202 220 43 3 8 2 2 6 9 4 7 4 5 7 4 96 194 135 193 272 64 90 274 252
346 152 132 43 115 227 78 104 40 376 69 45 2 8 2 4 8 7 1 8 2 2 7 5 4 78 45 133 129 105 133 237 149 64
366 138 150 46 63 127 147 137 97 2 2 7 3 9 4 2 2 2 6 2 2 5 4 2 1 215 182 274 227 140 39 288 199 61
359 210 165 52 154 126 241 105 8 7 3 10 2 5 1 2 9 2 1 6 2 1 1 7 5 241 264 49 41 51 234 185 75 252
