39
000000000000000000000000000000000000000
000000000000000000000000000000000000000
000000000000000000000000000000000000000
000000000000111111111111111000000000000
000000000000000000000000000000000000000
000000000000000000000000000000000000000
000000000000000000000000000000000111111
000000000000000000001111111111111111100
000000000000000000000000000000000000000
000000000000000000000000000000000000000
000000000000000000000000000000000000000
000000000000000000000000000000000000000
000000000000000000000000000000000000000
000000000000000000000000000000000000000
000000000000000000000000000000000000001
000000000000000000000000000000000000000
000000000000000000000000000000000000000
000000000000000000000000000000000000000
000000000000000000000000000000000000000
000000000000000000000000000000000000000
000111111110000000000000000000000000011
000000000000000000000000000000000000000
111111111111000000000000000000000000000
000000000000000000000000000000000000000
000000000000000000000000000000000000000
000000000000000000000000000000000000000
000000000000000000000000001110000000000
000000000000000000000000000000000000000
000000000000000000000000000000000000000
000000000000000000000000000000000000000
000000000000000000000000000000000000000
000000000000000000000000000000000000000
000000000000000000000000000000000000000
000000000000000000000000000000000000000
000000000000000000000000000000000000000
000000000000000000000000000000000000000
000000000000000000000000000000000000000
000000000000000000000000000000000000000
00000000000000000000000000000000000000
00000000000000000000000000000000000000
00000000000000000001000000000000000000
00000000000000000001000000000000000000
00000000000000000001000000000000000000
00000000000000000001000000000000000000
00000000000000000000000000000000000000
00000000000000000000000000000000000000
00000000000000000000000000000000000000
00000000000000100001000000000000000000
00000000000000100001000000000000000000
00000000000000100001000000000000000000
00000000000000100001000000000000001000
00000000000000100000000000000000001000
00000000000000100000000000000000001000
00000000000000000000000000000000001000
00000000000000000000000000000000001000
00000000000000000000001000000000001000
00000100000000000000001000000000001000
00000100000000000000001000000000001000
00000100000100000000001000000000011000
00000100000100000000001000000000011000
00000100000100000000001000000000011000
00000100000100000000001000000000011000
00000100000100000000001000000000011010
00000100000100000000001000000000011010
00000100000100000000001000000000011010
00000100000100000000001000000000011010
00000100000000000000001000000000011010
00000100000000000001001000000000011010
00000100000000000001001000000000011010
00000100000000000001000000000000010010
00000100000000000001000000000000010010
00000100000000000001000000000000010010
00000100000000000001000000000000010000
00000100000000000001000000000000010000
00000100000000000001000000000000010000
00000000000000000001000000000000010000
00000000000000000001000000000000010000
3 5 2 1 13 16 6 5 6 5 18 8 5 9 6 5 5 1 9 3 10 5 2 1 9 8 9 234 207 84 80 230 266 400 93 78 151 175 3
5 9 5 15 7 8 12 30 6 7 35 20 5 1 3 1 1 10 7 7 6 3 2 2 1 2 193 181 65 119 56 351 351 165 249 51 63 61 4
1 1 21 33 2 7 9 37 29 6 4 33 12 11 7 5 3 1 9 8 1 2 4 2 2 7 245 55 129 360 236 365 178 385 254 103 54 208 5
5 2 2 2 14 23 6 3 5 41 11 24 13 15 31 5 4 1 1 2 4 1 1 10 9 1 397 95 144 112 187 395 228 272 266 291 269 6 1
2 3 1 4 21 18 9 15 11 21 5 243 181 57 88 165 189 206 84 154 215 158 154 70 208 143 235 134 4 88 284 266 229 330 5 1 2 2 7
2 3 10 9 9 2 12 24 28 14 14 9 324 168 9 190 106 124 420 66 60 282 290 173 103 91 158 3 2 290 356 104 159 58 133 2 1 2 1
7 10 2 1 6 5 12 27 23 8 6 24 4 86 21 378 218 196 61 96 114 212 183 68 213 84 177 212 343 301 3 1 3 8 9 5 3 5 2
1 5 1 2 5 7 25 24 4 8 4 9 6 13 31 4 181 59 121 85 73 201 77 452 291 178 48 74 388 135 5 2 3 3 1 2 1 2 8
10 6 2 1 1 6 15 10 6 10 4 9 11 6 4 10 270 63 93 96 416 38 14 47 8 3 4 7 4 3 9 8 9 2 7 5 1 2 1
2 1 3 5 7 2 17 28 4 32 16 6 11 4 12 8 78 87 17 210 14 12 21 22 1 4 9 1 1 9 3 3 300 105 8 191 202 191 148
3 1 10 3 3 6 32 23 7 20 8 17 4 3 5 56 91 286 6 14 12 1 6 59 69 1 3 1 4 2 3 5 13 18 113 272 494 83 236
1 3 3 3 9 19 20 21 4 7 32 5 10 26 26 52 80 53 6 34 21 30 54 32 12 1 1 10 6 2 2 17 11 9 20 618 557 112 84
3 7 3 18 4 11 19 4 4 4 3 9 9 7 18 6 11 42 38 6 52 5 7 6 6 4 9 3 1 4 104 8 20 14 4 464 158 125 217
3 10 3 17 3 9 5 19 27 16 10 2 6 1 3 28 16 18 49 19 29 4 2 7 1 122 2 1 4 8 324 84 21 8 5 359 294 156 603
6 3 8 7 11 2 10 24 5 30 4 3 74 3 3 20 6 11 14 7 22 3 5 97 7 111 1 424 123 20 92 6 19 23 12 94 576 536 116
6 8 74 24 74 69 77 44 16 4 6 12 89 41 24 8 56 46 8 5 3 1 6 45 44 111 180 62 73 4 3 3 15 13 9 347 180 185 115
14 19 20 10 49 9 30 10 9 55 6 4 8 212 7 20 24 45 50 3 2 1 5 125 268 124 191 328 273 3 6 4 3 3 3 387 143 307 121
37 19 33 9 27 10 63 11 12 3 20 18 9 554 27 27 33 33 12 7 1 7 5 142 50 257 44 289 5 9 3 8 23 12 19 99 627 758 198
22 15 55 37 70 11 45 42 51 3 6 19 3 18 68 39 2 2 4 3 3 10 5 345 72 140 182 135 16 12 24 18 3 9 13 126 702 114 107
13 42 17 21 9 10 52 27 9 17 14 4 124 105 108 8 2 6 4 3 2 5 9 18 122 406 381 7 5 16 3 21 7 14 4 218 610 115 85
26 24 27 21 18 11 11 10 14 152 387 122 451 449 233 2 1 5 9 4 5 2 5 108 186 226 46 124 12 7 8 24 6 4 8 666 782 321 527
22 20 13 44 6 1 70 415 588 613 73 81 2 2 64 353 1 10 4 3 4 1 9 6 14 88 54 115 30 20 3 16 6 19 3 105 507 631 640
23 21 20 58 23 6 136 66 148 398 345 130 2 257 168 142 223 151 2 7 2 3 1 5 5 17 15 389 13 19 3 5 11 13 7 184 187 469 233
4 8 3 2 9 1 2 1 2 9 8 6 3 5 1 2 79 3 1 2 3 1 5 2 7 6 10 27 7 6 10 18 9 8 7 727 195 161 159
1 4 4 8 8 8 2 9 2 4 8 1 2 9 2 1 4 5 1 2 2 1 1 8 3 23 10 3 9 3 8 14 3 14 5 178 128 86 153
2 7 2 3 1 3 2 6 3 6 3 1 1 2 2 4 3 4 1 2 8 8 7 2 2 14 6 5 3 3 4 17 8 24 2 283 670 582 623
9 2 2 1 6 7 2 1 4 2 2 6 2 3 6 4 20 2 5 3 5 3 2 5 66 72 1 2 9 2 3 75 14 15 2 418 3 2 7
5 1 9 1 2 1 1 6 7 3 2 2 4 6 5 8 46 10 7 4 8 1 3 1 39 42 19 11 63 69 91 37 28 86 1 2 3 4 2
2 6 1 1 9 4 6 2 3 4 5 7 1 3 7 6 19 36 57 24 6 2 4 6 1 2 19 29 41 34 32 11 68 23 1 5 4 2 6
2 8 8 5 4 9 1 6 4 1 2 9 1 3 5 3 2 47 28 32 3 5 5 1 9 2 12 77 30 27 12 18 30 91 7 3 2 5 3
6 4 1 1 2 10 3 1 2 2 1 9 5 5 7 4 1 10 9 8 3 3 7 2 9 5 3 16 82 28 26 99 14 26 3 4 9 3 2
6 4 2 4 5 4 5 1 4 9 6 8 7 14 1 9 2 6 35 10 7 2 6 2 5 2 2 17 52 29 72 12 73 30 3 1 5 1 3
2 2 5 3 1 8 6 1 3 6 3 8 24 24 7 22 8 22 40 23 3 7 9 1 3 3 1 1 72 31 28 28 77 48 2 2 8 1 1
6 1 2 7 9 1 5 5 1 6 11 7 21 18 7 32 16 35 17 11 6 3 8 1 1 6 5 7 22 22 71 93 76 70 2 4 1 1 2
2 8 10 5 2 5 1 9 11 10 2 11 56 24 53 33 55 25 12 13 3 1 2 6 4 1 10 4 16 24 80 32 21 16 2 3 3 5 2
5 5 3 3 4 2 1 5 2 2 15 9 10 6 8 6 15 18 20 50 8 8 5 3 2 2 2 2 2 4 8 16 11 11 3 6 3 3 2
1 7 1 4 1 5 2 4 3 6 35 47 6 12 22 9 34 7 15 28 3 2 3 9 4 3 2 3 3 9 6 3 45 60 2 7 7 8 2
4 8 2 7 1 1 8 3 2 5 3 5 15 14 16 57 30 49 7 10 1 2 3 2 2 6 2 9 4 2 9 2 2 2 7 6 3 3 1
7 3 6 1 3 5 6 1 4 5 4 2 10 11 34 9 53 6 15 36 4 3 4 10 5 1 4 2 2 5 2 2 1 6 2 3 9 6 5
