36
000000000000000000000000000000000000
000000000000000000000000000000000000
000000000000000000000000000000000000
000000000000000000000000000000000000
000000000000000000000000000000000000
000000000000000000000000000000000000
000000000000000000000000000000000000
000000000000000000000000000000000000
000000000000000000000111111000000000
000000000000000000000000000000000000
000000000000000000000000000000000000
000000000000000000000000000000000000
000000000000000000000000000000000000
000000000000000000000000000000000000
000000000000000000000000000000000000
000000000000000000000000000000000000
000000000000000000000000000000000000
000000000000000000000000000000000000
000000111111111111000000000000000000
000000000000000000000000000000000000
000000000000000000000000000000000000
000000000000000000000000000000000000
000000000000000000000000001111111110
000000000000000000000000000000000000
000000000000000000000000000000000000
000000011111110000000000000111111111
001111111111111110000000000000000000
000000000000111111000000000000000000
000000000001111111110000000000000000
000000000000000000000000000000000000
000000000000000000000000000000000000
000000000000000000000000000000000000
111100000000000000000000000000000000
000000000011111101111111111000000000
000000000000000111110000000000000000
00000000001000000011101010010000000
00000000000000000011101000010010000
00000000000000000011001000010010000
00000000000000001011001010010010000
00000000000000001000001010010010000
00000000000000001000001010010010000
00000000000000001000001010010010000
00010000000000001000001010000010000
00011000000000001000001010000010000
00011000000000001000001010000010000
00001000010000001000001010000000000
00000000011000000000001010000000000
00000000011000000000001010000000000
01000000011000000000001010000000000
01000000001000000000001010000000000
01000000001000001000000000000000010
01000001001000001000000000000000010
01000101001001001000000000000000010
01000101001001001000000000000000010
01000101001001001000000000000000010
01000101001001001000000000000000010
01000101000001001000100000000000010
01000101000001001000100000000000010
01000101000001001000100000000000010
01000001000000001000000000000100010
01000001000000001000000000000100000
00000000000000001000000000000100000
00000000000000001000000000000100000
00000000000000001000000000000100000
00000000000000001000000000000100000
00000000000000001000000000000100000
00000000000000001000000000000100000
00000000000000001000000000000000000
00000000000000000000000000000000000
00000000000000000000000000000000000
00000000000000000000000000000000000
3 2 6 3 2 4 5 8 6 8 4 4 7 9 2 6 1 5 7 2 5 2 6 1 4 1 5 8 4 3 8 1 2 2 2 8
1 5 2 3 2 8 7 9 3 1 1 2 2 9 4 3 2 2 2 1 2 2 4 3 1 3 3 3 3 6 2 1 9 2 2 5
4 9 1 3 1 5 6 7 3 2 9 9 3 6 3 1 2 2 4 5 1 4 3 1 4 6 9 2 9 6 5 10 3 1 3 2
3 1 1 2 4 2 7 2 4 1 1 2 4 1 7 2 4 8 1 8 2 4 1 2 5 3 4 3 1 2 1 2 4 2 7 8
1 4 2 2 4 2 1 2 1 4 5 3 1 6 4 5 2 4 3 4 7 1 2 4 7 3 3 2 5 6 2 9 2 4 1 2
4 5 1 9 2 1 1 3 2 5 3 9 3 2 8 8 1 1 4 6 4 3 2 1 3 3 9 7 2 2 4 3 4 1 2 4
2 2 2 4 1 8 1 6 1 2 2 2 6 1 5 6 8 7 7 3 5 2 5 1 8 2 2 5 6 1 1 8 1 5 6 4
4 4 1 2 6 10 8 1 3 6 3 3 2 1 3 2 7 2 10 3 4 3 1 4 3 8 3 3 3 3 5 4 1 4 2 3
2 17 10 1 6 4 13 14 8 8 2 4 3 5 1 2 6 3 1 3 2 1 2 4 2 2 1 7 4 5 10 2 8 1 1 2
7 7 9 1 2 26 5 6 10 2 1 2 15 4 6 1 2 19 4 10 2 1 1 1 1 1 2 2 2 7 6 5 2 5 1 4
5 16 15 5 4 19 10 4 9 5 5 4 2 7 4 5 10 5 21 6 1 6 3 17 6 6 8 4 1 10 6 1 9 8 5 2
5 5 5 11 32 5 7 4 33 5 2 3 4 1 3 3 4 4 10 12 20 4 2 18 5 22 5 3 2 3 2 2 7 4 3 9
8 31 11 12 27 5 22 7 12 5 17 5 2 2 3 3 9 20 4 10 8 22 14 13 15 4 8 6 10 8 3 2 5 8 4 1
3 10 4 23 5 4 11 14 27 26 15 3 2 21 7 5 16 12 23 13 16 5 4 3 6 14 22 8 11 4 1 5 10 5 14 3
7 3 5 21 21 22 10 30 7 18 18 9 1 5 3 6 22 6 16 4 16 10 6 9 4 4 5 9 11 20 14 5 10 18 23 4
2 6 34 17 10 14 15 13 7 5 27 4 7 11 4 7 4 3 4 18 4 3 22 11 5 17 21 11 3 12 3 21 18 5 11 1
3 4 5 33 17 33 9 10 4 11 8 4 9 4 13 3 4 8 4 6 17 10 16 5 18 3 6 5 8 8 4 14 4 5 3 1
8 1 20 8 21 7 16 30 18 1 6 2 3 4 5 21 7 20 24 19 6 7 17 3 17 7 3 3 3 4 22 17 6 5 9 5
4 2 8 24 12 6 8 6 1 4 2 10 3 4 6 2 1 24 19 8 5 4 3 3 4 5 16 3 4 12 5 13 3 3 3 3
2 2 9 19 16 18 17 31 5 6 1 3 4 3 6 3 2 11 3 17 5 11 11 19 3 19 7 4 14 3 6 8 24 4 3 2
2 3 18 7 16 18 32 5 7 7 5 2 2 3 1 4 3 13 4 13 8 3 3 8 4 18 7 4 6 4 4 10 4 12 2 4
25 3 22 18 18 13 22 14 1 2 4 7 2 3 1 1 7 11 3 12 4 11 3 14 15 7 11 6 3 4 23 6 3 3 5 4
34 23 5 5 5 24 5 22 6 7 2 7 6 2 5 3 2 8 3 3 13 6 13 5 4 18 20 8 22 9 12 5 22 1 4 9
10 9 13 8 7 8 14 4 6 2 2 1 6 1 3 1 3 12 14 17 22 15 4 7 6 6 4 14 19 15 6 23 6 5 7 4
6 6 4 21 31 6 15 17 1 3 3 7 1 8 6 1 1 9 9 9 21 8 15 20 18 8 9 6 12 6 8 9 4 18 3 5
5 17 8 10 7 17 22 6 7 3 3 5 1 4 7 2 4 17 4 3 17 25 15 21 25 4 16 10 7 8 8 12 8 3 23 4
33 7 8 11 26 6 13 8 7 12 4 2 8 5 2 8 1 4 7 5 16 12 14 6 17 14 14 7 11 5 15 4 3 8 4 11
4 5 15 7 22 22 5 20 21 10 6 4 4 12 23 3 1 3 12 6 3 7 3 6 13 4 14 14 4 18 8 3 12 16 7 4
13 23 3 24 22 3 3 12 13 22 8 14 9 9 8 24 3 9 8 15 25 18 9 9 9 11 21 3 15 17 19 14 7 24 5 15
9 25 3 7 4 15 7 17 3 23 15 7 14 14 7 3 13 7 13 23 8 19 11 7 25 7 3 7 23 13 3 11 7 3 8 21
11 10 9 6 17 3 8 8 10 3 16 7 3 12 7 7 5 7 21 3 5 16 25 10 8 6 6 9 6 16 8 4 23 8 7 3
13 6 7 19 4 4 10 5 4 20 20 3 16 17 8 18 6 6 3 19 21 21 9 4 3 6 16 4 6 15 17 5 4 21 4 10
16 4 18 7 5 5 3 18 22 23 13 10 4 4 3 10 14 6 24 6 12 8 18 6 14 17 8 5 9 16 5 4 13 24 9 3
4 3 24 11 4 22 4 17 7 13 23 4 4 3 5 3 17 3 16 3 8 15 12 3 23 3 4 8 25 5 9 26 9 13 5 5
4 10 8 9 9 23 11 15 4 3 7 8 18 7 6 5 8 24 15 11 9 18 5 5 13 13 10 15 6 6 4 8 22 11 7 9
4 6 6 18 22 5 11 5 3 6 3 18 23 9 5 3 4 5 20 9 6 3 10 8 6 3 4 7 5 11 11 9 5 16 3 4
