29
00000000000000000000000000000
00000000000000000000000000000
00000000000000000000000000000
00000000000000000000000000000
11100000000000000000000000000
00000000000000000000000000000
00000000000000000000000000000
00000000000000000000000000000
00000000000000000000011111100
00000000000000000000000000000
00000000000000000000000000000
00000000000000000000000000000
00000000000000000000000000000
00000000000000000000000000000
00000000000000000000000000000
00000000000000000000000000000
00000000000000000000000000000
00000000000000000000000000000
00000000000000000000000000000
00000000000000000000000000000
00000000000000000000000000000
00000000000000000000000000000
00000000000000000000000000000
00000000000000000000000000000
00000000000000000000000000000
00000000000000000000000000000
00000000000000000000000000000
00000000000000000000000000000
0001000000000000000000000000
0001000000000000000000000000
0001000000000000000000000000
0001010000000000000000000000
0001010000000000000000000000
0001010000000000000000000000
0000010000000000000000000000
0000010000000000000000000000
0000010000000000000000000000
0000010000000000000000000000
0000010000000000000000000000
0000010000000000000000000000
0000010000000000000000000000
0000010000000000000000000000
0000010000000000000000000000
0000010000000000000000000000
0000010000000000000000000000
0000000000000000000000000000
0000000000000000000000000000
0000000000000000000000000000
0000000000000000000000000000
0000000000000000000000000000
0000000000000000000000000000
0000000000000000000000000000
0000000000000000000000000000
0000000000000000000000000000
0000000000000000000000000000
0000000000000000000000000000
0000000000000000000000000000
2 4 2 3 9 1 4 2 1 2 10 2 4 3 2 1 2 6 2 1 6 8 3 2 2 1 4 2 2
2 2 2 2 4 2 9 1 1 2 4 2 2 6 3 7 4 5 8 4 6 10 1 3 5 4 4 8 6
4 3 2 5 2 7 3 1 3 9 1 4 1 1 5 3 4 10 2 1 1 6 1 9 3 6 3 6 6
7 2 3 9 4 2 10 4 4 7 8 10 2 1 1 1 2 8 5 7 4 5 3 1 1 4 5 9 1
2 1 3 3 2 2 3 3 2 4 4 4 1 9 8 6 1 5 3 1 6 2 3 4 2 1 1 5 4
6 6 3 1 1 6 2 1 3 3 7 1 7 5 5 2 1 1 4 2 7 1 6 9 2 1 10 3 4
6 1 6 1 3 7 2 4 3 2 3 5 1 7 1 5 1 3 7 3 1 5 5 5 4 3 1 2 9
4 1 3 5 5 1 4 5 2 7 2 4 10 5 2 3 5 2 4 2 3 6 2 5 3 4 8 6 1
2 7 3 8 4 10 6 1 4 3 4 5 2 2 2 2 3 5 2 2 7 3 6 2 9 1 7 3 3
7 6 2 1 3 7 1 2 4 2 1 2 3 3 2 5 1 2 2 1 9 1 2 2 3 5 1 5 4
10 5 1 1 5 5 3 3 2 3 2 3 2 2 1 4 1 1 4 6 3 1 1 2 5 3 3 5 2
1 5 3 2 7 4 3 5 5 4 2 3 6 1 3 1 5 2 5 1 5 8 1 3 3 2 9 5 4
2 7 1 3 3 4 3 2 4 6 6 32 10 3 2 6 3 4 2 1 1 3 4 4 1 5 1 3 1
3 2 2 4 2 9 4 34 27 15 44 32 7 3 1 7 23 4 1 4 8 7 1 3 2 6 4 6 1
3 4 2 6 4 3 1 31 6 12 14 11 21 32 32 30 30 4 5 2 2 4 3 5 2 6 8 6 5
1 7 3 2 10 2 3 13 16 12 10 31 37 32 6 12 6 10 24 9 2 8 2 1 9 3 4 1 8
1 2 2 1 27 4 15 59 6 13 35 27 55 37 42 12 25 10 25 59 2 3 2 4 3 3 2 1 5
2 6 9 4 9 14 36 32 21 11 18 52 20 21 23 15 13 17 26 34 8 3 6 1 2 4 3 6 1
2 2 5 51 16 8 18 15 19 10 55 9 7 20 25 9 8 1 15 8 6 2 3 1 8 1 3 2 3
3 4 1 1 27 7 24 40 1 17 7 15 21 19 48 17 50 12 17 1 9 1 2 2 5 9 3 2 3
3 1 1 9 3 7 9 18 16 28 8 8 13 49 18 9 24 8 54 24 1 3 9 2 2 7 3 7 1
6 3 1 6 1 9 13 6 31 3 14 8 7 52 28 25 1 56 7 2 5 5 2 5 4 6 9 3 8
2 5 7 2 4 3 5 5 4 2 13 52 7 9 40 5 2 4 2 3 4 10 7 9 6 4 2 6 7
3 4 7 4 3 3 6 1 3 2 5 35 19 8 9 18 2 3 4 7 2 7 3 7 7 3 3 1 3
4 1 9 8 3 1 2 1 2 3 10 61 72 7 9 59 56 23 11 2 6 1 1 2 8 9 3 6 3
2 1 5 2 4 4 1 8 3 4 2 3 24 26 22 30 50 8 2 3 1 3 1 9 7 2 4 4 10
7 9 1 4 4 2 2 1 2 4 8 1 58 39 61 17 49 8 4 1 7 6 1 2 2 3 3 4 5
5 7 2 4 3 2 2 3 10 7 9 2 8 36 36 11 55 4 7 1 6 8 3 1 1 4 2 6 6
5 2 4 8 10 2 5 3 4 3 2 44 8 10 13 9 39 42 3 1 5 8 8 1 1 9 3 1 3
