40
0000000000000000000000000000000000001111
0000000000000000000000000011111111111111
0000000000000000000000000000000000000000
0000000000000000000000000000000000000000
0000000000000000000000000000000000000000
0000000000000000000000000000000000000011
0000000000000000000000000000000000000000
0000000000000000000000000000000000000000
0000000000000000000000000000000000000000
0000000000011111111000000000000000000000
0000000000000000000000000000000000000000
0000000000000000000000000111111000000000
0000000000000000000000000000000000000000
1111111111110000000000000000000000000000
0000000000000000000000000000000000000000
0000000000000000000000000000000000000000
0000000000000000000000000000000000000000
0000000000000000000000000000000000000000
1111111000000000000000000000000000000000
0000000000000111111111111110000000000000
0000000000000000000000000000000000000000
0000000000000000000000000000000000000000
0000000000000000000000000000000000000000
0000000000000000000000000000000000000000
0000000000000000000000000000000000000000
0000000000000000000000000000000000000000
0000000000000000000000000000000000000000
0000000000000000000000000000000000000000
0000000000000000000000000000000000000000
1111111111111111100000000000000000000000
0000000000000000000000001111111111111111
0000000000000000000000000000000000000000
0000000000000000000000000000000000000000
1111111111111100000000000000000000000000
0000000000000000000000000000000000000000
0000000000000000000000000000000000000000
0000000000000000000000000000000000000000
0000000000000000000000000000000000000000
1111110000000000001111111000000000000000
100000010100011000000000100000000000000
100000011100011000000000100000000000000
100000001100001000000000000000000000000
000000001100001000001000000000000000000
000000001100001000001000000000100000000
000000001100001000001000000000100000000
000000001110001000001000000000100000000
000000001110101000001000000000100000000
000000001010101000101000000000100000000
000000001010100000101000010000100000000
000000000000100000101000010000100000000
000000000000100000101000010000000000000
000000000000100000101000010000000100000
000000000000100000101000010000000100000
000000000010100000100000000000000100000
000000000010100000100000000000000100000
000000000010100000100000000000000100000
000000000010100000000000000000000100000
000000000000100000000000000000000100000
000000000000100000000000000001000100000
000000000000100000000000000001000100000
000000000000100000000000000001000000000
000000000000100000000000000011000000000
000000000000100000000000000011010000000
000000000000100000000000000011010000000
000000000000100000000000000001010000000
000000000000000000000000000001010000000
000000000000000000000000000001010000000
000000000000000000000000000000010000000
000000000000000000000000000000010000000
000000000000000000000000000000010000000
000000000000000000000000010000010000000
000000000000000000000000010000010000000
000000000000000000000000010000010000000
000000000000000000000000010000010000000
000000000000000000000000010000000000000
000000000000000000000000000000000000000
000000000000001000000000000000000000000
000000000000001000000000000000000000000
000000000000001000000000000000000000000
2 2 2 4 4 3 2 9 3 4 2 2 4 2 2 5 49 34 22 123 119 121 294 42 46 290 32 311 189 126 51 39 199 32 129 69 53 62 87 222
1 1 4 10 9 3 3 2 96 3 1 6 3 3 9 3 27 18 157 2 4 56 54 272 71 42 76 93 79 90 227 251 144 48 53 116 193 70 175 234
8 5 5 3 2 8 2 211 32 4 9 2 2 7 1 2 93 26 63 17 84 82 54 80 39 225 144 35 40 37 29 68 21 68 116 22 32 41 75 20
2 10 3 116 107 24 30 32 43 7 9 9 1 1 2 95 37 32 34 24 40 2 263 74 83 87 39 295 98 160 50 217 179 106 58 26 69 13 17 45
2 8 2 166 50 46 36 119 162 6 2 2 7 3 8 23 109 28 17 51 40 2 152 100 138 82 78 69 234 46 67 107 58 34 25 39 112 66 70 14
5 202 25 109 52 40 57 65 90 3 7 2 5 5 4 136 149 43 139 106 21 4 298 63 65 150 48 2 100 273 146 89 50 20 227 122 33 30 34 73
55 183 104 112 70 33 170 193 93 3 9 1 2 5 9 132 21 165 32 64 99 3 33 34 80 282 110 5 191 59 263 13 73 177 93 96 20 58 47 102
122 132 33 76 39 56 203 25 29 4 7 7 8 3 1 81 122 98 26 23 20 3 2 7 4 85 1 3 6 3 178 46 95 25 125 25 56 35 22 18
30 74 39 43 145 52 149 74 67 1 1 2 1 1 6 18 26 29 138 146 36 8 5 5 1 83 7 3 2 1 4 16 124 58 66 50 65 17 14 45
51 183 62 41 48 234 41 27 139 10 1 1 4 2 1 3 54 94 162 26 55 8 6 3 8 8 10 5 3 5 2 22 23 101 65 161 80 47 22 73
31 79 24 61 34 35 108 40 125 3 2 1 3 2 2 1 10 3 3 97 142 8 5 7 6 3 1 2 1 9 2 47 32 40 81 55 20 40 98 29
38 56 45 48 72 203 204 62 115 2 5 7 4 4 2 9 4 8 9 113 82 3 2 5 172 3 4 8 1 2 2 6 52 92 33 33 58 15 41 14
205 28 178 122 48 25 91 49 173 2 2 3 2 3 7 1 3 5 1 18 21 2 107 350 68 70 99 233 62 256 34 133 26 95 118 32 31 87 25 4
67 160 25 123 196 48 103 3 6 2 7 9 7 7 1 2 8 2 1 28 19 5 277 184 40 46 272 90 70 49 84 28 56 23 115 31 20 21 47 1
4 8 5 5 1 3 6 1 7 9 1 18 7 4 9 3 2 6 1 26 124 28 164 65 29 19 56 61 42 121 19 128 21 167 63 41 3 1 2 1
3 1 6 8 2 7 3 2 10 3 3 17 14 5 7 2 2 1 36 32 40 56 60 56 53 53 194 330 237 217 138 103 95 51 1 3 1 6 2 1
1 7 5 5 8 3 9 11 4 6 6 32 7 7 6 5 2 93 25 53 98 109 64 60 138 23 123 359 368 301 233 158 20 3 3 1 2 5 5 6
8 1 2 5 5 4 20 5 5 27 7 8 22 2 7 5 30 57 21 91 51 149 22 114 47 27 163 61 346 330 97 76 1 6 2 3 4 5 6 2
4 3 2 8 1 4 4 28 11 7 27 7 34 5 2 9 6 20 25 147 103 62 33 134 214 132 359 200 293 82 49 47 11 2 9 1 2 1 7 2
3 3 3 7 4 1 2 13 6 18 5 8 5 6 5 5 9 2 81 93 35 47 23 41 138 106 141 61 84 144 19 71 18 4 63 63 101 78 3 6
2 1 1 1 3 2 8 12 2 4 6 5 14 1 41 11 3 1 1 20 15 9 32 34 22 29 68 108 39 203 13 63 29 29 14 29 27 27 16 99
1 2 2 1 9 2 1 19 6 6 16 24 19 6 11 12 23 9 23 37 45 78 12 9 47 11 72 210 132 65 14 17 16 41 12 43 31 11 22 78
2 10 9 7 1 1 9 2 10 2 3 19 11 5 2 20 61 17 25 11 9 74 10 31 46 17 152 58 82 259 36 20 23 18 62 51 44 43 88 11
4 1 2 9 1 3 6 3 7 2 1 2 7 1 16 16 3 10 20 22 30 12 43 12 17 40 22 94 26 50 24 19 42 15 12 22 13 96 14 12
6 3 2 7 3 1 2 8 4 6 4 1 3 2 4 1 6 1 12 37 35 43 26 9 62 40 34 72 49 115 18 95 49 11 50 28 20 24 73 12
8 6 4 6 6 8 2 1 3 1 2 9 6 3 2 2 9 13 58 67 12 13 17 81 17 20 22 36 20 14 16 70 12 97 66 15 11 33 15 2
4 1 3 1 1 2 3 5 2 9 9 2 3 4 1 3 4 22 19 53 36 59 10 17 9 41 53 123 222 221 5 2 64 100 58 18 13 22 18 4
8 1 4 2 1 4 5 3 6 5 2 2 5 2 6 2 2 11 33 14 42 73 18 9 34 16 12 88 88 342 176 1 28 13 36 102 14 11 47 4
7 3 2 4 3 8 2 4 5 3 1 2 9 6 6 1 7 222 100 593 25 17 16 25 12 17 324 706 464 111 121 8 13 11 99 32 11 23 8 2
9 8 3 1 3 3 4 2 3 7 3 3 9 5 1 8 5 91 246 370 19 84 80 21 21 91 79 104 314 99 179 2 3 2 4 10 1 3 2 1
3 1 9 1 10 4 5 4 1 4 5 50 131 139 119 292 225 51 41 66 172 381 587 84 107 3 2 217 175 332 146 1 5 8 1 5 1 3 2 1
2 9 4 3 8 2 7 10 2 2 30 29 115 62 141 40 253 117 123 170 170 102 72 688 261 9 3 116 242 490 401 216 3 1 7 1 8 4 7 10
6 6 4 2 9 2 4 1 7 4 27 31 61 19 81 41 198 62 243 296 250 96 241 232 203 174 426 277 250 147 438 106 97 3 5 1 4 1 8 2
3 2 10 4 1 5 3 10 3 10 9 20 170 158 299 124 70 45 271 102 159 114 131 514 388 311 163 175 232 640 718 744 158 1 5 3 7 8 1 4
1 1 9 7 6 2 6 41 22 53 133 129 132 81 44 215 162 256 61 53 77 55 95 205 689 639 139 722 354 99 133 138 218 405 300 322 2 4 7 2
1 1 3 2 2 2 3 87 28 24 68 150 305 263 72 48 47 202 257 284 58 233 158 265 5 673 674 379 185 490 167 160 361 145 123 3 9 4 3 2
1 5 5 2 5 1 8 22 35 24 86 90 50 53 46 390 128 298 46 61 276 164 308 112 177 339 346 361 364 109 619 185 160 258 3 3 3 3 8 1
3 5 2 4 1 1 5 1 95 22 24 2 297 56 342 270 215 93 124 293 99 82 271 88 1 204 290 275 197 159 455 395 195 380 656 557 2 1 1 6
6 3 1 1 1 2 9 21 44 2 22 2 2 122 5 47 52 54 75 112 349 92 313 219 6 363 156 252 103 372 165 119 618 490 408 102 206 3 4 3
9 1 9 1 2 4 6 78 2 10 1 4 4 7 2 119 68 61 40 45 149 74 62 4 306 76 249 367 146 352 182 244 184 109 343 4 4 5 1 5
