20
00000000000000000000
00000001111111000000
00000000000000000000
00000000000000000000
00000000000000000000
00000000000000000000
00000000000000000000
00000000000000000000
00000000000000000000
00000000000000000000
00000000000000000000
00000000000000000000
00000000000000000000
00000000000000000000
00000000000000000000
01111110000000000000
00000000000000000000
00000000000111111000
00000000000000000000
0000000000000000110
0000000000100000110
0000000000100000110
0000000000100000110
0000000000100000110
0000000000100000110
0000000000100000110
0000000000100000100
0100000000100000100
0100000000100000000
0100000000100000000
0100000000000000000
0100010000000000000
0100010000000000000
0100010000000000000
0000000000000000000
0000000000000000000
0000000000000000000
0000000000000000000
0000000000000000000
4 6 1 4 5 1 3 2 5 1 1 25 25 19 21 20 20 21 14 14
3 2 2 4 1 1 3 7 8 1 6 14 15 15 24 25 24 16 22 14
1 5 3 1 3 7 3 27 22 10 2 9 11 5 5 4 4 6 13 7
1 7 1 10 7 24 14 4 4 9 10 20 6 3 5 26 18 9 21 8
8 5 1 3 2 3 30 4 11 5 13 10 12 7 12 7 29 8 10 4
1 2 9 3 5 4 5 25 5 7 11 8 5 4 4 8 11 8 6 32
4 4 1 1 1 2 16 6 25 15 10 17 19 13 4 25 4 14 5 5
1 1 2 26 31 1 30 4 26 14 33 12 21 4 28 4 26 4 19 10
2 10 3 3 8 4 4 5 18 4 7 12 4 5 4 19 20 7 31 21
3 1 4 1 29 15 7 25 22 22 30 25 14 3 19 7 6 4 7 25
2 1 2 22 16 15 27 7 6 8 13 22 26 12 13 13 5 6 8 4
3 3 1 21 4 23 11 6 5 16 11 27 5 10 17 32 6 11 8 31
8 3 8 3 5 10 11 6 12 7 3 15 18 4 7 28 7 14 29 30
4 3 2 1 9 5 17 9 4 14 28 6 8 9 3 14 18 7 4 22
1 3 2 4 2 1 8 20 11 22 6 18 10 19 32 8 26 4 26 7
6 7 3 8 3 3 4 28 5 5 8 3 7 10 14 4 14 11 9 6
5 4 3 8 21 8 14 17 4 5 6 31 27 10 7 19 1 1 2 7
1 3 2 1 1 29 22 12 16 4 24 8 27 11 5 3 7 12 1 2
4 4 1 2 4 8 5 5 14 5 12 12 4 1 2 6 3 2 2 1
9 2 2 6 9 28 28 6 29 5 13 3 15 10 9 10 1 3 4 1
