33
000000000000000000000000000000000
000000000000000000000000000000000
000000000000000000000000000000000
000000000000000111111111111000000
000000000000000000000000000000000
000000000000000000000000000000000
000000000000000000000000000000000
000000000000000000000000000000000
000000000000000000000000000000000
000000000000000000000000000000000
000000000000000000000001111110000
000001111111011100000000000000000
000000000000000000000000000000000
110000000001111111110000000000000
000000000000000000000000000000000
000000000000000000000000000000000
000000000000000000000000000000000
000000000000000000000000000000000
000000000000000000000000000000000
000000000000000111000000000000000
000111111000000000000000000000000
000000000000000000000000000000000
000000000000000000000000000000000
111111111111111000000000000000000
000000011111111000000000000000000
011111111111111000000000000000000
000000000000000000000000000000000
000000000000000011111111000000000
000000000000000000000000000000000
000000000000011111110000000000000
000000000000111111111111110000000
000000000000000000001111111111111
00000000000000000000000000011000
00000000000000000000000010010000
00000000000000000000000010010001
00000000000000000000000010010001
00000000000000000000000010010001
00000000000000000000000010000000
00000000010000000000000010000000
00000000010000000000000010000010
00000000010000000000000011000010
00000000010000000000000011000010
00000000010000000000000011000010
00010000010000000000000011000010
00010000010000000000000011000010
00010000000000000000000001000000
00010000000000000000000001000000
00010000000000000000000001000000
00010000000000000000000001000000
00010000000000000000000001000000
00000000000000000100000001000000
00000000001000000100000001000000
00000000001000000100010000000000
00000000001000000100010000000000
00000000000000000100010000000000
00001000000000000100010000000000
00001000000000000100000000000000
00001000000000000100000000000000
00001000000000000100000000000000
00001000000000000100000000000000
00001000000000000100000000000000
00001000000000000100000000000000
00001000000000000100000000000000
00000000000000000100000000000000
00000000000000000000000000000000
6 7 5 3 1 2 1 6 2 8 2 9 2 4 4 2 4 2 2 6 4 3 1 6 2 10 1 5 3 7 3 2 8
4 1 3 3 5 1 2 4 1 8 1 5 3 3 4 5 2 2 1 1 2 2 1 7 8 6 7 6 4 4 4 2 1
2 5 341 9 49 172 53 3 5 1 2 8 1 14 3 4 4 9 1 4 2 7 4 2 5 4 2 3 4 4 2 4 4
2 7 54 69 172 99 41 2 3 2 6 6 3 4 3 4 3 2 10 4 4 6 2 2 1 3 131 22 644 8 1 5 5
7 2 75 56 50 98 115 285 205 4 6 5 3 2 4 11 3 10 2 2 1 4 9 1 1 38 17 66 62 126 3 10 17
51 72 169 281 147 302 101 70 285 4 5 6 7 2 3 10 3 11 25 3 1 1 1 21 2 1 9 99 29 208 103 157 331
230 65 144 76 49 256 72 39 54 4 3 9 5 7 7 3 7 29 37 6 3 2 1 48 3 2 75 22 30 101 111 29 126
2 360 258 113 39 117 148 120 6 5 10 10 14 10 8 6 11 21 60 20 4 5 2 46 2 3 61 16 28 146 59 48 75
2 41 176 103 151 156 291 91 39 223 6 2 5 4 11 41 18 14 10 25 19 248 6 21 3 9 117 60 65 62 49 3 9
1 2 158 281 262 363 191 50 349 2 8 2 5 5 8 27 14 23 9 17 337 231 9 9 1 1 111 66 149 479 120 7 4
7 2 201 115 229 39 56 2 55 1 6 4 2 8 4 7 5 9 56 39 23 71 128 7 2 2 254 21 34 361 86 21 6
3 2 1 1 5 1 188 9 4 4 9 6 1 8 4 8 18 33 12 56 7 436 73 172 437 267 86 83 136 83 708 3 15
4 2 2 1 2 7 7 2 4 1 2 8 6 1 4 5 8 11 51 74 78 358 186 169 178 461 540 126 65 194 105 4 3
1 10 2 5 8 1 6 1 3 5 2 2 2 6 4 6 2 21 6 18 71 386 97 386 501 146 236 69 292 662 4 6 5
8 9 8 7 1 4 130 115 119 3 4 2 92 2 5 1 2 2 4 7 21 206 630 100 261 189 8 2 8 364 15 6 5
2 6 1 1 3 8 219 92 46 251 2 6 121 5 1 8 1 1 5 380 156 318 124 371 611 83 3 1 6 23 12 21 6
7 3 5 4 5 4 163 113 225 33 5 130 130 1 2 5 2 6 1 9 128 99 332 323 71 139 1 22 3 10 10 3 10
5 20 2 3 5 199 227 48 113 124 215 46 91 4 7 2 4 5 4 6 5 220 293 5 343 245 2 14 11 14 11 23 4
15 5 5 3 18 99 2 254 150 118 68 127 44 53 8 9 4 1 2 3 1 445 33 75 81 242 2 4 2 20 14 16 17
20 18 3 20 5 12 3 72 31 285 33 37 5 55 193 3 8 2 3 51 23 32 81 6 1 349 8 2 6 3 21 8 17
8 3 15 11 11 9 17 133 105 269 59 2 8 30 33 8 8 28 3 102 19 69 3 4 2 3 8 3 1 5 2 3 55
3 6 7 19 9 9 9 14 10 2 109 7 21 7 7 17 10 15 30 32 72 33 28 2 2 5 2 5 1 5 9 9 2
15 21 4 5 3 5 13 16 4 4 3 13 31 8 66 50 16 48 22 15 31 110 20 3 2 2 2 2 7 3 2 5 10
16 10 4 3 8 2 3 4 4 3 4 62 15 27 35 20 41 48 23 56 26 130 81 15 3 2 6 4 8 7 1 4 6
49 24 79 10 55 2 1 2 4 7 7 4 3 1 6 12 27 17 43 62 58 47 48 17 95 34 9 7 2 2 6 9 6
11 20 58 16 21 6 7 9 8 2 4 4 7 5 1 12 20 10 31 27 94 13 35 30 18 9 11 32 3 7 4 8 10
15 38 22 11 27 7 6 3 2 1 20 43 57 97 45 40 23 47 112 22 44 25 51 35 11 35 5 4 4 42 3 2 1
98 11 24 31 40 3 2 104 71 134 19 34 29 39 75 25 41 1 53 65 123 125 70 39 6 22 5 32 12 31 10 1 2
90 45 24 16 66 2 2 4 84 323 436 66 67 52 21 46 51 7 1 5 2 1 1 1 6 16 11 21 10 13 23 3 2
78 35 33 27 99 72 18 21 78 74 104 136 64 392 155 188 2 2 9 3 10 3 2 2 2 33 7 32 2 24 4 5 38
48 26 78 17 51 87 14 29 88 81 78 276 73 10 1 2 1 3 2 5 2 7 5 4 2 32 11 40 6 32 20 7 14
13 64 12 64 77 51 14 14 2 99 63 157 325 90 467 118 128 57 2 6 3 1 1 6 5 5 19 39 35 32 6 2 2
60 68 52 40 59 53 15 73 59 1 438 237 492 99 210 70 147 78 4 9 2 6 2 7 2 10 2 1 3 2 7 9 8
