38
00000000000000000011110000000000000000
11110000000000000000000000000000000000
00000000000000000000000000000000000000
00000000000000000000000000000000000000
00000000000000000000000000000000000000
00000000000000000000000000000000000000
00000000000000000000000000000000000000
00000000000111000000000000000000000000
00000000000000000000000000000000000000
00000000000000000000000000000000000000
00000000000000011100000000000000000000
00000000000001111111000000000000000000
00000000000000000000000000000000000000
00000000000000000000000000000000000000
00000001111111111000000000000000000000
00000000000000000000000000000000000000
00000001111111111111111000000000000000
00000000000000111111111111111000000000
00000000000000000000000000000000000000
00000000000000000000000000000000000000
00000000000000000000000000000000000001
00000000000000000000000000000000001111
00000000000000000000000000000000000000
00000000000000000000000000000000000011
00000000000000000000000000000000000000
00011111111111111000000000000000000000
00000000000000000000000000000000000000
00000000000000000000000000000000000000
00000000000000000000000000000000000000
00000000000000000000000000000000000000
00000000000000000000000000000000000000
00000000000111111111111000000000000000
00000000000000000000000000000000111111
00000000000000000000000000000000000000
00000000111100000000000000000000000000
00000000000000111111111111000000000000
00000000000000000000000000111111100000
0000000000001000100000001000000000010
0000000000001000100000001000000000000
0000000000001000000000001000000000000
0000000000001000000000001000000000000
0000000000001000000000001000000000000
0000000000001000000000000000000000000
0000000000001000000000000000000000000
0000000000000000000000000000000000000
0000000000000001000000000000000000000
0100000000000001000000000000000000000
0100000000000001000000000000000000000
0100000000000001000000000000000000000
0100100000000001000000000000000000000
0100100010000001000000000000000000000
0100100010000001000000000000000000000
0100100010000000000000000000000000000
0100100010001000000000000000000000000
0100100010001000000000000000000000000
0100100010001000000000000000000000000
0000100010001000001000000000000001000
0000100010001000001000000000000001000
0000100010001000001000000000000001000
0000100010001000001000000000000001000
0000100010001000001000000000000001000
0000100010000000000000000000000000000
0000100010000000000000000000000000000
0000100010000000000000000100000000000
0000100010000000000000000100000000000
0000100010000000000000000100000000000
0000100010000000000000000100000000000
0000100010000000000000000100000000000
0000100010000000000000000100000000000
0000100010000000000000000100000000000
0000100010000000000000000100000000000
0000100010000000000000000000000000000
0000100000000000000000000000000000000
0000100000000000000000000000000000000
0000100000000000000000000000000000000
2 5 3 8 6 1 1 9 3 10 9 3 3 7 8 6 6 6 1 3 2 2 3 5 1 5 1 3 1 8 7 3 6 9 10 11 5 1
1 2 3 1 7 1 8 2 2 4 5 2 1 4 24 30 8 7 7 15 7 28 1 3 1 6 3 6 2 9 3 1 2 11 3 5 6 7
2 4 7 5 2 2 2 8 1 6 2 7 2 8 4 4 8 6 26 19 17 5 22 1 3 4 1 6 2 2 6 5 10 2 4 11 3 3
6 2 1 2 5 5 5 7 5 3 9 1 4 8 6 12 5 5 10 7 6 4 5 3 4 3 9 8 2 1 2 11 2 10 6 2 3 2
2 3 2 5 4 1 9 9 3 3 1 3 5 12 4 8 21 8 3 7 15 15 11 31 5 1 1 2 3 2 5 7 9 3 2 1 4 8
1 2 1 3 4 2 1 4 4 21 3 13 14 11 7 10 5 28 5 13 13 6 4 6 3 10 6 3 1 4 2 3 5 1 2 9 1 2
3 4 8 106 82 7 9 8 9 28 8 14 10 12 20 3 4 5 23 9 15 27 5 7 8 4 2 2 1 2 2 2 5 2 5 8 8 5
3 2 3 24 159 64 105 7 22 5 7 13 3 18 8 12 15 22 21 24 6 4 22 5 9 1 4 3 4 2 1 4 8 4 9 1 4 2
8 8 68 130 54 154 73 31 7 9 5 4 6 20 15 16 8 4 6 7 21 6 7 2 4 4 2 3 2 2 2 7 2 4 4 6 1 5
9 2 95 121 111 65 113 185 6 2 1 9 31 8 13 20 2 29 53 3 5 3 1 1 3 2 2 2 1 3 5 4 9 4 5 3 10 2
3 2 21 208 76 42 29 205 1 2 96 3 6 14 6 5 2 3 1 9 1 2 1 2 2 1 2 3 4 1 4 3 3 2 1 9 6 10
1 2 47 30 112 105 43 69 2 66 25 2 2 7 4 8 4 2 4 1 3 6 1 4 4 8 2 4 2 2 1 1 6 6 5 2 1 5
1 1 23 141 84 29 73 56 44 56 71 1 4 4 1 8 2 2 2 4 2 2 6 8 6 3 5 1 1 3 2 3 5 3 3 1 7 3
8 4 6 146 158 24 27 43 41 23 54 7 3 1 8 5 7 3 4 3 4 8 6 2 1 3 2 7 1 1 3 1 4 2 2 3 7 10
5 3 3 100 8 27 109 33 61 79 74 58 7 2 1 5 1 4 1 6 4 2 6 2 6 5 1 1 3 2 2 3 4 8 8 2 6 7
3 2 2 3 2 99 33 35 9 4 10 4 4 8 5 9 2 1 7 6 1 4 6 2 4 6 1 2 5 1 3 5 5 6 4 5 2 3
3 2 3 4 4 41 172 199 209 6 2 2 8 3 3 3 4 6 5 2 2 1 5 1 2 5 2 1 6 2 3 2 2 4 2 3 4 1
1 3 4 1 3 50 22 176 31 3 4 3 1 6 1 1 2 5 2 2 2 1 2 1 8 2 2 4 4 4 3 3 2 1 3 3 3 2
2 2 5 2 7 34 60 103 31 4 7 4 1 3 6 2 1 9 1 3 1 2 1 6 2 5 10 8 4 1 3 7 1 1 2 7 2 2
2 5 10 1 1 67 62 30 116 4 4 1 10 1 1 1 5 7 3 4 1 3 6 1 4 9 4 7 2 2 3 7 3 1 8 1 6 1
4 1 2 2 2 21 25 182 72 1 3 1 2 8 5 3 6 2 6 1 2 1 2 4 3 6 5 2 4 10 5 5 5 6 3 7 2 1
1 4 9 2 3 43 148 31 183 5 6 3 3 4 2 5 1 10 3 10 5 8 2 1 4 2 1 5 4 1 7 8 3 9 2 3 2 7
3 7 1 5 5 197 2 1 2 2 4 10 1 1 9 8 2 5 2 4 3 4 1 4 5 5 6 1 1 1 50 20 7 4 27 22 2 5
3 1 6 2 8 7 4 7 6 1 4 2 2 1 7 3 7 2 5 2 6 4 4 3 7 9 4 3 2 3 10 7 23 8 11 11 11 4
1 3 3 3 2 5 1 2 3 7 5 9 8 10 2 1 4 2 2 3 3 10 173 7 1 6 10 7 1 7 17 47 56 19 14 38 4 2
7 7 9 8 2 2 2 8 2 3 1 3 7 6 6 4 2 1 1 5 6 380 257 3 7 5 1 3 24 47 61 7 17 29 14 4 5 3
1 3 6 9 1 14 23 5 18 73 152 168 227 226 105 413 1 2 5 2 2 544 322 387 1 6 7 6 12 30 11 13 7 10 7 8 14 3
6 2 2 1 2 4 10 4 13 259 64 213 150 299 270 199 116 2 2 203 358 95 194 17 13 15 4 4 5 23 62 30 26 13 20 28 35 3
1 2 3 3 6 6 3 3 6 108 363 82 427 301 254 306 2 426 340 546 305 261 307 17 19 4 3 3 9 3 1 9 2 12 15 18 19 1
5 2 4 3 4 9 15 2 11 64 134 85 222 62 512 55 422 316 145 562 93 221 315 159 8 4 2 2 1 3 5 2 6 2 9 2 24 3
1 1 6 8 4 10 11 13 17 370 212 90 342 64 122 63 185 116 114 550 126 298 657 155 5 10 3 2 4 2 4 8 6 10 9 5 5 6
2 6 4 2 7 22 4 6 6 189 111 75 99 196 274 189 559 751 310 634 137 143 517 4 2 5 4 4 1 1 2 6 1 8 8 5 6 4
2 8 3 9 1 2 4 8 14 232 390 262 331 217 354 4 8 1 7 2 5 3 2 1 11 5 4 6 2 2 1 1 2 1 2 4 4 4
3 1 3 3 2 20 8 9 9 61 379 81 223 54 1 1 2 11 3 3 4 2 5 5 2 6 10 5 2 3 10 9 2 1 1 9 3 10
8 5 5 2 9 8 13 1 3 220 120 249 81 419 3 7 4 1 1 3 7 5 3 2 6 1 3 4 4 1 5 1 3 2 1 3 4 2
2 8 1 2 9 23 17 8 131 205 421 348 168 140 9 6 1 3 1 10 1 3 8 5 4 1 3 5 4 5 6 3 4 1 3 3 2 1
8 3 1 1 7 19 7 187 276 379 149 747 81 182 119 167 67 238 122 1 3 3 5 9 8 2 5 8 9 8 1 1 4 3 9 5 7 3
2 1 1 1 3 8 754 124 384 129 342 76 371 185 74 60 498 115 261 136 581 235 3 7 6 1 6 3 7 8 4 3 4 2 5 2 2 2
