20
00000000000000000000
00000000000000000000
00000000000000000000
00000000000000000000
00000000000000000000
00000000000000000000
00001111111000000001
00000000000000000000
00000000000000000000
00000000000000000000
00000000000000000000
00000000000011110000
00000000000000000000
00000000000000001111
00000000000000000000
00000000000000000000
01111111111000000000
00000000000000000000
00000000000000000000
0000000000000000000
0000000000000010000
0000000000000010000
0000000000000010000
0000000000000000000
0000000000000001000
0000000000000001000
0000010000000101000
0000010000000101000
0000010000000100000
0000010000000100000
0000010000000100000
0000010000000100000
0000010000000100000
0000010000000000000
0000010000000000000
0000000000000000000
0000000000000000000
0000000000000000000
0000000000000000000
8 3 7 5 4 4 8 1 3 7 2 8 5 1 5 24 5 11 4 9
2 2 7 1 7 1 4 1 9 5 2 8 8 7 9 6 12 19 3 5
2 8 1 2 4 2 7 9 2 9 1 6 3 4 1 15 5 18 17 3
5 1 9 1 1 2 8 8 1 9 2 5 2 3 2 14 16 20 15 3
4 3 1 2 3 1 2 1 7 8 4 7 2 10 3 6 3 5 20 7
1 6 8 2 3 2 3 1 2 3 4 8 6 5 1 7 3 14 3 6
4 7 9 1 4 3 5 2 7 7 7 1 2 1 2 2 2 2 4 2
10 2 5 2 2 7 1 9 2 8 5 5 3 3 10 2 4 5 7 8
5 9 4 9 1 6 4 4 1 1 2 3 6 3 5 7 3 1 6 3
7 8 31 1 72 2 7 3 4 4 2 2 2 2 6 2 7 2 2 6
1 69 87 75 72 4 3 5 2 1 2 2 5 2 3 7 3 4 7 3
23 493 440 533 19 1 2 9 3 1 6 3 6 5 2 6 1 1 4 2
122 107 72 213 176 12 2 13 40 1 7 6 1 3 9 6 3 2 8 8
155 101 102 34 102 11 1 27 46 4 3 4 5 2 5 7 1 2 2 2
66 502 277 21 9 34 3 9 70 29 1 2 4 8 5 2 5 1 2 4
591 366 46 12 60 10 73 9 24 51 2 2 5 2 2 10 1 40 79 3
252 280 9 33 42 13 8 16 16 11 2 23 17 38 115 127 27 59 4 2
36 4 10 3 2 9 7 1 4 6 7 2 3 25 111 119 32 39 26 6
18 3 4 8 4 12 3 7 4 1 3 9 6 94 104 39 98 5 7 2
13 4 7 11 2 3 9 1 9 36 9 25 3 3 74 68 62 39 48 3
