26
00000000000000000000000000
00000000000000000000000000
00000000000000000000000000
00000000000000000000000000
00000000000000000000000000
00000000000000000000000000
11100000011111111111000000
00000000000000000000000000
00000000000000000000000000
00000000000000000000000000
00000111111111111100000000
00000000000000000000000000
00000001111000000000000000
00000000000000000000000000
00000000000000000000000000
00000000000000000000000000
00000000000000000000000000
11111111111000000000000000
11100000000000000000000000
00000000000000000011111000
00000000000011100000000000
00000000000000000000000000
00000000000000000000000000
00000000000000000000000000
00000000000000000000000000
0000000010010000010001000
0000000010000000010001010
0000000010000000010001011
0000000010000000010001011
0000000010000000000001011
0000000010000000000001011
0000000010000000000001011
0000000000000000000001011
0001001000000000000000011
0001001000000010000000001
0001001000000010000000001
0001001000000010000000001
0001001000000011000000000
0001001000000011000000000
0001001000000011000000000
0001001000000010000000000
0000001000000000000000000
0001001000000000000000000
0001001000000000000000000
0001001000000000000000000
0001001000000000000000000
0001001000000000000000000
0001001000000000000000000
0001001000000000000000000
0000001000000000000000000
0000000000000000000000000
2 5 9 5 6 2 3 9 8 6 7 1 2 4 4 4 1 4 8 3 2 5 10 1 2 1
2 5 6 2 1 12 6 5 7 5 2 6 4 2 7 2 5 5 4 8 1 1 1 3 5 2
7 1 3 8 9 9 8 3 2 3 1 2 3 3 2 1 5 2 1 2 4 2 5 3 8 2
4 5 2 5 3 2 3 7 12 7 7 2 2 5 4 6 6 7 3 3 3 3 2 7 4 1
6 2 3 8 2 4 2 15 2 8 2 3 1 2 7 2 6 4 8 2 2 1 10 4 7 2
2 11 5 3 4 3 3 2 9 2 3 1 3 6 4 2 2 1 5 4 2 4 12 10 6 9
6 7 17 4 2 9 3 2 2 3 2 6 2 7 2 2 2 9 2 10 7 17 4 2 11 2
9 6 2 6 5 6 6 11 2 7 2 10 5 11 5 10 5 3 2 5 4 14 4 16 11 7
4 1 3 4 3 2 7 4 7 2 3 4 5 10 4 3 14 13 4 1 10 8 5 2 2 2
4 1 1 5 11 6 16 2 7 2 13 2 11 6 16 10 3 7 9 7 6 2 4 6 4 3
1 1 5 8 10 2 9 9 5 8 11 2 10 9 16 9 14 3 3 5 17 16 12 5 4 4
2 2 5 4 2 5 8 3 6 2 5 4 8 1 8 5 2 3 3 1 20 14 17 15 19 1
3 2 3 9 4 3 3 7 6 1 7 2 2 5 3 1 2 7 2 2 10 8 4 2 6 6
4 8 8 4 3 1 4 2 1 1 3 2 4 6 10 1 5 8 2 2 3 7 14 8 13 15
5 6 1 6 3 6 3 2 3 1 2 50 35 80 5 2 2 1 2 12 12 3 3 3 4 2
1 2 2 8 1 1 10 3 2 2 4 64 15 46 12 36 60 19 13 4 2 7 4 6 2 9
5 1 8 1 2 3 1 17 60 32 95 28 65 61 68 63 39 75 24 2 8 4 4 8 6 2
6 1 3 6 2 4 2 24 86 18 66 280 105 19 203 56 73 42 50 50 9 1 1 95 2 4
5 8 4 3 1 2 3 40 136 115 382 293 93 64 489 54 284 19 60 17 5 202 136 100 5 9
1 7 6 2 3 1 3 43 475 354 294 107 518 383 129 402 105 89 97 87 1 4 2 59 2 184
1 2 5 2 3 1 1 245 79 196 56 234 171 237 157 350 87 100 63 78 150 64 125 333 201 149
2 7 8 6 4 2 9 131 250 146 385 392 404 282 60 124 61 156 58 271 104 484 436 68 70 499
3 3 2 3 7 8 4 68 168 498 260 146 93 329 490 117 437 181 119 213 206 173 448 98 74 162
1 2 6 3 3 5 1 67 359 60 386 154 119 433 58 333 291 227 65 188 75 147 158 166 198 420
1 5 2 1 7 4 2 400 169 103 80 543 442 452 110 225 354 72 111 176 229 250 318 410 331 170
6 9 2 2 1 6 1 1 443 367 342 73 236 526 94 174 503 178 116 446 112 52 63 187 374 70
