22
0000000000000000000000
1111000000000000000000
0000000000000000000000
0000000000000000000000
0000000000000000000000
0000000000000000000000
0000000000000000000000
0000000000000000000000
0000000000000000000000
0000000000000000000000
0000000000000000000000
0000000000000000000000
0000000000000000000000
0000000000000000000000
1111111111100000000000
0000000000000000000000
0000000000000111110000
0000000000000000000000
0000000000000000000000
0000000000000000000000
0000000000000000000000
000000011001001000000
000000011000001000000
000000010000001000000
000000000000001000000
000000000000001000000
000000000000001000000
000000000000000000000
000000000000000000000
000000000000000000000
001000000000000000000
001000000000000000000
001000000000000000000
001000100000000000000
001000100000000000000
001000100000010000000
000000100000010000000
000000100000010000001
000000100000000000001
000000100000000000001
000000100000000000001
000000000000000000000
000000000000000000000
5 1 6 1 9 9 9 3 3 4 2 1 6 2 4 2 2 3 2 6 3 1
2 3 1 5 6 1 7 3 3 7 1 6 4 9 2 5 3 10 1 8 3 4
4 2 2 1 3 1 8 2 2 4 5 2 4 1 2 2 3 1 3 1 2 2
2 9 1 7 5 1 6 1 4 6 1 6 1 2 4 2 2 2 5 6 4 2
1 5 9 1 3 2 1 1 4 5 7 5 7 10 2 3 2 4 8 2 5 10
7 5 3 1 1 6 5 8 3 3 4 5 5 4 1 1 4 2 6 4 1 4
3 10 8 9 3 7 3 1 8 2 1 5 2 1 7 6 3 3 8 4 3 414
8 4 4 5 5 17 3 2 11 2 2 7 4 2 1 243 4 10 1 185 210 202
1 2 2 2 3 8 3 2 3 3 18 7 3 4 3 231 97 246 97 72 102 168
2 2 3 2 11 8 8 3 10 3 5 10 4 15 14 473 57 62 182 299 376 68
5 9 2 8 12 9 18 2 2 18 3 18 10 5 9 10 6 143 283 459 186 212
3 2 2 2 7 16 8 5 6 4 4 4 3 2 6 2 247 355 74 53 523 381
10 2 3 3 2 8 3 6 11 2 5 4 4 3 6 9 190 202 171 399 83 123
3 2 2 5 16 4 1 1 2 3 6 4 17 4 1 4 163 68 509 114 183 388
8 5 3 2 3 2 2 1 1 6 1 5 11 6 2 1 286 89 57 207 192 58
4 2 10 2 8 10 6 6 4 5 7 2 6 9 6 2 78 270 9 60 372 4
4 3 1 2 1 2 2 3 1 4 2 2 3 2 5 3 1 10 2 70 484 6
8 4 1 8 2 9 8 9 7 7 3 8 4 3 5 3 3 4 5 233 230 3
4 2 12 16 18 5 2 6 5 4 4 5 2 9 8 5 13 6 3 450 1 8
15 6 3 9 9 2 7 3 5 4 6 18 18 10 10 6 10 2 2 5 4 3
3 11 3 11 17 4 13 6 6 2 11 13 7 11 10 3 7 4 1 6 4 1
6 7 3 3 4 12 8 6 11 3 14 15 6 8 4 10 4 8 4 4 4 2
