26
00000000000000000000000000
00000000000000000000000000
00000000000000000000000000
00000011100000000000000000
00000000000000000000000000
00011111111110000000000000
00000000000000000000000000
00000111111111100000000000
00000000000000000000000000
00000000000000000000000000
11111111000000000000000000
00000000000000000000000000
00000000000000011100011100
00000000000000000000000000
00000000000000000000000000
00000000000000000000000000
00000000000000000000000000
00000000000000000000000000
00000000111111100000000000
00000000000000000000000000
00000000000000000000000000
00000000000001111111100000
00000000000000000011111111
00000000000000000000000000
00000000000000000000000000
1000010000000100000000000
0000010000000100000000000
0000010000000100000000000
0000010000000100000000000
0000010000000100000001000
0000010000000100000001000
0000000000000000000101000
0000000000000010000101000
0000000000100010000101100
0000000000100010100001100
0000000000100000100001110
0000000000100000100001110
0000000000100000100001110
0000000000100000100000100
0000000000100000100000100
0000000000100000100000100
0000000000100000000000100
0000000000100000000000000
0000000000100000000000000
0000000000100000000000000
0000000000100000000000000
0000000000100000000000000
0000000000100000000000000
0000000000100000000000000
0000000000100000000000000
0000000000100000000000000
9 7 2 2 3 3 10 8 3 2 1 5 1 3 104 113 61 46 24 100 24 115 61 20 57 78
7 5 1 9 2 1 2 1 9 2 5 2 5 1 15 78 63 16 16 16 14 54 18 127 28 23
5 3 8 3 2 2 4 1 2 1 2 2 4 1 52 118 20 66 16 90 87 42 19 26 42 110
3 7 2 5 5 1 3 2 2 2 7 2 2 2 62 19 29 41 56 30 93 32 28 110 20 22
6 2 3 3 1 7 5 3 8 4 5 6 1 24 29 25 89 98 27 66 112 45 16 33 16 44
4 2 9 6 1 7 4 6 5 10 4 6 19 24 82 24 73 129 97 67 25 62 19 23 15 43
9 5 4 3 5 5 5 2 2 5 9 1 29 31 14 17 15 27 14 19 29 77 95 21 29 16
1 1 1 2 3 1 6 2 2 3 8 1 18 43 76 33 70 20 75 47 20 60 206 30 17 66
2 8 2 6 2 3 6 3 4 7 2 59 11 28 23 12 31 17 17 54 66 25 92 96 71 40
1 5 1 3 2 2 10 2 1 5 1 14 13 26 39 15 24 51 46 31 37 15 449 87 23 21
1 4 2 5 6 2 10 2 3 4 2 33 15 34 32 23 10 19 65 92 63 102 795 70 46 95
5 4 9 3 3 3 2 4 4 2 1 8 22 14 11 50 20 49 121 94 131 51 793 400 23 50
1 6 2 3 7 4 3 4 9 1 1 45 15 53 13 28 6 24 22 3 26 19 560 737 778 412
1 7 2 2 4 7 8 1 2 4 2 14 30 16 26 10 33 3 25 2 3 5 3 229 328 90
2 3 4 1 5 8 4 4 3 10 8 7 55 43 7 15 38 1 46 5 1 3 6 869 97 194
1 1 3 1 3 3 10 3 2 5 5 10 8 45 47 13 16 24 7 1 3 2 2 7 115 7
6 9 5 2 4 1 2 4 2 7 3 15 8 15 19 33 35 48 33 4 6 5 1 2 4 3
4 2 2 6 3 5 4 4 2 4 3 58 6 23 16 46 27 32 28 21 132 1 57 55 30 104
2 5 7 7 3 7 3 7 3 2 2 38 30 12 8 30 7 13 80 25 155 92 53 135 50 159
2 1 1 2 3 8 9 7 5 6 4 6 19 30 38 21 40 8 6 99 54 115 91 42 84 24
4 5 2 4 10 7 4 7 10 3 7 3 56 18 18 22 12 9 27 124 144 119 172 101 139 112
4 3 8 9 3 10 2 1 1 7 3 4 6 11 13 7 11 4 2 112 31 60 131 65 30 79
1 5 1 4 9 4 2 5 10 8 2 4 3 1 5 2 2 3 3 59 88 123 160 40 125 91
5 1 3 1 1 9 6 2 1 7 2 1 7 6 3 4 1 10 2 2 4 5 3 3 10 1
6 1 3 1 3 10 2 2 1 2 5 4 1 7 2 5 2 9 3 7 4 8 7 7 7 3
3 10 9 4 1 8 2 1 2 4 4 1 1 1 1 3 6 9 1 6 10 2 3 1 4 1
