26
00000000000000000000000000
00000000000000000000000000
00000000000000000000000000
00000000000000000000000000
00000000000000000000000000
00000000000000000000000000
00000000000000000000000000
00000000000000000000000000
00000000000000000000000000
00000000000000000000001111
00000000000000000000000000
00000000000000000000000000
00000000000111111111000000
00000000000000000000000000
00000000000000000000000000
00000000000000000000000000
00000000000000000000000000
00000000000000000000000000
00000000000000000000000000
00000000000000000000000000
00000000000000000000000000
00000000000000000000000000
00000000000000000000000000
00000000000000000000000000
00000011111110000000000000
0000000100000000000000000
0000000100000000000000000
0000000100000000000000000
0000000100000000000000000
0000000100000000000000000
0000100100000000000000000
0000100000000000000000000
0000100000000000000000000
0000100000000000000000000
0000100000000000000000000
0000100000000000000010000
0000100000000000000010000
0000100000000000000010000
0000101000000000000011000
0000101001000000000011000
0000101001000000000011000
0000001001000000000011000
0000001001000000000011000
0000001001000000000011000
0000001001000000000001000
0000000001000000000001000
0000000001000000000001000
0000000001000000000001000
0000000001000000000001000
0000000001000000000000000
0000000001000000000000000
18 94 22 12 19 3 7 3 1 7 2 3 3 9 4 2 9 10 2 1 18 21 1 10 12 11
36 35 15 27 7 5 14 8 2 9 10 3 10 1 4 1 2 2 1 3 27 30 30 33 22 2
16 48 49 11 10 15 14 16 2 1 2 10 6 2 5 2 4 5 4 12 43 20 30 12 9 75
7 49 68 16 5 4 17 7 3 5 1 2 6 1 1 3 2 2 9 26 50 17 18 65 17 2
2 5 22 18 24 4 7 10 4 2 1 2 4 4 4 4 4 3 5 103 67 20 10 24 2 6
1 1 9 4 2 12 7 10 6 1 6 5 2 8 2 2 6 3 345 62 130 1 70 67 9 2
2 1 1 10 2 15 6 10 6 1 4 7 3 4 2 2 1 3 3 130 101 368 51 200 204 2
26 31 3 1 2 17 8 12 9 2 8 2 3 2 5 4 5 6 1 428 330 69 36 3 5 10
74 22 69 5 3 5 19 3 2 2 107 4 3 2 1 2 10 4 4 168 48 77 13 9 2 2
29 53 162 81 5 5 8 20 3 57 56 81 1 1 4 3 7 4 1 58 105 23 13 34 20 4
76 37 17 25 57 3 6 7 7 101 21 437 89 78 2 4 1 5 1 2 1 25 19 22 14 111
23 146 43 31 164 10 4 8 19 142 15 2 1 2 2 7 5 5 4 9 6 65 54 41 23 67
18 53 30 19 112 3 7 12 16 16 24 4 4 5 2 4 2 5 1 3 1 19 49 86 95 84
36 20 19 31 63 8 6 29 43 15 34 62 4 3 3 3 5 1 2 2 5 88 22 28 26 74
38 37 45 53 113 3 13 18 147 39 33 69 9 6 10 3 2 10 3 5 7 21 23 83 36 15
36 19 66 70 46 4 6 3 66 285 2 2 1 5 7 2 10 4 3 2 2 64 33 104 61 50
44 18 137 41 20 12 3 4 6 3 5 2 3 1 1 6 1 20 1 1 6 52 59 13 55 29
103 41 38 31 32 163 8 8 1 6 1 1 5 2 4 8 3 2 1 3 2 11 32 108 28 65
18 163 25 55 74 5 6 3 4 10 2 3 3 3 3 2 8 11 1 2 1 26 32 78 19 25
7 27 15 4 5 5 3 2 1 3 2 6 2 9 1 5 6 1 2 26 6 50 16 18 47 17
4 78 1 5 3 14 3 8 2 3 2 3 5 8 4 8 5 2 36 11 29 25 3 9 1 62
2 4 6 9 3 3 4 2 9 6 7 4 3 4 6 6 7 4 18 20 26 22 4 2 2 16
1 1 9 6 5 5 3 3 1 3 3 7 2 2 2 1 2 4 53 41 19 12 2 1 4 105
2 3 7 3 8 2 2 7 3 4 1 5 4 4 1 2 5 1 6 12 7 8 7 7 6 3
7 3 8 9 3 1 5 8 3 2 8 7 3 4 4 6 1 6 5 4 7 17 6 6 9 2
5 4 1 1 6 2 5 1 2 2 2 7 6 1 5 2 9 8 4 1 2 9 9 2 7 4
