36
000000000000000000000000000000000000
000000000000000000000111111111000000
000000000000000000000000000000000000
000000000000000000000000000000000000
000000000000000000000000000000000000
000000000000000000000000000000000000
000000000000000000000000000000000000
000000000000000000000000000000000000
000000000000000000000000000000000000
000000000000000000000000000000000000
000000000000000000000000000000000000
000000000000000000000000000000000000
000000000000000000001111111111110000
000000000000000000000000000000000000
000000000000000000000000001111111111
111111111111000000000000000000000000
000000000011100000000000000000000000
000000000011111111111111111111000000
000000000000000001111100000000000000
111111100000000011111111111110000000
000000000000000000000000000000000000
000000000000000000000000000000000000
000000000000000000000000000000000000
000000000000001111111000000000011111
000000000000000000000000000000000000
000000000000000000000000000000000000
000000000000000000000000000000000000
000000000000000000000000000000000000
100000000000000000000000000000000000
000000000000000000000000000000000000
000000000000000011111111111111100000
000000000000000000000000000000000000
000000000000000000000000000000000000
000000000000000000000000000000000000
000000000000000000001111111111111111
00000000000000100000000000000000000
00000000100000100000000000000000000
00000000100000000000000000000000000
00000000100000000000000000000000000
00000000100000000000000000000000000
00000000100000000000000000000000000
00000010100000000001000000000000000
10000010100000000001000001000000000
10000010100000000001000001000000000
10000010100000000001000001000000000
10000010100000000001000001000000000
10000010100000000001000001000000000
10000010100000100001000001000000000
10000010100000100001000001000000000
10000000100000100001000001000000000
10000000000000100001000001000000000
10000000000001100001000000000000000
10000000000001100001000000000000000
00000000000001100001000000000000000
00000000000001100000000000000000000
00100000000001100000000000000000000
00100000000001100000000000000000000
00100000000000100000000000000000000
00100000000000100000000000000000000
00100000000000100000000000000000000
00100000000000100000000000000000000
00100000000000100000000000000000000
00100000000000001000000000000000000
00100000000000001000000000000000000
00100000000000001000000000000000000
00000000000000101000000000000000000
00000000000000101000000000000000000
00000000000000101000000000000000000
00000000000000101000000000000000000
00000000000000101000000000000000000
00000000000000100000000000000000000
8 5 7 1 2 1 1 9 6 3 1 10 5 2 5 17 17 4 21 6 17 33 30 4 3 9 1 8 7 6 1 2 2 3 7 2
3 1 4 2 1 2 4 2 4 1 1 2 9 5 10 20 12 6 17 6 12 6 4 5 2 2 1 2 1 4 6 8 7 7 3 1
4 7 2 1 2 6 2 1 8 1 9 6 4 7 4 4 25 10 34 28 20 4 18 17 9 5 5 11 8 18 7 4 1 2 7 7
3 1 3 1 6 1 10 10 1 5 2 1 4 12 9 6 7 23 5 15 13 12 21 30 8 34 5 7 18 18 15 19 3 1 7 6
4 2 1 3 8 4 1 2 2 10 5 4 27 8 12 5 15 24 35 20 6 4 16 4 4 4 33 15 4 21 27 6 4 3 6 2
2 3 1 7 2 4 7 1 2 5 1 16 4 16 26 8 8 8 31 16 10 33 20 4 6 7 14 7 30 5 13 13 6 7 3 7
2 6 3 3 2 2 1 6 5 9 2 1 1 13 32 4 4 7 4 18 28 16 19 14 4 8 10 4 6 4 14 9 3 6 4 1
9 10 2 3 8 6 3 4 2 2 3 1 3 13 8 6 7 15 24 12 4 10 33 17 8 27 6 24 11 10 13 14 3 8 5 1
3 3 2 5 4 8 9 6 7 9 8 1 4 32 4 12 6 4 16 19 22 26 8 5 11 32 12 15 7 31 5 29 1 8 2 1
3 5 1 3 7 6 1 4 1 1 3 4 33 23 4 8 12 8 35 8 5 9 15 23 5 29 8 4 7 9 14 30 9 3 1 2
9 4 1 6 4 3 1 8 4 2 6 25 17 5 16 7 23 4 7 11 5 14 17 5 5 14 9 8 4 18 4 20 1 1 2 4
9 5 10 7 3 10 4 2 5 7 1 1 13 5 11 28 6 11 19 30 15 24 13 15 6 4 3 7 16 5 4 5 2 7 2 3
4 3 5 3 6 2 2 7 3 4 6 6 2 7 13 29 4 11 6 5 4 6 4 5 9 6 6 9 7 3 2 3 3 4 2 1
1 2 1 2 5 4 2 3 2 8 1 4 2 3 4 26 21 35 25 8 1 2 2 2 3 3 4 1 8 4 2 2 10 7 3 4
4 9 2 3 1 3 2 8 5 9 8 1 7 9 7 34 6 7 25 4 2 1 7 3 2 6 2 6 3 2 1 4 5 1 8 2
5 6 1 3 6 1 9 1 5 6 1 1 3 2 1 1 18 27 1 4 1 3 10 3 3 3 2 6 2 2 2 7 8 10 3 1
6 1 1 5 8 2 3 2 1 2 2 6 2 4 1 1 3 2 5 2 3 1 2 3 3 4 3 5 1 4 3 3 6 2 8 4
3 4 5 3 2 8 7 3 4 7 3 1 3 1 3 1 1 5 5 2 1 1 1 2 8 2 1 1 4 8 1 4 1 1 5 2
5 8 6 3 9 4 3 4 14 3 3 3 7 2 2 3 8 1 3 2 2 1 3 9 1 7 8 2 5 1 4 2 1 1 2 9
9 1 4 1 2 2 1 11 12 5 10 7 1 3 5 4 1 4 10 1 4 9 9 2 2 8 1 2 5 5 5 3 1 7 4 6
1 7 10 3 5 5 3 8 5 5 4 3 7 4 2 8 1 1 9 1 8 10 2 2 4 1 2 2 1 7 7 4 6 6 2 3
1 2 4 7 10 6 14 7 3 21 3 4 4 3 1 5 2 1 5 8 5 2 5 5 3 2 4 5 5 3 1 6 2 6 2 8
2 2 3 7 4 21 3 7 14 18 8 3 13 6 1 1 3 4 1 2 5 7 8 7 1 3 9 9 5 5 5 3 1 7 3 3
2 3 4 9 19 4 9 6 12 6 10 19 9 5 16 4 5 2 9 4 2 2 8 4 5 1 1 3 3 9 4 2 1 5 3 2
6 6 1 3 5 3 5 7 18 11 4 4 16 19 6 9 5 3 20 4 7 4 2 6 2 1 7 2 9 1 1 1 2 2 8 2
10 1 6 3 10 3 17 2 18 2 5 17 7 4 11 3 16 6 7 3 3 2 10 3 8 7 2 8 1 8 2 2 1 2 2 9
3 2 7 5 7 8 10 3 7 6 3 22 9 3 3 8 5 5 17 12 4 4 4 1 2 2 2 3 7 10 4 5 8 2 5 1
2 4 7 11 3 5 9 5 4 12 9 6 3 4 2 10 10 19 9 14 7 3 6 18 9 2 2 1 3 4 7 4 3 9 1 9
5 9 8 20 12 5 4 18 6 4 9 6 11 10 7 5 13 6 12 22 18 5 8 1 7 9 2 3 6 6 2 3 2 6 1 2
9 20 4 3 17 17 14 7 8 18 5 3 4 5 19 6 9 2 23 22 19 9 5 2 1 1 2 8 4 2 8 2 1 4 1 3
3 5 22 3 7 3 4 8 2 7 20 10 4 5 9 2 11 23 4 3 2 1 2 4 4 2 2 2 1 1 10 3 2 8 1 2
16 8 11 9 6 2 11 16 5 3 5 20 6 7 16 18 14 1 4 1 3 9 6 4 1 10 6 5 4 2 3 2 2 2 8 5
7 9 15 4 3 5 5 3 9 11 6 11 11 7 3 16 3 9 1 7 4 1 1 1 3 5 2 6 2 8 7 2 2 1 1 5
4 3 8 16 22 5 18 15 20 15 4 12 12 2 8 3 21 10 8 7 1 6 7 2 6 1 4 1 3 7 1 3 2 4 1 2
9 6 6 4 5 8 3 3 16 12 22 3 4 3 3 6 4 9 3 4 3 8 10 7 2 2 2 2 1 4 1 1 1 2 6 1
3 13 4 4 3 9 6 17 7 13 17 12 11 4 3 8 2 1 3 4 2 2 1 3 7 5 3 7 2 2 2 1 3 1 6 2
