21
000000000000000000000
000000000000000000000
000000011110000000000
000000000000000000000
000000000000000000000
000111100000000000000
000000000000000000000
000000000011111100000
000000000000000001111
000000000000000000000
000000000000000000000
000000000000000000000
000000000000000000000
001111111111000000000
000000000000001111100
000000000000000000000
000000000000000000000
000000000000000000000
000000000000000000000
110000000000000000000
11000000001000010001
11000000001000010001
11010000001010010001
11010000001010010001
11010000001010000000
01010000001010000000
01010000000010000000
00010010000010000000
00010010000010000000
00010010000010000000
00000010000000000000
00000010000000000000
00000010000000000000
00000010000000000000
01100000000000000000
01100000000000000000
01100000000000000000
00100000000000000000
00100000000000000000
00100000000000000000
00100000000000000000
1 1 11 11 17 32 62 76 52 7 7 3 3 3 4 2 1 3 5 4 2
1 8 58 24 14 88 15 37 38 14 42 2 2 7 5 4 2 3 2 6 3
24 39 52 15 18 11 25 13 13 28 37 2 9 8 3 5 2 2 6 3 2
6 16 21 39 22 16 75 71 75 61 40 2 2 10 2 2 9 8 7 2 1
6 15 30 39 11 31 19 25 34 54 46 4 3 2 1 2 5 2 3 7 4
10 16 28 72 62 28 18 46 17 53 14 1 7 1 1 8 1 6 2 3 6
13 5 69 14 11 16 11 39 61 21 46 53 25 5 3 3 1 4 5 9 5
12 14 93 13 58 47 15 75 22 41 18 16 9 7 4 2 4 7 1 1 4
11 32 11 4 24 18 13 46 23 136 102 63 133 101 187 170 107 4 8 1 6
9 7 16 6 29 29 23 73 75 71 109 52 85 176 45 53 267 61 5 9 1
4 14 7 22 35 31 9 1 20 9 305 97 86 216 56 250 185 112 2 7 6
4 17 9 35 4 39 15 10 2 2 100 524 675 164 62 140 276 73 191 3 2
6 13 5 21 23 6 9 2 2 204 403 489 231 168 35 316 167 7 73 1 6
24 32 8 7 5 4 6 539 88 587 408 141 132 126 318 2 4 10 3 5 1
26 10 1 2 2 1 4 3 3 3 2 391 216 208 630 303 2 3 7 384 8
12 7 1 2 7 3 6 4 2 3 1 279 596 123 73 222 492 579 310 583 2
19 20 10 8 1 2 8 7 4 5 2 371 375 404 548 88 369 317 500 654 1
7 26 13 2 8 9 2 4 3 6 1 514 81 225 298 238 645 183 594 185 1
16 14 35 6 5 4 2 6 2 2 2 69 153 285 334 457 281 285 383 393 277
12 34 28 2 4 3 1 2 4 9 176 105 225 430 210 320 70 144 235 613 575
16 31 20 2 2 4 4 2 2 2 4 360 272 76 474 459 142 284 114 101 105
