29
00000000000000000000000000000
00000000000000000000000000000
00000000000000000000000000000
00000000000000000000000000000
00000000000000000000000000000
00000000000000000000000000000
00000000000000000000000000000
00000000000000000000000000000
00000000000000000000000000000
00000000000000000000000000000
00000000000000000000000000000
00000000000000000000000000000
00000000000000000000000000000
00000000000000000000000000000
00000000000011111111111000000
00000000000000000000000000000
00000000000000000000000000000
00000000000000000000000000000
00000000000000000000000000000
00000000000000000011111111111
00000000000000000000000000000
00000000111110000000000000000
00000000000000000000000000000
00000000000000000000000000000
00000000000000000000000000000
00000000000000000000000000000
00000000000000000000000000000
00000000000000000001111111111
0000010000000000000000000000
0000010000000000000000000000
0000010000010000000000000000
0000010000010000000000000000
0000010000010000000000010000
0000010000010000000000010000
0000010000010000000000010000
0000000000010000000000010000
0000000000010000000000010000
0000000000010000000000010000
0000000000010000000000010010
0000000000010000000000010010
0000000000000000000000010010
0000000000000000000000010010
0000000000000000000000010010
0000000000000000100000000010
0000000000000000100000000010
0000000000000000100000000010
0000000000000000100000000010
0000000000000000100000000010
0000000000000000100000000010
0000000000000000100000000000
0000000000000000100000000000
0000000000000000100000000000
0000000000000000000000000000
0000000000000000000000000000
0000000000000000000000000000
0000000000000000000000000000
0000000000000000000000000000
7 6 1 2 5 1 114 33 84 63 27 23 21 114 41 27 164 162 9 2 2 6 4 1 6 5 10 6 2
5 7 3 3 7 7 106 2 1 29 59 67 191 52 95 74 136 103 96 7 10 4 3 6 9 2 2 3 1
6 2 3 8 1 5 3 6 3 30 131 114 26 29 127 20 79 29 124 8 7 7 1 7 5 2 1 4 1
2 4 4 1 1 3 1 7 77 143 2 2 41 132 33 28 80 62 52 2 5 7 7 3 7 5 5 3 3
8 2 1 5 1 2 3 7 73 9 3 3 72 28 149 113 58 90 35 3 3 2 2 2 5 7 5 3 2
2 5 1 4 1 3 1 6 31 7 4 7 35 30 61 40 41 82 2 3 8 4 10 6 3 1 2 6 6
1 4 2 3 3 10 6 8 2 7 5 5 60 41 193 28 72 30 3 2 3 2 2 4 1 4 1 7 2
4 1 1 7 2 1 8 1 5 2 1 7 47 37 59 71 2 4 8 2 3 2 5 1 3 4 3 1 1
6 1 2 4 8 8 1 2 2 4 2 1 77 74 151 71 9 1 10 3 5 7 2 9 3 1 8 2 5
7 7 7 3 4 3 2 3 1 2 4 1 3 28 50 39 8 2 1 1 5 1 2 10 2 4 3 2 3
6 2 4 4 1 7 7 2 2 7 3 6 6 173 3 112 1 3 3 5 7 3 2 5 1 2 2 1 8
2 6 4 2 3 1 4 5 1 2 2 1 9 2 8 9 1 4 3 8 3 6 3 11 5 2 10 9 5
2 3 2 2 1 4 1 4 3 1 3 1 8 2 2 1 2 6 10 2 1 9 6 8 1 2 5 1 9
2 7 2 8 4 7 10 7 9 2 2 4 2 7 3 2 1 1 4 2 2 2 4 7 2 7 2 4 3
2 7 2 6 6 2 2 1 5 6 5 2 6 4 2 5 3 1 3 2 4 2 3 7 2 11 4 5 1
2 5 2 5 9 2 5 2 4 2 2 3 4 2 1 1 1 7 4 6 1 4 3 2 3 4 3 7 2
7 1 1 1 6 5 1 2 8 3 2 1 9 2 84 7 3 4 3 9 6 4 3 2 1 1 7 3 5
7 1 10 2 8 1 3 9 1 2 2 1 169 2 147 114 6 3 2 3 3 3 2 2 1 8 6 5 6
5 6 1 3 2 6 3 6 2 7 8 28 95 103 22 38 28 3 4 1 2 10 3 2 10 1 2 6 9
7 4 9 6 3 9 7 4 1 5 4 187 25 159 168 29 99 6 8 2 4 10 2 3 2 7 2 7 2
1 3 5 1 2 7 5 7 2 2 8 110 72 32 138 123 73 3 10 5 1 5 8 2 4 9 4 6 5
2 1 3 2 2 4 8 2 2 37 143 136 21 63 54 39 160 1 10 2 2 5 2 5 8 2 8 3 1
8 2 3 3 7 8 6 2 1 5 2 4 151 143 93 82 28 8 5 8 8 4 5 2 4 6 2 3 6
4 4 5 9 6 3 1 1 2 4 8 1 1 129 50 40 136 2 1 6 3 3 1 3 6 4 4 3 1
3 7 1 1 4 3 6 1 5 2 6 32 69 36 25 116 4 6 2 10 7 1 3 8 2 7 5 2 2
1 4 2 7 10 1 2 9 2 2 4 41 26 1 132 26 7 4 4 2 9 6 6 9 1 5 2 1 4
4 1 2 8 6 6 2 2 2 2 1 1 9 1 3 114 2 10 1 1 7 3 2 3 4 2 3 2 8
2 2 6 5 4 1 5 1 1 2 1 5 6 3 2 9 8 5 1 2 4 4 1 3 5 9 2 7 7
2 2 8 2 4 2 5 10 3 5 4 2 5 2 1 10 7 1 1 6 6 5 5 4 4 3 7 3 2
