30
000000000000000000000000000000
000000000000000000000000000000
000000000000000000000000000000
000000000000000000000000000000
000000000000000000000000000000
000000000000000000000000000000
000000000000000000000000000000
000000000000000000000000000000
000000000000000000000000000000
000000000000000000000000000000
000000000000000000000000000000
000000000000000000000000000000
000000000000000000000000000000
000000000000000000000000000000
000000000000000000000000000000
000000000000000000000000000000
000000000000000000000000000000
000000000000000000000000000000
000000000000000000000000000000
000000000000000000000000000000
000000000000000000000000000000
000000000000000000000000000000
000000000000000000000000000000
000000000000000000000000000000
000000000000000000000000000000
000000000000000000000000000000
000000000000000000000000000000
000000000000000000000000000000
000000000000000000000000000000
00000000000000000000000000000
00000000000000000000000000000
00000000000000000000000000000
00000000000000000000000000000
00000000000000000000000000000
00000000000000000000000000000
00000000000000000000000000000
00000000000000000000000000000
00000000000000000000000000000
00000000000000000000000000000
00000000000000000000000000000
00000000000000000000000000000
00000000000000000000000000000
00000000000000000000000000000
00000000000000000000000000000
00000000000000000000000000000
00000000000000000000000000000
00000000000000000000000000000
00000000000001000000000000000
00000000000001000000000000000
00000000000001000000000000000
00000000000001000000000000000
00000000000001000000000000000
00000000000001000000000000000
00000000000000000000000000000
00000000000000000000000000000
00000000000000000000000000000
00000000000000000000000000000
00000000000000000000000000000
00000000000000000000000000000
13 3 6 12 1 4 1 2 2 1 6 5 2 5 9 4 1 1 2 3 4 2 2 6 1 5 1 8 3 4
2 9 3 5 2 11 8 2 5 2 6 4 4 1 2 1 4 3 5 4 3 7 8 3 2 173 4 392 1 3
3 3 11 7 7 3 9 6 1 2 1 2 2 5 1 9 2 1 7 6 9 7 9 3 5 58 62 126 51 2
4 2 9 3 2 4 8 2 3 10 7 4 20 15 6 17 3 7 2 7 5 4 2 5 2 381 314 64 390 129
4 4 4 2 2 4 9 7 2 4 88 27 15 7 22 9 3 7 4 7 24 2 2 3 273 280 176 250 441 58
11 3 2 9 12 2 2 4 3 2 1 3 3 3 6 17 25 11 3 6 24 6 6 47 391 288 250 72 133 176
5 8 2 4 5 10 5 1 8 3 4 2 5 22 6 19 12 8 5 11 25 12 20 54 154 353 394 399 165 62
12 11 2 9 11 6 7 6 6 2 9 5 6 4 10 23 10 11 24 11 22 6 2 43 60 94 77 141 138 77
11 42 16 29 10 4 4 6 9 6 4 19 5 25 4 4 3 16 5 25 6 10 5 13 109 74 185 365 23 36
11 21 10 6 7 3 8 2 33 9 18 8 4 5 6 8 5 6 10 11 3 6 3 33 39 129 151 325 67 50
19 6 7 5 11 6 2 20 21 147 7 5 10 7 10 12 20 3 21 19 4 18 8 27 28 15 21 20 57 33
34 10 31 3 2 1 7 9 7 8 17 10 3 7 4 17 12 22 6 5 14 64 21 18 24 14 18 13 62 30
5 4 8 28 4 2 4 2 31 199 4 5 7 24 26 3 11 23 6 13 7 38 63 8 99 24 13 74 37 33
8 5 41 9 1 2 1 6 66 4 7 62 47 19 51 6 1 10 23 8 1 43 34 56 96 72 37 26 22 32
7 1 44 8 3 6 7 34 93 6 17 45 40 28 18 19 8 3 4 3 3 6 27 56 51 37 12 44 57 18
3 7 2 5 5 1 3 4 51 161 7 1 25 35 2 125 2 6 2 3 4 51 19 13 85 89 43 15 92 88
2 4 4 6 7 3 1 1 4 164 82 182 1 8 1 2 2 4 4 4 5 47 51 27 70 39 55 13 22 4
1 8 2 3 3 3 10 7 6 55 1 2 9 3 4 3 1 7 1 8 4 98 7 12 3 32 94 37 2 3
8 4 1 2 9 5 9 6 1 2 3 9 2 3 1 9 3 2 3 4 2 41 5 2 2 66 42 19 3 7
2 4 6 4 2 2 1 2 7 4 1 3 2 2 2 8 3 2 5 3 8 3 3 8 3 7 3 2 2 2
3 2 1 1 6 3 1 2 2 3 9 3 9 5 6 2 8 2 9 6 1 6 1 1 6 5 3 7 2 1
6 6 5 6 3 1 3 3 6 2 3 2 4 3 4 2 1 6 6 1 36 24 4 4 3 1 3 7 2 6
1 4 8 8 3 4 2 5 9 5 2 4 3 1 1 8 5 6 2 1 47 11 20 4 3 7 4 2 3 3
1 2 6 1 2 2 4 1 7 1 6 2 2 2 1 1 1 3 2 68 1 12 11 8 2 2 7 1 1 1
3 3 1 7 1 4 2 1 2 3 8 9 8 2 4 7 2 2 17 38 3 55 24 63 1 2 32 11 2 1
5 3 6 4 2 6 7 1 1 3 2 5 8 1 3 4 6 10 32 37 9 27 10 44 32 9 8 27 5 6
2 5 1 2 2 1 1 3 2 5 8 1 2 1 5 1 19 50 29 19 19 23 11 9 16 24 17 2 3 6
5 2 2 8 1 3 7 5 2 9 1 3 2 9 7 6 4 17 30 11 63 57 10 34 22 12 4 9 2 3
3 5 2 1 7 2 2 1 10 6 6 10 2 5 8 2 4 11 9 36 28 33 23 5 3 2 2 1 1 7
9 3 5 9 8 4 3 9 4 2 9 2 1 2 10 6 2 11 45 34 42 43 16 3 8 9 6 4 10 2
