29
00000000000000000000000000000
00000000000000000000000000000
00000000000000000000000000000
00000000000000000000000000000
00000000000000000000000000000
00000000000000000000000111111
00000000000000000000000000000
00000000000000000000000000000
00000000000000000000000000000
00000000000000000000000000000
00000000000000000000000000000
00000000000000000000000000000
00000000000000000000000000000
00000111000000000000000000000
00000000000000000000000000000
00000000000000000000000000000
00000000000000000000000000000
00000000000000000000000000000
00000000000000000000000000000
00000000000000000000000000000
10000000000000000000000000000
00000000000000000000000000000
00000000000000000000000000000
00000000000000000001111111111
00000000000000000000000000000
00000000000000000000000000000
00000000000000000000000000000
00000000000000000000000000000
0000000000000000000000000000
0000000000000000000000000000
0000000000000000000000001000
0000000000000000000000001000
0000000000000000000000001000
0000000000000000000000001000
0000000000000000000000001000
0000000000000010000000001000
0000000000000010000000001000
0000000000000010000000001000
0000000000000010000000001000
0000000000000010000000001000
0000000000000010000000001000
0000000000000010000000001000
0000000000000010000000001000
0000000000000010000000001000
0000000000000000000000000000
0000000000000000000000000000
1000000000000000000000000000
1000000000000000000000000000
1000000000000000000000000000
1000000000000100000000000000
1000000000000100000000000000
1000000000000100000000000000
1000000000000000000000000000
1000000000000000000000000000
0000000000000000000000000000
0000000000000000000000000000
0000000000000000000000000000
25 17 14 17 11 39 22 30 20 15 85 131 128 76 148 207 227 114 89 249 1 7 5 2 4 9 1 1 3
43 36 62 46 33 11 38 83 10 45 13 72 119 369 188 584 407 168 131 344 98 72 1 5 1 3 2 4 2
34 33 45 11 18 29 32 12 16 45 16 13 22 239 72 270 497 78 303 229 360 102 1 2 8 3 2 2 3
11 38 32 25 13 20 52 29 13 20 75 26 50 75 66 371 110 505 220 211 248 80 6 5 239 6 2 1 1
58 20 17 56 24 43 48 10 40 42 39 69 20 66 249 66 107 72 176 425 486 105 206 322 399 1 10 9 5
10 20 20 13 31 41 19 13 10 24 84 350 220 189 77 199 514 69 192 76 161 485 78 316 561 1 2 4 8
33 24 19 17 11 11 65 23 9 29 56 87 48 39 141 260 482 333 300 63 124 227 37 65 9 2 2 4 1
21 20 17 13 15 74 19 13 78 49 41 33 42 8 2 418 324 236 235 339 546 152 75 51 30 2 7 2 4
6 75 15 70 19 16 25 15 51 44 34 33 15 3 9 457 37 386 532 143 94 105 72 48 2 2 1 6 3
44 86 25 71 16 69 20 26 32 16 32 4 6 3 4 145 243 107 53 78 68 203 58 185 67 1 7 4 4
6 1 4 6 8 24 28 83 59 14 43 83 2 5 7 209 279 223 124 157 261 274 202 205 82 5 2 10 2
8 4 3 9 9 2 15 11 50 3 42 3 3 5 2 96 237 256 180 56 284 41 238 36 86 1 4 6 8
3 7 3 2 8 6 3 35 77 6 13 5 1 8 4 214 208 52 121 50 40 33 61 103 33 6 2 5 3
2 9 8 2 1 2 10 3 18 16 16 3 15 6 2 144 102 104 83 271 268 79 76 84 256 5 5 2 6
2 8 6 5 1 1 4 2 8 8 5 3 17 5 2 33 70 178 112 265 144 263 48 99 83 7 3 4 3
7 10 7 8 3 5 4 5 2 4 13 2 4 8 1 59 65 118 56 134 241 229 47 139 65 7 3 3 2
6 12 16 4 10 17 3 5 8 4 3 19 5 2 89 33 212 142 127 93 152 135 161 34 106 2 1 1 6
4 3 7 7 4 3 3 6 7 3 12 1 12 55 64 104 246 161 119 93 54 88 39 147 5 3 3 8 2
7 6 2 5 5 6 3 3 9 4 7 21 8 5 30 3 34 153 115 265 202 104 130 3 1 3 3 2 2
2 2 4 7 8 9 3 8 4 6 15 7 7 11 132 6 4 158 102 66 40 68 139 6 5 4 2 4 6
3 2 8 7 17 6 5 13 2 5 6 10 5 4 65 9 9 4 3 7 2 2 4 5 2 1 2 2 5
9 4 2 5 3 3 14 2 3 9 14 7 3 10 2 8 2 7 7 9 2 4 1 3 1 1 6 9 4
10 12 10 16 3 2 11 18 2 2 18 4 14 3 9 13 3 2 2 2 5 1 1 2 2 8 1 8 2
4 7 3 3 5 7 18 7 9 12 7 3 13 3 7 3 8 2 3 2 2 2 3 7 2 3 9 2 3
1 13 9 8 18 12 8 10 15 3 14 10 2 10 14 3 12 3 6 2 2 2 7 1 3 1 2 2 1
10 2 1 6 8 2 3 8 4 4 9 4 3 16 17 2 1 1 2 3 1 2 6 9 10 1 3 2 3
3 5 4 2 6 7 5 2 1 1 21 5 5 3 5 1 1 8 2 1 4 5 4 9 3 3 10 9 1
3 1 4 1 3 9 2 5 9 3 5 4 2 6 10 8 8 5 7 1 4 1 5 3 6 2 1 5 4
2 4 4 3 6 3 6 1 2 6 3 7 7 2 5 4 1 7 3 8 3 5 3 2 4 2 4 1 9
