35
00000000000000000000000000000000000
00000000000000000000000000000000000
00000000000000000000000000000000000
00000000000000000000000000000000000
00000000000000000000000000000000000
00000000000000000000000000111111000
00000000000000000000000000000000000
00000000000000000000000000000000000
00000000000000000000000000000000000
00000000000000000000000000000000000
00000000000000000000000000000000000
00000000000000000000000000000000000
00000000000000000000000000000000000
11111111111111111111100000000000000
00000000000000000000000000000000000
00000000000000000000000000000000000
00000000000000000000000000000000000
00000000000000000000000000000000000
00000000000011111111100000000000000
00000000011100000000000000000000000
00000000000000000000000000000000000
00000000000000000000000000000000000
00000000000000000000000000000000000
00000000000000000000000000001111111
00000000000000000000000000000000000
00000000000000000000000000000000000
00000000000000000111111110000000000
00000000000000000000000000000000000
00000000000000000000000000000000000
00000000000000000000000000000000000
00000000000000000000000000000000000
00000000000000000000000000000000000
11000000000000000000000000000000000
01111111111110000000000000000000000
1000101000000000000100000000000000
1000101000000000000100000000000000
1000000000000000000000000000000000
1000001000000000000000000000000000
0000001000000000000000000000000000
0000001000000000000000000000000000
0000001000000000000000000000000000
0000001000000000000000000000000000
0000001000000000000000000000000000
0100001000000000000000000000000000
1100001000000000000000000000000000
1100001000000000000000000000000000
1100001000000000000000000000000000
1100001000000000000000000000000000
1100001000000000000000000000000000
1100001000000000000000000000100000
1100001000000000000000000000100000
1100001000000000000000000000100000
1100000000000000000000000000100000
1100010000000000000000000000100000
1100010000000001000000000000100000
1100010000000001000000000000100000
1100010000000001000000000000100000
0100010000000001000000000000100000
0100010000000001000000000000000000
0000010000000001000000000000000000
0000000000000001000000000000000000
0000000000000001000000000000000000
0000000000000001000000000000000000
0000000000000001000000000000000000
0000000000000001000000000000000000
0000000000000000000000000000000000
0000000000000000000000000000000000
0000000000000000000000000000000000
0000000000000000000000000000000000
2 4 6 4 5 8 1 10 2 7 2 3 2 2 3 12 3 4 4 3 27 32 202 203 95 145 32 87 54 42 61 180 30 23 209
9 5 2 5 3 4 1 4 3 2 4 5 3 2 4 2 2 30 6 3 181 26 109 55 81 59 51 176 62 48 176 25 33 160 164
6 3 14 4 3 2 2 2 3 11 3 9 2 7 4 4 44 28 5 2 116 10 217 134 35 187 46 147 145 34 24 25 209 48 38
5 13 9 5 3 3 11 3 3 8 2 6 5 3 10 10 32 30 16 10 95 26 63 144 160 83 57 219 86 150 41 181 34 87 32
2 2 2 3 7 9 12 3 3 2 3 5 7 2 10 8 3 28 7 206 122 43 188 62 208 94 62 143 42 75 139 49 184 156 35
5 8 3 13 3 3 12 7 3 3 2 9 2 2 3 2 27 11 22 11 43 30 74 183 102 100 62 211 75 40 114 122 171 133 66
2 14 2 4 4 9 10 4 13 6 8 2 4 2 3 4 6 11 11 9 2 186 40 55 27 68 204 1 2 5 2 68 81 51 27
7 12 3 6 11 14 8 8 8 8 8 2 4 3 2 3 5 2 9 3 10 37 9 66 54 125 84 2 5 2 3 5 27 42 156
2 2 11 8 8 2 1 4 7 3 5 7 3 1 5 6 7 8 6 10 4 15 4 1 1 39 2 6 5 1 2 8 9 31 57
1 29 4 7 7 6 3 3 2 5 3 5 4 6 3 10 2 26 4 9 14 12 2 12 7 3 10 5 7 4 8 1 2 30 3
1 2 3 12 8 12 9 3 2 3 3 4 1 1 4 2 9 4 2 8 7 2 2 13 2 7 1 9 2 1 2 2 5 4 1
4 2 3 3 2 3 7 5 3 2 2 1 2 2 4 9 1 4 5 17 8 6 7 10 3 1 1 8 10 5 10 4 3 4 6
2 2 162 4 5 13 27 4 3 1 1 6 5 3 5 8 7 2 6 6 17 4 7 3 1 2 1 1 6 5 7 5 2 5 6
1 3 2 2 8 5 2 8 2 5 3 6 3 4 8 3 9 7 11 10 17 4 2 12 6 1 2 6 2 2 8 3 4 3 2
2 5 2 2 1 1 2 3 3 8 10 3 6 13 3 3 4 8 14 21 4 1 16 4 2 3 3 3 6 6 8 1 2 3 4
1 2 4 9 5 71 7 6 7 3 5 4 6 21 22 9 5 4 9 3 9 14 23 3 5 9 10 2 1 1 4 1 5 1 6
3 8 5 6 8 21 3 4 7 9 4 13 22 7 19 7 8 11 10 12 4 9 2 3 3 2 5 1 8 3 8 1 5 2 8
2 2 81 66 49 102 4 3 24 13 5 19 17 8 5 5 3 8 25 6 11 4 25 2 10 8 4 1 7 9 5 6 2 2 2
1 4 109 32 158 1 3 5 18 24 5 22 20 10 4 4 3 4 3 8 5 17 5 6 3 9 1 2 9 9 7 2 4 4 1
1 1 28 49 30 2 5 4 25 11 16 9 4 5 3 1 10 2 10 3 1 3 3 3 2 3 3 2 2 2 9 1 5 2 5
5 34 22 44 109 131 3 9 2 8 9 2 2 5 10 2 5 8 3 7 6 2 2 7 9 5 3 2 1 2 2 3 8 3 2
3 51 92 27 22 31 3 5 5 5 1 6 1 5 12 9 3 12 3 4 7 10 1 2 4 5 3 6 3 2 2 3 7 3 10
6 74 81 19 180 27 6 9 5 2 8 9 8 3 8 7 6 2 12 2 3 6 11 4 1 6 1 1 1 8 8 4 2 2 3
49 69 155 55 98 33 38 121 2 7 2 9 5 1 4 8 9 3 2 2 3 6 1 3 2 6 2 8 1 6 5 8 2 3 3
140 117 93 21 135 37 93 155 2 5 4 8 2 1 1 2 11 1 9 2 2 5 1 1 6 3 8 3 7 2 3 7 2 6 7
138 33 167 176 90 49 141 88 2 4 4 1 2 6 7 7 5 2 10 1 2 1 9 3 5 2 1 4 7 1 2 4 1 9 2
76 29 24 168 98 19 54 60 45 4 8 5 5 4 3 2 2 11 3 9 4 2 3 10 9 4 8 4 1 1 3 3 3 6 6
175 101 136 38 137 26 20 49 124 21 49 2 1 5 3 3 7 2 3 3 9 2 4 3 2 5 3 1 2 1 2 6 6 2 2
58 111 20 44 30 35 1 2 56 29 4 2 1 6 2 3 2 3 7 6 5 4 3 3 5 2 1 6 2 3 1 6 2 2 3
46 122 23 107 60 69 7 43 55 7 3 2 7 2 1 1 5 3 8 2 1 10 2 9 8 6 5 4 4 10 2 8 9 1 2
100 30 180 23 51 146 138 2 2 7 1 10 3 7 3 2 2 2 1 2 4 8 2 6 7 1 2 1 1 2 9 7 6 7 5
3 39 127 108 6 4 4 1 2 9 4 3 3 2 2 1 7 2 2 1 8 2 1 2 2 4 2 1 3 9 1 6 6 6 5
2 2 109 57 2 4 8 3 5 3 1 1 3 9 8 9 8 2 1 2 2 2 2 4 5 2 1 1 4 6 2 7 4 6 10
5 2 23 42 1 9 1 2 2 8 2 9 2 1 1 4 1 4 3 6 4 2 6 9 1 5 2 3 2 8 5 8 3 1 3
2 3 3 8 3 2 7 2 5 3 3 1 2 2 8 5 4 2 4 2 1 10 3 10 1 1 2 3 7 5 2 8 1 7 3
