26
00000000000000000000000000
00000000000000000000000000
00000000000000000000000000
00000000000000000000000000
00000000000000000000000000
00000000000000000000000000
00000000000000000000000000
00000000000000000000000000
00000000000000000000000000
00000000000000000000000000
00000000000000000000000000
00000000000000000000000000
00000000000000001111111111
00000000000000000000000000
00000000000000000000000000
00000000000000000000000000
00000000000000000000000000
00000000000000000000000000
00000000000000000000000000
00000000000000000000000000
00000000000000000000000000
00000000000000000000000000
00000000000000000000000000
00000000000000000000000000
00000000000000000000000000
0000000000000000001000000
0000000000000000001000000
0000000000000000001000000
0000000000000000001000000
0000000000000000001000000
0000000000000000001000000
0000000000000000001000000
0000000000000000001000000
0000000000000000001000000
0000000000000000001000000
0000000000000000001000000
0000000000000000000000000
0000000000000000000000000
0000000000000000000000000
0000000000000000000000000
0000000000000000000000000
0000000000000000000000000
0000100000000000000000000
0000100000000000000000000
0000100000000000000000000
0000100000000000000000000
0000000000000000000000000
0000000000000000000000000
0000000000000000000000000
0000000000000000000000000
0000000000000000000000000
5 1 1 8 2 1 3 3 1 8 1 2 1 2 2 9 1 2 3 70 116 153 150 329 57 163
4 4 2 5 9 6 4 1 6 4 8 1 1 2 2 5 3 2 3 84 162 100 133 320 144 304
4 2 7 7 3 9 2 4 5 1 1 1 1 3 7 1 1 2 4 178 96 65 117 357 341 381
7 4 1 1 1 2 2 5 4 9 2 6 1 8 3 3 2 1 9 268 100 53 115 47 123 63
9 4 1 7 1 1 1 1 3 4 8 1 3 3 4 4 2 2 3 78 63 86 117 160 84 109
3 2 2 5 2 2 7 8 2 1 3 9 5 3 3 9 2 9 3 91 102 101 230 76 60 68
3 2 8 2 4 2 3 5 1 6 1 4 1 1 5 2 3 1 2 64 72 48 413 236 71 94
10 2 6 10 9 2 10 10 2 6 2 4 1 2 4 10 3 64 1 78 210 138 130 45 326 79
1 2 2 2 1 3 10 2 1 4 2 9 3 3 1 143 113 58 223 133 431 115 196 115 65 147
6 1 8 2 1 1 4 8 4 2 5 8 4 2 3 46 91 47 310 82 411 172 68 57 223 180
1 5 6 7 5 1 3 3 5 1 3 2 6 300 59 190 210 92 163 153 100 167 121 122 205 437
3 1 3 1 3 5 5 4 8 10 4 4 6 2 116 432 113 282 90 202 277 65 428 48 57 220
8 1 2 1 4 3 2 1 2 8 6 8 1 2 2 306 346 318 102 44 69 45 47 134 141 168
6 1 4 2 8 4 3 6 3 1 2 8 13 10 94 57 7 8 7 4 7 1 6 1 6 1
9 2 3 1 4 4 3 1 1 1 8 15 19 15 12 13 12 6 5 2 2 8 4 8 1 6
5 2 1 3 4 3 209 92 9 3 6 9 10 5 8 21 18 7 3 8 2 9 3 1 3 2
9 2 2 9 4 3 100 108 83 8 11 8 10 13 5 278 4 2 1 2 3 2 4 3 5 7
2 1 7 2 4 2 65 190 330 225 7 20 12 2 5 3 4 11 5 3 3 1 2 4 1 3
1 7 1 2 4 109 477 84 312 169 2 7 4 19 15 64 196 439 7 5 5 3 5 3 4 6
4 2 2 8 1 68 366 371 79 2 2 2 8 17 6 246 276 264 106 2 1 2 4 7 1 3
3 4 5 55 6 164 187 276 180 118 153 10 20 3 8 77 59 186 128 2 2 1 5 3 3 7
7 3 2 382 174 374 127 76 86 155 462 4 6 6 3 154 280 404 54 2 5 8 10 3 9 5
5 209 174 58 386 160 365 96 88 76 240 98 7 7 10 84 258 249 504 118 267 76 5 2 1 1
2 170 206 540 152 69 269 55 364 329 237 241 13 20 65 150 116 185 269 537 73 57 5 2 7 6
8 1 99 135 76 269 73 203 251 312 263 68 249 324 329 134 166 315 83 3 5 7 4 2 8 2
4 174 95 140 152 71 379 406 171 144 488 235 70 422 460 220 198 67 3 3 9 2 7 4 4 4
