29
00000000000000000000000000000
00000000000000000000000000000
00000000000000000000000000000
00000000000000000000001111111
11000000000000000000000000000
00000000000000000000000000000
00000000000000000000000000000
00000011111111111000000000000
00000000000000000000000000000
00000000000000000000000000000
00000000000000000000000000000
00000000000000000000000000000
00000111100000000000000000000
00000000000000000000000000000
11111100000000000001110000000
00000000000000000000000000000
00000000000000000000000000000
00000000000000000000000000000
00000000000000000000000011111
00000000001111111111111000000
00000000000000000000000000000
00000000000000000000000000000
00000000000000000000000000000
00000000000000000000000000000
00000000000000000000000000000
00000000000000000000000000000
01111111111111100000000000000
00000000000000000000011111110
0001000100110000001000000001
0001100100100000001000000001
0001100100100000001000000001
0001100100100000000000001000
0001100000100000000000001000
0001100000100000000000001010
0001100000000000000000001010
0000000000000000000000001010
0100000100000000000000001010
0100000100000010000000001000
0100000100000010000000001000
0100000100000010000010001000
0100000100000010000010001000
0110000100000010000010001000
0110000100000010000010001000
0110000100000010000010001000
0110000100000010000000000000
0110000100000010000000000000
0010000100000010000000000000
0010000100000010000000000000
0010000000000010000000000000
0010000000000000000000000000
0010000000000000000000000000
0010000000000000000000000000
0000000000000000000000000000
0000000000000000000000000000
0000000000000000000000000000
0000000000000000000000000000
0000000000000000000000000000
5 1 2 1 2 2 4 2 5 7 8 2 4 1 8 9 9 8 6 4 1 1 1 1 1 7 2 2 2
8 5 2 9 4 2 4 6 2 1 4 6 5 2 1 1 3 2 4 5 1 5 7 2 6 1 2 3 9
1 5 4 8 6 1 6 4 5 6 1 3 6 2 4 2 6 3 5 4 1 1 1 1 9 4 1 5 2
2 9 7 2 4 3 3 7 5 6 9 8 3 2 2 1 2 3 4 3 2 9 7 6 4 10 8 7 8
4 2 2 3 4 2 7 10 1 7 8 5 3 6 2 6 4 3 9 4 6 6 6 4 6 3 3 3 4
3 5 5 3 10 10 4 4 2 2 3 10 6 1 1 4 1 3 7 5 5 2 5 2 3 5 2 3 10
1 5 2 9 2 5 10 3 1 9 4 1 2 4 4 5 8 3 4 8 2 1 2 4 10 8 1 3 3
6 3 5 2 9 10 3 2 5 2 2 5 1 3 2 10 7 5 2 3 3 3 4 4 3 2 3 2 3
1 2 7 4 4 8 5 3 6 4 6 3 1 3 2 1 8 5 7 7 2 6 6 1 7 2 3 3 10
5 7 3 2 2 3 3 1 3 2 2 7 1 5 4 1 6 3 2 1 5 2 3 10 4 2 10 5 2
10 3 6 1 5 4 4 1 7 1 1 1 2 3 6 3 1 2 3 4 8 10 2 4 2 3 2 3 8
3 4 2 5 5 1 6 5 7 2 2 4 9 7 5 5 1 4 1 3 1 1 2 3 2 8 4 3 2
5 1 4 6 3 2 8 1 4 2 2 6 8 6 2 1 1 4 3 10 7 6 2 9 4 9 8 3 3
2 2 2 2 3 2 2 5 11 1 14 1 6 6 9 2 5 3 6 2 1 7 4 4 6 4 2 8 4
2 1 5 6 3 9 4 2 2 8 3 2 8 2 4 5 7 3 1 1 3 3 4 2 8 4 6 5 3
3 4 9 1 1 1 3 4 8 2 3 1 11 2 5 1 1 2 7 6 3 2 2 7 6 1 3 3 2
6 7 2 2 2 8 3 10 2 8 2 206 10 4 1 2 2 10 10 1 4 5 4 1 10 1 7 3 5
5 4 6 10 7 3 9 2 2 3 1 2 3 1 10 2 5 4 4 7 6 9 6 1 7 3 7 8 9
7 3 8 5 5 4 10 1 2 6 2 7 3 2 3 3 2 3 3 6 7 4 1 4 1 5 5 3 3
6 7 32 8 2 2 10 3 4 1 2 1 3 9 5 3 2 1 2 6 5 9 7 2 2 4 2 4 1
175 2 9 5 6 1 1 3 5 1 7 5 7 3 4 1 12 3 3 1 2 5 3 5 2 6 9 4 7
174 1 1 3 1 5 10 4 10 9 5 6 2 3 2 2 5 3 10 2 6 3 8 9 2 9 5 4 4
4 2 9 3 6 2 10 4 8 1 6 4 8 2 2 10 2 10 2 3 8 1 2 6 5 1 2 9 1
1 5 1 2 6 9 5 3 1 7 9 5 1 8 10 2 3 2 4 5 7 2 2 2 1 2 6 9 5
4 2 2 3 1 3 1 2 1 3 4 6 5 10 1 4 4 2 9 2 3 4 1 6 1 7 1 1 6
30 2 1 1 2 2 2 5 3 3 5 6 2 1 7 6 9 12 3 2 2 9 4 1 4 2 3 6 2
47 6 1 5 7 7 1 2 2 6 4 3 3 1 7 3 1 4 8 3 5 7 1 2 3 6 6 5 7
13 2 12 2 4 2 6 8 7 4 1 1 1 1 10 1 4 9 2 1 2 3 5 3 3 2 2 4 6
11 7 11 5 8 12 4 2 3 11 8 2 1 1 9 7 7 7 2 1 6 4 6 2 1 5 2 9 1
