23
00000000000000000000000
00000000000000000000000
00000000000000000000000
00000000000000000000000
00000000000000000000000
11000000000000000000000
00000000000000000000000
00000000000000000000000
00000111111111000000000
00000000000000000000000
00000000000000000000000
00000000001111111111101
00000000000000000000000
00000000000000000000000
00000001111000000000000
00000000000000000000000
00000000000000000000000
00000000000000000000000
00000000000000000000000
00000000000000000000000
00000000000000011111111
00000000000000000000000
0000010000000000010000
0000000000000000010000
0000001000000000010000
0000001000000000000000
0000001000000000000000
0000001000000000010000
0000001000000000110000
0000001000000000110000
0000001001000000110000
0000001001000000110001
0000001001000000010001
0001001001000000010001
0001000001000000010001
0001000001000000000001
0001000001000000000001
0001000001000000000001
0001000000000000000001
0001000000000000000000
0001000000000000000000
0000000000000000000000
0000000000000000000000
0000000000000000000000
0000000000000000000000
2 5 2 2 6 1 6 2 2 2 5 1 2 1 10 1 6 9 2 4 7 1 3
7 9 10 2 6 1 1 5 1 7 1 2 5 6 2 1 6 9 1 8 6 3 1
4 3 72 2 2 3 2 3 2 2 4 10 9 3 1 3 1 5 1 3 2 2 4
3 89 371 90 1 5 6 1 8 4 4 5 8 5 2 2 1 3 5 1 5 2 1
7 2 106 370 7 3 63 1 3 2 7 1 7 2 3 3 1 2 3 1 1 4 5
1 139 453 303 5 95 323 2 1 3 6 2 5 4 5 2 10 8 3 2 7 7 1
178 72 416 113 90 100 3 4 6 8 5 2 5 2 3 7 1 7 4 8 9 2 2
194 84 60 100 78 51 333 4 3 1 2 1 2 4 2 2 2 5 1 4 2 1 1
421 122 80 77 256 346 216 3 2 6 2 4 3 1 1 2 1 2 2 3 2 8 1
109 140 296 311 274 78 382 3 8 1 4 1 1 2 2 7 6 2 6 2 5 4 9
438 284 301 182 6 12 314 9 4 3 7 3 4 7 3 8 9 2 2 6 2 8 1
55 244 407 100 8 3 2 4 3 6 6 2 1 1 1 2 10 7 2 2 3 3 1
135 76 216 402 12 9 3 1 3 1 5 6 3 7 3 2 2 12 13 12 3 1 7
82 425 259 377 2 7 5 2 3 2 4 3 2 2 2 3 4 12 6 7 5 5 1
257 111 61 160 2 8 4 2 8 1 7 8 4 3 2 3 9 3 11 8 5 4 8
242 190 53 134 7 6 4 3 5 2 7 2 7 3 5 5 3 5 2 6 2 3 2
337 329 56 202 1 12 4 4 3 11 2 9 5 4 3 5 2 7 5 8 9 7 2
75 114 196 125 8 5 6 2 1 3 11 2 1 2 7 4 5 11 6 2 3 6 2
152 367 289 357 1 2 3 3 1 3 10 4 10 2 9 9 3 4 4 11 2 4 4
51 50 163 87 69 12 1 1 2 7 3 13 5 4 2 8 6 1 5 3 7 6 2
180 69 145 191 435 429 1 9 5 6 2 2 3 3 4 2 1 4 2 7 5 5 3
62 226 139 64 278 372 2 4 4 1 1 3 2 2 3 2 6 7 1 1 6 2 1
399 299 138 194 301 148 3 4 11 2 5 1 5 8 2 4 1 4 6 4 8 8 1
