40
0000000000000000000000000000000000000000
0000000000000000000000000000000000000000
0000000000000000000000000000000000000000
0000000000000000000000000000000000000000
0000000000000000000000000000000000000000
0000000000000000000000000000000000000000
0000000000000000000000000000000000000000
0000000000000000000000000000000000000111
0000000000000000000000000000000000000000
0000000000000000000000000000000000000000
0000000000000000000000000000000000000000
0000000000000000000000000000000000000000
1100000000000000000000000000000000000000
0000000000000000000000000000000000000000
0000000000000000000000011100000000000000
0000000000000000000000000000000000000000
0000000000000000000000000000000000000000
0000000000000000000000000000000000000000
0000000000000000000000000000000000000000
0000000000000000000000000000000000000000
0000000000000000000000000000000000000000
0000000000000000000000000000000000000000
0000000000000000000000000000001111111111
0000000000000000000000000000000000000000
0000000000000000000000000000000000000000
0000000000000000000000000000000000000000
0000000000000000000000000000000000000000
0000001111111110000000000000000000000000
0000000000000000000000000000000000000000
0000000000000000000000000000000000000000
0000000000000000000000000000000000000000
0000000000000000000000000000000000000000
0000000000000000000000000000000000000000
0000000000000000000000000000000000000000
0000000000000000000000000000000000000000
0000000000000000000000000000000000000000
0000000000000000000000000000000000000000
0000000000000000000000000000000000000000
0000000000000000000000000000000000000000
010000000000000000000000000000000000000
010000000000000000000000000000000000000
010000000000000000000000000000000000000
010000000000000000000000000000000000000
010000001000000000000000000000000000000
010000001000000000000010000000000000000
010000001000000000000010000000000000000
010000001000000000000010000000000000000
010000001000000000000010000000000000000
000000001000000000000010000000000000000
000000001000000000000010000000000000000
000000001000000000000010000000000000000
000000001000000000000010000000000000000
000000000000000000000010000000000000000
000000000000000000000010000000000000000
000000000000010000000010000000000000000
000000000000010000000010000000000000000
000000000000010000000000000000000000000
000000000000010000000000000000000000000
000000000000010000000000000000000000000
000000000000000000000000000000000000000
000001000000000000000000000000000000000
000001000000000000000000000000000000000
000001000000000000000000000000000000000
000001000000000000000000000000000000000
000001000000000000000000000000000000000
000001000000000000000000000000000000000
000001000000000000000000000000000000000
000001000000000000000000000000000000000
000001000000000000000000000000000000000
000000000000000000000000000000000000000
000000000000000000000000000000000000000
000000000000000000000000000000000000000
000000000000000000000000000000000000000
000000000000000000000000000000000000000
000000000000000000000000000000000000000
000000000000000000000000000000000000000
000000000000000000000000000000000000000
000000000000000000000000000000000000000
000000000000000000000000000000000000000
4 7 6 5 2 1 5 7 2 1 5 207 44 183 153 124 264 68 100 97 181 88 3 2 1 7 2 3 6 7 4 2 8 91 305 339 340 266 64 364
3 5 5 7 2 5 10 3 1 1 82 46 97 41 121 99 290 202 88 374 93 112 1 1 1 1 6 10 6 8 2 9 2 113 86 305 113 71 194 429
3 3 2 73 20 2 3 2 9 2 59 145 40 89 77 114 44 65 339 100 212 366 9 4 8 10 5 2 3 7 4 3 134 129 101 113 124 133 230 388
1 9 2 67 20 4 1 5 3 2 2 2 2 295 45 124 198 219 352 97 179 174 67 48 9 2 4 3 1 3 2 26 81 144 235 44 169 133 44 63
5 2 64 12 18 39 9 4 2 3 9 5 147 381 50 42 117 59 92 277 52 111 44 150 2 1 4 2 2 4 13 35 50 65 25 23 10 44 237 341
2 5 26 77 16 9 31 12 20 6 1 2 1 2 2 96 198 378 198 244 1 394 114 7 5 3 3 9 3 2 9 80 28 8 38 11 52 306 246 108
4 1 29 8 29 40 5 14 7 5 2 6 1 7 7 2 56 209 110 45 3 375 2 2 4 2 2 4 10 8 95 245 337 11 27 30 362 100 148 207
1 3 21 40 22 43 6 31 17 2 7 8 4 11 8 2 358 164 200 4 4 1 3 2 5 1 9 5 5 49 43 148 338 18 53 20 79 23 78 133
1 2 32 20 39 29 6 22 10 5 2 8 9 8 2 2 2 42 5 2 2 8 1 1 6 246 2 2 4 5 253 21 23 45 49 34 47 40 51 4
15 35 23 6 6 12 14 7 7 2 2 4 2 2 10 4 2 211 4 4 4 7 1 1 281 51 69 383 386 248 113 14 40 9 9 11 8 9 12 3
10 16 18 13 17 12 5 20 14 1 9 4 2 3 2 1 3 6 6 10 9 3 5 7 61 104 376 170 83 100 167 4 54 42 38 23 28 53 38 28
52 17 18 23 11 5 43 38 45 3 2 8 8 2 2 2 5 5 5 5 2 1 1 1 299 47 72 139 316 217 124 42 86 191 48 66 152 10 42 4
26 9 43 9 11 10 11 11 32 96 3 10 276 7 2 2 8 4 8 4 6 5 2 6 50 356 136 224 186 316 152 94 130 309 101 99 103 45 17 9
2 2 6 34 7 21 34 8 13 149 641 86 89 661 6 6 10 5 7 5 4 7 1 2 4 3 4 8 140 3 143 58 48 43 118 10 10 15 52 2
5 31 44 13 17 15 5 33 9 466 2 5 6 8 2 3 13 4 3 1 4 3 6 3 1 4 1 5 5 2 54 212 207 80 83 19 15 20 10 6
2 8 27 11 17 124 76 1 170 2 3 4 5 3 4 4 2 3 3 2 1 2 9 2 3 3 8 2 7 7 50 169 147 57 91 112 2 8 2 1
9 5 63 36 17 6 134 93 2 111 2 1 3 4 3 3 5 4 6 3 1 9 3 3 1 3 6 4 4 2 1 5 1 1 7 1 2 2 1 5
8 35 42 18 16 34 32 7 222 84 117 9 7 3 5 2 5 9 23 8 1 8 4 1 5 2 3 3 10 4 1 2 2 2 8 7 1 1 1 2
1 83 79 86 17 6 30 13 36 71 82 1 1 2 28 21 15 5 36 3 3 5 3 9 10 2 1 3 6 2 6 2 7 7 2 1 6 1 1 3
45 91 13 14 24 54 15 30 42 46 62 5 1 78 12 18 16 23 33 5 6 2 10 1 4 3 6 2 4 3 3 1 8 2 6 7 2 3 6 5
71 107 32 14 33 15 79 33 97 201 246 73 7 7 9 38 16 29 6 22 7 4 8 2 4 1 6 4 4 4 8 7 1 3 5 8 2 5 5 10
26 29 58 46 34 60 68 27 60 68 113 41 6 11 34 25 24 7 17 9 5 9 2 5 2 3 4 3 1 3 2 3 4 4 2 2 4 1 2 7
15 23 51 14 28 28 61 113 96 77 44 19 27 37 36 15 6 11 6 8 30 3 2 7 2 6 2 2 2 3 2 2 9 3 4 4 3 2 1 2
56 64 13 37 106 18 202 332 258 376 71 44 149 33 12 30 6 7 15 5 36 1 5 1 5 1 2 3 5 7 7 336 6 2 1 3 3 1 6 2
78 19 75 14 13 22 68 58 54 59 82 101 162 26 7 4 4 22 26 19 12 7 4 5 1 2 1 5 2 4 1 248 155 522 7 4 1 5 3 9
118 106 24 14 98 32 116 59 33 135 39 53 254 39 6 4 9 7 5 5 22 6 11 19 37 3 1 2 1 1 105 99 115 392 228 10 4 9 5 1
15 102 35 13 18 32 332 147 104 26 36 28 104 169 17 17 8 12 4 4 7 17 23 30 20 15 6 4 3 2 102 1 97 416 175 2 6 4 7 5
4 7 25 9 4 24 48 87 89 172 173 178 50 86 4 24 7 4 4 28 6 9 79 89 112 120 7 17 31 3 354 533 476 258 522 9 4 2 1 2
6 2 2 48 73 6 17 3 9 11 3 4 2 3 5 19 14 4 13 5 13 6 17 20 14 14 6 3 25 4 395 220 177 321 118 117 107 2 6 1
4 9 1 87 84 1 15 57 38 17 69 4 9 9 1 8 11 9 11 8 27 18 116 20 123 96 4 2 2 4 3 111 81 280 324 310 397 630 3 3
5 4 3 20 2 4 32 26 36 12 6 2 2 8 6 3 2 19 8 8 4 120 60 58 111 84 52 5 7 8 570 91 428 220 189 491 76 76 99 4
2 16 35 43 4 2 64 17 60 9 3 5 6 5 5 3 8 26 4 1 7 16 66 118 23 14 11 4 6 6 96 338 451 78 264 388 336 7 7 7
2 1 11 15 99 21 23 79 9 2 5 2 2 34 21 38 13 16 7 8 2 109 37 51 86 15 8 2 481 440 113 246 533 190 112 181 359 326 310 2
2 5 14 34 21 87 26 45 2 2 42 94 64 11 12 31 21 26 34 95 8 35 14 20 21 21 4 3 213 165 319 663 375 475 88 83 104 126 8 2
44 73 37 66 65 39 43 91 27 88 53 17 88 50 85 24 68 15 32 85 2 3 19 89 54 29 90 45 94 31 163 319 98 723 562 544 700 239 2 3
2 11 58 43 57 19 56 94 89 55 42 15 38 14 62 107 38 97 43 8 1 35 13 18 23 1 1 2 8 2 4 320 5 324 368 79 201 4 3 6
3 6 1 56 35 16 69 71 35 22 4 60 110 98 27 13 26 13 15 6 5 86 19 36 14 69 1 3 7 2 9 3 1 1 118 328 286 2 7 4
1 5 2 68 31 81 91 23 35 6 1 14 23 75 30 92 7 1 9 1 8 5 23 21 8 10 4 2 2 7 6 10 4 5 8 4 2 4 2 6
6 5 3 77 19 74 12 10 92 49 79 71 14 67 102 44 17 16 2 4 1 1 1 4 7 4 2 2 2 1 1 2 3 6 2 2 5 1 3 4
9 4 6 40 44 84 13 79 6 3 19 39 11 65 15 17 5 13 1 3 6 8 9 7 5 4 7 2 3 9 2 8 2 1 2 2 5 1 2 1
