26
00000000000000000000000000
00000000000001111111111100
00000000000000000000000000
00000000000000000000000000
00000000000000000000000000
00000000000000000000000000
00000000000000000000000000
00000000000000000000000000
00000000000000000000000000
00000000000000000000000000
00000000000000000000000000
00011111100000000000000000
00000000000000000000000000
00000000000000000000000000
00000000000000000000000000
00000000000000000000000000
00000000000000000000000000
01111111111111000000000000
00000000000000000000000000
00000000000000000000000000
00000000001111111101111111
00000000000000000000000000
00000000000000000000000000
00000000000000000000000000
00000000000000000000000000
0000000000000000000000000
0000000000000000000000000
0000000000000000000000000
0000000000000000000000000
1000000000000000000000000
1100000000000000000000000
1100000000000000000000000
0100000000000000000000000
0100000000000000000000000
0100000000000000000000000
0100000010000000000000000
0100000010000000000000000
0100000010000000000000000
0100000010000000000000000
0100000010010000000000000
0100000010010000000000000
0100000010010000000000000
0000000010010000000000000
0000000010010000000000000
0000000010000000000000000
0000000010000000000000000
0000000000000000000000000
0000000000000000000000000
0000000000000000000000000
0000000000000000000000000
0000000000000000000000000
18 20 44 58 87 23 23 111 90 32 106 32 122 6 1 7 3 9 5 7 6 2 3 4 1 2
4 9 20 16 108 113 105 86 14 35 53 43 19 1 4 4 7 3 7 1 1 1 6 1 4 1
2 4 15 83 55 13 28 121 20 75 61 39 61 7 1 4 4 10 2 9 2 2 3 3 9 7
6 25 64 67 15 96 42 30 24 42 46 25 36 7 2 5 2 4 4 2 8 3 3 1 2 4
1 13 34 16 124 14 28 59 29 14 62 16 16 113 11 2 2 3 2 6 1 3 9 2 2 6
5 48 7 21 32 55 17 17 53 26 18 114 5 25 10 2 2 6 5 3 3 2 2 2 9 2
2 7 2 106 103 14 15 16 46 15 26 24 5 6 8 3 13 12 24 4 3 8 4 1 3 1
3 9 2 17 1 76 47 120 42 40 18 15 3 4 16 7 7 6 5 2 3 5 5 9 3 10
2 7 9 2 1 1 24 76 80 1 6 1 1 2 2 4 9 15 16 32 4 7 2 1 3 7
2 2 2 8 4 2 1 6 6 7 4 2 2 4 7 2 6 3 6 8 10 3 2 3 8 1
6 2 5 6 10 6 3 1 1 1 2 8 4 4 9 6 3 3 11 40 14 7 4 2 7 2
2 1 10 4 4 2 2 5 5 4 2 8 82 7 7 3 9 3 3 2 2 15 78 5 3 7
5 10 5 6 3 2 5 1 9 3 3 1 406 507 230 108 127 3 196 3 67 5 34 5 1 1
4 1 2 6 5 7 2 9 2 7 3 2 4 435 324 93 66 122 110 382 123 3 87 48 42 2
4 10 6 3 1 6 3 1 2 6 1 1 7 383 353 389 120 98 329 3 5 13 9 9 12 13
9 3 1 1 8 5 1 1 8 10 3 3 3 491 22 70 178 410 76 167 5 8 14 6 9 4
6 3 2 4 6 3 9 2 7 1 9 2 9 17 45 159 196 102 112 343 20 5 15 4 16 3
622 2 1 4 1 5 4 4 3 2 9 10 5 77 59 39 77 128 106 400 6 98 102 227 6 4
139 298 193 165 139 814 368 462 792 5 5 3 2 8 16 2 23 86 100 577 431 343 174 391 3 7
892 142 324 423 215 201 468 609 675 78 180 1 1 4 83 2 2 172 193 220 109 100 65 296 6 10
167 122 262 182 873 158 426 117 217 328 50 1 1 10 4 3 2 570 455 2 133 4 1 2 7 2
330 749 556 141 598 348 306 706 552 734 98 5 3 4 2 3 2 4 7 6 6 2 6 5 1 6
176 242 625 477 326 326 448 704 887 222 158 5 2 5 5 2 5 3 9 8 5 3 3 1 6 6
621 119 428 445 396 808 174 632 122 175 1 5 6 4 2 3 1 1 5 1 1 4 8 7 1 4
484 144 356 272 174 948 283 709 763 99 3 6 2 6 8 2 2 2 7 2 7 2 4 5 4 4
157 205 541 702 96 727 648 188 294 779 3 1 3 7 1 8 2 2 6 2 1 9 4 8 1 6
