25
0000000000000000000000000
0011111000000000000000000
0000000000000000000000000
0000000000000000000000000
0000000000000111111111100
0000000000001111000000000
0000000000000000000000000
0000000000000000000000000
0000000000000000000000000
0000000000000000000000000
0000000011111111111111000
0000000000000000000000000
0000000111111111000000000
0000000000000000000000000
0000000000000001111111000
0000000000000000000000000
1111111000000000000000000
0000000000000000000000001
0000000000000000111000000
0001110000000001111111000
0000000000000000000000000
0000000000000000000000000
0000000000000000011111110
0000000000000000000000000
000100000000000000000000
000100000000000000010000
000100000000000010010000
010000000000100010010000
010000000000100010000000
010000000000100010000000
010000000000100000000000
000000000000100000000000
000000000000100000000000
000000000000100000000000
000000000000100000000000
000100000000000000000000
000100000000000000000000
000100000000000000000000
000100000000010000000001
000100000000010000000001
000100000000110000000001
000100000000110000000001
000100000000110000001001
000100000000010000001000
000100000000010000001000
000100000000010000001000
000100000000010000001000
000100000000000000000000
000000000000000000000000
6 2 2 10 13 10 5 8 4 12 9 4 15 4 13 3 7 4 14 5 4 8 4 10 7
7 14 18 1 12 8 12 3 2 13 3 15 14 2 4 17 14 11 7 6 3 3 2 1 8
9 6 3 8 5 7 14 4 6 3 11 9 7 17 12 5 2 5 2 8 6 2 5 1 3
3 10 3 5 4 6 4 12 5 9 18 4 2 5 7 3 3 17 14 7 10 5 2 3 2
5 4 8 15 5 4 3 18 4 11 5 2 10 5 10 3 5 5 4 7 3 14 2 7 4
16 1 5 4 7 16 2 8 5 16 4 3 9 1 3 22 7 4 1 8 1 8 2 5 2
8 10 5 10 4 5 2 11 9 4 9 3 6 6 2 6 7 9 7 2 2 7 10 9 5
7 2 2 2 7 4 4 7 13 11 2 9 3 1 4 6 8 9 9 17 3 2 4 4 8
1 11 6 4 15 8 11 2 3 15 12 2 3 6 19 21 3 4 18 7 1 8 5 1 3
14 5 5 13 3 12 3 11 5 4 19 2 13 7 15 16 5 5 4 2 2 9 3 3 9
2 10 8 2 9 3 4 3 6 4 15 3 8 2 3 6 7 5 4 17 3 4 5 4 4
8 9 7 2 15 2 8 2 5 1 3 2 8 2 1 1 1 7 10 4 1 2 2 3 4
8 2 9 2 4 9 9 15 5 2 7 7 3 5 6 1 2 3 1 4 3 5 4 1 4
7 4 3 2 2 3 6 2 2 15 4 1 2 6 1 9 1 2 2 2 4 6 7 2 5
3 10 5 6 2 9 13 4 10 9 2 2 6 4 10 3 6 3 8 1 6 2 2 3 1
4 2 6 3 4 6 11 15 8 7 16 3 3 4 1 4 5 7 3 1 2 5 5 2 1
1 4 5 2 2 9 5 11 7 14 18 6 2 1 5 2 2 2 3 9 3 2 5 9 3
1 9 2 4 5 4 4 5 1 4 2 6 4 9 3 4 1 5 2 2 2 1 7 5 1
1 3 1 1 2 1 3 3 2 2 5 2 1 3 6 10 1 2 3 5 4 8 7 4 6
2 2 2 3 1 3 2 6 4 5 5 7 2 9 2 1 1 4 1 9 3 4 2 1 7
2 3 2 6 2 2 4 1 1 6 2 3 3 5 5 2 7 3 5 2 5 8 7 1 2
3 3 10 4 1 7 2 2 1 3 2 9 2 7 3 2 9 6 4 3 2 2 2 3 2
6 2 4 3 2 3 5 5 4 1 1 5 1 3 2 7 2 8 7 9 1 2 9 2 6
3 4 4 9 7 1 1 4 1 7 10 1 1 2 9 3 7 4 3 4 3 3 1 9 9
2 9 4 1 6 5 2 8 2 5 2 3 8 2 3 5 2 2 9 3 6 3 2 6 1
