28
0000111111110000000000000000
0000000000000000000000000000
0000000000111111000000000000
0000000000000000000000000000
0000000000000000000000000000
0000000000000000000000000000
0000000000000000000000000000
0000000000000000000000000000
0000011111000000000000000000
0000000000000000000000000000
0000000000000000000000000000
0000000000000000000000000000
0000000000001111111000000000
0000000000000000000000000000
0000000000000000000000000000
0000000000000011111111111110
0000000000000000000000000000
0000000000000000000000000000
0000000000000000000000000000
0000000000111111000000000000
0000000000000111111111110000
0000000000000000000000000000
0111111111111100000000000000
0000000000000000000000001111
0000000000000000000000000000
0000111111110000000000000000
1100000000000000000000000000
000000010000000000000000000
000000010000000000000000000
000000010000000000000000000
000000010000000000000000000
000000010000000000000001000
000000000000000000000001000
000000000010000000000001000
000000000010000000000001000
000000000010000000000001000
000000000010000000000001000
000000000010000000000000000
000000000010000000000000000
000100010010000000000000000
000100010010000000000000000
001100010010000000000000000
001100010010000000000000000
001100010010000000000000000
001100010010000000000000000
001100011010000000000000000
001000001010000000000000000
001000001000000000000000000
001000001000000000000000000
001000001000000000000000000
000000000000000000000000000
000000000000000000000000000
000000000000000000000000000
000000000000000000000000000
000000000000000000000000000
3 2 1 1 1 9 3 8 7 6 3 114 70 206 148 327 79 106 1 1 2 2 3 2 8 1 6 1
1 3 7 2 5 4 6 2 291 172 383 59 96 216 266 130 8 304 376 8 4 1 7 2 7 8 7 1
5 2 4 3 1 6 1 2 323 446 325 411 396 67 85 51 2 1 8 2 6 4 9 2 2 3 3 2
9 9 1 2 1 9 8 4 71 114 2 4 2 1 3 2 10 1 2 1 1 5 9 3 3 3 1 3
4 2 3 6 3 5 3 1 107 368 365 96 2 3 8 3 4 3 5 2 1 1 9 8 4 3 4 4
5 1 3 3 3 4 1 4 163 56 351 67 52 8 7 9 2 5 6 9 3 2 4 1 7 2 2 10
3 4 1 6 2 1 6 1 4 351 319 2 2 7 10 5 1 4 6 2 4 4 7 9 4 3 5 5
5 9 6 2 1 8 2 10 4 3 3 1 4 8 4 3 2 1 1 2 1 8 2 4 2 6 1 9
4 6 2 4 2 5 3 4 2 3 3 1 1 6 4 4 2 2 2 3 1 9 11 36 4 36 7 1
2 4 2 4 1 5 1 2 4 2 8 7 4 2 3 1 4 3 6 7 4 2 16 14 7 56 8 5
8 9 2 2 3 7 3 10 8 1 1 8 2 9 4 3 4 2 4 4 3 10 24 76 27 59 3 1
3 9 4 1 2 3 8 2 3 234 167 1 4 4 2 9 2 1 10 3 10 2 13 13 19 87 29 44
4 1 1 3 6 2 4 1 3 468 157 3 2 2 1 3 4 2 1 44 16 48 74 15 12 70 30 13
1 1 7 8 4 2 3 2 462 65 118 3 7 5 7 1 10 8 5 39 79 29 84 14 28 15 16 14
4 2 9 4 1 503 57 221 280 84 97 1 8 1 5 4 5 2 2 64 26 66 36 40 10 2 15 30
4 3 1 1 7 136 223 107 59 79 256 7 2 3 7 7 6 2 56 87 39 17 22 23 15 85 3 2
1 1 3 3 4 314 3 310 240 130 69 1 4 7 8 5 4 8 3 4 7 7 6 6 7 3 1 1
1 3 1 5 2 1 2 246 511 475 288 10 5 1 6 3 7 8 3 7 1 2 5 2 1 6 4 5
3 7 3 6 1 349 173 364 179 347 471 2 6 1 5 8 5 9 8 5 4 4 5 7 4 6 1 2
7 2 3 2 4 473 3 431 441 195 133 3 3 1 1 6 9 1 3 2 9 1 3 9 71 505 3 1
2 8 2 3 208 85 270 136 421 1 2 10 8 2 4 5 9 1 1 5 6 9 2 6 63 305 1 8
3 1 1 6 1 2 175 80 62 6 6 2 6 2 607 51 276 131 118 40 213 78 356 376 229 80 65 1
5 3 4 1 2 1 459 59 493 5 5 5 1 1 129 228 126 67 91 67 93 287 492 221 131 203 6 3
1 10 3 6 7 7 5 6 3 7 9 1 39 65 68 70 374 111 59 74 323 187 279 572 602 125 306 9
1 1 2 2 1 7 3 3 3 8 5 2 81 38 85 183 74 42 40 108 132 91 284 78 173 227 1 8
10 3 10 1 9 6 7 3 2 2 3 3 1 1 54 354 217 113 227 204 80 44 128 59 119 3 1 6
2 1 2 8 5 3 2 2 1 2 2 7 2 148 46 176 46 62 138 82 72 107 380 49 90 3 3 3
3 3 4 2 5 4 5 2 2 4 1 6 9 9 217 242 86 39 189 64 59 118 173 48 7 5 4 9
