23
00000000000011111111111
00000000000000000000000
00001111111111100000000
00000000000000000000000
00000000000000000000000
00000000000000000000000
00000000000000000000000
00000000000000000000000
00000000000000000000000
00000000000000000000000
00000000000000000000000
00000000000000000000000
00000011111111111111111
11111111000000000000000
00000000000000000000000
00000000000000000000000
00000000000000000000000
00000000000000000000000
00000000000000000000000
00000000000000000000000
00000000000000000000000
00000001111111111000000
0000000000000000000000
0000000000000001000000
0000000000000001000000
0000000000000001000000
0000000000000001000000
0000000000000001000000
0000000000000001000000
0000000000000001000000
0000000000000001000000
0000000000000000000000
0000000000000000000000
0000000000000000000000
0000000000000000000000
0000000000000000000000
0000000000000000000000
0000000000000000000000
0000000000000000000000
0000000000000000000000
0000000000000000000000
0000000000000000000000
0000000001000000000000
0000000001000000000000
0000000001000000000000
3 2 2 3 8 1 4 4 4 1 9 3 2 4 2 3 5 8 10 5 5 5 6
4 1 1 2 1 1 8 2 4 1 1 3 1 9 3 7 10 10 2 2 1 1 6
2 1 9 1 2 8 8 7 2 5 1 3 2 1 3 4 2 8 3 3 1 7 1
5 4 9 1 7 8 1 6 2 7 3 6 140 172 127 2 1 295 198 74 2 1 2
1 3 3 2 5 5 9 4 2 2 10 2 55 198 47 6 3 116 2 4 9 3 2
1 9 29 6 7 6 7 5 5 2 2 196 221 89 244 315 516 241 236 146 633 387 5
6 9 30 4 2 5 3 2 2 8 2 117 320 64 83 155 155 283 187 416 72 2 1
7 10 30 3 9 12 8 5 4 1 1 1 174 153 91 97 180 419 119 5 3 1 6
24 5 15 4 5 5 7 4 6 1 4 9 5 177 349 417 586 134 312 3 2 1 2
6 9 6 20 6 8 7 4 2 3 4 2 149 93 352 73 119 93 106 123 7 1 5
20 13 8 9 74 15 15 4 20 5 9 2 1 80 4 617 242 2 3 6 2 6 6
9 24 23 27 5 36 49 4 2 2 8 1 4 10 1 2 1 2 10 3 4 2 1
15 6 127 16 92 92 98 14 9 2 5 5 8 7 1 5 3 1 1 1 4 7 2
6 8 119 97 111 16 16 106 5 4 119 52 24 79 34 75 1 434 255 81 731 197 619
2 12 11 2 4 2 4 2 2 4 4 25 92 22 53 180 657 227 751 305 285 190 165
2 10 4 15 2 2 5 3 2 4 3 56 36 14 294 532 162 129 125 92 752 278 151
12 13 2 2 14 2 1 9 7 3 2 26 51 131 513 141 340 107 176 100 249 464 99
7 4 4 3 8 2 3 5 3 124 16 41 32 384 407 154 309 405 89 80 672 109 302
5 7 7 9 13 4 5 4 6 26 49 81 2 3 99 421 385 482 751 592 96 672 83
3 6 9 4 6 6 7 5 2 2 53 9 3 1 459 529 362 360 245 439 195 155 84
2 9 3 10 10 4 6 11 1 3 22 2 2 1 476 252 118 460 510 133 340 341 126
7 2 3 9 6 4 3 9 3 2 6 2 3 7 103 145 5 4 4 138 422 1 2
7 17 6 4 10 5 3 9 5 2 5 5 2 4 2 7 6 5 1 757 4 2 1
