36
000000000000000000000000000000000000
000000000000000000000000000000000000
000000000000000000000000000000000000
000000000000000000000000000000000000
000000000000000000000000000000000000
000000000000000000000000000000000000
000000000000000000000000000000000000
000000000000000000000000000000000000
000000000000000000000000000000000000
000000000000000000000000000000000000
000000000000000000000000000000000000
000000000000000000000000000000000000
000000000000000000000000000000000000
000000000000000000000000000000000000
000000000000000000000000000000000000
000000000000000000000000000000000000
000000000000000000000000000000000000
000000000000000000000000000000000000
000000000000000000000000000000000000
000000000000000000000000000000000000
000000000000000000000000000000000000
000000000000000000000000000000000000
000000000000000000000000000000000000
000000000000000000000000000000000000
000000000000000000000000000000000000
000000000000000000000000000000000000
000000000000000000000000000000000000
000000000000000000000000000000000000
000000000000000000000000000000000000
000000000000000000000000000000000000
000000000000000000000000000000000000
000000000000000000000000000000000000
000000000000000000000000000000000000
000000000000000000000000000000000000
000000000000000000000000000000000000
00000000000000000000000000000000000
00000000000000000000000000000000000
00000000000000000000000000000000000
00000000000100000000000000000000000
00000000000100000000000000000000000
00000000000100000000000000000000000
00000000000100000000000000000000000
00000000000100000000000000000000000
00000000000100000000000000000000000
00000000000100000000000000000000000
00000000000100000000000000000000000
00000000000100000000000000000000000
00000000000100000000000000000100000
00000000000100000000000000000100000
00000000000100000000000000000100000
00000000000100000000000000000000000
00000000000100000000000000000000000
00000000000100000000000000000000000
00000000000100000000000000000000000
00000000000100000000000000000000000
00000000000000000000000000000000000
00000000000000000000000000000000000
00000000000000000000000000000000010
00000000000000000000000000000000010
00000000000000000000000000000000010
00000000000000000000000000000000010
00000000000000000000000000000000010
00000000000000000000000000000000010
00000000000000000000000000000000010
00000000000000000000000000000000010
00000000000000000000000000000000010
00000000000000000000000000000000010
00000000000000000000000000000000010
00000000000000000000000000000000010
00000000000000000000000000000000000
00000000000000000000000000000000000
2 3 9 2 3 6 1 3 18 6 10 31 56 203 422 194 362 322 95 135 62 57 478 178 297 221 3 2 6 5 3 1 1 1 6 4
5 2 1 2 2 2 3 1 23 9 40 461 449 260 74 62 65 104 138 503 411 202 98 188 131 128 337 2 6 1 5 6 1 2 2 4
3 5 5 8 7 9 6 2 16 15 11 13 384 213 211 113 91 442 332 149 254 107 162 300 342 437 372 6 4 2 7 8 1 9 5 2
1 1 3 6 3 5 4 7 26 6 8 14 85 90 515 129 75 151 390 103 66 150 174 56 12 56 9 3 1 9 1 4 2 1 4 1
5 7 1 10 2 9 34 10 6 36 51 39 10 161 55 390 313 410 308 173 80 3 68 2 5 3 1 2 7 1 8 2 3 1 3 1
1 3 1 34 8 7 47 20 46 7 14 14 3 59 264 76 311 87 400 62 52 4 16 10 11 8 2 2 4 9 4 2 9 4 1 1
2 8 6 1 28 9 15 52 6 25 39 6 2 4 204 283 307 86 240 66 16 259 6 16 3 7 4 8 6 6 7 6 1 7 2 1
2 5 10 6 4 26 21 23 9 21 27 7 3 2 1 2 173 2 134 175 17 6 9 15 14 5 2 11 7 2 3 2 2 2 6 7
2 3 7 2 11 7 14 21 15 17 39 9 2 1 6 2 488 239 131 8 5 4 5 10 10 15 7 10 2 3 3 3 3 4 4 2
4 4 3 2 7 14 16 20 17 14 7 18 1 6 4 2 2 3 1 7 3 3 2 12 2 19 2 10 9 1 9 1 9 9 6 2
4 6 1 2 48 46 15 6 19 14 22 52 6 3 1 2 5 1 2 1 101 19 19 11 2 20 16 3 19 17 1 1 2 2 6 6
4 2 3 8 2 2 23 7 10 11 2 9 1 2 9 3 2 4 3 9 7 92 91 5 15 5 4 10 4 12 4 2 6 3 1 6
1 2 5 4 1 1 2 4 3 1 2 10 2 4 1 1 2 7 1 1 23 16 37 4 14 6 3 1 15 9 3 1 1 8 2 7
3 9 4 1 6 4 2 1 3 2 2 3 4 2 5 7 3 3 8 1 23 42 16 6 75 3 6 3 39 13 7 3 4 2 1 7
2 9 7 2 2 8 4 10 2 2 1 3 1 1 5 3 2 6 4 31 46 28 13 2 3 6 9 17 16 4 9 2 1 7 3 1
6 1 8 9 1 2 1 1 6 2 1 3 4 5 2 7 7 5 14 10 86 4 23 49 12 56 400 10 26 1 2 2 7 22 3 2
1 4 1 4 1 3 7 1 1 3 2 2 2 3 5 2 10 1 15 32 52 33 15 51 41 60 126 7 560 32 218 3 6 59 1 6
10 5 5 5 1 5 2 5 2 6 4 1 9 10 2 2 2 55 12 91 32 55 16 26 14 90 160 181 534 397 738 67 90 12 2 2
19 4 4 4 1 4 2 3 7 6 2 1 6 3 5 3 8 4 82 55 106 18 78 81 103 2 505 136 156 515 197 641 1 9 7 1
3 10 5 11 2 4 6 6 3 2 6 2 6 4 9 2 9 3 9 36 22 58 52 13 12 302 108 221 882 258 186 223 3 1 7 7
4 4 10 12 9 2 18 1 1 2 1 8 2 6 1 1 2 8 1 17 17 38 88 31 179 477 136 528 473 517 104 2 3 4 6 8
15 2 4 7 19 11 16 20 2 3 1 6 3 1 2 5 3 2 2 2 1 2 39 2 7 635 483 103 268 90 196 168 223 3 6 1
2 5 3 15 4 11 75 1 2 3 5 5 9 7 2 6 9 1 1 2 2 1 5 4 118 303 154 650 538 107 180 331 9 10 4 3
6 4 3 12 1 20 89 3 3 4 2 2 5 4 4 7 5 2 3 8 2 7 6 9 1 5 200 423 161 149 147 217 1 4 9 2
15 18 16 3 8 22 8 4 2 7 2 1 5 4 2 9 2 9 9 2 1 3 3 7 5 9 737 120 202 692 138 126 6 4 9 1
33 14 62 17 2 3 2 495 5 125 3 3 8 93 3 2 1 2 1 7 3 2 2 2 117 664 177 491 463 383 591 673 349 6 7 2
13 41 19 52 19 7 75 60 205 492 319 1 286 175 330 68 3 2 353 1 1 5 135 5 4 1 758 207 753 741 304 162 4 7 5 3
81 21 82 70 4 6 1 1 263 137 359 2 58 70 70 139 2 2 297 183 192 455 518 602 440 72 72 374 159 156 267 162 8 6 6 2
27 11 8 8 2 1 2 5 457 145 382 133 191 125 489 117 345 8 9 70 85 185 80 76 103 210 227 494 5 167 97 146 6 3 4 3
2 2 8 3 7 3 1 2 308 399 80 110 85 332 269 249 237 334 101 442 354 189 93 579 271 155 180 71 276 173 128 106 10 3 1 2
2 1 4 8 2 2 1 121 236 318 523 141 63 157 148 293 98 1 323 601 615 84 363 134 215 304 82 497 245 602 2 2 6 5 3 5
3 1 5 2 3 2 9 339 1 2 195 102 85 294 378 244 199 7 105 603 105 127 160 336 159 253 102 144 254 7 7 2 8 5 9 6
6 3 5 9 4 2 5 288 111 153 436 81 222 421 78 89 261 437 67 141 518 163 158 207 573 84 273 423 532 267 259 3 6 1 3 2
3 5 9 9 2 4 4 147 181 341 178 228 497 90 242 348 532 109 74 126 94 138 386 121 370 118 502 178 145 8 208 2 4 5 1 1
4 1 1 9 9 7 1 6 98 270 521 316 113 177 134 2 514 97 627 65 340 571 176 69 215 84 275 303 490 246 207 1 6 3 4 1
3 2 4 2 3 3 3 4 2 58 128 137 173 207 10 3 5 4 76 151 322 77 193 482 502 413 106 361 229 518 477 310 2 8 8 10
