3 10
1 0
164 8
2 0
52 3
3 0
75 8
4 0
93 1
5 0
52 6
6 0
148 3
7 0
135 3
8 0
31 3
9 0
30 9
10 0
20 6
11 0
162 5
12 0
78 4
13 0
90 5
14 0
178 6
15 0
100 3
16 0
134 5
17 0
183 6
18 0
33 5
19 0
183 5
20 0
83 6
21 0
169 10
22 0
89 5
23 0
69 9
24 0
83 10
25 0
74 6
26 0
29 8
27 0
150 8
28 0
150 1
29 0
48 8
30 0
114 5
31 0
151 3
32 0
83 1
33 0
130 10
34 0
64 3
35 0
98 7
36 0
146 7
37 0
109 2
38 0
58 3
39 0
40 0
41 0
62 10
42 0
48 3
43 0
107 2
44 0
185 8
45 0
142 2
46 0
148 6
47 0
111 3
48 0
103 3
49 0
142 3
50 0
180 2
51 0
108 8
52 0
184 3
53 0
96 7
54 0
98 4
55 0
62 7
56 0
113 10
57 0
145 10
58 0
154 10
59 0
60 0
104 5
61 0
167 1
62 0
78 7
63 0
64 0
82 7
65 0
119 6
66 0
86 3
67 0
200 1
68 0
143 6
69 0
84 9
70 0
102 9
71 0
152 9
72 0
88 2
73 0
148 3
74 0
140 7
75 0
76 0
127 7
77 0
82 4
78 0
100 7
79 0
193 1
80 0
190 8
81 0
140 6
82 0
199 4
83 0
121 4
84 0
93 9
85 0
148 9
86 0
104 9
87 0
192 5
88 0
172 2
89 0
177 5
90 0
173 5
91 0
134 9
92 0
148 3
93 0
188 9
94 0
125 7
95 0
149 8
96 0
160 9
97 0
146 8
98 0
128 4
99 0
136 5
100 0
182 9
101 0
152 6
102 0
110 6
103 0
136 7
104 0
130 5
105 0
163 10
106 0
116 7
107 0
136 6
108 0
180 7
109 0
136 6
110 0
123 7
111 0
123 3
112 0
155 7
113 0
133 7
114 0
128 6
115 0
128 4
116 0
167 6
117 0
118 0
176 1
119 0
187 1
120 0
159 9
121 0
122 0
141 8
123 0
153 3
124 0
180 3
125 0
173 7
126 0
187 5
127 0
174 1
128 0
129 0
151 4
130 0
196 7
131 0
191 7
132 0
193 4
133 0
175 4
134 0
196 5
135 0
162 7
136 0
193 6
137 0
179 4
138 0
139 0
174 4
140 0
184 1
141 0
161 1
142 0
189 10
143 0
144 0
197 10
145 0
199 3
146 0
181 8
147 0
196 9
148 0
195 5
149 0
150 0
156 8
151 0
193 8
152 0
180 6
153 0
154 0
158 3
155 0
193 6
156 0
177 8
157 0
199 5
158 0
178 3
159 0
167 5
160 0
190 3
161 0
198 9
162 0
189 7
163 0
177 10
164 0
185 8
165 0
179 8
166 0
171 4
167 0
168 0
177 5
169 0
170 0
171 0
192 10
172 0
189 4
173 0
174 0
175 0
184 7
176 0
187 2
177 0
190 1
178 0
200 3
179 0
193 10
180 0
182 8
181 0
182 0
183 0
194 8
184 0
194 7
185 0
186 0
195 8
187 0
196 6
188 0
197 9
189 0
190 0
198 4
191 0
193 2
192 0
193 0
194 0
195 0
196 0
197 0
198 0
199 0
200 0
