70 10
1 0
101 9
2 0
25 6
3 0
80 9
4 0
8 2
5 0
135 2
6 0
23 6
7 0
78 3
8 0
102 2
9 0
104 2
10 0
115 9
11 0
193 1
12 0
166 1
13 0
163 7
14 0
18 7
15 0
165 9
16 0
122 6
17 0
43 6
18 0
62 6
19 0
110 7
20 0
96 9
21 0
184 8
22 0
84 10
23 0
155 8
24 0
111 3
25 0
35 3
26 0
70 5
27 0
60 7
28 0
174 7
29 0
131 3
30 0
62 6
31 0
193 6
32 0
184 1
33 0
114 8
34 0
127 2
35 0
178 3
36 0
139 7
37 0
140 2
38 0
55 3
39 0
126 3
40 0
127 6
41 0
159 2
42 0
140 4
43 0
162 6
44 0
178 7
45 0
121 4
46 0
182 4
47 0
157 8
48 0
157 5
49 0
169 8
50 0
96 5
51 0
57 9
52 0
56 5
53 0
177 4
54 0
160 4
55 0
77 3
56 0
98 3
57 0
162 9
58 0
186 9
59 0
80 10
60 0
109 7
61 0
87 7
62 0
112 6
63 0
88 5
64 0
109 10
65 0
126 7
66 0
84 7
67 0
131 7
68 0
186 6
69 0
194 9
70 0
99 5
71 0
109 5
72 0
130 10
73 0
78 10
74 0
198 6
75 0
198 3
76 0
101 6
77 0
118 3
78 0
85 3
79 0
128 10
80 0
121 7
81 0
88 4
82 0
148 4
83 0
121 3
84 0
156 7
85 0
97 3
86 0
190 9
87 0
141 5
88 0
150 4
89 0
138 10
90 0
133 10
91 0
102 2
92 0
165 8
93 0
99 3
94 0
152 5
95 0
129 5
96 0
172 7
97 0
198 3
98 0
109 3
99 0
199 7
100 0
168 10
101 0
132 10
102 0
181 6
103 0
143 2
104 0
140 10
105 0
124 4
106 0
139 4
107 0
171 4
108 0
109 0
110 0
118 10
111 0
138 3
112 0
194 3
113 0
170 9
114 0
162 8
115 0
137 9
116 0
189 9
117 0
198 7
118 0
119 0
184 10
120 0
135 1
121 0
180 5
122 0
143 6
123 0
139 10
124 0
139 4
125 0
156 10
126 0
186 7
127 0
174 6
128 0
180 6
129 0
198 5
130 0
171 2
131 0
140 4
132 0
144 4
133 0
136 3
134 0
177 3
135 0
177 1
136 0
147 3
137 0
191 9
138 0
140 3
139 0
150 4
140 0
148 3
141 0
142 0
169 3
143 0
151 6
144 0
179 4
145 0
164 8
146 0
155 9
147 0
169 9
148 0
171 3
149 0
178 3
150 0
194 4
151 0
193 6
152 0
196 5
153 0
174 5
154 0
189 8
155 0
172 9
156 0
157 0
166 9
158 0
173 4
159 0
160 0
161 0
200 2
162 0
186 10
163 0
191 7
164 0
165 0
166 0
181 8
167 0
182 8
168 0
169 0
170 0
178 10
171 0
199 3
172 0
185 9
173 0
180 9
174 0
197 5
175 0
200 3
176 0
177 0
179 2
178 0
187 10
179 0
180 0
182 2
181 0
184 8
182 0
188 2
183 0
186 10
184 0
185 0
186 0
187 0
188 0
189 0
190 0
191 0
192 0
198 10
193 0
194 0
195 0
197 9
196 0
197 0
198 0
200 10
199 0
200 0
