8 10
1 0
2 0
116 7
3 0
199 8
4 0
156 10
5 0
6 0
10 1
7 0
17 1
8 0
173 1
9 0
135 2
10 0
158 1
11 0
154 1
12 0
48 5
13 0
141 3
14 0
119 9
15 0
152 5
16 0
118 4
17 0
138 2
18 0
165 10
19 0
20 0
144 10
21 0
113 4
22 0
23 0
197 3
24 0
120 1
25 0
57 9
26 0
112 2
27 0
125 1
28 0
114 2
29 0
48 2
30 0
53 1
31 0
159 4
32 0
115 4
33 0
95 7
34 0
134 6
35 0
57 6
36 0
95 9
37 0
38 0
125 7
39 0
200 1
40 0
175 10
41 0
110 7
42 0
196 8
43 0
139 7
44 0
132 8
45 0
106 3
46 0
144 4
47 0
67 1
48 0
49 0
167 2
50 0
57 5
51 0
94 6
52 0
89 9
53 0
181 10
54 0
108 6
55 0
149 3
56 0
103 9
57 0
126 10
58 0
184 9
59 0
84 9
60 0
166 9
61 0
153 5
62 0
163 5
63 0
76 4
64 0
151 5
65 0
136 5
66 0
178 3
67 0
153 3
68 0
69 0
99 5
70 0
161 5
71 0
89 4
72 0
177 2
73 0
74 0
104 9
75 0
163 10
76 0
92 4
77 0
97 4
78 0
91 10
79 0
105 1
80 0
136 1
81 0
99 1
82 0
88 5
83 0
167 3
84 0
151 9
85 0
189 9
86 0
154 5
87 0
178 10
88 0
173 5
89 0
90 0
200 5
91 0
111 10
92 0
159 4
93 0
108 4
94 0
95 0
114 6
96 0
163 2
97 0
124 10
98 0
193 2
99 0
129 8
100 0
161 3
101 0
126 3
102 0
126 1
103 0
109 3
104 0
136 3
105 0
162 1
106 0
168 4
107 0
168 9
108 0
136 4
109 0
199 3
110 0
124 8
111 0
120 10
112 0
145 2
113 0
192 2
114 0
172 6
115 0
116 0
157 6
117 0
193 7
118 0
181 7
119 0
163 10
120 0
170 7
121 0
122 0
178 10
123 0
135 1
124 0
125 0
126 0
158 7
127 0
198 1
128 0
129 0
180 1
130 0
131 0
182 6
132 0
133 0
172 8
134 0
164 6
135 0
141 6
136 0
153 4
137 0
188 10
138 0
185 6
139 0
188 6
140 0
149 10
141 0
176 6
142 0
143 0
148 5
144 0
192 4
145 0
177 2
146 0
147 0
153 4
148 0
174 2
149 0
196 2
150 0
189 6
151 0
173 9
152 0
154 5
153 0
154 0
197 5
155 0
186 5
156 0
157 0
162 5
158 0
192 5
159 0
172 4
160 0
171 8
161 0
192 8
162 0
178 5
163 0
185 10
164 0
175 6
165 0
166 0
167 0
195 10
168 0
169 0
170 0
199 3
171 0
182 8
172 0
194 4
173 0
196 10
174 0
185 9
175 0
190 6
176 0
177 0
178 0
180 6
179 0
180 0
181 0
183 7
182 0
183 0
185 8
184 0
189 9
185 0
186 0
187 0
188 0
189 0
190 0
191 0
192 0
193 0
200 9
194 0
196 8
195 0
196 0
197 0
198 0
199 0
200 0
