124 10
1 0
150 7
2 0
159 1
3 0
183 10
4 0
80 10
5 0
13 10
6 0
55 6
7 0
163 6
8 0
122 2
9 0
122 3
10 0
89 2
11 0
104 9
12 0
169 1
13 0
51 10
14 0
39 1
15 0
55 8
16 0
163 6
17 0
78 8
18 0
111 7
19 0
119 7
20 0
57 2
21 0
140 8
22 0
142 8
23 0
149 8
24 0
25 0
161 2
26 0
162 6
27 0
90 6
28 0
111 4
29 0
88 7
30 0
128 3
31 0
173 4
32 0
185 3
33 0
191 2
34 0
135 1
35 0
98 7
36 0
106 5
37 0
102 5
38 0
158 5
39 0
99 5
40 0
122 4
41 0
200 3
42 0
169 10
43 0
155 1
44 0
45 0
127 1
46 0
96 3
47 0
148 3
48 0
52 9
49 0
183 8
50 0
184 10
51 0
81 10
52 0
194 9
53 0
60 4
54 0
78 3
55 0
85 5
56 0
64 1
57 0
188 5
58 0
124 10
59 0
70 10
60 0
147 4
61 0
62 0
150 7
63 0
114 3
64 0
133 1
65 0
69 7
66 0
148 5
67 0
98 10
68 0
120 5
69 0
136 7
70 0
149 10
71 0
128 10
72 0
110 4
73 0
74 0
75 0
76 0
77 0
114 2
78 0
138 9
79 0
82 3
80 0
81 0
169 2
82 0
83 0
194 3
84 0
148 9
85 0
141 9
86 0
144 9
87 0
110 5
88 0
159 5
89 0
90 0
94 8
91 0
174 4
92 0
150 3
93 0
147 7
94 0
174 8
95 0
96 0
163 4
97 0
146 4
98 0
153 7
99 0
186 6
100 0
149 2
101 0
158 10
102 0
131 3
103 0
182 2
104 0
110 1
105 0
126 5
106 0
118 5
107 0
108 0
185 5
109 0
116 3
110 0
192 1
111 0
160 8
112 0
113 0
169 7
114 0
170 7
115 0
187 6
116 0
145 3
117 0
185 7
118 0
182 5
119 0
188 2
120 0
198 9
121 0
138 6
122 0
198 6
123 0
152 9
124 0
125 0
182 10
126 0
132 5
127 0
188 10
128 0
137 2
129 0
130 0
145 2
131 0
133 3
132 0
166 5
133 0
174 3
134 0
165 8
135 0
136 0
179 5
137 0
171 2
138 0
141 6
139 0
177 10
140 0
144 8
141 0
165 8
142 0
180 6
143 0
165 6
144 0
196 8
145 0
197 8
146 0
169 4
147 0
152 7
148 0
171 9
149 0
174 2
150 0
197 3
151 0
191 8
152 0
153 0
154 0
199 7
155 0
157 1
156 0
157 0
164 1
158 0
176 1
159 0
181 8
160 0
174 6
161 0
169 2
162 0
163 0
176 4
164 0
174 1
165 0
168 1
166 0
192 5
167 0
179 7
168 0
170 1
169 0
186 2
170 0
200 1
171 0
175 9
172 0
173 0
200 5
174 0
193 1
175 0
183 9
176 0
177 0
180 4
178 0
179 0
180 0
181 0
188 6
182 0
183 0
184 0
185 0
186 0
190 10
187 0
188 0
189 0
190 0
191 0
200 10
192 0
193 0
195 9
194 0
197 6
195 0
196 0
197 0
198 0
199 0
200 0
