130 10
1 0
13 2
2 0
29 8
3 0
9 10
4 0
5 0
77 9
6 0
9 7
7 0
178 10
8 0
73 5
9 0
28 7
10 0
101 2
11 0
12 0
64 10
13 0
168 2
14 0
146 2
15 0
109 4
16 0
83 1
17 0
99 5
18 0
78 3
19 0
51 3
20 0
53 4
21 0
122 3
22 0
158 3
23 0
167 2
24 0
126 1
25 0
52 8
26 0
51 1
27 0
44 8
28 0
34 7
29 0
111 8
30 0
169 1
31 0
46 3
32 0
45 1
33 0
140 8
34 0
105 7
35 0
95 6
36 0
74 7
37 0
120 5
38 0
162 5
39 0
150 9
40 0
41 0
132 9
42 0
196 9
43 0
71 3
44 0
51 8
45 0
108 7
46 0
107 3
47 0
94 10
48 0
49 0
50 0
57 10
51 0
149 1
52 0
87 8
53 0
67 4
54 0
68 8
55 0
180 1
56 0
112 7
57 0
146 10
58 0
179 1
59 0
167 3
60 0
107 2
61 0
184 3
62 0
115 4
63 0
101 10
64 0
128 2
65 0
69 9
66 0
67 0
149 9
68 0
178 8
69 0
179 9
70 0
167 9
71 0
149 3
72 0
99 3
73 0
191 1
74 0
80 7
75 0
146 5
76 0
160 5
77 0
171 5
78 0
192 8
79 0
120 9
80 0
189 7
81 0
124 7
82 0
195 7
83 0
131 10
84 0
120 2
85 0
114 9
86 0
192 9
87 0
194 8
88 0
115 6
89 0
95 4
90 0
200 4
91 0
92 0
153 9
93 0
187 2
94 0
200 10
95 0
193 4
96 0
164 10
97 0
98 0
186 10
99 0
136 3
100 0
116 3
101 0
140 5
102 0
126 8
103 0
161 1
104 0
192 1
105 0
154 2
106 0
128 6
107 0
112 1
108 0
127 10
109 0
110 0
126 4
111 0
112 0
155 8
113 0
153 5
114 0
145 9
115 0
160 1
116 0
149 5
117 0
118 0
170 3
119 0
162 3
120 0
158 6
121 0
125 2
122 0
195 3
123 0
124 0
170 7
125 0
169 3
126 0
183 4
127 0
158 2
128 0
180 6
129 0
172 6
130 0
132 8
131 0
196 2
132 0
133 0
134 0
135 0
136 0
137 0
156 8
138 0
173 10
139 0
151 3
140 0
141 0
189 8
142 0
163 7
143 0
162 7
144 0
192 7
145 0
189 9
146 0
176 8
147 0
186 8
148 0
149 0
179 10
150 0
156 9
151 0
153 9
152 0
198 5
153 0
154 0
176 9
155 0
197 8
156 0
193 9
157 0
158 0
159 0
185 4
160 0
161 0
192 1
162 0
200 9
163 0
179 7
164 0
182 10
165 0
193 3
166 0
190 9
167 0
168 0
169 0
177 9
170 0
178 1
171 0
194 10
172 0
173 0
180 9
174 0
182 6
175 0
186 10
176 0
180 10
177 0
178 0
181 9
179 0
191 7
180 0
189 10
181 0
194 9
182 0
185 8
183 0
193 4
184 0
185 0
189 8
186 0
196 10
187 0
188 0
189 0
194 6
190 0
191 0
192 0
200 9
193 0
194 0
195 0
196 0
197 0
198 0
199 0
200 0
