1 0
34 4
2 0
30 9
3 0
138 10
4 0
153 10
5 0
80 1
6 0
19 2
7 0
176 9
8 0
93 8
9 0
27 4
10 0
140 4
11 0
29 4
12 0
124 4
13 0
24 8
14 0
174 2
15 0
42 2
16 0
152 5
17 0
26 6
18 0
197 9
19 0
168 9
20 0
60 5
21 0
52 1
22 0
100 5
23 0
189 1
24 0
116 8
25 0
163 10
26 0
72 10
27 0
117 4
28 0
110 3
29 0
121 5
30 0
132 9
31 0
142 7
32 0
92 7
33 0
57 6
34 0
196 3
35 0
56 4
36 0
121 1
37 0
51 5
38 0
92 1
39 0
117 7
40 0
190 4
41 0
42 0
70 4
43 0
156 8
44 0
57 9
45 0
131 9
46 0
145 8
47 0
129 10
48 0
150 8
49 0
129 2
50 0
51 0
189 10
52 0
64 9
53 0
153 6
54 0
140 5
55 0
136 2
56 0
131 5
57 0
153 9
58 0
176 6
59 0
73 10
60 0
90 5
61 0
128 6
62 0
143 10
63 0
67 5
64 0
85 4
65 0
167 7
66 0
67 0
144 7
68 0
72 2
69 0
134 2
70 0
177 4
71 0
136 9
72 0
108 2
73 0
112 10
74 0
158 10
75 0
114 10
76 0
197 5
77 0
104 8
78 0
167 5
79 0
199 7
80 0
81 0
185 1
82 0
170 8
83 0
84 0
165 2
85 0
101 2
86 0
87 0
134 9
88 0
127 9
89 0
123 8
90 0
171 2
91 0
120 4
92 0
179 3
93 0
130 4
94 0
126 3
95 0
132 9
96 0
97 0
194 5
98 0
99 0
113 5
100 0
169 5
101 0
160 2
102 0
113 7
103 0
144 5
104 0
117 1
105 0
139 2
106 0
124 9
107 0
198 4
108 0
181 8
109 0
196 7
110 0
183 7
111 0
158 3
112 0
169 10
113 0
178 7
114 0
187 7
115 0
116 0
184 7
117 0
193 1
118 0
179 10
119 0
146 7
120 0
168 10
121 0
167 2
122 0
123 0
130 9
124 0
154 9
125 0
153 6
126 0
158 3
127 0
164 3
128 0
145 2
129 0
154 5
130 0
200 9
131 0
192 4
132 0
133 0
157 9
134 0
185 9
135 0
171 1
136 0
189 8
137 0
163 6
138 0
139 0
192 10
140 0
193 4
141 0
145 9
142 0
148 10
143 0
154 3
144 0
195 5
145 0
146 0
190 9
147 0
164 4
148 0
151 4
149 0
174 1
150 0
188 10
151 0
152 0
182 10
153 0
155 10
154 0
159 3
155 0
190 3
156 0
185 10
157 0
159 9
158 0
190 3
159 0
199 9
160 0
162 2
161 0
162 0
169 2
163 0
191 6
164 0
169 4
165 0
166 0
167 0
168 0
196 2
169 0
181 4
170 0
177 8
171 0
187 9
172 0
173 0
200 1
174 0
184 8
175 0
191 7
176 0
184 6
177 0
191 8
178 0
179 0
180 0
189 7
181 0
185 4
182 0
183 0
186 8
184 0
185 0
186 0
187 0
188 0
189 0
198 7
190 0
191 0
192 0
193 0
195 10
194 0
195 0
196 0
197 0
198 0
199 0
200 0
