127 10
1 0
110 2
2 0
192 1
3 0
29 5
4 0
139 5
5 0
32 3
6 0
12 3
7 0
88 3
8 0
127 10
9 0
10 0
107 10
11 0
132 2
12 0
67 3
13 0
14 0
99 9
15 0
126 9
16 0
189 4
17 0
113 8
18 0
180 8
19 0
78 2
20 0
183 4
21 0
134 1
22 0
23 0
34 2
24 0
117 7
25 0
82 7
26 0
77 1
27 0
41 10
28 0
87 5
29 0
58 9
30 0
108 8
31 0
45 2
32 0
173 3
33 0
45 8
34 0
55 2
35 0
182 10
36 0
175 7
37 0
149 4
38 0
104 5
39 0
197 5
40 0
165 10
41 0
118 5
42 0
142 9
43 0
187 6
44 0
144 6
45 0
172 8
46 0
130 8
47 0
195 2
48 0
116 1
49 0
172 3
50 0
75 8
51 0
169 8
52 0
53 0
88 9
54 0
98 9
55 0
144 1
56 0
129 6
57 0
93 6
58 0
167 6
59 0
149 10
60 0
72 3
61 0
78 5
62 0
63 0
64 0
135 2
65 0
137 8
66 0
95 2
67 0
96 1
68 0
121 8
69 0
171 3
70 0
143 3
71 0
104 1
72 0
180 8
73 0
124 1
74 0
76 6
75 0
121 8
76 0
84 6
77 0
195 1
78 0
139 6
79 0
150 5
80 0
94 5
81 0
163 5
82 0
151 7
83 0
102 9
84 0
192 6
85 0
189 7
86 0
150 4
87 0
102 5
88 0
156 9
89 0
176 4
90 0
91 0
92 0
167 4
93 0
163 2
94 0
106 9
95 0
188 4
96 0
197 5
97 0
105 1
98 0
156 8
99 0
137 9
100 0
129 9
101 0
190 1
102 0
147 5
103 0
156 5
104 0
193 4
105 0
167 9
106 0
174 9
107 0
108 0
165 10
109 0
110 0
111 0
141 8
112 0
172 2
113 0
150 3
114 0
115 0
124 3
116 0
189 1
117 0
126 7
118 0
192 7
119 0
143 6
120 0
180 5
121 0
136 8
122 0
123 0
161 8
124 0
136 3
125 0
194 8
126 0
164 7
127 0
166 10
128 0
167 10
129 0
199 9
130 0
183 9
131 0
178 1
132 0
151 5
133 0
174 8
134 0
138 10
135 0
161 2
136 0
177 3
137 0
142 9
138 0
197 10
139 0
178 9
140 0
191 1
141 0
172 10
142 0
144 9
143 0
156 6
144 0
169 9
145 0
196 9
146 0
171 6
147 0
188 5
148 0
186 5
149 0
177 5
150 0
162 3
151 0
196 4
152 0
165 9
153 0
178 7
154 0
179 7
155 0
171 3
156 0
190 6
157 0
158 0
192 2
159 0
181 8
160 0
187 8
161 0
171 2
162 0
163 0
178 3
164 0
182 7
165 0
167 7
166 0
195 10
167 0
176 7
168 0
193 4
169 0
190 9
170 0
180 9
171 0
172 0
178 2
173 0
174 0
175 0
196 3
176 0
199 7
177 0
179 6
178 0
179 0
180 0
187 2
181 0
199 9
182 0
183 0
184 0
185 0
186 0
192 7
187 0
188 0
200 6
189 0
199 5
190 0
191 0
192 0
193 0
194 0
197 9
195 0
196 0
197 0
198 0
199 0
200 0
