112 10
1 0
128 9
2 0
3 0
199 6
4 0
47 6
5 0
11 4
6 0
63 1
7 0
184 2
8 0
53 1
9 0
39 5
10 0
170 5
11 0
132 4
12 0
192 9
13 0
136 1
14 0
155 9
15 0
152 2
16 0
99 1
17 0
140 6
18 0
172 6
19 0
109 1
20 0
161 9
21 0
96 9
22 0
125 10
23 0
182 1
24 0
78 7
25 0
102 7
26 0
82 7
27 0
81 7
28 0
90 4
29 0
84 8
30 0
46 3
31 0
47 3
32 0
195 6
33 0
35 6
34 0
192 9
35 0
157 9
36 0
68 6
37 0
189 10
38 0
180 3
39 0
100 10
40 0
69 5
41 0
142 5
42 0
43 0
184 9
44 0
143 9
45 0
72 10
46 0
180 3
47 0
94 10
48 0
99 2
49 0
84 1
50 0
131 8
51 0
158 8
52 0
65 6
53 0
157 9
54 0
62 5
55 0
195 9
56 0
194 6
57 0
146 6
58 0
171 7
59 0
74 6
60 0
61 0
129 6
62 0
84 5
63 0
64 0
136 1
65 0
151 1
66 0
170 2
67 0
144 3
68 0
173 8
69 0
139 5
70 0
148 8
71 0
130 4
72 0
184 10
73 0
178 9
74 0
181 6
75 0
179 6
76 0
124 9
77 0
150 10
78 0
88 7
79 0
138 9
80 0
146 7
81 0
171 9
82 0
159 9
83 0
133 7
84 0
138 5
85 0
118 9
86 0
174 10
87 0
133 3
88 0
134 7
89 0
103 7
90 0
184 4
91 0
186 10
92 0
134 10
93 0
141 7
94 0
176 7
95 0
138 2
96 0
97 0
126 5
98 0
164 9
99 0
100 0
176 5
101 0
191 7
102 0
166 4
103 0
127 10
104 0
199 10
105 0
172 6
106 0
133 6
107 0
125 3
108 0
155 3
109 0
189 1
110 0
197 3
111 0
181 1
112 0
127 6
113 0
114 0
198 10
115 0
125 7
116 0
194 3
117 0
164 2
118 0
119 0
167 9
120 0
151 5
121 0
135 1
122 0
125 6
123 0
195 7
124 0
155 9
125 0
151 6
126 0
199 5
127 0
128 0
129 0
176 5
130 0
156 1
131 0
184 8
132 0
169 4
133 0
198 6
134 0
200 10
135 0
136 0
170 1
137 0
171 7
138 0
199 2
139 0
181 5
140 0
191 2
141 0
161 7
142 0
143 0
177 7
144 0
177 6
145 0
146 0
199 7
147 0
199 2
148 0
163 7
149 0
166 7
150 0
185 8
151 0
157 4
152 0
175 8
153 0
154 0
168 8
155 0
160 9
156 0
185 1
157 0
173 4
158 0
159 0
190 3
160 0
163 9
161 0
200 7
162 0
166 10
163 0
164 0
165 0
166 0
171 10
167 0
182 9
168 0
183 7
169 0
187 4
170 0
171 0
198 1
172 0
173 0
177 6
174 0
175 0
191 10
176 0
177 0
188 6
178 0
179 0
194 8
180 0
181 0
197 3
182 0
183 0
194 9
184 0
189 8
185 0
191 8
186 0
187 0
188 0
191 10
189 0
193 8
190 0
195 6
191 0
194 10
192 0
193 0
194 0
195 0
196 0
197 0
198 0
199 0
200 0
