1 0
18 8
2 0
134 1
3 0
118 10
4 0
158 6
5 0
193 8
6 0
80 8
7 0
20 10
8 0
54 8
9 0
150 6
10 0
33 2
11 0
169 6
12 0
17 4
13 0
72 4
14 0
77 5
15 0
107 5
16 0
113 7
17 0
31 4
18 0
86 4
19 0
20 0
111 5
21 0
86 2
22 0
157 4
23 0
149 5
24 0
25 0
133 2
26 0
88 6
27 0
72 6
28 0
148 5
29 0
198 3
30 0
144 10
31 0
72 4
32 0
176 6
33 0
126 10
34 0
70 2
35 0
36 0
45 4
37 0
164 1
38 0
176 5
39 0
46 6
40 0
143 4
41 0
46 4
42 0
140 6
43 0
98 6
44 0
143 3
45 0
191 4
46 0
82 6
47 0
72 8
48 0
64 2
49 0
173 4
50 0
137 4
51 0
179 8
52 0
178 1
53 0
95 9
54 0
83 9
55 0
56 0
134 9
57 0
127 9
58 0
72 7
59 0
115 8
60 0
173 9
61 0
171 4
62 0
74 2
63 0
191 2
64 0
174 4
65 0
169 9
66 0
149 1
67 0
104 6
68 0
83 7
69 0
174 9
70 0
71 0
97 4
72 0
159 6
73 0
94 10
74 0
82 2
75 0
76 0
195 2
77 0
150 5
78 0
153 4
79 0
175 8
80 0
175 4
81 0
195 8
82 0
84 2
83 0
173 7
84 0
134 2
85 0
86 0
159 2
87 0
188 8
88 0
89 0
184 6
90 0
143 4
91 0
112 4
92 0
110 6
93 0
181 7
94 0
174 10
95 0
197 9
96 0
146 9
97 0
98 0
117 5
99 0
173 7
100 0
122 5
101 0
102 0
165 10
103 0
104 0
159 7
105 0
151 2
106 0
111 2
107 0
112 8
108 0
124 4
109 0
185 10
110 0
176 10
111 0
112 0
151 8
113 0
177 2
114 0
200 2
115 0
168 6
116 0
180 3
117 0
135 5
118 0
188 5
119 0
124 5
120 0
151 4
121 0
122 0
160 8
123 0
166 3
124 0
159 5
125 0
194 7
126 0
177 4
127 0
142 2
128 0
180 1
129 0
130 0
160 3
131 0
176 8
132 0
153 8
133 0
142 4
134 0
188 2
135 0
180 5
136 0
165 1
137 0
138 0
139 0
192 1
140 0
149 10
141 0
189 3
142 0
151 4
143 0
157 1
144 0
189 2
145 0
179 3
146 0
194 9
147 0
186 7
148 0
182 2
149 0
152 10
150 0
177 5
151 0
180 4
152 0
153 0
165 5
154 0
164 1
155 0
179 1
156 0
157 0
200 3
158 0
187 5
159 0
200 2
160 0
161 0
170 3
162 0
174 8
163 0
179 10
164 0
192 10
165 0
166 0
184 1
167 0
172 6
168 0
186 6
169 0
176 10
170 0
180 3
171 0
186 4
172 0
173 0
185 6
174 0
175 0
176 0
187 8
177 0
184 5
178 0
192 1
179 0
191 10
180 0
183 10
181 0
182 0
183 0
193 7
184 0
185 0
186 0
189 6
187 0
200 5
188 0
189 0
194 6
190 0
191 0
192 0
193 0
194 0
195 0
199 10
196 0
197 0
198 0
199 0
200 0
