63 10
1 0
39 6
2 0
160 4
3 0
181 6
4 0
119 6
5 0
52 2
6 0
158 5
7 0
17 5
8 0
34 4
9 0
21 4
10 0
170 4
11 0
113 1
12 0
44 2
13 0
29 5
14 0
30 5
15 0
16 0
30 2
17 0
160 5
18 0
183 4
19 0
148 5
20 0
151 5
21 0
197 8
22 0
119 2
23 0
37 6
24 0
88 3
25 0
45 9
26 0
97 9
27 0
152 5
28 0
44 9
29 0
144 4
30 0
161 5
31 0
107 2
32 0
49 2
33 0
89 4
34 0
66 4
35 0
179 4
36 0
111 7
37 0
51 6
38 0
67 6
39 0
132 6
40 0
120 2
41 0
199 7
42 0
74 1
43 0
123 10
44 0
97 10
45 0
185 9
46 0
106 1
47 0
77 3
48 0
115 9
49 0
104 2
50 0
187 2
51 0
103 6
52 0
53 0
62 3
54 0
55 0
177 2
56 0
113 10
57 0
66 7
58 0
59 0
175 4
60 0
181 10
61 0
159 6
62 0
67 6
63 0
199 4
64 0
157 7
65 0
147 3
66 0
132 2
67 0
76 6
68 0
124 1
69 0
97 6
70 0
159 8
71 0
179 6
72 0
123 6
73 0
85 10
74 0
117 9
75 0
108 7
76 0
94 1
77 0
91 3
78 0
107 5
79 0
147 2
80 0
84 2
81 0
159 6
82 0
115 8
83 0
181 10
84 0
112 2
85 0
161 10
86 0
149 10
87 0
97 10
88 0
139 10
89 0
168 4
90 0
158 2
91 0
192 3
92 0
167 10
93 0
143 8
94 0
192 8
95 0
155 3
96 0
172 6
97 0
155 6
98 0
175 3
99 0
106 6
100 0
123 1
101 0
134 3
102 0
164 7
103 0
187 7
104 0
189 5
105 0
106 0
171 6
107 0
131 5
108 0
109 0
140 5
110 0
145 9
111 0
181 9
112 0
128 9
113 0
126 1
114 0
118 10
115 0
163 1
116 0
117 0
165 9
118 0
168 10
119 0
121 4
120 0
156 10
121 0
185 4
122 0
126 4
123 0
176 1
124 0
125 0
182 5
126 0
176 4
127 0
159 1
128 0
131 1
129 0
158 5
130 0
140 2
131 0
177 1
132 0
187 1
133 0
157 7
134 0
152 3
135 0
163 3
136 0
181 2
137 0
138 0
173 9
139 0
150 6
140 0
198 2
141 0
168 8
142 0
168 10
143 0
185 8
144 0
173 4
145 0
146 0
153 9
147 0
162 10
148 0
169 5
149 0
182 9
150 0
170 5
151 0
163 10
152 0
156 6
153 0
191 9
154 0
196 7
155 0
182 3
156 0
196 6
157 0
169 7
158 0
177 5
159 0
188 1
160 0
166 5
161 0
163 2
162 0
163 0
194 10
164 0
174 7
165 0
195 7
166 0
168 5
167 0
194 10
168 0
170 5
169 0
170 0
189 10
171 0
196 5
172 0
173 0
186 4
174 0
199 7
175 0
193 3
176 0
196 3
177 0
179 5
178 0
179 0
180 0
181 0
182 0
186 6
183 0
185 5
184 0
185 0
195 8
186 0
187 0
188 0
189 0
197 6
190 0
191 0
192 0
196 9
193 0
194 0
195 0
196 0
200 10
197 0
198 0
199 0
200 0
