12 10
1 0
44 4
2 0
57 8
3 0
165 2
4 0
47 6
5 0
25 8
6 0
31 9
7 0
32 9
8 0
15 5
9 0
116 5
10 0
92 5
11 0
180 9
12 0
161 9
13 0
50 1
14 0
128 4
15 0
19 5
16 0
39 5
17 0
113 2
18 0
39 2
19 0
42 5
20 0
147 8
21 0
26 7
22 0
134 1
23 0
89 6
24 0
99 6
25 0
75 2
26 0
159 7
27 0
62 6
28 0
44 3
29 0
198 4
30 0
84 4
31 0
190 3
32 0
44 1
33 0
72 3
34 0
82 3
35 0
171 9
36 0
115 9
37 0
114 2
38 0
165 8
39 0
40 0
150 9
41 0
59 4
42 0
47 5
43 0
164 6
44 0
84 1
45 0
103 6
46 0
188 9
47 0
107 5
48 0
139 7
49 0
115 4
50 0
194 7
51 0
122 8
52 0
183 5
53 0
114 4
54 0
136 2
55 0
184 3
56 0
78 3
57 0
58 0
170 5
59 0
125 4
60 0
71 9
61 0
63 6
62 0
71 9
63 0
120 6
64 0
124 9
65 0
139 9
66 0
145 7
67 0
77 6
68 0
192 9
69 0
143 10
70 0
92 8
71 0
82 6
72 0
100 3
73 0
74 0
193 8
75 0
169 2
76 0
82 7
77 0
148 6
78 0
88 6
79 0
176 2
80 0
148 9
81 0
83 6
82 0
83 0
189 6
84 0
129 6
85 0
125 6
86 0
126 4
87 0
88 0
164 4
89 0
131 6
90 0
185 3
91 0
98 3
92 0
160 6
93 0
94 0
146 1
95 0
101 6
96 0
97 0
124 5
98 0
99 0
158 3
100 0
153 6
101 0
114 6
102 0
180 6
103 0
140 6
104 0
105 0
200 7
106 0
107 0
154 10
108 0
168 5
109 0
160 5
110 0
194 5
111 0
151 3
112 0
142 6
113 0
180 2
114 0
133 6
115 0
149 10
116 0
122 10
117 0
172 6
118 0
136 10
119 0
140 10
120 0
140 2
121 0
139 10
122 0
146 10
123 0
172 1
124 0
125 0
177 6
126 0
158 4
127 0
128 0
182 3
129 0
130 0
153 4
131 0
164 6
132 0
150 3
133 0
172 4
134 0
135 0
181 1
136 0
180 10
137 0
166 2
138 0
171 6
139 0
142 2
140 0
179 10
141 0
169 2
142 0
156 2
143 0
144 0
152 10
145 0
198 7
146 0
147 0
148 0
149 0
177 7
150 0
153 9
151 0
190 4
152 0
172 7
153 0
154 0
163 9
155 0
159 1
156 0
182 1
157 0
190 3
158 0
162 4
159 0
194 1
160 0
161 0
182 1
162 0
181 4
163 0
189 4
164 0
193 6
165 0
166 0
167 0
168 0
195 6
169 0
177 2
170 0
171 0
172 0
183 7
173 0
197 5
174 0
175 0
176 0
177 0
200 2
178 0
179 0
180 0
189 10
181 0
182 0
183 0
184 0
190 4
185 0
186 0
187 0
192 8
188 0
199 9
189 0
190 0
191 0
192 0
195 8
193 0
194 0
195 0
196 0
197 0
198 0
199 0
200 0
