157 10
1 0
123 5
2 0
174 2
3 0
90 1
4 0
125 1
5 0
107 1
6 0
122 1
7 0
41 8
8 0
121 8
9 0
109 1
10 0
102 8
11 0
147 8
12 0
159 10
13 0
129 6
14 0
133 6
15 0
197 4
16 0
135 3
17 0
115 4
18 0
84 5
19 0
106 2
20 0
195 3
21 0
44 10
22 0
88 3
23 0
171 9
24 0
102 2
25 0
134 8
26 0
130 5
27 0
56 10
28 0
65 10
29 0
50 2
30 0
33 7
31 0
180 9
32 0
103 2
33 0
104 1
34 0
81 7
35 0
145 5
36 0
54 6
37 0
180 10
38 0
52 10
39 0
105 9
40 0
86 1
41 0
170 1
42 0
159 9
43 0
149 3
44 0
187 3
45 0
57 9
46 0
196 6
47 0
172 7
48 0
175 6
49 0
199 6
50 0
119 6
51 0
192 10
52 0
53 0
196 6
54 0
76 2
55 0
180 6
56 0
157 10
57 0
74 9
58 0
109 2
59 0
180 9
60 0
77 6
61 0
117 3
62 0
132 9
63 0
75 1
64 0
178 8
65 0
75 10
66 0
67 0
84 1
68 0
121 5
69 0
167 5
70 0
118 4
71 0
177 3
72 0
90 4
73 0
102 9
74 0
151 2
75 0
111 10
76 0
131 10
77 0
187 10
78 0
79 0
124 3
80 0
141 9
81 0
141 7
82 0
152 9
83 0
130 5
84 0
101 1
85 0
176 7
86 0
113 1
87 0
198 7
88 0
149 1
89 0
125 3
90 0
172 4
91 0
95 7
92 0
133 6
93 0
188 5
94 0
144 4
95 0
149 4
96 0
149 1
97 0
107 4
98 0
99 0
127 3
100 0
169 3
101 0
152 7
102 0
189 9
103 0
170 6
104 0
189 1
105 0
109 9
106 0
180 2
107 0
108 0
159 4
109 0
187 9
110 0
131 9
111 0
112 0
176 10
113 0
130 1
114 0
186 5
115 0
153 5
116 0
131 7
117 0
118 0
164 7
119 0
195 10
120 0
158 3
121 0
167 9
122 0
191 7
123 0
147 3
124 0
127 9
125 0
157 7
126 0
169 10
127 0
138 10
128 0
175 2
129 0
145 6
130 0
164 1
131 0
132 0
191 7
133 0
184 1
134 0
135 0
148 8
136 0
199 8
137 0
192 2
138 0
200 10
139 0
140 0
200 6
141 0
142 0
151 10
143 0
179 10
144 0
188 4
145 0
147 6
146 0
150 3
147 0
185 6
148 0
160 8
149 0
150 0
179 8
151 0
152 0
198 10
153 0
162 10
154 0
155 0
167 5
156 0
176 10
157 0
158 0
159 0
173 7
160 0
173 8
161 0
176 7
162 0
174 10
163 0
196 3
164 0
165 0
190 1
166 0
167 0
168 0
198 3
169 0
170 0
171 0
200 10
172 0
179 10
173 0
178 8
174 0
192 3
175 0
189 2
176 0
177 0
183 9
178 0
179 0
189 10
180 0
181 0
186 2
182 0
183 0
184 0
199 5
185 0
186 0
187 0
197 9
188 0
195 6
189 0
196 2
190 0
191 0
192 0
193 0
194 0
195 0
196 0
197 0
198 0
199 0
200 0
