42 10
1 0
59 9
2 0
48 6
3 0
41 1
4 0
94 1
5 0
91 10
6 0
195 3
7 0
78 3
8 0
72 10
9 0
159 10
10 0
95 1
11 0
126 9
12 0
126 7
13 0
14 0
36 9
15 0
192 2
16 0
55 1
17 0
147 4
18 0
172 9
19 0
114 9
20 0
126 8
21 0
53 8
22 0
58 6
23 0
59 1
24 0
187 1
25 0
26 0
173 1
27 0
190 2
28 0
93 6
29 0
152 8
30 0
200 8
31 0
106 8
32 0
158 10
33 0
183 3
34 0
127 1
35 0
144 6
36 0
123 3
37 0
44 5
38 0
82 8
39 0
58 9
40 0
168 2
41 0
178 9
42 0
43 0
193 8
44 0
135 5
45 0
185 7
46 0
124 5
47 0
148 5
48 0
117 2
49 0
159 2
50 0
189 10
51 0
94 4
52 0
65 5
53 0
54 0
148 6
55 0
56 0
66 5
57 0
109 5
58 0
179 9
59 0
63 1
60 0
137 10
61 0
194 5
62 0
138 8
63 0
104 1
64 0
144 1
65 0
130 7
66 0
98 5
67 0
151 4
68 0
160 3
69 0
181 5
70 0
76 1
71 0
83 5
72 0
153 10
73 0
192 2
74 0
92 2
75 0
165 3
76 0
120 3
77 0
194 3
78 0
163 3
79 0
91 1
80 0
81 0
96 2
82 0
189 8
83 0
100 8
84 0
85 0
157 1
86 0
169 4
87 0
107 8
88 0
168 6
89 0
94 6
90 0
118 5
91 0
96 1
92 0
121 2
93 0
188 8
94 0
119 6
95 0
114 8
96 0
149 1
97 0
118 9
98 0
121 5
99 0
123 2
100 0
185 2
101 0
115 7
102 0
191 8
103 0
105 10
104 0
149 1
105 0
154 10
106 0
143 9
107 0
167 8
108 0
178 6
109 0
144 6
110 0
187 6
111 0
175 5
112 0
196 9
113 0
191 10
114 0
138 9
115 0
137 7
116 0
159 7
117 0
160 10
118 0
181 4
119 0
195 8
120 0
129 3
121 0
179 5
122 0
161 1
123 0
179 2
124 0
145 5
125 0
184 5
126 0
127 0
150 3
128 0
150 6
129 0
130 0
155 3
131 0
168 3
132 0
192 6
133 0
196 2
134 0
135 0
159 9
136 0
137 0
138 0
146 6
139 0
146 7
140 0
195 7
141 0
144 6
142 0
188 8
143 0
150 10
144 0
166 6
145 0
195 5
146 0
184 7
147 0
175 6
148 0
172 7
149 0
187 1
150 0
169 10
151 0
200 4
152 0
190 8
153 0
199 10
154 0
168 2
155 0
156 0
157 0
158 0
191 10
159 0
169 9
160 0
185 8
161 0
177 7
162 0
163 0
199 3
164 0
199 10
165 0
175 3
166 0
188 6
167 0
178 3
168 0
181 2
169 0
200 9
170 0
171 0
177 4
172 0
173 0
174 0
178 7
175 0
195 3
176 0
198 5
177 0
178 0
188 7
179 0
180 0
181 0
200 6
182 0
195 9
183 0
188 3
184 0
185 0
193 7
186 0
187 0
188 0
189 0
190 0
191 0
200 8
192 0
193 0
194 0
195 0
196 0
197 0
198 0
199 0
200 0
