182 10
1 0
43 4
2 0
49 4
3 0
184 5
4 0
5 0
132 2
6 0
109 5
7 0
172 10
8 0
139 10
9 0
121 7
10 0
11 0
120 5
12 0
169 9
13 0
93 2
14 0
149 10
15 0
31 7
16 0
113 7
17 0
19 7
18 0
111 2
19 0
131 2
20 0
103 3
21 0
82 3
22 0
27 7
23 0
55 6
24 0
131 6
25 0
173 2
26 0
174 2
27 0
147 7
28 0
152 7
29 0
140 6
30 0
151 7
31 0
151 3
32 0
57 7
33 0
193 4
34 0
152 4
35 0
143 7
36 0
200 8
37 0
165 5
38 0
39 0
149 5
40 0
131 10
41 0
163 6
42 0
136 1
43 0
96 1
44 0
69 3
45 0
70 7
46 0
58 7
47 0
56 9
48 0
88 7
49 0
162 7
50 0
136 9
51 0
189 1
52 0
75 1
53 0
133 2
54 0
135 2
55 0
182 6
56 0
122 9
57 0
181 9
58 0
159 6
59 0
159 10
60 0
189 6
61 0
153 1
62 0
81 1
63 0
192 3
64 0
102 6
65 0
121 3
66 0
106 9
67 0
148 1
68 0
69 0
110 2
70 0
193 7
71 0
182 4
72 0
97 6
73 0
119 6
74 0
101 1
75 0
164 7
76 0
77 0
132 6
78 0
167 9
79 0
188 7
80 0
103 7
81 0
104 1
82 0
183 1
83 0
178 7
84 0
131 4
85 0
152 10
86 0
104 9
87 0
96 1
88 0
167 2
89 0
90 0
91 0
170 9
92 0
186 1
93 0
176 9
94 0
150 8
95 0
162 4
96 0
163 1
97 0
124 6
98 0
198 6
99 0
172 2
100 0
101 0
134 10
102 0
148 4
103 0
151 4
104 0
194 6
105 0
106 0
159 3
107 0
187 10
108 0
130 10
109 0
167 7
110 0
148 6
111 0
146 4
112 0
180 7
113 0
150 7
114 0
115 0
116 0
122 8
117 0
119 6
118 0
132 1
119 0
142 6
120 0
147 5
121 0
138 3
122 0
123 0
198 8
124 0
156 6
125 0
138 8
126 0
127 0
147 3
128 0
182 5
129 0
185 5
130 0
177 10
131 0
137 4
132 0
172 4
133 0
173 2
134 0
195 1
135 0
136 0
172 3
137 0
181 4
138 0
152 4
139 0
191 8
140 0
166 1
141 0
165 9
142 0
197 9
143 0
155 8
144 0
182 4
145 0
146 0
159 5
147 0
151 3
148 0
165 6
149 0
150 0
183 9
151 0
179 3
152 0
163 4
153 0
190 1
154 0
155 0
198 8
156 0
158 6
157 0
177 10
158 0
172 6
159 0
160 0
161 0
186 5
162 0
195 5
163 0
182 4
164 0
197 6
165 0
184 8
166 0
194 5
167 0
185 7
168 0
170 3
169 0
183 9
170 0
197 9
171 0
172 0
199 6
173 0
174 0
175 0
176 0
177 0
196 2
178 0
179 0
180 0
182 6
181 0
189 4
182 0
197 6
183 0
184 0
185 0
195 9
186 0
200 5
187 0
188 0
189 0
191 10
190 0
191 0
192 0
193 0
194 0
195 0
196 0
197 0
198 0
199 0
200 0
