159 10
1 0
191 1
2 0
89 5
3 0
111 10
4 0
150 6
5 0
165 8
6 0
170 6
7 0
185 9
8 0
33 9
9 0
169 8
10 0
95 10
11 0
164 6
12 0
13 0
23 5
14 0
150 7
15 0
166 6
16 0
159 3
17 0
116 6
18 0
187 6
19 0
116 9
20 0
26 6
21 0
67 9
22 0
78 7
23 0
181 5
24 0
148 8
25 0
62 3
26 0
108 6
27 0
198 8
28 0
75 10
29 0
141 7
30 0
38 7
31 0
32 0
174 8
33 0
108 9
34 0
89 6
35 0
166 5
36 0
125 6
37 0
165 3
38 0
186 7
39 0
42 6
40 0
80 4
41 0
42 0
62 7
43 0
86 3
44 0
59 3
45 0
146 9
46 0
186 9
47 0
91 7
48 0
195 10
49 0
188 1
50 0
148 10
51 0
171 10
52 0
88 6
53 0
121 6
54 0
143 2
55 0
200 2
56 0
151 2
57 0
149 10
58 0
175 10
59 0
162 10
60 0
77 1
61 0
160 1
62 0
136 9
63 0
145 6
64 0
182 7
65 0
128 8
66 0
67 0
94 8
68 0
97 7
69 0
199 5
70 0
187 3
71 0
196 7
72 0
169 4
73 0
104 1
74 0
78 4
75 0
169 6
76 0
160 4
77 0
135 1
78 0
124 1
79 0
96 6
80 0
123 4
81 0
117 2
82 0
98 7
83 0
188 7
84 0
136 7
85 0
193 9
86 0
185 3
87 0
120 10
88 0
110 3
89 0
197 7
90 0
112 1
91 0
107 3
92 0
108 9
93 0
94 0
128 3
95 0
184 8
96 0
98 3
97 0
188 7
98 0
174 3
99 0
184 7
100 0
131 8
101 0
125 1
102 0
158 1
103 0
156 5
104 0
105 0
178 5
106 0
193 3
107 0
162 4
108 0
109 0
110 0
163 9
111 0
182 6
112 0
196 9
113 0
183 8
114 0
116 9
115 0
133 4
116 0
144 9
117 0
121 6
118 0
119 0
120 0
154 10
121 0
135 8
122 0
171 1
123 0
183 5
124 0
130 8
125 0
126 0
198 5
127 0
193 8
128 0
171 3
129 0
158 1
130 0
138 1
131 0
133 1
132 0
162 4
133 0
145 1
134 0
198 6
135 0
197 6
136 0
156 7
137 0
145 5
138 0
146 1
139 0
165 9
140 0
191 9
141 0
142 0
173 7
143 0
144 0
177 2
145 0
150 5
146 0
147 0
149 1
148 0
175 10
149 0
186 1
150 0
159 5
151 0
152 0
153 0
176 5
154 0
155 0
183 5
156 0
190 10
157 0
166 8
158 0
176 1
159 0
162 5
160 0
192 4
161 0
162 0
169 5
163 0
198 4
164 0
191 6
165 0
199 9
166 0
167 0
197 9
168 0
196 8
169 0
196 5
170 0
181 8
171 0
195 5
172 0
194 10
173 0
174 0
190 7
175 0
183 3
176 0
182 1
177 0
178 0
184 2
179 0
180 0
181 0
182 0
183 0
184 0
185 0
197 3
186 0
187 0
188 0
190 2
189 0
190 0
191 0
198 7
192 0
193 0
200 8
194 0
195 0
196 0
197 0
198 0
199 0
200 0
