179 2
51 3
83 5
186 9
1 0
49 6
2 0
95 6
109 2
86 6
183 2
3 0
83 10
162 10
4 0
174 10
5 0
107 6
160 6
195 10
7 5
6 0
7 0
183 4
8 0
188 4
56 4
192 2
134 2
9 0
196 3
54 3
10 0
73 8
102 3
11 0
139 1
12 0
186 1
120 1
154 1
13 0
100 9
185 9
14 0
134 5
15 0
168 1
56 2
16 0
185 4
100 4
75 4
17 0
56 9
18 0
26 2
19 0
65 9
110 4
92 4
76 10
20 0
21 0
190 7
187 7
43 7
158 2
189 7
22 0
189 9
101 9
118 9
23 0
51 7
90 7
117 7
125 7
79 7
24 0
135 7
82 7
39 9
103 2
68 9
25 0
200 10
103 4
26 0
102 4
27 0
28 0
131 3
29 0
112 3
30 0
138 3
75 2
173 2
31 0
32 0
192 10
33 0
171 5
87 2
194 3
110 4
7 0
68 10
65 4
18 0
76 4
84 8
20 0
190 10
149 2
69 8
23 0
28 0
112 7
167 7
128 7
85 5
123 10
29 0
42 7
85 4
33 0
117 5
149 7
115 10
35 0
131 2
142 2
36 0
125 3
117 2
44 4
129 9
37 0
136 5
38 0
124 5
69 3
39 0
66 8
55 5
40 0
168 3
66 1
61 5
60 5
137 5
41 0
200 8
199 10
149 10
42 0
44 0
81 10
53 10
45 0
72 2
94 6
112 6
46 0
129 7
132 7
101 7
47 0
98 9
184 9
131 9
48 0
112 2
167 2
49 0
104 2
84 2
50 0
137 1
51 0
133 5
131 1
52 0
95 9
86 6
160 9
53 0
119 10
54 0
131 3
55 0
61 3
57 0
59 0
198 1
137 1
60 0
61 0
133 1
136 3
62 0
136 5
196 5
64 0
85 3
172 3
83 5
158 5
65 0
150 4
66 0
115 3
68 0
114 8
191 8
69 0
84 8
193 1
70 0
121 2
189 2
71 0
160 7
72 0
112 9
167 9
104 9
73 0
158 8
76 0
130 5
95 8
118 5
99 9
77 0
168 7
78 0
89 7
138 7
190 7
79 0
97 7
81 0
129 10
155 3
130 7
83 0
160 5
84 0
155 8
141 5
85 0
107 3
86 0
130 3
138 6
89 0
141 7
160 7
196 7
90 0
118 5
91 0
180 10
92 0
132 2
187 2
93 0
99 10
104 10
94 0
131 10
196 10
160 9
95 0
154 7
186 7
96 0
190 4
135 7
97 0
160 3
112 5
184 4
98 0
196 9
131 9
99 0
140 10
155 9
114 10
100 0
180 8
187 8
151 8
101 0
184 2
102 0
103 0
191 4
104 0
131 4
105 0
106 0
167 9
130 9
107 0
110 0
138 3
175 9
111 0
128 3
112 0
156 9
166 3
113 0
114 0
123 6
115 0
166 6
116 0
172 3
140 3
117 0
182 10
118 0
156 5
175 5
130 10
119 0
135 9
186 9
120 0
150 9
189 7
121 0
193 2
178 2
124 3
122 0
128 1
166 1
123 0
137 6
124 0
146 1
125 0
178 2
166 2
128 0
130 1
129 0
130 0
196 1
131 0
151 1
132 0
133 0
184 1
186 4
135 0
175 9
136 0
137 0
140 5
172 5
138 0
172 3
140 0
189 5
158 6
141 0
149 7
142 0
172 10
144 0
186 10
145 0
166 4
146 0
158 4
148 0
182 6
149 0
150 0
190 6
151 0
176 1
152 0
154 0
191 3
155 0
156 0
181 3
163 1
158 0
168 3
159 0
175 7
160 0
189 4
161 0
163 0
189 1
166 0
167 0
168 0
169 0
186 4
172 0
175 0
189 5
176 0
178 7
193 9
177 0
178 0
187 2
180 0
181 0
184 7
182 0
185 6
188 1
183 0
190 3
184 0
185 0
186 0
187 0
188 0
189 0
190 0
191 0
193 0
196 0
198 0
199 0
200 0
