86 10
1 0
85 1
2 0
109 6
3 0
98 6
4 0
24 3
5 0
178 1
6 0
92 1
7 0
69 5
8 0
185 2
9 0
58 1
10 0
29 10
11 0
49 6
12 0
24 1
13 0
163 3
14 0
127 4
15 0
95 1
16 0
92 7
17 0
162 6
18 0
77 5
19 0
131 7
20 0
21 0
170 7
22 0
120 10
23 0
166 7
24 0
109 1
25 0
115 6
26 0
49 1
27 0
169 6
28 0
199 1
29 0
118 10
30 0
184 7
31 0
166 5
32 0
139 7
33 0
80 7
34 0
76 10
35 0
196 9
36 0
137 5
37 0
171 5
38 0
127 8
39 0
129 8
40 0
55 8
41 0
114 2
42 0
151 2
43 0
139 2
44 0
90 7
45 0
168 4
46 0
68 8
47 0
109 9
48 0
78 6
49 0
138 1
50 0
146 3
51 0
143 1
52 0
195 3
53 0
168 3
54 0
136 4
55 0
56 0
196 8
57 0
90 9
58 0
161 7
59 0
172 9
60 0
149 9
61 0
181 3
62 0
143 4
63 0
137 1
64 0
136 5
65 0
144 5
66 0
75 7
67 0
163 2
68 0
69 0
123 5
70 0
140 5
71 0
83 6
72 0
171 10
73 0
180 1
74 0
114 4
75 0
171 7
76 0
101 10
77 0
183 3
78 0
172 5
79 0
187 9
80 0
81 0
82 0
156 4
83 0
157 6
84 0
147 6
85 0
86 0
87 0
144 9
88 0
164 2
89 0
187 2
90 0
174 9
91 0
173 7
92 0
122 9
93 0
141 1
94 0
186 1
95 0
102 6
96 0
194 6
97 0
98 0
150 9
99 0
127 9
100 0
109 8
101 0
193 8
102 0
174 6
103 0
104 0
194 9
105 0
149 9
106 0
195 10
107 0
108 0
158 3
109 0
127 8
110 0
192 3
111 0
124 7
112 0
138 3
113 0
151 1
114 0
178 4
115 0
131 4
116 0
180 10
117 0
167 3
118 0
197 5
119 0
180 2
120 0
180 10
121 0
143 2
122 0
140 6
123 0
146 5
124 0
164 7
125 0
126 0
155 2
127 0
161 8
128 0
196 7
129 0
161 2
130 0
170 8
131 0
175 4
132 0
137 10
133 0
134 0
142 3
135 0
198 3
136 0
167 5
137 0
142 7
138 0
156 3
139 0
197 1
140 0
186 1
141 0
198 10
142 0
199 7
143 0
165 7
144 0
145 0
158 5
146 0
190 10
147 0
179 6
148 0
176 3
149 0
165 9
150 0
197 9
151 0
152 0
174 1
153 0
176 1
154 0
161 3
155 0
161 2
156 0
179 3
157 0
169 6
158 0
159 0
195 3
160 0
185 8
161 0
162 0
163 0
187 2
164 0
197 2
165 0
166 0
189 9
167 0
168 0
193 5
169 0
185 6
170 0
171 0
175 8
172 0
196 6
173 0
176 7
174 0
182 1
175 0
176 0
199 7
177 0
178 0
195 4
179 0
198 3
180 0
183 10
181 0
200 10
182 0
200 1
183 0
186 10
184 0
196 10
185 0
196 6
186 0
197 10
187 0
189 2
188 0
189 0
190 0
191 0
192 0
193 0
194 0
195 0
196 0
197 0
198 0
199 0
200 0
