21 10
1 0
40 3
2 0
184 2
3 0
173 8
4 0
142 2
5 0
53 10
6 0
150 9
7 0
95 6
8 0
97 6
9 0
63 8
10 0
11 0
18 10
12 0
117 5
13 0
183 7
14 0
25 7
15 0
182 4
16 0
39 3
17 0
118 3
18 0
86 10
19 0
158 3
20 0
153 5
21 0
198 6
22 0
200 4
23 0
94 9
24 0
78 3
25 0
60 3
26 0
176 8
27 0
132 7
28 0
136 8
29 0
30 0
137 2
31 0
141 2
32 0
199 9
33 0
37 8
34 0
53 5
35 0
68 10
36 0
166 7
37 0
75 8
38 0
118 5
39 0
50 3
40 0
67 3
41 0
194 3
42 0
172 6
43 0
89 6
44 0
161 7
45 0
193 6
46 0
47 0
130 10
48 0
171 6
49 0
106 6
50 0
102 3
51 0
146 3
52 0
151 3
53 0
111 5
54 0
171 5
55 0
148 6
56 0
99 2
57 0
145 7
58 0
79 7
59 0
60 0
187 1
61 0
74 9
62 0
184 7
63 0
197 8
64 0
187 5
65 0
73 5
66 0
194 8
67 0
119 1
68 0
148 10
69 0
167 10
70 0
123 10
71 0
78 6
72 0
171 6
73 0
75 5
74 0
86 9
75 0
76 0
86 5
77 0
180 5
78 0
134 6
79 0
128 7
80 0
184 7
81 0
82 0
126 9
83 0
126 10
84 0
102 9
85 0
108 3
86 0
195 5
87 0
126 1
88 0
89 0
149 3
90 0
122 2
91 0
165 4
92 0
93 0
158 7
94 0
107 1
95 0
152 6
96 0
173 6
97 0
104 3
98 0
153 10
99 0
100 0
101 0
146 7
102 0
103 0
129 9
104 0
146 3
105 0
127 7
106 0
178 3
107 0
180 1
108 0
109 0
115 3
110 0
187 3
111 0
151 5
112 0
175 5
113 0
143 5
114 0
162 6
115 0
120 3
116 0
133 8
117 0
163 7
118 0
183 10
119 0
194 10
120 0
176 3
121 0
200 8
122 0
125 8
123 0
199 2
124 0
153 9
125 0
130 9
126 0
149 1
127 0
168 8
128 0
129 0
186 7
130 0
162 9
131 0
188 6
132 0
145 6
133 0
145 3
134 0
192 6
135 0
189 4
136 0
141 3
137 0
182 2
138 0
139 0
182 10
140 0
199 2
141 0
142 0
161 2
143 0
182 5
144 0
158 10
145 0
185 3
146 0
168 3
147 0
154 8
148 0
149 0
154 10
150 0
175 8
151 0
173 5
152 0
177 6
153 0
183 9
154 0
195 10
155 0
191 1
156 0
173 4
157 0
158 0
191 5
159 0
160 0
198 5
161 0
181 2
162 0
167 6
163 0
170 7
164 0
165 0
170 10
166 0
174 7
167 0
184 6
168 0
189 1
169 0
190 4
170 0
178 10
171 0
172 0
188 4
173 0
186 9
174 0
182 7
175 0
197 8
176 0
184 3
177 0
193 6
178 0
179 0
180 0
187 10
181 0
182 0
194 7
183 0
184 0
185 0
186 0
187 0
192 9
188 0
189 0
190 0
198 4
191 0
192 0
193 0
194 0
195 0
196 0
197 0
198 0
199 0
200 0
