68 10
1 0
140 9
2 0
78 4
3 0
173 8
4 0
112 6
5 0
86 6
6 0
121 4
7 0
20 4
8 0
85 4
9 0
116 2
10 0
32 7
11 0
58 3
12 0
50 3
13 0
126 8
14 0
67 6
15 0
168 3
16 0
41 10
17 0
109 10
18 0
28 3
19 0
66 7
20 0
32 4
21 0
115 3
22 0
38 8
23 0
159 7
24 0
173 3
25 0
152 8
26 0
80 1
27 0
115 1
28 0
200 3
29 0
93 7
30 0
88 2
31 0
34 6
32 0
72 4
33 0
91 10
34 0
175 6
35 0
76 6
36 0
73 3
37 0
199 3
38 0
126 3
39 0
178 1
40 0
81 7
41 0
110 9
42 0
186 5
43 0
101 4
44 0
138 7
45 0
117 7
46 0
118 2
47 0
98 6
48 0
175 3
49 0
132 8
50 0
159 6
51 0
161 6
52 0
129 9
53 0
55 7
54 0
198 10
55 0
68 7
56 0
116 4
57 0
98 2
58 0
178 3
59 0
171 1
60 0
184 1
61 0
73 5
62 0
93 3
63 0
80 3
64 0
200 1
65 0
85 1
66 0
71 1
67 0
181 6
68 0
179 7
69 0
182 6
70 0
139 7
71 0
192 1
72 0
95 6
73 0
191 5
74 0
147 4
75 0
178 5
76 0
140 6
77 0
138 6
78 0
164 9
79 0
115 10
80 0
109 3
81 0
176 7
82 0
170 2
83 0
88 2
84 0
102 4
85 0
164 1
86 0
117 1
87 0
125 1
88 0
89 0
104 2
90 0
142 9
91 0
120 10
92 0
109 8
93 0
169 3
94 0
199 10
95 0
105 6
96 0
129 10
97 0
167 2
98 0
126 7
99 0
166 7
100 0
163 6
101 0
187 6
102 0
188 6
103 0
162 3
104 0
184 2
105 0
115 4
106 0
121 9
107 0
159 4
108 0
179 4
109 0
184 8
110 0
161 2
111 0
153 4
112 0
166 7
113 0
178 4
114 0
173 4
115 0
118 7
116 0
125 5
117 0
168 1
118 0
119 0
148 7
120 0
183 3
121 0
122 0
191 9
123 0
131 5
124 0
141 2
125 0
157 9
126 0
127 0
170 7
128 0
129 0
186 2
130 0
155 2
131 0
132 0
133 0
177 8
134 0
167 5
135 0
138 5
136 0
187 5
137 0
185 6
138 0
189 5
139 0
144 5
140 0
165 10
141 0
160 5
142 0
143 0
160 9
144 0
175 5
145 0
146 0
147 0
162 10
148 0
152 10
149 0
193 8
150 0
191 8
151 0
154 9
152 0
178 10
153 0
184 4
154 0
180 9
155 0
156 0
166 2
157 0
171 2
158 0
184 9
159 0
180 4
160 0
179 9
161 0
178 9
162 0
182 10
163 0
198 6
164 0
165 0
171 1
166 0
189 2
167 0
196 5
168 0
194 5
169 0
170 0
171 0
200 3
172 0
190 1
173 0
176 3
174 0
175 0
176 0
177 0
178 0
179 0
184 7
180 0
198 4
181 0
185 6
182 0
183 0
184 0
187 7
185 0
189 6
186 0
192 2
187 0
188 0
189 0
190 0
191 0
192 0
195 7
193 0
194 0
195 0
196 0
197 0
198 0
199 0
200 0
