79
7 4 1
19 5 1
5 5 0
3 5 0
15 5 0
7 5 1
1 5 0
7 5 0
2 5 0
15 5 0
19 5 0
13 5 1
3 5 1
14 5 1
7 5 1
7 5 1
19 6 1
3 6 0
7 6 0
4 6 0
5 4 1
19 4 1
15 6 0
14 6 1
19 6 2
9 0 5
4 0 5
5 0 6
3 0 6
14 0 6
7 0 6
5 4 6
9 4 6
11 4 6
14 6 6
5 1 5
14 1 4
7 1 4
10 1 3
19 1 4
4 1 5
17 1 5
5 1 5
7 0 5
2 0 5
5 0 6
5 0 5
3 0 5
17 0 6
7 2 2
11 2 2
5 2 4
14 5 5
19 5 6
1 1 3
10 0 2
14 0 2
14 2 1
2 2 1
13 2 1
0 2 1
2 2 0
9 1 0
6 0 1
3 0 0
5 5 6
10 5 4
5 5 5
3 4 5
5 2 6
7 3 0
19 5 0
17 0 5
2 6 3
4 1 6
10 0 1
11 5 5
0 3 2
10 6 6
