76
12 2 5
6 2 5
4 0 5
16 1 5
3 2 6
12 2 6
2 4 4
5 3 4
5 3 4
3 4 4
5 4 4
18 4 4
16 4 4
16 4 3
18 4 3
11 5 3
14 5 3
0 5 3
8 5 3
6 5 3
15 5 3
6 6 3
4 6 3
19 6 2
17 6 1
6 6 2
15 6 2
3 5 1
5 6 2
4 5 2
17 5 1
2 5 0
10 5 0
0 5 0
12 4 0
3 4 0
18 3 4
3 3 3
5 2 5
18 2 6
19 2 6
13 2 6
5 2 6
7 1 6
14 1 6
15 2 6
4 3 6
11 3 6
3 2 6
15 2 6
17 2 5
15 2 4
5 2 4
5 1 4
0 0 4
15 0 4
17 1 3
15 1 3
16 1 2
12 1 0
16 1 0
16 5 2
2 5 2
16 6 2
18 4 6
14 4 5
17 2 6
18 2 1
16 4 1
5 0 1
19 6 3
11 5 0
14 6 6
3 4 2
9 1 1
16 2 4
