81
5 2 1
5 3 3
15 3 3
9 3 3
5 4 2
17 3 3
15 3 4
4 2 4
19 2 3
2 2 4
17 4 5
5 4 4
9 5 2
15 5 3
5 6 2
14 6 3
15 4 5
11 5 5
4 5 6
2 5 5
2 3 4
1 1 3
15 0 3
15 1 3
11 2 3
3 1 3
2 1 3
6 0 3
5 0 3
7 0 4
5 0 4
5 2 5
5 4 6
6 5 1
11 5 0
7 5 2
10 5 3
2 4 4
11 6 6
5 6 5
18 0 4
10 0 3
8 0 2
11 2 6
19 1 6
2 1 6
11 1 4
16 0 5
5 1 5
17 0 6
10 0 6
19 0 2
15 0 3
5 0 3
10 0 0
19 0 0
3 0 0
5 1 1
2 2 3
15 1 3
5 1 3
15 0 1
2 2 1
13 1 0
16 2 0
0 3 4
17 3 4
9 1 0
15 2 3
15 6 2
5 0 6
5 0 0
13 4 0
15 1 5
8 6 6
12 6 5
14 6 3
12 5 0
0 3 4
8 2 1
18 0 2
