81
15 4 0
4 4 1
19 5 0
15 5 1
16 5 0
13 5 0
12 5 0
3 6 0
8 5 0
19 5 1
18 5 1
13 5 1
16 6 0
8 5 1
19 6 0
1 5 0
12 5 1
9 5 1
14 5 2
5 5 3
4 5 4
0 5 4
4 5 4
14 5 3
0 5 2
19 5 3
15 5 3
19 4 4
9 5 3
0 6 3
19 6 3
18 5 4
13 5 4
19 5 5
13 1 5
19 5 5
0 0 5
3 1 5
18 2 6
10 2 6
13 1 6
4 1 5
13 1 3
13 2 3
19 4 5
6 2 3
8 1 3
13 3 2
13 4 2
1 5 4
16 5 3
14 0 0
13 0 0
1 0 0
0 5 6
13 6 6
0 6 5
19 6 6
2 5 6
8 6 4
2 6 6
19 6 3
13 1 2
13 0 2
0 1 3
16 1 1
19 2 1
15 5 6
4 1 1
0 1 4
12 0 6
13 2 5
1 4 0
12 6 5
0 3 6
13 5 5
4 6 1
13 5 0
8 1 0
17 2 3
17 0 5
