80
16 5 3
2 5 3
9 5 3
16 5 3
13 5 3
3 5 2
7 5 2
15 5 3
2 6 3
15 6 2
2 6 1
0 6 1
15 6 1
7 6 1
3 6 1
17 6 1
13 6 1
17 6 1
0 6 1
4 5 1
0 6 3
13 6 2
4 5 3
1 4 3
17 4 2
13 4 3
15 4 3
16 4 4
17 5 4
2 5 3
10 5 3
17 5 3
2 4 1
10 4 1
17 4 1
0 4 2
17 4 1
4 4 2
12 4 0
9 4 0
5 2 2
6 2 0
2 1 1
4 1 1
16 1 1
17 1 0
16 1 2
0 2 3
14 2 4
15 2 4
3 1 4
3 1 3
14 0 5
17 0 3
0 0 5
15 1 5
5 1 6
16 1 6
13 2 6
2 3 6
6 5 4
10 5 5
5 4 5
2 6 5
6 3 6
10 5 6
16 5 6
9 3 4
17 1 3
16 6 1
2 6 0
15 6 1
17 0 1
17 0 1
18 6 4
9 2 6
8 0 0
0 5 6
17 3 1
19 5 1
