80
16 0 5
17 1 6
19 1 6
4 1 5
14 0 6
13 0 6
2 1 5
17 1 4
14 0 3
14 0 3
16 0 3
16 0 2
14 0 1
0 0 0
14 0 0
14 0 0
11 2 0
10 2 0
16 3 0
16 3 0
16 1 0
16 0 2
10 1 2
16 1 1
16 4 0
14 4 0
16 4 5
14 5 6
12 6 6
17 6 6
14 6 6
5 6 5
9 6 4
6 6 4
14 6 4
16 6 5
16 3 5
4 4 5
2 4 5
0 2 5
16 0 4
16 1 3
16 3 6
16 1 4
0 5 6
11 6 6
19 5 5
16 2 1
16 2 1
16 3 3
16 4 1
16 5 1
18 6 2
4 6 0
19 5 0
17 0 4
4 1 2
2 0 3
16 2 3
7 0 5
5 0 6
16 1 1
16 1 1
17 5 0
8 0 2
2 1 2
13 1 6
17 2 6
10 2 4
6 1 4
13 5 0
6 2 1
16 3 2
17 0 0
0 3 6
19 1 5
3 3 0
8 6 1
3 5 6
17 5 3
