81
17 0 3
0 2 5
5 2 3
17 2 3
4 4 3
17 3 3
1 6 5
11 4 3
11 5 3
1 6 4
5 4 3
17 3 3
17 3 3
5 3 4
17 4 5
17 4 4
0 5 3
3 6 3
5 6 3
17 6 3
17 6 4
15 6 5
0 6 4
17 3 6
17 4 3
13 5 5
13 5 6
6 5 5
0 4 4
17 4 2
17 5 1
11 6 2
5 4 4
17 5 6
11 6 6
14 6 6
1 4 4
17 5 4
17 6 6
5 6 6
16 6 4
5 6 3
17 5 4
17 5 2
14 5 2
17 4 3
9 4 4
2 4 4
17 2 3
12 4 2
11 5 1
9 3 2
17 0 1
0 0 2
5 1 0
1 1 0
5 1 4
17 1 3
5 0 2
18 1 0
5 4 4
9 0 0
5 1 0
6 0 1
17 6 6
17 6 6
11 5 0
19 4 2
5 4 3
2 5 3
1 4 0
11 0 0
15 0 2
15 3 5
8 6 5
5 6 6
11 0 3
19 3 3
0 2 6
19 4 1
16 6 2
