78
15 3 2
8 3 2
19 3 2
12 3 1
1 3 0
5 3 0
5 3 0
12 3 1
2 3 1
10 2 1
17 1 1
2 1 1
0 0 2
2 0 2
13 0 1
1 0 1
17 1 0
2 0 4
2 0 4
15 0 4
8 0 4
14 0 4
12 2 5
2 2 5
17 3 3
2 3 3
14 3 4
16 4 3
8 4 3
2 3 3
12 3 3
15 4 3
17 3 3
18 1 4
2 2 4
10 1 5
17 2 6
5 0 6
11 5 1
10 5 0
1 5 0
15 6 0
2 5 2
15 5 4
12 5 5
15 6 5
5 5 6
19 5 6
5 5 6
18 1 6
14 1 6
17 2 6
8 3 6
12 5 3
6 5 3
0 6 3
18 6 2
4 6 3
10 1 6
12 2 6
15 3 6
18 3 2
12 3 2
2 0 0
19 1 5
8 3 2
6 2 0
5 1 0
10 1 5
1 0 5
17 0 4
7 5 6
0 5 0
14 3 4
16 6 6
11 1 6
11 6 1
4 0 1
