81
5 0 6
19 0 5
0 0 4
0 0 3
18 0 2
5 0 2
15 0 1
9 0 1
18 0 1
6 0 1
6 0 1
10 0 2
1 0 2
2 0 1
7 0 1
7 0 1
7 0 3
1 0 5
7 1 6
2 1 4
14 1 4
3 1 4
18 1 4
18 1 4
0 0 0
18 0 0
19 0 1
14 0 1
7 2 2
13 3 2
3 4 2
8 4 1
19 4 1
18 6 2
7 6 4
0 6 6
18 6 6
0 6 6
4 6 6
19 6 5
1 5 6
6 5 5
16 5 5
18 5 5
5 6 3
16 6 2
8 6 2
1 6 3
18 6 3
3 6 3
5 6 2
5 6 1
16 6 1
18 4 0
18 4 0
18 4 2
16 4 2
18 4 2
4 4 2
10 3 2
2 2 2
1 1 2
3 1 1
16 3 3
4 3 4
15 2 4
5 3 5
19 1 4
6 4 4
0 6 4
1 6 5
18 1 6
18 4 3
19 3 1
19 1 0
6 5 0
3 0 4
3 6 1
9 2 5
0 0 6
13 4 6
