79
4 6 4
6 6 4
3 6 4
2 6 5
4 5 3
12 6 6
13 5 4
19 5 4
7 5 4
10 5 3
5 5 2
7 5 2
16 4 1
14 2 2
19 4 2
19 2 1
4 3 2
6 3 1
1 2 1
3 2 1
16 2 0
19 1 0
6 1 0
6 1 0
15 2 2
18 2 3
19 1 0
4 1 0
7 2 4
10 2 4
8 3 4
1 4 4
3 5 4
15 4 3
6 4 3
1 5 3
15 5 2
19 2 5
1 1 5
3 2 5
12 0 5
13 0 5
3 0 0
7 0 1
10 0 1
13 1 0
15 0 0
15 5 1
15 3 0
19 1 0
4 1 0
4 2 0
15 3 1
4 4 1
4 4 0
2 5 0
0 6 0
19 5 3
4 6 2
4 0 5
1 6 3
15 1 5
15 0 5
14 0 4
15 6 5
14 0 3
6 4 0
7 2 2
15 5 3
0 2 0
9 5 6
19 3 6
19 4 3
14 5 0
18 6 6
0 3 4
17 0 6
9 0 3
2 0 1
