80
16 2 3
2 2 3
5 1 3
16 1 3
12 1 3
16 0 3
8 0 3
2 0 3
19 0 3
16 0 3
12 0 3
5 0 2
11 0 3
16 1 3
2 1 3
4 0 2
2 0 1
9 0 1
2 0 1
0 0 2
2 1 2
5 0 3
8 0 1
16 0 2
19 0 4
8 0 4
16 6 0
2 6 1
16 0 4
15 6 1
2 5 1
13 6 2
16 6 2
2 6 2
5 5 2
15 5 2
11 6 2
13 1 0
3 2 0
0 1 0
10 0 1
5 1 0
0 1 0
11 1 0
16 2 0
16 5 3
5 6 3
12 6 2
2 5 4
16 6 4
5 6 3
16 0 5
2 5 1
2 1 4
8 0 5
5 3 0
4 3 0
8 2 0
14 5 5
12 6 4
0 6 5
12 5 5
19 6 4
16 3 6
1 3 6
8 6 4
4 5 5
19 5 0
16 3 0
8 6 0
13 6 1
6 6 1
11 0 5
0 0 3
19 2 6
10 3 6
18 2 2
12 3 2
15 0 1
14 6 4
