77
12 2 6
16 3 6
12 3 4
8 2 6
12 3 6
12 3 6
17 1 6
13 1 6
12 2 6
12 4 4
9 3 6
13 4 4
17 5 4
13 5 4
2 6 4
18 6 3
18 4 1
17 2 5
16 4 0
2 4 0
18 3 0
13 5 0
18 1 4
2 1 5
3 1 5
9 1 4
17 0 2
13 0 2
2 1 2
12 2 1
12 2 1
16 2 1
18 1 1
13 1 1
17 0 1
11 1 0
13 1 0
17 1 0
11 1 0
18 2 1
9 2 0
12 4 0
11 5 0
0 5 0
18 4 0
7 6 0
18 6 0
16 1 6
13 1 6
3 1 6
17 1 6
5 0 6
0 0 6
12 3 5
17 2 4
9 2 3
12 5 6
13 3 4
12 4 4
18 5 5
3 4 5
18 1 2
9 1 1
12 5 1
13 5 2
2 0 6
12 1 6
3 5 3
10 0 6
9 2 5
9 1 3
5 1 0
15 6 3
6 3 3
2 6 6
9 4 6
9 0 3
