81
11 0 1
14 2 0
2 0 1
3 1 0
9 2 0
18 2 0
7 3 0
19 3 0
7 4 0
11 5 2
9 5 2
11 5 3
2 5 2
5 5 1
2 5 1
12 6 0
2 5 1
12 5 1
13 5 1
12 5 2
13 5 3
12 5 3
7 5 3
19 5 6
2 5 4
14 5 4
2 5 5
0 5 5
19 4 5
5 4 5
2 3 5
3 3 5
13 4 5
19 4 6
19 4 5
2 3 6
19 2 6
2 4 4
2 4 4
18 4 4
7 5 6
11 5 6
2 5 5
7 6 5
2 6 5
12 6 6
12 6 6
0 6 5
6 6 6
15 6 6
7 6 4
10 5 3
11 5 3
18 0 6
18 0 6
7 1 6
10 5 3
17 4 2
0 4 2
3 4 2
19 2 1
5 2 1
11 2 1
8 0 0
2 1 1
2 1 0
19 4 2
16 5 2
4 0 5
18 2 6
19 1 5
1 4 0
1 5 0
10 2 3
12 2 6
4 6 3
5 5 5
1 3 0
8 0 6
16 0 1
15 3 2
