80
5 1 5
9 1 5
6 2 5
16 2 5
1 2 4
7 2 3
0 2 3
14 1 3
17 1 3
12 2 3
6 2 3
17 2 2
6 2 1
17 2 0
4 2 0
12 2 1
8 3 1
8 3 1
12 4 1
0 4 1
17 3 1
7 3 1
12 1 3
1 1 3
9 1 2
5 1 4
12 1 1
11 1 1
12 1 3
12 0 2
7 0 4
11 0 4
17 2 0
3 1 0
18 3 0
19 4 0
5 4 0
5 4 0
12 3 2
19 1 4
7 1 4
17 3 4
7 4 4
17 5 4
8 5 4
1 6 4
8 6 4
14 6 4
12 6 5
2 6 4
5 6 4
0 1 0
7 1 0
12 1 0
5 1 2
16 0 0
14 0 2
8 0 0
18 1 2
12 3 0
5 4 0
5 1 3
1 2 2
16 1 2
11 3 2
19 4 2
14 6 3
12 6 6
7 6 6
18 3 3
17 4 5
10 2 6
16 3 5
18 3 0
3 0 6
6 1 0
13 6 3
1 5 0
7 1 4
2 0 2
