77
19 4 2
3 4 3
13 4 3
17 4 4
13 3 5
13 3 6
11 3 6
16 3 6
8 0 4
13 0 4
3 0 4
11 2 6
5 2 5
2 1 6
8 1 6
13 2 6
14 0 6
0 0 6
11 0 4
5 2 2
11 3 2
4 3 2
8 1 2
17 1 2
8 2 2
0 4 2
16 4 2
17 4 3
19 4 2
4 4 1
2 4 1
1 4 1
16 4 1
2 4 1
3 6 0
14 4 0
2 0 3
19 0 3
3 0 2
19 1 3
8 0 2
5 2 0
9 2 0
19 2 1
14 2 2
6 0 1
17 0 2
3 0 1
8 0 1
12 0 1
4 0 3
8 0 3
8 4 3
19 2 2
8 4 3
11 4 2
13 3 4
5 3 5
12 0 2
12 3 6
8 5 5
13 6 5
13 2 1
3 3 3
14 1 1
5 6 6
4 4 2
8 6 1
17 2 2
8 3 0
17 1 0
4 0 5
10 0 5
16 6 5
8 6 0
8 0 2
6 4 4
