81
8 3 1
19 2 2
12 2 2
19 3 3
10 2 2
8 4 2
2 4 2
12 5 2
13 5 3
11 5 3
2 5 3
15 5 3
0 5 2
3 5 3
1 6 3
12 6 4
2 5 4
1 5 4
19 4 5
7 4 4
0 5 3
0 5 2
19 5 3
10 5 3
16 5 2
8 6 2
5 6 2
17 6 2
0 6 2
1 6 2
0 2 6
19 3 6
17 2 6
5 2 6
8 1 6
6 0 6
9 0 6
2 0 5
8 0 5
9 0 6
8 0 6
13 0 5
7 1 4
11 2 3
2 0 3
14 1 3
15 2 4
9 2 4
5 2 4
8 2 4
9 2 4
14 3 4
8 0 2
8 2 4
14 1 4
0 0 2
11 0 2
13 0 2
17 4 5
0 4 5
19 5 5
13 4 6
13 4 0
3 5 2
12 4 0
7 5 0
7 6 0
7 0 0
12 1 0
7 0 5
17 2 4
13 3 2
18 0 4
2 6 6
5 6 6
1 6 2
4 0 0
2 4 6
5 1 6
15 4 1
7 6 0
