79
16 2 0
16 1 1
13 2 0
4 2 0
16 4 2
14 4 1
6 4 1
14 5 1
13 4 1
6 5 1
14 6 1
4 5 1
6 3 3
1 3 3
13 3 3
4 3 3
13 3 3
11 3 3
13 3 4
6 3 6
1 3 5
7 5 5
6 4 5
4 6 5
7 4 5
11 4 6
4 5 5
3 5 5
11 6 5
13 6 6
14 6 6
13 6 6
11 6 6
4 6 5
3 6 5
16 6 6
18 6 6
16 6 6
13 6 6
12 5 6
18 5 5
13 6 5
16 1 6
13 1 6
19 0 6
7 0 6
11 0 6
3 0 6
16 1 0
0 3 0
16 6 0
13 4 0
16 3 0
16 3 0
10 3 0
10 3 1
18 1 0
10 0 0
11 0 6
16 0 0
4 0 6
13 4 6
7 0 4
13 2 5
16 0 5
16 4 5
13 5 4
18 5 4
0 4 3
18 4 2
1 6 0
15 5 6
14 2 6
8 0 3
3 3 4
15 3 0
1 6 3
4 1 0
4 0 6
