80
19 3 2
14 4 2
13 5 4
3 5 4
12 5 2
10 5 2
19 4 2
10 5 1
18 6 1
9 6 2
15 6 1
16 5 0
11 4 0
0 4 1
13 3 1
9 2 1
3 2 0
11 2 0
12 4 1
0 4 1
19 4 0
14 2 1
17 1 2
19 0 2
19 2 4
13 3 4
11 3 5
7 3 6
19 4 6
19 4 6
15 4 6
2 2 6
7 4 6
8 3 5
5 4 6
17 2 5
11 1 6
19 0 6
10 0 5
15 2 4
5 4 6
19 0 1
19 1 2
8 4 5
19 5 4
0 5 5
10 5 5
15 6 5
11 6 6
7 6 4
6 5 4
4 6 6
0 6 6
19 5 4
12 6 2
13 5 2
17 5 3
2 6 2
8 6 2
3 6 1
10 1 2
19 1 3
19 1 1
13 0 0
8 0 0
3 1 0
14 0 0
6 0 1
11 1 4
17 0 6
13 0 4
12 2 5
17 3 6
15 3 3
12 2 4
11 6 5
18 1 6
0 6 2
8 5 4
6 1 1
