79
2 6 4
17 6 4
15 6 5
13 6 6
13 6 6
15 6 6
6 0 5
8 0 5
1 0 5
9 0 5
6 1 5
13 0 6
5 0 5
7 0 4
5 0 5
16 0 3
9 0 3
5 0 4
10 0 3
13 0 3
10 0 2
13 0 4
4 1 4
9 1 4
15 1 5
5 0 6
8 0 6
3 0 6
5 1 6
4 2 6
3 1 5
13 1 6
17 0 0
2 0 1
3 0 1
7 0 2
5 0 3
13 0 0
13 0 3
13 1 2
9 1 2
4 1 1
7 0 1
13 0 3
18 2 2
13 3 1
13 3 1
17 4 1
10 2 1
3 0 0
13 0 0
4 1 1
5 5 3
13 6 3
15 6 4
10 6 2
4 6 3
16 6 5
9 6 6
16 1 3
3 1 5
13 1 6
3 2 6
15 0 3
13 0 3
5 4 1
7 5 0
2 0 2
16 1 3
13 6 6
13 3 0
16 3 0
10 5 6
17 0 0
9 2 2
12 6 0
4 5 4
3 2 5
15 0 6
