200 10
150 55 22 87 29 152 19 122 12 113 38 39 109 101 60 74 21 132 98 181
67 105 175 35 153 33 102 192 56 49 47 121 199 144 94 92 183 4 103 145
108 117 30 95 151 24 52 184 124 77 172 8 43 36 200 104 128 112 143 159
3 50 186 69 79 179 61 37 129 111 198 45 106 166 1 149 90 180 91 18
182 173 32 34 46 17 85 126 10 178 154 148 118 167 147 141 41 176 139 134
190 146 86 6 44 107 162 78 165 68 115 66 135 185 133 155 80 14 5 127
70 62 42 28 71 53 97 48 89 81 20 31 130 65 194 114 158 82 88 11
163 116 9 99 164 96 57 7 193 188 23 189 196 26 75 59 142 72 140 73
110 157 174 2 54 187 138 120 197 15 123 131 13 156 168 63 100 191 76 170
64 93 83 27 177 16 136 161 58 195 40 25 51 169 137 119 160 84 171 125
