200 10
75 65 70 146 121 198 31 80 113 68 150 181 27 46 8 158 41 29 78 24
104 89 173 101 135 194 7 93 10 107 105 39 20 63 161 182 85 60 132 28
187 143 157 98 199 66 67 50 1 81 88 176 145 71 109 6 72 37 134 84
4 168 179 34 83 5 62 164 74 142 52 114 140 82 189 22 151 162 171 172
77 169 138 42 9 38 55 178 91 130 69 177 166 15 152 2 148 188 163 33
64 26 126 167 174 102 197 129 149 25 128 95 58 100 116 139 57 144 97 103
193 119 156 106 3 32 12 185 14 54 122 155 186 45 11 99 56 117 170 183
87 192 123 110 49 44 13 153 111 43 120 92 175 59 115 51 200 147 124 191
190 79 61 73 133 136 35 53 90 94 47 18 108 16 125 165 76 131 160 180
19 48 21 96 30 159 86 184 23 17 195 137 154 36 112 141 40 118 127 196
