200 10
64 6 11 170 187 153 175 154 60 74 178 188 41 69 173 33 195 85 52 158
147 95 176 119 114 48 94 141 101 92 186 162 44 7 63 49 16 152 8 184
30 84 133 169 183 122 135 200 104 127 51 131 156 160 190 193 27 82 57 194
5 47 38 189 17 99 164 137 66 151 185 19 172 15 155 168 21 161 70 139
196 40 100 9 53 65 13 192 76 179 73 42 142 20 109 14 136 121 58 146
105 3 2 128 79 88 83 159 61 18 140 106 10 39 180 116 107 87 174 67
93 24 182 89 134 113 31 46 72 130 86 118 97 23 125 43 36 157 77 124
50 29 90 103 166 165 98 126 120 167 71 148 145 80 138 75 181 25 78 150
34 35 12 132 28 81 55 62 129 111 197 149 163 1 112 59 171 117 56 32
91 45 143 110 37 68 144 177 108 22 96 54 26 102 191 123 115 198 4 199
