200 10
85 128 148 59 198 61 90 189 57 171 167 107 48 45 19 169 38 121 146 89
104 20 111 29 77 173 199 177 92 16 186 145 122 197 147 87 114 56 21 81
123 136 88 50 161 80 165 49 41 156 179 24 74 65 27 10 58 193 73 109
164 106 101 129 119 155 168 23 102 117 116 84 170 7 15 139 112 63 185 160
151 17 181 82 51 72 115 3 183 137 176 178 9 1 18 69 40 134 192 124
190 152 182 120 118 55 125 130 34 25 162 44 135 141 126 132 105 153 30 14
174 133 62 43 12 39 103 2 110 28 149 33 76 96 83 8 47 68 154 127
187 97 66 191 131 4 144 94 140 36 53 157 5 54 32 70 6 64 150 75
196 26 52 31 93 166 108 71 67 143 42 37 200 172 86 35 180 195 98 113
99 158 159 175 11 79 184 194 60 78 142 100 188 91 138 13 95 163 46 22
