200 10
126 114 150 164 193 81 186 90 161 158 113 58 116 198 10 190 62 15 183 74
86 120 97 137 32 25 89 69 3 70 9 43 26 163 195 17 49 148 125 19
104 170 56 121 51 154 66 135 79 92 101 78 134 123 63 174 38 182 109 24
122 127 4 118 152 159 157 54 196 39 184 95 179 162 23 172 30 107 166 22
64 180 111 12 37 129 52 185 200 76 18 124 50 94 169 40 160 96 140 85
7 130 60 1 108 103 68 189 165 199 11 27 34 87 29 106 177 194 33 36
42 75 153 147 65 31 167 132 77 141 8 55 136 131 100 6 110 99 84 102
98 47 117 57 176 146 144 143 61 48 133 88 119 14 83 149 5 16 20 91
197 178 41 175 44 187 155 181 45 142 145 72 93 171 80 82 59 139 35 138
21 188 67 2 192 151 173 13 115 168 191 71 156 112 128 105 46 53 28 73
