200 10
14 169 37 117 9 99 46 89 93 196 92 120 182 29 80 200 195 2 150 178
147 84 183 30 199 11 5 77 148 45 188 190 78 192 95 141 167 54 129 123
174 31 58 69 85 154 76 50 67 56 110 193 118 116 47 161 124 28 136 7
173 21 126 74 102 112 151 90 162 35 186 185 119 153 55 66 159 18 114 41
135 13 131 59 115 137 70 94 3 122 62 109 61 19 12 139 177 73 16 140
88 163 33 132 24 198 144 143 96 171 108 142 57 53 156 101 6 81 26 63
40 86 166 15 38 68 157 22 87 39 155 184 20 4 106 100 128 34 191 125
181 133 170 82 113 97 8 121 51 25 138 130 149 52 72 187 79 165 103 189
71 17 172 75 107 164 48 146 1 91 49 36 111 23 179 43 158 60 105 175
127 104 194 42 152 65 83 64 44 98 168 134 32 197 145 10 176 180 160 27
