200 10
113 140 156 186 60 58 166 107 25 42 16 126 8 20 148 127 102 116 90 111
96 199 5 31 158 35 172 22 52 78 17 193 33 175 167 110 191 147 95 10
189 176 64 46 198 93 168 178 13 84 136 37 85 153 41 32 101 137 92 115
7 77 163 21 134 71 155 56 45 66 183 24 51 143 104 164 9 160 173 185
129 154 181 43 200 106 145 99 86 91 165 195 149 29 177 62 192 169 159 123
197 141 124 40 63 157 75 188 26 97 15 80 12 34 69 112 196 48 128 131
55 27 122 180 184 121 57 14 2 118 179 170 146 138 53 151 67 83 174 190
61 94 98 76 50 49 74 88 47 1 72 23 30 108 73 4 44 144 28 139
68 194 162 65 54 119 19 125 79 36 89 135 105 59 87 133 109 100 39 142
150 3 152 117 70 82 130 81 11 171 132 114 120 6 161 18 103 182 187 38
