200 10
196 159 87 195 164 170 190 65 59 79 134 100 81 28 132 188 69 55 43 172
140 29 136 189 156 191 4 173 131 114 143 44 89 10 63 2 40 50 106 127
85 16 182 160 139 71 123 125 88 80 128 168 76 51 102 1 21 153 177 109
169 135 192 91 122 22 198 42 194 144 138 14 183 113 175 83 126 46 193 179
157 34 37 166 12 18 118 163 48 130 186 72 24 94 19 86 108 61 187 155
7 150 147 101 98 104 129 96 152 58 145 92 165 41 67 30 15 25 78 180
36 68 119 13 117 133 57 99 20 158 105 54 111 64 197 116 120 66 73 47
121 26 60 31 137 27 176 9 97 3 184 103 93 70 167 174 62 74 33 199
124 32 141 90 149 23 200 6 53 151 110 115 162 181 56 148 154 38 75 11
35 5 142 84 82 77 52 146 185 112 49 171 17 39 8 95 107 178 45 161
