0
127
0 14 2 14
1 7 10 7
1 27 7 27
2 0 11 0
2 16 5 16
2 16 2 19
2 19 20 19
2 20 3 20
3 1 4 1
3 10 3 12
3 12 4 12
3 13 3 15
3 20 8 20
3 26 5 26
4 1 12 1
4 1 4 6
4 8 4 10
4 10 10 10
5 6 6 6
5 13 12 13
5 16 8 16
5 26 8 26
6 9 9 9
6 22 12 22
7 6 10 6
7 25 13 25
7 27 9 27
8 2 11 2
8 3 13 3
8 3 8 4
8 4 8 5
8 11 14 11
8 16 8 17
9 4 10 4
9 4 9 5
9 9 13 9
9 15 10 15
9 16 16 16
10 4 18 4
10 4 10 6
10 6 18 6
10 6 10 7
10 14 10 15
10 15 11 15
10 26 13 26
11 0 18 0
11 14 15 14
11 15 13 15
12 1 18 1
12 8 14 8
12 10 19 10
12 20 18 20
12 28 13 28
13 3 15 3
13 22 14 22
13 22 13 25
13 25 13 26
13 28 15 28
14 2 19 2
14 11 15 11
14 22 26 22
14 22 14 23
14 23 20 23
14 27 15 27
15 3 19 3
15 11 17 11
15 11 15 14
15 25 20 25
15 26 21 26
15 27 18 27
16 8 17 8
16 8 16 9
16 9 18 9
16 12 16 16
16 18 18 18
16 28 22 28
17 8 18 8
17 11 23 11
18 0 18 1
18 4 19 4
18 6 20 6
18 7 18 8
18 9 27 9
18 18 23 18
18 20 23 20
19 2 21 2
19 2 19 3
19 3 24 3
19 4 19 5
19 5 24 5
19 10 20 10
19 21 22 21
20 6 20 7
20 15 20 16
20 19 25 19
20 23 23 23
20 23 20 24
20 24 24 24
20 24 20 25
21 12 25 12
21 12 21 13
21 14 21 15
21 15 23 15
21 26 23 26
23 2 25 2
23 15 24 15
24 6 26 6
24 6 24 7
24 7 26 7
24 15 28 15
24 20 25 20
24 24 25 24
25 10 26 10
25 12 25 14
25 14 26 14
25 19 26 19
25 19 25 20
25 24 28 24
26 7 26 8
26 10 26 11
26 11 26 12
26 12 26 13
26 19 27 19
26 23 28 23
27 9 28 9
28 10 28 12
28 13 28 15
