0
139
0 12 4 12
0 14 3 14
0 18 1 18
0 18 0 20
0 20 1 20
0 26 1 26
0 27 1 27
1 9 5 9
1 13 3 13
1 23 6 23
2 2 4 2
2 18 2 19
2 21 2 22
3 3 3 7
3 15 4 15
3 16 3 18
3 32 5 32
4 12 4 13
4 14 5 14
4 18 6 18
4 20 4 21
4 29 14 29
5 0 6 0
5 6 6 6
5 6 5 7
5 13 5 14
5 19 9 19
5 27 10 27
6 2 8 2
6 4 6 5
6 9 6 10
6 10 9 10
6 21 10 21
6 23 8 23
8 1 9 1
8 2 9 2
8 8 14 8
8 18 9 18
8 23 9 23
9 13 10 13
9 18 9 19
9 25 10 25
9 25 9 26
10 4 14 4
10 19 11 19
10 26 10 27
10 27 13 27
11 11 11 14
11 15 13 15
11 19 14 19
12 1 14 1
12 17 12 18
12 21 13 21
12 28 13 28
13 5 13 6
13 7 14 7
13 18 16 18
13 21 16 21
13 24 13 25
13 25 14 25
13 31 15 31
14 1 21 1
14 4 15 4
14 7 21 7
14 8 15 8
14 8 14 15
14 15 18 15
14 15 14 17
14 23 14 25
14 29 15 29
15 9 15 10
15 28 20 28
16 18 18 18
16 18 16 20
16 20 16 21
16 29 16 32
17 12 23 12
17 25 20 25
17 25 17 27
18 15 22 15
18 20 19 20
18 20 18 22
18 32 20 32
19 0 24 0
19 2 19 5
19 5 22 5
19 29 19 30
19 30 20 30
20 18 20 19
20 25 24 25
20 30 28 30
21 1 22 1
21 4 23 4
21 13 23 13
21 17 21 18
21 18 23 18
21 27 21 29
22 1 25 1
22 6 24 6
22 10 26 10
23 13 30 13
23 16 24 16
24 2 24 5
24 5 28 5
24 20 25 20
24 31 25 31
25 14 26 14
25 16 28 16
25 16 25 19
25 19 27 19
25 20 28 20
25 20 25 27
25 31 25 32
25 32 27 32
26 1 31 1
26 3 27 3
26 6 26 7
26 9 27 9
27 4 29 4
27 17 27 19
28 9 30 9
28 17 30 17
28 19 32 19
28 20 28 21
29 4 30 4
29 28 31 28
29 28 29 29
29 30 29 31
29 31 29 32
30 0 31 0
30 3 32 3
30 9 31 9
30 21 30 27
30 30 30 31
31 9 32 9
31 23 32 23
32 9 32 11
32 17 32 19
32 21 32 23
