0
163
0 3 1 3
0 4 2 4
0 5 0 6
0 7 1 7
0 11 0 12
0 17 1 17
0 17 0 20
0 20 0 21
0 21 1 21
0 22 1 22
1 1 1 2
1 2 1 3
1 5 2 5
1 10 2 10
1 19 2 19
1 19 1 20
1 21 2 21
1 22 1 23
2 5 2 6
2 11 2 12
2 18 2 19
3 8 4 8
3 10 3 11
3 21 3 22
3 23 4 23
4 0 6 0
4 1 5 1
4 1 4 2
4 3 5 3
4 7 5 7
4 13 4 14
4 15 5 15
4 19 4 20
4 20 4 22
5 16 6 16
6 0 6 1
6 2 6 3
6 11 6 12
6 16 6 17
6 17 6 18
6 18 8 18
7 5 8 5
7 5 7 6
7 13 8 13
7 16 7 17
7 17 9 17
7 20 8 20
8 0 10 0
8 1 9 1
8 4 8 5
8 6 9 6
8 11 9 11
8 11 8 12
8 12 9 12
8 14 8 15
8 19 9 19
8 22 8 23
9 2 10 2
9 3 9 4
9 6 10 6
9 7 9 8
9 9 9 10
9 14 9 16
9 22 9 23
9 23 10 23
10 3 10 4
10 4 10 5
10 6 11 6
10 8 10 9
10 12 10 13
10 13 10 14
10 18 10 19
10 20 10 22
11 6 12 6
11 6 11 7
11 9 12 9
11 18 12 18
11 21 12 21
11 21 11 22
12 0 12 1
12 8 13 8
12 12 12 13
12 14 13 14
12 14 12 15
12 15 13 15
12 18 13 18
12 20 12 21
13 3 13 5
13 7 13 8
13 15 14 15
13 21 13 22
14 0 15 0
14 0 14 1
14 1 15 1
14 2 15 2
14 4 15 4
14 8 15 8
14 11 15 11
14 12 15 12
14 13 14 14
14 21 14 22
15 1 16 1
15 2 16 2
15 4 15 5
15 5 16 5
15 8 16 8
15 13 17 13
15 15 16 15
15 15 15 16
15 16 15 17
15 17 16 17
15 20 16 20
15 21 16 21
15 21 15 22
16 2 17 2
16 4 17 4
16 7 17 7
16 7 16 8
16 16 17 16
16 17 17 17
17 4 18 4
17 5 17 6
17 6 17 7
17 14 17 15
17 22 18 22
18 10 19 10
18 13 19 13
18 18 18 20
18 20 19 20
18 20 18 21
18 23 20 23
19 4 19 5
19 16 19 18
19 18 20 18
20 1 20 2
20 3 20 4
20 4 21 4
20 6 20 7
20 10 22 10
20 11 21 11
20 19 21 19
20 21 20 22
21 2 21 3
21 6 22 6
21 7 21 8
21 8 21 9
21 13 23 13
21 15 22 15
21 17 22 17
21 18 21 19
21 22 22 22
21 23 22 23
22 0 22 2
22 6 22 7
22 20 23 20
22 20 22 21
22 23 23 23
23 2 23 3
23 5 23 6
23 8 23 9
23 11 23 12
23 18 23 20
23 22 23 23
