0
148
0 5 1 5
0 10 0 11
0 11 1 11
0 12 1 12
0 13 0 15
1 2 2 2
1 2 1 3
1 8 2 8
1 8 1 9
1 11 2 11
1 12 4 12
1 12 1 13
1 13 1 14
1 15 3 15
2 2 4 2
2 5 3 5
2 9 3 9
2 9 2 10
2 11 3 11
2 16 2 17
2 18 2 19
2 19 2 21
2 21 4 21
3 6 4 6
3 6 3 7
3 7 3 9
3 9 4 9
3 10 4 10
3 11 4 11
3 14 4 14
3 15 7 15
3 18 5 18
4 0 5 0
4 1 8 1
4 9 5 9
4 11 5 11
4 13 4 14
4 21 5 21
5 0 7 0
5 4 6 4
5 4 5 6
5 6 5 7
5 7 6 7
5 9 6 9
5 9 5 10
5 17 5 18
6 5 7 5
6 8 9 8
6 8 6 9
6 9 6 11
6 16 6 17
6 17 7 17
6 17 6 18
6 19 7 19
6 19 6 21
7 0 10 0
7 2 8 2
7 2 7 3
7 3 7 4
7 4 7 5
7 5 7 6
7 12 9 12
7 12 7 13
7 13 9 13
7 15 8 15
7 18 7 19
8 2 9 2
8 4 9 4
8 5 9 5
8 9 9 9
8 9 8 11
8 17 8 18
8 19 8 21
9 6 11 6
9 6 9 7
9 13 12 13
9 17 9 18
9 18 9 20
10 4 10 5
10 5 12 5
10 14 11 14
10 19 12 19
11 1 11 2
11 2 11 3
11 3 11 4
11 6 12 6
11 6 11 7
11 8 12 8
11 10 16 10
11 21 12 21
12 5 13 5
12 11 13 11
12 16 16 16
13 3 14 3
13 8 14 8
13 14 14 14
13 18 15 18
13 18 13 19
13 20 16 20
14 1 16 1
14 2 16 2
14 4 14 6
14 8 16 8
14 8 14 9
14 12 14 13
14 17 15 17
15 4 15 5
15 5 16 5
15 5 15 7
15 9 17 9
15 17 16 17
16 1 17 1
16 2 16 4
16 5 16 8
16 8 18 8
16 10 17 10
16 10 16 13
16 13 17 13
16 14 17 14
16 18 17 18
17 10 18 10
17 11 18 11
17 16 18 16
17 17 18 17
17 17 17 18
18 5 19 5
18 5 18 6
18 6 18 7
18 8 18 9
18 9 18 10
18 10 21 10
18 11 18 12
18 14 19 14
18 14 18 15
18 17 20 17
19 3 19 5
19 5 20 5
19 5 19 9
19 15 21 15
19 18 19 19
19 19 20 19
20 0 21 0
20 1 20 2
20 3 20 4
20 13 20 14
20 18 21 18
20 19 21 19
21 8 21 9
