0
170
0 1 0 3
0 7 2 7
0 9 0 10
0 10 2 10
0 10 0 13
0 13 2 13
0 13 0 14
0 15 3 15
0 15 0 17
0 19 0 20
0 20 0 22
0 22 2 22
1 1 2 1
1 1 1 2
1 6 4 6
1 19 1 21
2 1 2 3
2 3 2 4
2 5 5 5
2 7 4 7
2 10 2 12
2 17 3 17
2 22 5 22
3 9 5 9
3 15 3 16
3 16 3 17
3 19 3 20
4 0 9 0
4 0 4 2
4 2 5 2
4 2 4 3
4 3 4 4
4 6 6 6
4 7 6 7
4 7 4 8
4 11 4 13
4 15 4 16
4 18 5 18
4 19 6 19
4 19 4 20
5 2 7 2
5 2 5 5
5 9 6 9
5 10 5 12
5 12 5 14
5 14 8 14
5 15 5 16
5 17 5 18
5 18 6 18
5 20 6 20
6 6 7 6
6 7 8 7
6 7 6 9
6 10 8 10
6 15 6 18
6 20 7 20
7 9 8 9
7 12 9 12
7 20 11 20
8 4 8 5
8 5 8 7
8 9 8 10
8 10 11 10
8 11 9 11
9 2 9 4
9 4 10 4
9 4 9 5
9 12 10 12
9 13 11 13
9 15 9 18
10 0 12 0
10 1 11 1
10 3 11 3
10 8 12 8
10 12 11 12
11 1 11 3
11 3 11 4
11 5 12 5
11 9 12 9
11 10 11 12
11 15 12 15
11 19 13 19
11 20 11 22
11 22 12 22
12 0 12 1
12 1 12 5
12 5 12 6
12 7 13 7
12 9 13 9
12 10 13 10
12 11 12 13
12 13 13 13
12 15 14 15
12 21 13 21
12 22 13 22
13 3 13 4
13 7 13 9
13 20 13 21
14 0 17 0
14 2 14 4
14 4 15 4
14 4 14 6
14 10 15 10
14 12 19 12
14 14 14 15
14 15 14 17
14 17 15 17
14 17 14 18
14 18 14 20
14 20 16 20
14 21 15 21
15 1 15 2
15 3 16 3
15 3 15 4
15 6 16 6
15 7 19 7
15 8 16 8
15 14 15 15
15 15 16 15
15 16 16 16
15 18 16 18
15 18 15 19
15 21 15 22
15 22 19 22
16 3 17 3
16 4 18 4
16 9 16 10
16 10 17 10
16 11 17 11
16 14 20 14
16 15 17 15
16 16 18 16
16 19 17 19
16 20 17 20
16 20 16 21
16 21 18 21
17 0 17 1
17 1 18 1
17 5 19 5
17 11 18 11
18 1 19 1
18 3 18 4
18 4 22 4
18 6 19 6
18 8 18 9
18 16 22 16
18 16 18 17
18 17 21 17
19 0 19 1
19 1 19 2
19 6 19 7
19 8 20 8
20 7 20 8
20 8 21 8
20 9 20 10
20 10 21 10
20 12 20 14
20 14 21 14
20 15 21 15
20 20 20 22
21 0 21 1
21 8 22 8
21 10 21 11
21 15 22 15
21 18 21 21
21 21 22 21
22 1 22 2
22 12 22 13
22 15 22 16
22 16 22 18
