0
139
0 10 6 10
0 10 0 11
0 11 0 32
0 34 0 35
0 37 0 39
0 43 0 45
0 45 5 45
1 12 1 15
1 16 7 16
1 31 9 31
1 36 2 36
2 6 3 6
2 25 4 25
3 22 11 22
3 39 7 39
4 5 17 5
4 20 9 20
4 21 7 21
4 23 4 24
4 24 4 25
4 42 9 42
5 6 7 6
5 26 9 26
5 26 5 30
5 33 10 33
5 35 11 35
6 10 11 10
8 0 10 0
8 3 11 3
8 4 13 4
8 29 13 29
8 38 13 38
8 40 8 41
9 7 15 7
9 26 10 26
10 2 11 2
10 32 11 32
10 32 10 33
10 33 12 33
10 41 12 41
11 2 11 3
11 20 20 20
11 30 11 32
12 13 12 14
13 17 16 17
13 36 13 38
14 15 19 15
14 34 19 34
14 43 20 43
15 32 15 33
15 37 18 37
15 41 17 41
16 9 16 11
16 25 17 25
17 5 19 5
17 10 19 10
17 38 21 38
18 22 18 25
18 25 23 25
19 26 19 34
19 34 27 34
20 29 21 29
21 7 22 7
21 29 21 32
21 41 21 43
23 22 34 22
23 25 23 30
24 4 25 4
24 6 24 8
24 28 24 31
25 4 36 4
25 21 27 21
25 25 28 25
26 15 30 15
26 16 30 16
26 32 28 32
27 6 31 6
27 19 35 19
27 21 29 21
28 8 35 8
28 9 38 9
28 9 28 10
28 27 33 27
28 28 34 28
28 39 31 39
28 41 28 44
28 44 30 44
29 13 33 13
30 26 32 26
30 38 36 38
31 2 34 2
31 2 31 3
32 30 32 35
32 35 36 35
33 20 33 21
33 24 43 24
33 25 33 27
33 37 35 37
34 0 35 0
34 20 34 22
35 8 39 8
35 11 36 11
35 14 38 14
35 16 35 17
35 20 35 23
35 23 37 23
35 43 35 44
36 0 45 0
36 11 40 11
36 16 36 21
36 29 39 29
37 6 39 6
37 34 37 42
37 42 38 42
38 10 39 10
38 14 39 14
38 36 39 36
38 42 38 43
38 43 44 43
38 44 41 44
39 8 39 9
39 9 39 10
39 14 44 14
40 23 41 23
40 33 41 33
41 3 41 4
41 20 44 20
41 40 41 41
41 44 42 44
42 4 42 6
42 29 42 34
42 34 42 39
44 34 44 43
44 43 45 43
45 1 45 2
45 8 45 9
45 9 45 17
45 20 45 26
45 26 45 34
