0
154
0 2 1 2
0 2 0 3
0 3 0 7
0 7 4 7
0 15 1 15
0 15 0 16
0 16 0 18
0 18 1 18
0 18 0 20
0 20 1 20
1 0 3 0
1 0 1 1
1 2 2 2
1 3 3 3
1 4 7 4
1 4 1 5
1 13 3 13
1 13 1 15
1 18 4 18
1 20 2 20
2 10 4 10
2 14 3 14
2 14 2 15
2 15 3 15
2 20 4 20
3 0 4 0
3 2 3 3
3 6 7 6
3 8 7 8
3 8 3 9
3 9 4 9
3 11 3 12
3 12 4 12
3 12 3 13
3 14 4 14
3 15 5 15
3 17 6 17
4 9 6 9
4 9 4 10
4 10 4 12
4 14 6 14
4 18 5 18
5 10 5 11
5 11 6 11
5 11 5 12
6 0 10 0
6 1 6 2
6 2 7 2
6 9 11 9
6 11 6 14
6 14 6 16
6 16 7 16
6 17 8 17
6 17 6 19
6 19 8 19
7 2 9 2
7 4 8 4
7 6 7 8
7 10 9 10
7 10 7 11
7 11 13 11
7 11 7 14
7 14 12 14
7 14 7 15
7 15 13 15
8 1 10 1
8 4 8 5
8 18 11 18
8 19 11 19
8 19 8 20
8 20 11 20
9 2 10 2
9 2 9 3
9 3 14 3
9 3 9 4
9 4 9 5
9 5 10 5
9 17 11 17
10 0 15 0
10 0 10 1
10 1 11 1
10 2 14 2
10 5 10 6
10 6 12 6
10 6 10 7
10 7 11 7
10 7 10 8
10 8 14 8
10 10 11 10
11 7 12 7
11 9 14 9
11 10 14 10
11 16 11 17
11 17 11 18
11 18 12 18
11 19 14 19
12 1 14 1
12 20 14 20
13 4 18 4
13 4 13 7
13 11 14 11
13 12 13 13
13 15 13 16
13 16 14 16
13 16 13 18
13 18 14 18
14 1 15 1
14 1 14 2
14 2 16 2
14 3 15 3
14 7 17 7
14 7 14 8
14 8 17 8
14 9 15 9
14 11 14 12
14 12 14 13
14 14 17 14
14 14 14 15
14 15 15 15
14 16 14 17
14 17 15 17
14 18 16 18
14 18 14 19
14 19 15 19
15 0 19 0
15 1 18 1
15 12 15 13
15 15 15 16
15 16 18 16
16 2 17 2
16 17 19 17
16 20 19 20
17 2 19 2
17 8 17 10
17 10 18 10
17 11 18 11
17 13 17 14
17 14 20 14
18 1 19 1
18 3 18 4
18 4 18 6
18 10 19 10
18 11 19 11
18 16 20 16
18 18 19 18
19 2 19 5
19 5 19 6
19 10 20 10
19 11 19 13
19 17 19 18
20 0 20 4
20 4 20 10
20 10 20 14
20 14 20 15
