0
141
0 8 0 11
0 11 0 13
0 14 3 14
0 17 0 18
0 18 1 18
0 21 0 22
0 22 3 22
1 12 2 12
2 0 2 1
2 1 2 2
2 2 2 4
2 4 5 4
2 6 6 6
2 6 2 7
2 7 2 12
2 12 8 12
2 15 7 15
2 15 2 17
2 17 2 18
2 20 2 21
3 0 3 1
3 1 4 1
3 11 4 11
3 14 4 14
3 19 3 21
3 21 3 22
3 22 5 22
4 0 6 0
4 1 6 1
4 1 4 2
4 9 5 9
4 9 4 11
4 16 4 17
4 17 4 19
4 19 4 21
4 21 6 21
5 2 6 2
5 4 7 4
5 9 8 9
5 14 8 14
5 22 6 22
6 0 9 0
6 2 6 3
6 5 10 5
6 5 6 6
6 11 9 11
6 13 8 13
6 16 9 16
6 16 6 17
6 17 9 17
6 17 6 18
6 18 7 18
6 23 12 23
7 7 8 7
7 7 7 8
7 8 8 8
7 15 8 15
7 18 9 18
8 1 9 1
8 14 11 14
8 14 8 15
8 15 15 15
8 22 9 22
9 0 10 0
9 0 9 1
9 1 9 2
9 11 11 11
9 18 10 18
10 0 13 0
10 5 12 5
10 7 14 7
10 7 10 8
10 8 11 8
10 9 11 9
10 18 11 18
10 19 11 19
10 20 11 20
10 20 10 22
10 22 13 22
11 4 18 4
11 8 12 8
11 9 13 9
11 9 11 10
11 10 11 11
11 11 11 12
11 12 13 12
11 12 11 14
11 14 12 14
11 16 11 17
11 20 15 20
12 1 12 2
12 2 13 2
12 5 12 6
12 6 19 6
12 8 13 8
12 23 17 23
13 2 19 2
13 8 14 8
13 9 14 9
13 16 14 16
13 21 17 21
13 22 16 22
14 7 16 7
14 8 16 8
14 9 16 9
14 10 20 10
14 16 22 16
14 16 14 19
15 1 21 1
15 15 22 15
15 17 15 20
16 3 19 3
16 18 19 18
17 19 17 21
17 21 19 21
17 21 17 23
19 3 19 4
19 4 22 4
19 5 19 6
19 6 19 8
19 8 21 8
19 11 23 11
19 17 23 17
19 17 19 18
19 18 19 21
19 21 23 21
20 6 20 7
20 10 21 10
20 22 21 22
21 0 23 0
21 1 22 1
21 8 21 9
21 10 23 10
22 1 23 1
22 1 22 4
22 4 22 5
22 15 23 15
22 15 22 16
23 1 23 8
23 8 23 10
23 10 23 11
