0
184
0 1 0 2
0 3 1 3
0 4 0 5
0 5 0 6
0 14 0 15
0 15 1 15
0 16 0 17
1 1 2 1
1 1 1 2
1 3 1 4
1 5 2 5
1 8 2 8
1 8 1 9
1 11 2 11
1 12 2 12
1 14 2 14
1 16 1 17
1 17 2 17
2 0 2 1
2 2 3 2
2 4 2 5
2 5 3 5
2 5 2 7
2 7 3 7
2 11 3 11
2 12 3 12
2 12 2 13
2 13 3 13
2 14 2 15
2 16 3 16
2 17 2 18
2 18 4 18
2 19 4 19
3 0 6 0
3 1 4 1
3 2 3 4
3 4 4 4
3 7 4 7
3 7 3 8
3 8 4 8
3 8 3 9
3 9 4 9
3 10 5 10
3 13 4 13
3 15 3 16
3 17 5 17
3 20 5 20
4 1 7 1
4 4 4 6
4 11 4 13
5 7 5 8
5 10 6 10
5 10 5 11
5 11 5 12
5 12 5 13
5 13 5 14
5 14 5 15
5 15 5 16
6 7 6 8
6 8 6 9
6 12 7 12
6 13 7 13
6 16 6 17
6 17 7 17
7 1 9 1
7 3 8 3
7 5 7 6
7 6 7 7
7 7 7 8
7 8 8 8
7 8 7 9
7 9 7 10
7 13 8 13
7 14 7 15
7 15 8 15
7 16 8 16
8 2 8 3
8 3 9 3
8 3 8 4
8 4 8 6
8 12 8 13
9 4 9 6
9 6 10 6
9 12 9 13
9 13 10 13
9 15 10 15
9 15 9 16
9 18 10 18
9 20 9 21
10 4 12 4
10 4 10 5
10 9 11 9
10 20 11 20
10 20 10 21
11 1 11 2
11 3 12 3
11 6 11 8
11 9 12 9
11 10 12 10
11 11 13 11
11 17 11 19
11 19 11 20
11 20 13 20
11 21 13 21
12 1 12 3
12 3 12 4
12 4 12 5
12 6 13 6
12 7 13 7
12 8 12 9
12 9 13 9
12 13 12 14
12 14 13 14
13 1 13 2
13 2 13 3
13 5 13 6
13 7 14 7
13 7 13 8
13 9 14 9
13 11 14 11
13 12 13 13
13 13 14 13
13 16 13 17
13 19 13 20
14 1 14 2
14 4 14 6
14 7 15 7
14 13 14 14
14 16 16 16
14 18 16 18
14 18 14 19
14 19 14 20
14 21 17 21
15 0 16 0
15 0 15 1
15 1 15 2
15 5 15 6
15 9 16 9
15 12 16 12
15 13 15 14
15 19 16 19
15 19 15 20
16 8 17 8
16 9 16 10
16 11 17 11
16 20 18 20
17 3 18 3
17 3 17 5
17 5 18 5
17 6 17 7
17 7 18 7
17 15 18 15
17 15 17 16
17 17 18 17
17 17 17 18
17 18 18 18
18 0 18 1
18 3 18 4
18 7 18 9
18 9 18 10
18 12 19 12
18 12 18 14
18 20 19 20
18 21 19 21
19 0 19 1
19 1 20 1
19 4 20 4
19 5 19 6
19 6 20 6
19 12 20 12
19 14 19 15
19 16 19 17
19 19 19 20
19 20 20 20
20 2 21 2
20 3 20 4
20 10 21 10
20 12 20 14
20 18 21 18
21 6 21 7
21 7 21 9
21 9 21 10
21 11 21 12
21 17 21 18
