0
128
0 2 2 2
0 7 5 7
0 10 2 10
0 13 2 13
0 13 0 15
0 15 0 16
0 16 5 16
0 16 0 20
0 29 8 29
0 30 2 30
0 30 0 31
1 5 4 5
1 9 7 9
1 20 4 20
1 21 4 21
2 13 5 13
2 13 2 15
2 30 3 30
3 8 4 8
3 11 4 11
3 23 9 23
3 23 3 24
3 24 9 24
3 27 4 27
3 30 9 30
3 31 5 31
4 5 4 6
4 11 5 11
4 18 6 18
4 19 7 19
4 20 6 20
4 21 12 21
4 27 10 27
5 4 5 7
5 13 7 13
6 2 9 2
6 2 6 4
6 4 6 5
6 15 9 15
6 18 7 18
7 6 8 6
7 8 7 9
7 9 9 9
7 17 7 18
7 18 10 18
8 0 8 1
8 1 13 1
8 6 9 6
8 8 9 8
8 22 10 22
9 2 13 2
9 6 9 7
9 9 10 9
9 17 18 17
9 23 26 23
9 24 10 24
10 8 17 8
10 9 14 9
10 10 18 10
10 13 27 13
10 16 13 16
10 18 12 18
10 24 14 24
10 25 12 25
10 27 12 27
12 18 12 20
12 25 15 25
12 27 12 28
13 22 17 22
13 28 13 31
14 0 14 4
14 4 19 4
14 9 17 9
14 18 14 20
14 20 15 20
14 24 15 24
15 15 15 16
16 20 20 20
16 20 16 21
16 21 27 21
16 25 25 25
16 25 16 27
17 5 17 8
17 9 19 9
17 26 19 26
17 28 19 28
17 29 19 29
17 29 17 30
17 30 17 31
17 31 19 31
18 10 18 12
18 15 18 17
19 9 19 12
20 4 29 4
20 10 20 12
20 31 22 31
20 31 20 32
20 32 21 32
21 27 21 28
21 32 22 32
22 1 22 2
22 7 22 10
22 10 24 10
23 1 24 1
23 7 27 7
23 9 26 9
24 10 25 10
24 17 25 17
24 28 28 28
24 28 24 32
25 10 26 10
25 17 26 17
25 18 26 18
26 16 32 16
26 25 30 25
27 10 31 10
27 10 27 13
28 9 30 9
28 17 31 17
28 17 28 19
29 22 29 23
30 12 32 12
30 25 30 29
30 29 30 32
31 5 31 9
31 9 31 10
31 17 31 18
32 5 32 7
