0
169
0 4 2 4
0 5 1 5
0 5 0 10
0 10 0 12
0 12 4 12
0 18 2 18
0 18 0 19
0 19 0 20
0 23 0 25
0 25 3 25
1 1 1 2
1 19 3 19
1 21 1 24
1 24 3 24
1 29 3 29
2 2 10 2
2 4 2 6
2 6 2 9
2 10 6 10
2 15 2 18
2 22 3 22
3 7 3 8
3 15 3 19
3 19 11 19
3 22 3 23
3 24 3 25
3 25 6 25
3 25 3 27
3 27 15 27
4 5 4 6
4 17 6 17
4 20 4 21
4 22 5 22
4 24 5 24
4 30 4 31
4 31 5 31
5 22 7 22
5 28 5 29
5 31 10 31
6 4 6 5
6 5 7 5
6 13 6 14
6 29 8 29
7 9 9 9
7 10 11 10
7 10 7 12
8 15 8 17
8 17 9 17
8 18 13 18
8 28 8 29
9 3 9 7
9 7 9 9
9 13 9 14
10 6 10 7
10 13 10 14
10 29 10 31
11 1 12 1
11 2 14 2
11 2 11 4
11 5 13 5
11 5 11 10
11 26 13 26
11 30 12 30
12 1 13 1
12 11 16 11
12 22 12 25
12 29 12 30
12 31 13 31
13 1 17 1
13 3 14 3
13 4 13 5
13 5 15 5
13 13 17 13
13 14 15 14
13 21 13 22
13 28 15 28
14 21 16 21
15 5 15 8
15 8 16 8
15 8 15 10
15 10 16 10
15 19 16 19
15 26 16 26
15 27 17 27
16 6 19 6
16 6 16 7
16 7 16 8
16 26 17 26
17 3 20 3
17 12 18 12
17 14 17 22
17 22 20 22
17 23 17 24
17 24 17 26
18 4 21 4
18 12 18 16
18 27 18 28
19 9 23 9
19 9 19 10
19 12 19 14
19 15 19 19
19 28 23 28
20 6 24 6
20 22 20 25
20 25 20 26
21 8 25 8
21 17 21 19
21 21 27 21
21 22 21 23
21 29 21 31
22 22 24 22
23 0 27 0
23 7 25 7
23 12 23 14
23 16 23 18
23 28 23 30
23 30 24 30
23 30 23 32
24 6 30 6
24 10 25 10
24 18 26 18
24 18 24 20
24 27 25 27
24 32 25 32
25 7 25 8
25 9 25 10
25 25 25 26
25 26 25 27
25 27 26 27
25 28 25 30
25 31 25 32
26 2 27 2
26 9 26 11
26 13 28 13
26 18 30 18
26 24 27 24
26 26 29 26
26 28 27 28
26 32 27 32
27 0 28 0
27 0 27 2
27 2 30 2
27 2 27 5
27 14 29 14
27 19 28 19
27 19 27 21
27 22 28 22
28 17 31 17
28 19 28 20
28 22 29 22
29 7 30 7
29 19 32 19
29 26 29 29
29 29 31 29
29 29 29 31
30 7 31 7
30 11 31 11
31 1 31 3
31 3 31 7
31 9 31 11
31 11 31 14
31 14 31 17
31 17 31 18
31 22 31 27
31 27 31 28
32 17 32 18
32 19 32 21
32 25 32 28
32 29 32 30
