0
144
0 1 0 14
0 17 0 23
0 23 3 23
1 0 3 0
1 1 1 2
1 2 5 2
1 2 1 4
1 6 2 6
1 6 1 8
1 8 8 8
1 8 1 9
1 9 1 13
1 13 1 18
1 18 1 19
1 19 2 19
1 21 4 21
1 22 2 22
2 6 3 6
2 14 2 15
2 17 2 19
2 22 3 22
3 4 4 4
3 4 3 6
3 6 12 6
3 7 4 7
3 9 3 10
3 10 4 10
3 10 3 13
3 13 4 13
3 15 4 15
3 15 3 16
3 16 4 16
3 17 5 17
3 23 9 23
3 23 3 25
4 7 6 7
4 13 8 13
4 14 6 14
4 14 4 15
4 20 4 21
4 21 8 21
5 2 5 4
5 9 6 9
5 9 5 10
5 10 6 10
5 16 8 16
5 16 5 17
6 0 9 0
6 3 6 4
6 18 12 18
7 1 9 1
7 1 7 2
7 2 11 2
7 9 9 9
7 9 7 10
7 10 11 10
7 24 8 24
8 8 10 8
8 11 8 12
8 13 11 13
8 13 8 16
8 16 8 17
8 17 9 17
8 21 10 21
9 0 15 0
9 1 13 1
9 9 11 9
9 23 10 23
9 23 9 24
9 24 15 24
10 7 10 8
10 8 11 8
10 14 11 14
10 14 10 15
10 21 11 21
10 21 10 23
11 8 18 8
11 10 11 13
11 13 15 13
11 13 11 14
11 14 12 14
11 14 11 17
11 21 11 22
12 3 18 3
12 6 13 6
12 14 12 18
12 18 12 20
12 20 16 20
13 1 16 1
13 6 14 6
13 10 14 10
13 14 13 16
13 16 16 16
14 10 18 10
15 4 16 4
15 4 15 5
15 12 20 12
15 12 15 13
15 13 20 13
15 18 21 18
15 24 15 25
15 25 19 25
16 1 18 1
16 4 22 4
16 5 23 5
16 11 18 11
16 16 17 16
16 20 21 20
16 20 16 22
16 22 21 22
17 7 18 7
17 17 22 17
18 0 18 1
18 1 25 1
18 2 18 3
18 7 18 8
18 8 20 8
18 8 18 10
18 19 22 19
18 24 19 24
19 6 20 6
19 7 20 7
19 24 23 24
19 25 20 25
20 6 22 6
20 8 20 11
20 13 25 13
20 14 20 15
21 18 23 18
21 20 22 20
21 22 23 22
22 4 23 4
22 6 25 6
22 14 22 17
22 19 23 19
22 19 22 20
22 23 25 23
23 24 23 25
25 1 25 4
25 4 25 6
25 6 25 9
25 9 25 12
25 17 25 20
25 20 25 21
