0
189
0 3 1 3
0 4 1 4
0 5 0 6
0 6 1 6
0 12 1 12
0 12 0 13
0 14 0 15
0 15 1 15
0 19 0 20
1 1 2 1
1 1 1 2
1 2 2 2
1 4 1 5
1 5 2 5
1 10 2 10
1 15 2 15
1 19 2 19
2 3 3 3
2 9 2 10
2 10 3 10
2 10 2 11
2 11 3 11
2 12 2 13
2 13 4 13
2 15 3 15
2 18 3 18
3 0 4 0
3 0 3 1
3 2 6 2
3 4 3 5
3 5 3 6
3 6 5 6
3 11 4 11
3 14 3 15
3 17 4 17
3 17 3 18
3 18 4 18
3 18 3 19
4 1 5 1
4 3 4 4
4 4 4 5
4 8 5 8
4 13 4 14
4 14 5 14
4 14 4 15
4 16 4 17
4 18 5 18
4 18 4 20
5 0 5 1
5 3 6 3
5 6 5 7
5 8 5 9
5 9 6 9
5 12 6 12
5 12 5 13
5 13 6 13
5 15 6 15
5 18 6 18
5 19 6 19
6 3 7 3
6 3 6 4
6 4 7 4
6 4 6 5
6 6 7 6
6 9 8 9
6 9 6 10
6 10 6 11
6 11 7 11
6 13 6 14
6 16 7 16
6 19 6 20
7 0 8 0
7 1 8 1
7 6 7 7
7 11 8 11
7 11 7 12
7 14 8 14
7 15 7 16
7 17 7 18
8 0 9 0
8 1 8 2
8 2 9 2
8 14 9 14
8 16 9 16
8 18 8 19
8 20 9 20
9 0 9 1
9 2 9 4
9 4 10 4
9 4 9 5
9 7 9 8
9 12 10 12
9 12 9 13
9 13 9 14
9 16 9 17
9 17 9 19
9 19 9 20
10 3 10 4
10 9 10 10
10 10 11 10
10 12 11 12
10 13 12 13
10 13 10 14
10 14 10 15
10 15 11 15
10 16 10 17
10 18 11 18
10 19 10 20
11 0 12 0
11 0 11 1
11 2 11 3
11 3 11 4
11 4 11 5
11 6 11 8
11 10 12 10
11 14 12 14
11 15 11 16
11 16 11 17
11 17 11 18
11 18 11 19
11 19 11 20
12 2 12 3
12 4 12 5
12 5 13 5
12 9 14 9
12 10 12 11
12 12 12 13
12 14 12 15
12 17 12 18
13 0 15 0
13 1 13 2
13 4 14 4
13 7 13 8
13 8 14 8
13 10 14 10
13 13 14 13
13 17 13 18
13 18 14 18
14 1 14 2
14 6 15 6
14 7 15 7
14 9 15 9
14 11 14 12
14 12 14 13
14 13 15 13
14 13 14 14
14 19 15 19
15 0 16 0
15 5 15 6
15 15 16 15
15 18 15 19
15 20 17 20
16 4 16 5
16 10 16 11
16 12 17 12
16 14 16 15
16 15 17 15
16 16 17 16
16 17 16 18
17 1 18 1
17 1 17 2
17 2 17 3
17 5 19 5
17 7 18 7
17 9 18 9
17 10 18 10
17 10 17 11
17 11 18 11
17 17 18 17
17 17 17 18
18 0 19 0
18 1 19 1
18 2 20 2
18 6 18 7
18 8 18 9
18 14 18 15
18 16 18 17
18 17 19 17
19 9 20 9
19 10 19 11
19 11 20 11
19 17 19 18
19 18 20 18
19 19 20 19
19 20 20 20
20 1 20 2
20 2 20 4
20 6 20 7
20 12 20 13
