0
168
0 1 0 4
0 9 1 9
0 11 6 11
0 12 0 13
0 23 0 25
0 33 6 33
1 6 1 7
1 29 2 29
2 0 2 1
2 1 2 4
2 4 5 4
2 14 2 19
2 22 3 22
2 22 2 23
2 23 4 23
2 23 2 24
2 24 4 24
2 29 5 29
2 31 6 31
2 34 4 34
3 14 4 14
3 14 3 15
3 17 3 21
3 26 4 26
4 8 4 9
4 13 6 13
4 26 5 26
4 32 8 32
5 0 5 4
5 26 10 26
6 5 6 6
6 6 6 8
6 8 6 9
6 10 16 10
6 16 9 16
6 18 7 18
6 19 10 19
6 30 6 31
6 33 8 33
7 13 11 13
7 15 8 15
7 17 8 17
7 31 8 31
8 3 8 4
8 27 10 27
8 33 8 34
9 6 13 6
9 8 13 8
9 31 10 31
9 32 9 33
9 33 9 34
10 3 14 3
10 15 13 15
10 15 10 16
10 18 10 19
10 19 13 19
10 22 11 22
10 22 10 23
10 27 10 31
10 33 10 34
11 31 12 31
11 31 11 32
11 33 11 34
12 21 12 24
12 24 12 28
12 30 13 30
13 6 13 8
13 17 17 17
13 24 15 24
13 24 13 25
13 25 15 25
13 25 13 30
13 30 15 30
13 32 15 32
13 34 14 34
14 2 20 2
14 22 14 23
14 26 14 29
14 29 15 29
15 4 17 4
15 19 16 19
15 19 15 23
16 14 17 14
16 15 16 16
16 19 16 20
16 28 18 28
17 11 21 11
17 11 17 14
17 14 17 17
17 21 17 23
17 25 19 25
17 27 20 27
17 30 18 30
18 8 19 8
18 14 22 14
18 22 19 22
18 28 19 28
18 32 19 32
19 3 19 4
19 7 20 7
19 8 19 10
19 18 20 18
19 25 24 25
20 6 22 6
20 17 20 18
20 18 20 20
20 27 20 29
20 30 26 30
20 31 22 31
21 2 23 2
21 9 21 11
21 11 23 11
21 13 24 13
21 18 23 18
21 18 21 22
22 1 23 1
22 6 24 6
22 6 22 7
22 19 23 19
22 20 22 24
22 26 25 26
23 1 23 2
23 12 24 12
23 20 23 21
23 21 23 22
23 28 32 28
24 1 24 4
24 12 27 12
24 21 24 23
24 31 29 31
24 34 25 34
25 6 26 6
25 15 27 15
25 25 28 25
26 6 31 6
26 6 26 8
26 24 30 24
26 27 27 27
26 30 28 30
27 0 27 3
27 3 27 5
27 10 28 10
27 12 28 12
27 26 27 27
28 8 30 8
28 8 28 10
28 12 31 12
28 15 31 15
28 17 28 20
28 20 29 20
28 22 29 22
29 10 29 11
29 11 30 11
29 17 29 18
29 18 34 18
29 31 31 31
30 8 33 8
31 19 31 20
32 2 32 3
32 11 32 15
32 29 32 30
32 30 32 31
32 31 33 31
33 8 34 8
33 8 33 13
34 8 34 10
34 10 34 12
34 27 34 32
