0
158
0 5 0 7
0 7 0 9
0 10 2 10
0 15 0 20
0 21 0 22
0 22 2 22
0 24 5 24
0 28 3 28
0 28 0 30
1 2 1 3
1 12 2 12
1 13 2 13
2 9 4 9
2 9 2 10
2 11 2 12
2 22 3 22
3 17 3 18
3 18 3 19
3 22 7 22
3 26 8 26
4 1 5 1
4 16 6 16
4 18 6 18
4 18 4 19
5 1 5 2
5 6 6 6
5 11 6 11
5 21 6 21
6 11 6 12
7 16 7 17
7 17 10 17
7 24 7 25
8 9 8 10
8 26 11 26
9 4 13 4
9 7 9 8
9 9 10 9
9 9 9 11
9 19 11 19
9 21 9 24
10 2 12 2
10 2 10 3
10 7 10 9
10 10 10 11
10 13 10 14
10 20 13 20
10 27 10 28
10 31 11 31
11 0 12 0
11 7 11 8
11 8 12 8
11 8 11 11
11 11 13 11
11 11 11 13
11 13 11 14
11 14 12 14
11 16 11 19
11 25 12 25
11 26 11 27
11 27 11 30
12 0 12 1
12 2 15 2
12 6 13 6
12 6 12 8
12 8 14 8
12 15 12 18
12 23 14 23
12 29 12 30
12 30 12 31
13 9 14 9
13 19 14 19
13 21 14 21
13 24 14 24
13 24 13 25
14 16 14 18
14 18 18 18
14 18 14 19
14 21 14 22
14 23 14 24
14 24 14 28
15 4 15 6
15 22 15 23
15 23 15 24
15 30 17 30
15 31 16 31
16 3 16 4
16 13 16 16
16 22 18 22
16 24 20 24
17 2 19 2
17 19 22 19
17 30 18 30
17 31 18 31
18 7 18 10
18 14 18 15
18 16 19 16
18 16 18 17
18 18 21 18
18 22 19 22
18 25 18 26
18 28 19 28
18 29 18 30
18 31 19 31
19 2 21 2
19 2 19 6
19 20 21 20
19 21 20 21
20 3 20 4
20 4 23 4
20 21 20 22
20 22 20 23
20 23 20 24
20 31 23 31
21 14 27 14
21 23 22 23
22 15 23 15
22 21 22 23
22 23 22 25
22 25 24 25
23 0 23 4
23 4 25 4
23 15 23 17
24 13 25 13
24 21 24 23
24 25 25 25
24 25 24 26
24 26 26 26
25 15 25 17
25 21 25 23
25 28 26 28
25 28 25 30
26 0 27 0
26 2 27 2
26 8 26 9
26 11 27 11
26 18 28 18
26 19 28 19
26 19 26 20
26 20 26 21
26 24 26 26
27 12 27 13
27 15 27 16
28 8 28 12
28 14 29 14
29 6 31 6
29 12 29 13
29 18 29 20
29 20 30 20
29 25 29 29
30 7 31 7
30 12 30 13
30 19 30 20
30 30 31 30
31 7 31 8
31 13 31 14
31 14 31 16
31 21 31 22
31 26 31 30
