0
143
0 9 5 9
0 9 0 10
0 10 3 10
0 11 0 17
0 17 0 25
1 0 2 0
1 2 1 5
1 5 3 5
1 12 7 12
1 12 1 15
1 15 1 18
1 18 5 18
1 18 1 24
1 24 3 24
2 0 2 2
2 2 4 2
2 7 3 7
2 7 2 8
2 15 4 15
2 15 2 17
2 20 2 21
2 21 2 23
3 5 8 5
3 5 3 6
3 6 3 7
3 7 10 7
3 8 4 8
3 10 7 10
3 13 7 13
4 1 10 1
4 2 5 2
4 2 4 4
4 4 12 4
4 6 5 6
4 8 10 8
4 15 13 15
4 24 6 24
5 6 6 6
5 17 14 17
5 17 5 18
5 18 5 22
5 22 12 22
5 25 12 25
6 6 7 6
6 11 7 11
6 24 10 24
7 6 8 6
7 10 8 10
7 10 7 11
7 11 8 11
8 2 8 3
8 3 12 3
8 6 11 6
8 10 13 10
8 16 10 16
9 12 9 14
10 7 18 7
10 19 11 19
10 23 12 23
10 23 10 24
10 24 25 24
11 9 12 9
11 18 11 19
11 19 13 19
12 3 14 3
12 9 14 9
12 11 12 13
12 13 12 14
12 14 16 14
12 23 13 23
13 4 14 4
13 8 14 8
13 15 14 15
13 19 13 21
13 21 22 21
13 21 13 22
13 22 16 22
13 22 13 23
14 3 18 3
14 3 14 4
14 4 17 4
14 8 18 8
14 9 15 9
14 16 14 17
15 0 18 0
15 0 15 1
15 9 15 10
15 10 16 10
15 17 15 20
15 20 24 20
15 23 19 23
15 25 17 25
16 2 17 2
16 10 19 10
16 11 16 13
16 14 17 14
16 14 16 17
16 17 17 17
16 18 17 18
16 22 18 22
17 4 24 4
17 4 17 5
17 13 22 13
17 13 17 14
17 14 23 14
17 25 18 25
18 0 21 0
18 0 18 1
18 3 19 3
18 7 19 7
18 7 18 8
18 8 20 8
18 25 19 25
19 6 23 6
19 10 19 12
19 16 19 17
19 17 20 17
19 25 25 25
20 9 21 9
20 9 20 11
20 11 21 11
20 12 22 12
20 15 21 15
21 0 25 0
21 0 21 3
21 7 21 9
21 15 22 15
21 15 21 18
21 18 25 18
21 23 22 23
22 9 25 9
22 9 22 12
22 21 25 21
23 5 24 5
23 10 25 10
23 14 23 16
23 16 23 17
24 4 24 5
24 14 24 17
25 0 25 3
25 10 25 17
25 17 25 18
25 18 25 19
