0
189
0 0 0 1
0 1 2 1
0 2 1 2
0 2 0 3
0 11 1 11
0 11 0 12
0 12 1 12
0 13 0 16
0 17 1 17
0 20 2 20
0 24 1 24
1 8 3 8
1 10 2 10
1 10 1 11
1 11 2 11
1 12 1 15
1 15 1 16
1 17 1 18
1 18 1 19
1 23 2 23
1 23 1 24
2 2 2 3
2 6 3 6
2 14 2 15
2 19 2 20
2 22 3 22
3 3 4 3
3 8 4 8
3 8 3 11
3 12 4 12
3 17 3 19
3 19 5 19
3 23 3 25
4 3 4 4
4 8 4 9
4 9 5 9
4 14 5 14
4 14 4 16
4 20 4 21
5 1 5 2
5 2 7 2
5 5 6 5
5 6 7 6
5 7 5 8
5 8 6 8
5 9 6 9
5 12 5 13
5 13 6 13
5 13 5 14
5 16 6 16
5 22 5 25
5 25 6 25
6 3 6 4
6 4 6 5
6 5 8 5
6 9 6 12
6 15 7 15
6 20 6 21
6 21 6 25
7 2 9 2
7 3 12 3
7 7 7 9
7 9 9 9
7 11 8 11
7 12 7 13
7 17 8 17
7 21 8 21
7 22 7 24
7 24 8 24
8 0 8 1
8 5 9 5
8 12 8 14
8 18 9 18
8 18 8 19
8 21 8 23
8 24 8 25
9 5 10 5
9 8 10 8
9 10 9 12
9 12 9 13
9 15 13 15
9 20 9 21
9 21 9 22
10 5 10 7
10 7 12 7
10 8 10 9
10 9 12 9
10 11 10 12
10 14 11 14
10 18 10 20
10 20 10 22
10 24 11 24
11 1 11 2
11 10 12 10
11 14 12 14
11 20 11 23
11 23 12 23
11 23 11 24
11 24 11 25
11 25 13 25
12 3 15 3
12 3 12 5
12 5 14 5
12 6 13 6
12 8 12 9
12 9 12 10
12 10 13 10
12 14 14 14
12 17 13 17
12 18 13 18
12 18 12 19
12 19 12 20
13 0 13 2
13 2 15 2
13 10 15 10
13 20 16 20
14 6 14 8
14 9 15 9
14 11 16 11
14 11 14 12
14 12 15 12
14 14 18 14
15 2 16 2
15 3 15 4
15 4 21 4
15 5 16 5
15 5 15 6
15 8 16 8
15 9 16 9
15 12 19 12
16 2 16 3
16 5 17 5
16 7 18 7
16 8 17 8
16 9 16 10
16 19 17 19
17 1 17 3
17 8 19 8
17 8 17 10
17 15 17 16
17 19 17 23
18 5 24 5
18 13 18 14
18 21 18 22
18 23 18 24
18 24 19 24
19 6 19 7
19 7 20 7
19 7 19 8
19 10 21 10
19 18 19 20
19 22 20 22
19 25 20 25
20 6 24 6
20 7 21 7
20 8 20 9
20 15 21 15
20 16 22 16
20 16 20 17
20 19 21 19
20 21 23 21
20 22 20 23
20 23 20 25
21 1 24 1
21 2 21 3
21 4 22 4
21 8 21 10
21 14 23 14
21 24 23 24
22 4 24 4
22 7 23 7
22 7 22 8
22 8 25 8
22 16 22 17
22 17 22 18
23 9 23 11
23 14 23 15
23 19 23 20
23 21 25 21
24 0 24 1
24 1 25 1
24 4 24 5
24 5 25 5
24 5 24 6
24 14 24 15
24 15 24 16
24 16 25 16
24 16 24 17
25 19 25 21
