0
105
0 4 3 4
0 4 0 6
0 6 0 11
0 11 3 11
0 16 4 16
0 16 0 17
0 17 5 17
0 22 6 22
0 22 0 23
0 23 1 23
0 23 0 28
1 23 1 27
2 0 2 1
2 1 8 1
2 24 5 24
3 4 12 4
3 4 3 7
3 18 6 18
4 7 7 7
4 16 7 16
5 6 6 6
5 9 5 13
5 13 6 13
6 12 6 13
6 13 7 13
6 21 6 22
6 22 8 22
6 27 10 27
7 0 10 0
7 6 11 6
7 7 7 8
7 8 13 8
7 8 7 11
7 16 7 20
7 20 13 20
7 23 12 23
7 29 17 29
8 11 8 13
8 14 11 14
8 22 10 22
9 2 11 2
9 2 9 3
9 7 14 7
9 11 15 11
10 0 12 0
10 12 12 12
11 1 13 1
11 2 22 2
11 6 20 6
11 18 19 18
11 26 14 26
11 28 12 28
12 10 17 10
12 12 12 13
12 13 14 13
12 16 20 16
12 21 19 21
12 22 15 22
12 22 12 23
12 23 16 23
12 28 14 28
13 1 15 1
13 5 29 5
14 4 23 4
14 20 15 20
14 28 20 28
15 1 16 1
15 14 20 14
15 20 17 20
15 24 22 24
16 8 18 8
16 17 19 17
17 19 21 19
17 20 29 20
17 29 18 29
18 27 28 27
19 8 19 12
19 26 20 26
20 6 20 8
20 8 23 8
20 8 20 14
20 14 20 16
20 21 22 21
20 26 21 26
21 19 26 19
21 26 22 26
22 29 23 29
23 0 27 0
23 0 23 2
23 2 23 4
23 8 26 8
23 10 26 10
23 11 23 17
24 4 27 4
24 6 29 6
26 7 26 8
26 8 28 8
26 10 27 10
26 10 26 14
27 7 29 7
27 10 28 10
28 17 29 17
29 6 29 7
29 7 29 8
29 25 29 26
