0
150
0 24 5 24
0 40 3 40
2 9 2 17
2 17 9 17
2 25 3 25
2 26 15 26
2 35 4 35
2 44 6 44
3 20 4 20
3 40 8 40
3 45 7 45
4 5 9 5
4 6 4 14
4 25 11 25
5 2 5 3
5 3 12 3
5 8 5 12
5 13 5 14
5 20 5 23
5 27 5 28
6 22 9 22
6 22 6 24
6 41 16 41
7 11 10 11
7 27 12 27
7 29 9 29
7 45 8 45
8 37 10 37
8 37 8 39
9 5 9 7
9 7 10 7
9 17 14 17
9 29 22 29
9 35 9 36
9 36 12 36
9 45 9 47
9 47 19 47
12 3 12 8
12 8 13 8
12 30 15 30
12 30 12 32
12 32 12 36
12 44 14 44
13 3 13 4
14 37 14 39
14 39 17 39
15 0 22 0
15 26 16 26
15 30 23 30
16 22 16 26
17 17 17 21
17 39 19 39
18 11 18 12
18 12 22 12
18 20 18 25
18 26 22 26
19 6 20 6
19 6 19 9
19 9 19 11
19 32 23 32
20 7 24 7
20 27 22 27
21 33 23 33
22 11 22 12
22 14 25 14
22 17 27 17
22 20 25 20
22 22 22 24
22 28 22 29
22 37 22 39
23 9 23 11
23 23 23 24
23 41 29 41
24 1 24 7
24 31 25 31
25 20 25 24
25 29 25 31
25 43 26 43
26 6 32 6
26 7 30 7
26 7 26 8
26 8 29 8
26 8 26 15
26 34 29 34
26 34 26 37
26 37 26 39
26 43 29 43
27 5 36 5
27 14 38 14
27 18 27 27
27 35 27 37
27 37 27 39
28 11 29 11
28 20 35 20
28 22 28 25
28 35 29 35
28 47 29 47
29 13 34 13
29 28 34 28
29 41 29 42
29 42 29 43
30 32 35 32
31 7 31 8
31 8 34 8
31 30 31 31
31 31 33 31
31 35 31 39
32 7 33 7
33 33 37 33
33 37 35 37
33 46 34 46
34 8 36 8
34 9 34 10
34 10 45 10
34 17 39 17
34 26 35 26
34 36 35 36
35 25 44 25
35 37 40 37
35 43 39 43
36 5 40 5
36 8 43 8
36 18 38 18
36 22 37 22
36 29 47 29
36 31 37 31
37 1 44 1
37 31 41 31
38 11 38 14
38 41 38 42
39 12 41 12
39 13 39 17
40 5 45 5
40 38 47 38
41 12 41 15
41 15 44 15
41 31 47 31
42 6 45 6
42 9 44 9
42 18 45 18
42 24 44 24
42 33 43 33
43 44 43 46
44 24 44 25
44 25 44 26
45 17 45 18
45 34 45 37
45 40 45 43
47 36 47 38
47 38 47 42
