0
147
0 11 0 12
0 14 0 24
0 26 2 26
0 27 1 27
0 34 6 34
1 5 11 5
1 8 2 8
1 22 22 22
2 0 4 0
2 29 8 29
2 29 2 30
2 30 4 30
3 15 5 15
3 15 3 16
3 19 4 19
3 23 7 23
4 0 5 0
4 2 12 2
4 19 8 19
4 30 12 30
6 18 11 18
6 24 14 24
6 25 10 25
6 36 11 36
7 4 12 4
7 23 9 23
7 32 10 32
7 34 8 34
8 10 13 10
8 16 13 16
9 15 25 15
10 40 11 40
11 3 19 3
11 5 11 9
11 14 15 14
11 23 13 23
11 36 11 40
12 17 12 18
12 39 18 39
13 6 14 6
13 11 16 11
14 2 17 2
14 38 17 38
15 4 18 4
15 4 15 5
15 14 19 14
15 16 17 16
15 17 19 17
15 28 16 28
15 28 15 32
16 1 20 1
16 11 17 11
17 6 17 9
17 11 17 13
18 34 18 39
18 39 19 39
19 12 20 12
19 14 23 14
19 24 19 25
19 38 19 39
20 1 20 10
20 12 22 12
20 16 20 17
20 17 20 21
20 34 20 38
21 4 23 4
21 7 21 9
21 9 21 10
21 24 35 24
21 31 22 31
21 33 24 33
22 8 29 8
22 25 22 26
22 26 28 26
22 26 22 28
22 28 22 31
22 31 23 31
23 4 23 5
23 12 23 13
23 13 24 13
23 35 25 35
24 33 25 33
25 35 25 39
26 0 26 5
26 13 30 13
26 13 26 21
26 21 27 21
26 21 26 23
26 31 29 31
27 34 29 34
27 34 27 35
27 35 37 35
27 35 27 37
27 37 27 38
28 11 28 12
28 18 28 19
28 37 30 37
29 2 31 2
29 8 31 8
29 31 30 31
29 31 29 33
29 33 29 34
29 34 30 34
30 13 30 15
30 37 33 37
31 2 32 2
31 9 31 10
31 13 32 13
31 21 33 21
31 21 31 23
32 9 32 13
32 26 32 27
32 27 32 32
32 32 34 32
33 8 33 19
33 22 33 23
33 23 36 23
33 37 34 37
33 37 33 39
33 39 35 39
34 7 38 7
34 18 36 18
34 19 35 19
34 30 35 30
34 32 38 32
35 24 37 24
35 24 35 29
35 30 40 30
35 31 37 31
36 4 38 4
36 4 36 5
36 8 36 10
36 17 37 17
36 17 36 18
36 37 40 37
36 37 36 38
36 38 36 39
37 1 39 1
37 18 40 18
37 18 37 24
37 35 40 35
38 3 39 3
38 5 39 5
38 5 38 7
38 31 38 32
40 25 40 29
40 29 40 30
