0
190
0 7 1 7
0 8 1 8
0 13 0 15
0 20 0 21
1 1 1 3
1 5 1 7
1 7 2 7
1 8 1 9
1 9 2 9
1 12 2 12
1 21 1 22
2 3 4 3
2 10 2 11
2 17 3 17
2 21 3 21
2 25 5 25
3 7 4 7
3 9 3 10
3 12 4 12
3 14 3 16
3 17 5 17
4 0 5 0
4 3 5 3
4 3 4 4
4 4 5 4
4 6 4 7
4 7 6 7
4 10 9 10
4 14 4 16
4 16 5 16
4 21 5 21
5 2 5 3
5 4 6 4
5 12 5 13
5 13 5 14
5 17 6 17
5 18 7 18
6 4 7 4
6 9 7 9
6 14 8 14
6 15 9 15
6 16 7 16
6 17 10 17
6 22 6 23
6 24 7 24
7 5 8 5
7 7 8 7
7 8 7 9
7 9 9 9
7 13 8 13
7 22 8 22
7 23 7 24
7 24 7 25
8 2 8 3
8 5 9 5
8 5 8 7
8 7 8 8
8 12 8 13
8 13 10 13
8 23 9 23
9 4 9 5
9 5 10 5
9 5 9 6
9 7 10 7
9 7 9 8
9 8 9 9
9 10 11 10
9 14 9 15
9 15 11 15
9 19 11 19
9 19 9 21
9 21 10 21
9 23 10 23
10 2 10 3
10 6 13 6
10 12 11 12
10 14 11 14
10 16 11 16
10 16 10 17
10 17 11 17
10 17 10 18
10 18 13 18
11 0 12 0
11 2 11 3
11 4 12 4
11 7 13 7
11 8 11 9
11 9 12 9
11 10 11 11
11 12 11 13
11 14 12 14
11 19 12 19
11 19 11 22
11 22 12 22
12 0 12 2
12 10 13 10
12 12 14 12
12 14 13 14
12 14 12 15
12 15 12 16
12 16 12 17
12 17 17 17
12 20 13 20
12 22 12 23
12 23 13 23
13 2 13 5
13 6 13 7
13 7 14 7
13 16 15 16
13 19 13 20
13 22 14 22
13 23 14 23
13 23 13 24
14 2 16 2
14 4 14 5
14 5 15 5
14 5 14 6
14 15 15 15
14 22 17 22
14 25 15 25
15 3 16 3
15 13 16 13
15 20 15 21
15 21 16 21
16 13 16 14
16 16 18 16
16 23 16 24
17 1 17 2
17 2 17 4
17 8 18 8
17 8 17 9
17 9 19 9
17 9 17 11
17 11 18 11
17 12 19 12
17 14 19 14
17 14 17 15
17 19 20 19
18 6 20 6
18 6 18 8
18 16 18 17
18 20 20 20
19 2 19 3
19 3 19 4
19 9 20 9
19 15 20 15
19 17 20 17
19 24 20 24
20 3 20 4
20 9 20 10
20 17 21 17
20 18 21 18
20 19 22 19
20 20 20 21
20 22 20 23
20 24 21 24
21 2 21 3
21 3 22 3
21 4 22 4
21 6 22 6
21 13 21 15
21 20 22 20
21 20 21 21
21 21 22 21
21 22 21 23
21 24 22 24
22 0 22 2
22 4 23 4
22 6 23 6
22 9 23 9
22 13 23 13
22 14 23 14
22 17 24 17
22 24 23 24
23 9 23 10
23 22 24 22
23 22 23 23
23 24 24 24
24 0 25 0
24 8 24 10
24 13 24 15
24 15 24 16
24 17 25 17
24 17 24 18
24 20 25 20
24 21 24 22
24 23 24 24
25 1 25 3
25 12 25 14
25 21 25 22
