0
187
0 0 2 0
0 6 1 6
0 6 0 7
0 13 1 13
1 1 2 1
1 2 1 3
1 5 1 6
1 9 1 10
1 12 3 12
1 13 1 14
1 18 1 22
1 22 3 22
2 0 2 1
2 9 2 10
2 10 3 10
2 10 2 11
2 13 3 13
2 14 4 14
2 20 2 21
3 0 6 0
3 5 3 7
3 12 4 12
3 12 3 13
3 17 3 19
3 21 3 22
3 22 3 23
3 23 5 23
3 24 4 24
4 3 7 3
4 5 4 6
4 16 4 17
4 17 4 18
4 18 6 18
5 2 7 2
5 8 6 8
5 11 7 11
5 11 5 12
5 12 5 13
5 13 5 17
5 20 5 21
5 23 5 24
6 4 6 5
6 6 6 7
6 7 9 7
6 7 6 8
6 8 7 8
6 17 7 17
6 17 6 18
6 21 8 21
6 23 6 24
7 0 8 0
7 1 8 1
7 1 7 2
7 2 8 2
7 3 8 3
7 9 8 9
7 9 7 11
7 12 8 12
7 13 8 13
7 13 7 15
7 15 9 15
7 16 7 17
7 19 8 19
7 20 8 20
8 1 9 1
8 3 9 3
8 4 10 4
8 8 8 9
8 11 9 11
8 11 8 12
8 13 8 14
8 17 9 17
8 20 8 21
8 21 8 22
8 22 8 23
8 23 9 23
9 0 10 0
9 7 9 8
9 8 10 8
9 8 9 9
9 20 9 21
9 23 9 24
10 0 10 1
10 6 11 6
10 11 10 13
10 13 11 13
10 19 11 19
11 0 11 1
11 1 11 2
11 5 12 5
11 5 11 6
11 6 13 6
11 6 11 7
11 11 12 11
11 12 13 12
11 14 13 14
11 15 11 17
11 19 12 19
12 1 14 1
12 5 15 5
12 7 12 8
12 10 12 11
12 16 13 16
12 17 12 18
12 19 12 21
12 21 16 21
13 2 13 4
13 4 15 4
13 6 13 8
13 9 15 9
13 16 15 16
13 17 13 18
13 18 14 18
13 18 13 19
14 10 14 11
14 15 15 15
14 19 14 20
14 22 14 24
15 3 17 3
15 4 15 5
15 7 18 7
15 8 16 8
15 13 15 14
15 18 16 18
15 19 15 20
15 23 15 24
16 0 16 2
16 10 17 10
16 14 17 14
16 16 19 16
16 18 17 18
16 18 16 19
17 0 18 0
17 0 17 1
17 1 18 1
17 9 17 10
17 18 18 18
17 21 17 22
17 23 17 24
18 1 18 2
18 2 18 3
18 3 20 3
18 3 18 4
18 4 18 5
18 10 18 11
18 11 19 11
19 2 20 2
19 6 19 8
19 8 19 10
19 10 22 10
19 11 21 11
19 13 19 14
19 16 20 16
19 18 19 19
19 19 19 21
19 22 21 22
19 22 19 24
19 24 20 24
20 3 22 3
20 4 20 5
20 5 20 6
20 13 20 15
21 0 21 1
21 1 21 2
21 6 22 6
21 7 22 7
21 16 22 16
21 16 21 17
21 17 21 18
21 18 21 19
21 19 22 19
21 23 21 24
22 3 23 3
22 4 22 5
22 6 24 6
22 16 23 16
22 19 24 19
23 3 24 3
23 4 23 5
23 11 23 12
23 14 23 15
23 17 23 18
23 18 24 18
23 23 24 23
24 6 24 7
24 22 24 23
24 23 24 24
