0
187
0 9 0 10
0 14 1 14
0 14 0 15
0 15 2 15
0 16 1 16
0 19 0 20
0 22 0 28
0 28 1 28
1 5 1 6
1 27 2 27
2 5 3 5
2 7 2 9
2 18 2 20
2 22 5 22
2 27 2 28
2 28 3 28
3 1 3 2
3 4 7 4
3 7 4 7
3 10 3 12
3 12 3 16
3 16 5 16
3 20 6 20
3 20 3 21
3 27 4 27
4 12 5 12
4 12 4 13
4 13 6 13
4 15 5 15
4 24 4 25
4 27 4 28
5 2 5 3
5 5 5 6
5 6 7 6
5 12 7 12
5 14 5 15
5 23 5 24
5 25 6 25
5 25 5 26
6 10 6 11
6 15 9 15
6 20 6 23
7 0 7 1
7 4 8 4
7 5 8 5
7 6 8 6
7 10 12 10
7 14 8 14
7 18 8 18
7 18 7 19
7 20 10 20
7 21 7 22
7 26 9 26
8 6 10 6
8 12 10 12
8 28 9 28
9 0 11 0
9 0 9 1
9 3 9 5
9 5 11 5
9 7 12 7
9 26 9 28
10 6 11 6
10 8 10 9
10 12 11 12
10 16 10 19
10 19 11 19
10 23 12 23
10 24 10 26
10 26 10 27
11 4 12 4
11 5 11 6
11 19 12 19
11 27 12 27
12 6 12 7
12 7 13 7
12 17 16 17
12 25 12 27
12 27 14 27
13 3 14 3
13 3 13 4
13 6 15 6
13 13 17 13
13 15 13 16
13 25 14 25
14 0 15 0
14 3 14 5
14 8 15 8
14 9 14 10
14 10 14 11
14 15 14 16
14 18 15 18
14 21 14 23
14 23 17 23
14 26 14 27
15 0 16 0
15 1 17 1
15 2 15 6
15 7 17 7
15 14 15 16
15 16 20 16
15 18 15 19
15 25 15 26
16 0 17 0
16 2 17 2
16 3 18 3
16 17 16 18
16 18 17 18
16 26 16 27
17 4 19 4
17 7 17 8
17 8 17 9
17 9 18 9
17 13 17 14
17 25 17 26
17 26 17 27
17 27 19 27
18 1 18 2
18 3 20 3
18 9 19 9
18 23 19 23
18 23 18 24
18 24 21 24
18 25 20 25
18 26 19 26
19 4 19 6
19 8 19 9
19 12 20 12
19 22 19 23
20 7 24 7
20 9 21 9
20 9 20 11
20 13 21 13
20 13 20 14
20 18 20 19
20 19 21 19
20 20 20 21
20 22 22 22
20 28 21 28
21 1 26 1
21 3 21 4
21 4 21 6
21 10 22 10
21 10 21 11
21 14 23 14
21 24 23 24
21 24 21 25
21 27 22 27
21 28 24 28
22 3 23 3
22 15 23 15
22 27 23 27
23 5 23 6
23 9 24 9
23 17 23 18
23 18 24 18
23 24 23 27
24 10 24 12
24 12 24 16
24 19 24 20
24 20 27 20
24 20 24 21
24 21 25 21
24 25 24 28
25 3 26 3
25 5 26 5
25 6 26 6
25 10 28 10
25 21 28 21
25 25 25 26
26 7 28 7
26 16 26 18
26 25 27 25
26 26 27 26
26 26 26 27
26 28 27 28
27 0 27 1
27 8 28 8
27 13 27 14
27 14 28 14
27 15 28 15
27 24 27 25
28 2 28 5
28 11 28 14
28 23 28 24
28 24 28 27
28 27 28 28
