0
155
0 8 3 8
0 15 0 17
0 22 2 22
1 10 3 10
1 24 7 24
1 26 4 26
1 27 1 29
2 2 10 2
2 12 2 13
2 17 4 17
2 21 2 22
2 22 3 22
2 23 3 23
3 7 3 8
3 8 3 10
3 10 4 10
3 10 3 12
3 12 3 13
3 13 4 13
3 20 5 20
3 20 3 22
4 8 4 9
4 10 14 10
4 14 8 14
4 14 4 17
4 17 11 17
4 22 8 22
4 25 5 25
4 25 4 26
4 29 4 30
4 30 6 30
5 5 9 5
5 5 5 7
5 11 10 11
5 18 5 20
5 20 6 20
6 3 8 3
6 18 10 18
6 28 6 30
6 30 9 30
7 23 7 24
7 24 11 24
7 24 7 25
7 25 10 25
7 28 8 28
8 6 8 8
8 14 11 14
8 16 16 16
9 4 10 4
9 5 10 5
9 6 9 8
9 15 10 15
10 0 10 1
10 2 11 2
10 4 15 4
10 18 10 21
10 21 21 21
11 0 14 0
11 6 12 6
11 6 11 9
11 14 15 14
11 17 11 18
11 18 12 18
11 20 12 20
11 31 12 31
12 3 18 3
12 28 12 31
13 11 14 11
13 13 15 13
13 26 18 26
13 27 13 29
13 31 15 31
14 6 17 6
14 8 14 10
14 12 15 12
14 19 23 19
14 24 15 24
14 28 15 28
15 0 16 0
15 12 15 13
15 13 17 13
15 13 15 14
15 17 17 17
15 23 15 24
15 27 19 27
15 28 16 28
15 30 19 30
16 22 25 22
17 6 17 8
17 8 17 10
17 10 17 13
17 13 18 13
17 13 17 16
17 16 17 17
17 31 18 31
18 3 18 7
18 7 22 7
18 17 25 17
18 23 22 23
18 23 18 26
18 26 20 26
19 10 19 13
19 13 19 14
19 14 20 14
19 30 25 30
20 1 22 1
20 16 22 16
20 27 20 28
20 28 22 28
20 31 22 31
21 8 23 8
21 10 25 10
21 20 25 20
22 1 24 1
22 2 24 2
22 2 22 4
22 4 22 5
22 23 23 23
22 28 23 28
23 4 23 8
23 18 29 18
23 23 28 23
23 27 23 28
24 2 30 2
24 2 24 7
24 7 24 9
24 24 29 24
24 28 27 28
25 3 26 3
25 6 27 6
25 6 25 8
25 10 26 10
25 17 26 17
25 20 25 22
26 1 27 1
26 30 30 30
27 3 30 3
27 6 28 6
27 15 29 15
27 15 27 16
27 22 29 22
28 13 29 13
29 7 29 12
29 13 30 13
29 13 29 14
29 14 29 15
29 21 29 22
29 22 29 24
30 14 30 17
30 17 30 21
30 27 31 27
30 27 30 30
31 21 31 23
31 27 31 28
31 28 31 31
