0
147
0 0 0 1
0 1 2 1
0 3 0 7
0 10 3 10
0 13 10 13
0 14 0 15
0 15 20 15
0 23 2 23
0 23 0 25
0 25 0 27
2 1 2 5
2 6 6 6
2 8 3 8
2 12 8 12
2 22 2 23
3 10 9 10
3 11 5 11
3 16 3 17
3 17 6 17
3 22 9 22
3 29 7 29
4 0 5 0
4 0 4 2
4 24 4 25
4 25 5 25
5 8 6 8
5 20 11 20
5 27 7 27
6 0 14 0
6 8 6 9
6 9 11 9
6 18 7 18
6 21 8 21
6 25 11 25
7 4 7 5
7 5 7 7
7 18 8 18
7 29 10 29
8 3 8 5
8 5 11 5
8 17 15 17
8 18 11 18
8 18 8 19
8 19 9 19
9 10 9 11
9 11 11 11
9 16 11 16
9 22 13 22
9 22 9 23
10 12 12 12
10 24 12 24
11 3 15 3
11 18 12 18
11 18 11 20
11 20 12 20
11 25 11 26
11 26 11 27
11 28 11 30
12 4 14 4
12 24 13 24
12 26 12 28
13 2 15 2
13 8 13 9
13 22 14 22
14 0 18 0
14 0 14 1
14 10 17 10
14 23 15 23
15 3 16 3
15 7 17 7
15 14 18 14
15 17 15 18
15 18 15 19
15 23 15 24
15 24 15 25
16 1 24 1
16 1 16 3
16 6 17 6
17 6 17 7
17 11 17 12
17 12 23 12
17 21 21 21
17 21 17 24
17 24 17 25
17 25 20 25
17 25 17 28
17 28 17 30
18 6 20 6
18 6 18 8
18 8 18 10
18 16 19 16
18 28 18 30
19 3 21 3
19 4 19 5
19 14 20 14
19 18 19 19
19 26 22 26
19 27 22 27
20 2 22 2
20 15 23 15
20 15 20 16
20 16 21 16
20 16 20 18
20 22 24 22
21 3 22 3
21 3 21 6
21 6 23 6
21 6 21 7
21 8 22 8
21 20 23 20
21 20 21 21
21 25 22 25
22 2 22 3
22 3 22 4
22 4 26 4
22 7 25 7
22 8 27 8
22 23 26 23
22 25 24 25
22 25 22 26
22 27 28 27
23 5 23 6
23 11 26 11
23 14 23 15
23 16 23 20
23 26 25 26
24 14 28 14
24 15 28 15
24 24 30 24
26 0 26 3
26 4 29 4
26 11 26 12
26 17 27 17
26 18 28 18
26 30 29 30
27 8 27 11
27 16 30 16
27 17 28 17
27 25 27 26
28 18 28 19
28 19 28 20
28 20 30 20
29 0 29 4
29 25 30 25
29 25 29 30
30 18 30 20
30 20 30 23
