0
168
0 19 0 21
0 24 0 25
0 25 2 25
0 25 0 30
0 34 0 37
1 10 1 11
1 11 2 11
1 12 2 12
1 15 1 18
1 18 4 18
1 21 3 21
2 4 2 6
2 12 4 12
2 17 4 17
2 23 2 24
2 24 8 24
2 32 2 33
3 8 5 8
3 8 3 9
3 9 4 9
4 13 5 13
4 14 4 17
4 17 10 17
4 30 7 30
4 30 4 33
4 33 4 34
5 11 10 11
5 18 5 20
5 26 5 28
6 3 7 3
6 23 9 23
7 14 7 15
7 30 9 30
7 34 7 36
8 1 10 1
8 3 8 6
8 7 8 8
8 9 10 9
9 7 9 8
9 8 10 8
9 28 10 28
9 28 9 30
9 31 13 31
10 8 10 9
10 21 13 21
11 13 13 13
11 16 18 16
11 20 12 20
11 29 16 29
11 30 26 30
11 34 14 34
11 37 14 37
12 1 12 3
12 25 12 26
13 1 13 9
13 12 13 13
13 13 15 13
13 20 16 20
13 20 13 21
13 21 13 27
13 38 16 38
14 5 15 5
14 19 19 19
14 22 14 24
15 5 17 5
15 12 15 13
15 21 15 27
16 14 26 14
16 15 20 15
16 29 17 29
17 5 18 5
17 12 19 12
17 31 25 31
18 0 20 0
18 4 18 5
18 5 18 8
18 10 19 10
18 33 18 39
19 8 19 10
19 19 19 21
19 34 20 34
19 34 19 38
20 5 21 5
20 16 27 16
20 23 21 23
20 23 20 29
20 36 20 38
20 38 24 38
21 5 21 6
21 8 31 8
21 11 22 11
21 23 25 23
22 5 24 5
23 24 23 28
24 19 24 22
24 22 25 22
24 26 24 27
24 35 24 36
25 0 27 0
25 11 25 12
25 31 25 33
26 20 26 21
26 21 27 21
26 28 26 29
26 29 29 29
26 31 34 31
27 0 27 3
27 3 27 4
27 10 27 13
27 16 27 21
27 35 27 37
28 9 34 9
28 19 30 19
28 20 33 20
28 23 28 24
28 33 28 34
28 34 30 34
28 37 29 37
28 38 30 38
29 6 30 6
29 6 29 7
29 37 31 37
30 11 31 11
30 11 30 13
30 19 31 19
30 22 30 23
30 23 30 26
31 21 32 21
31 37 33 37
32 1 34 1
32 1 32 6
32 7 34 7
32 15 33 15
32 15 32 17
32 38 32 39
33 14 33 15
33 15 35 15
33 32 34 32
33 32 33 36
33 36 33 37
34 27 37 27
34 31 35 31
34 32 36 32
34 34 35 34
34 34 34 36
34 36 36 36
34 36 34 38
35 3 35 12
35 15 35 16
35 17 36 17
35 38 38 38
36 9 36 10
36 10 37 10
36 10 36 12
37 8 37 10
37 14 38 14
37 26 37 27
38 2 39 2
38 2 38 7
38 14 39 14
38 31 38 38
38 38 39 38
38 38 38 39
39 2 39 8
39 20 39 21
39 26 39 27
39 31 39 34
39 35 39 38
