0
136
0 0 15 0
0 8 3 8
0 9 0 11
0 11 8 11
0 17 0 24
1 5 4 5
1 12 3 12
1 12 1 17
1 36 2 36
2 4 17 4
2 7 10 7
2 9 3 9
2 22 3 22
2 22 2 29
2 31 2 32
2 32 2 36
3 9 3 10
3 12 11 12
3 19 8 19
3 19 3 22
4 5 16 5
4 8 11 8
4 28 9 28
5 6 8 6
5 20 8 20
5 29 5 30
6 3 8 3
6 23 11 23
6 32 8 32
6 32 6 34
6 34 6 36
7 10 10 10
7 18 10 18
8 3 15 3
8 6 16 6
8 16 25 16
8 29 9 29
8 32 8 33
9 27 13 27
9 27 9 28
9 28 17 28
10 7 11 7
10 9 10 10
10 18 17 18
10 18 10 20
10 20 17 20
10 30 19 30
10 33 10 34
11 2 12 2
11 7 11 8
11 24 13 24
12 11 13 11
12 11 12 15
13 11 13 13
13 13 15 13
13 24 15 24
13 26 18 26
13 26 13 27
13 36 15 36
14 7 14 9
14 15 17 15
14 17 20 17
14 27 19 27
14 31 14 33
14 33 14 34
15 13 18 13
15 24 18 24
15 29 17 29
15 36 16 36
16 6 21 6
16 31 21 31
16 32 16 34
17 10 20 10
17 15 22 15
17 28 20 28
17 28 17 29
17 32 29 32
18 13 28 13
18 13 18 14
18 19 27 19
18 20 22 20
19 21 22 21
20 28 21 28
21 4 24 4
21 4 21 6
21 6 21 10
21 10 21 11
22 1 29 1
22 11 23 11
22 21 22 30
23 9 27 9
23 9 23 11
23 11 25 11
23 29 31 29
24 4 30 4
24 20 29 20
24 34 32 34
25 10 28 10
25 10 25 11
27 8 27 9
27 14 27 17
27 17 27 19
27 19 28 19
27 31 34 31
28 11 32 11
28 15 28 19
28 35 29 35
28 36 28 37
29 20 33 20
29 35 32 35
30 5 30 9
30 14 30 15
30 15 33 15
30 15 30 17
30 18 35 18
31 0 31 2
31 7 31 10
31 29 35 29
31 33 36 33
32 0 32 2
32 3 32 4
32 23 34 23
32 35 36 35
33 13 33 15
33 20 36 20
33 20 33 22
33 36 33 37
34 0 36 0
34 12 35 12
34 12 34 16
34 23 34 24
34 24 37 24
35 4 35 12
36 14 36 20
37 18 37 21
37 21 37 22
