0
194
0 4 1 4
0 9 2 9
0 9 0 11
0 13 1 13
0 13 0 14
0 15 1 15
0 20 0 21
0 22 1 22
1 2 2 2
1 3 2 3
1 4 3 4
1 5 1 7
1 12 1 13
1 13 2 13
1 15 1 17
1 18 2 18
1 19 2 19
1 21 1 22
1 22 1 23
1 23 2 23
2 6 3 6
2 7 2 8
2 8 3 8
2 11 2 12
2 12 3 12
2 13 2 15
2 15 3 15
2 16 3 16
2 17 2 18
2 20 4 20
2 21 2 22
2 22 3 22
3 1 4 1
3 1 3 3
3 3 3 4
3 5 3 6
3 6 4 6
3 7 4 7
3 9 3 10
3 10 4 10
3 10 3 11
3 12 3 14
4 0 5 0
4 0 4 1
4 2 5 2
4 7 5 7
4 11 5 11
4 12 5 12
4 12 4 14
4 15 4 16
4 16 4 17
4 20 5 20
5 0 6 0
5 1 5 2
5 3 5 4
5 4 5 5
5 5 6 5
5 11 6 11
5 14 6 14
5 14 5 15
5 22 10 22
5 22 5 23
6 5 6 7
6 11 6 12
6 12 7 12
6 20 6 21
7 0 8 0
7 1 7 3
7 4 8 4
7 5 8 5
7 5 7 7
7 8 7 9
7 11 8 11
7 12 9 12
7 14 7 15
7 19 9 19
7 20 8 20
8 0 9 0
8 0 8 1
8 1 8 4
8 5 9 5
8 9 9 9
8 21 9 21
9 0 11 0
9 9 9 10
9 10 11 10
9 10 9 11
9 20 9 21
10 2 11 2
10 7 11 7
10 7 10 8
10 12 11 12
10 14 11 14
10 14 10 16
10 16 11 16
10 17 13 17
10 18 10 19
10 20 13 20
10 22 12 22
10 23 11 23
11 0 12 0
11 0 11 1
11 2 13 2
11 7 12 7
11 9 12 9
11 21 13 21
12 0 13 0
12 1 13 1
12 7 13 7
12 9 12 11
12 11 12 12
12 13 12 14
12 18 13 18
12 19 13 19
13 0 14 0
13 2 13 4
13 11 14 11
13 11 13 15
13 15 14 15
13 15 13 16
13 20 14 20
13 21 14 21
13 21 13 22
13 22 14 22
14 1 15 1
14 5 16 5
14 6 16 6
14 7 17 7
14 9 16 9
14 11 14 12
14 12 15 12
14 13 16 13
14 13 14 14
14 20 15 20
14 22 16 22
15 0 16 0
15 2 15 3
15 8 16 8
15 12 16 12
15 15 18 15
16 0 16 3
16 4 16 5
16 13 16 14
16 20 18 20
17 2 17 3
17 7 18 7
17 8 18 8
17 10 17 11
17 11 18 11
17 14 18 14
17 16 17 17
17 17 19 17
17 18 19 18
18 8 19 8
18 8 18 9
18 9 18 10
18 12 19 12
18 13 18 14
18 20 19 20
19 3 20 3
19 3 19 4
19 4 20 4
19 4 19 5
19 7 20 7
19 7 19 8
19 8 20 8
19 9 20 9
19 9 19 12
19 14 19 15
19 21 20 21
20 2 20 3
20 3 21 3
20 11 20 12
20 13 20 15
20 15 23 15
20 15 20 16
20 17 20 19
20 22 22 22
20 22 20 23
21 5 22 5
21 6 21 7
21 8 23 8
21 9 21 11
21 11 23 11
21 17 22 17
22 4 22 5
22 6 23 6
22 6 22 7
22 7 23 7
22 18 22 22
23 2 23 3
23 7 23 8
23 12 23 15
23 18 23 20
