0
135
0 0 3 0
0 0 0 2
0 2 1 2
0 2 0 7
0 7 2 7
0 11 0 19
0 19 15 19
0 31 0 35
0 35 7 35
1 2 4 2
1 2 1 4
1 4 19 4
1 5 4 5
1 31 1 32
2 7 2 16
2 20 7 20
2 20 2 22
2 22 2 23
2 23 8 23
2 23 2 25
2 25 12 25
2 28 2 31
2 31 12 31
3 0 8 0
3 10 13 10
3 27 21 27
3 27 3 28
3 28 6 28
4 2 6 2
5 5 19 5
5 12 10 12
5 12 5 13
6 1 17 1
6 2 8 2
6 7 12 7
6 28 7 28
7 8 7 9
7 28 17 28
7 32 15 32
7 35 10 35
8 2 9 2
8 2 8 3
9 2 11 2
9 6 10 6
10 12 11 12
10 16 12 16
10 16 10 17
10 34 27 34
10 34 10 35
10 35 31 35
11 2 14 2
12 7 16 7
12 16 17 16
12 20 16 20
12 22 15 22
12 22 12 23
12 23 17 23
12 25 18 25
12 31 27 31
14 24 21 24
15 11 23 11
15 21 15 22
16 6 25 6
16 6 16 7
16 7 29 7
16 20 18 20
17 1 19 1
17 19 18 19
17 29 23 29
18 14 19 14
18 19 19 19
18 20 18 23
18 23 22 23
19 3 19 4
19 4 19 5
19 10 25 10
19 14 20 14
19 15 23 15
19 15 19 16
19 16 24 16
19 16 19 17
19 17 20 17
19 17 19 19
19 19 19 20
19 20 19 21
20 12 20 14
20 14 27 14
20 21 26 21
20 32 29 32
21 0 27 0
21 17 27 17
21 17 21 20
21 24 23 24
21 24 21 27
21 27 27 27
23 2 25 2
23 12 24 12
23 15 24 15
23 29 24 29
24 11 25 11
24 11 24 12
24 12 33 12
24 25 26 25
25 2 25 3
25 3 27 3
25 3 25 6
25 6 27 6
25 11 32 11
26 1 28 1
26 25 26 26
27 0 31 0
27 6 30 6
27 14 27 17
27 17 29 17
27 17 27 27
28 22 28 25
28 25 33 25
29 5 31 5
29 16 29 17
29 24 32 24
30 18 34 18
30 31 30 33
31 0 31 5
31 5 32 5
31 26 31 27
31 27 34 27
32 5 32 11
32 11 34 11
33 12 33 17
34 17 34 18
34 18 34 23
34 23 34 27
34 27 34 32
35 15 35 23
35 23 35 29
