0
144
0 14 9 14
0 14 0 31
1 6 1 9
1 16 6 16
1 21 3 21
1 27 7 27
1 28 11 28
2 9 2 10
2 10 4 10
2 17 2 18
3 0 3 2
3 2 3 6
3 6 5 6
3 21 12 21
3 24 4 24
3 24 3 26
4 2 7 2
4 2 4 3
4 3 4 4
4 4 6 4
4 10 4 11
4 13 7 13
5 6 5 9
5 9 5 11
6 0 10 0
6 4 7 4
6 4 6 6
6 16 8 16
6 30 8 30
7 2 10 2
7 5 20 5
7 5 7 6
7 6 11 6
7 11 12 11
7 13 10 13
7 23 10 23
7 31 8 31
8 10 9 10
8 29 14 29
9 3 11 3
9 9 9 10
9 14 10 14
9 14 9 16
9 30 11 30
10 0 10 2
10 2 14 2
10 4 12 4
10 13 11 13
10 18 13 18
10 23 10 24
10 24 14 24
10 26 11 26
11 3 15 3
11 6 13 6
11 19 21 19
12 4 17 4
12 7 12 11
12 11 19 11
12 25 12 27
13 16 14 16
13 16 13 18
14 1 15 1
14 7 14 10
14 15 14 16
14 25 16 25
14 26 15 26
14 26 14 28
15 1 16 1
15 1 15 3
15 17 18 17
15 17 15 18
15 20 15 22
15 22 15 23
15 27 26 27
16 1 18 1
16 20 17 20
17 7 17 10
17 10 20 10
17 24 18 24
18 7 21 7
18 12 21 12
18 12 18 14
18 14 18 15
18 16 20 16
18 16 18 17
18 24 23 24
19 25 22 25
20 10 23 10
20 10 20 11
20 13 21 13
20 13 20 15
20 28 26 28
21 2 21 6
21 6 26 6
21 6 21 7
21 7 24 7
21 12 22 12
21 13 23 13
21 30 22 30
22 0 24 0
22 1 22 2
22 3 23 3
22 11 23 11
22 11 22 12
22 30 25 30
23 1 23 3
23 14 23 15
23 16 25 16
23 16 23 20
23 20 24 20
23 24 29 24
24 12 25 12
24 17 25 17
24 18 25 18
24 21 24 23
25 12 25 13
25 13 26 13
25 15 25 16
25 17 29 17
25 18 29 18
25 25 26 25
26 3 27 3
26 6 27 6
26 8 30 8
26 15 26 16
26 25 26 27
26 27 26 28
27 5 27 6
27 12 29 12
28 0 29 0
28 4 29 4
28 4 28 5
28 5 28 6
28 9 29 9
29 0 31 0
29 26 29 30
29 30 29 31
30 8 31 8
30 8 30 11
30 24 30 25
30 26 31 26
30 26 30 28
31 1 31 8
31 15 31 20
