0
155
0 4 1 4
0 4 0 6
0 6 1 6
0 6 0 7
0 12 1 12
0 14 0 19
0 19 1 19
0 20 0 23
0 24 1 24
1 24 3 24
1 25 1 26
1 27 2 27
2 3 3 3
2 5 2 6
2 11 2 12
2 12 2 13
2 16 2 17
2 26 3 26
3 2 3 3
3 4 3 6
3 6 3 9
3 11 3 12
3 12 3 13
3 13 5 13
3 24 6 24
3 27 4 27
4 1 4 2
4 6 4 8
4 9 4 11
4 11 4 12
4 15 5 15
4 17 6 17
4 17 4 19
4 26 6 26
5 11 6 11
5 12 10 12
5 21 6 21
5 21 5 22
5 22 5 23
6 10 6 11
6 17 7 17
6 17 6 18
6 20 6 21
6 22 8 22
6 24 6 26
7 1 10 1
7 5 7 7
7 8 7 9
7 10 11 10
7 17 8 17
7 19 7 20
8 5 9 5
8 14 9 14
8 14 8 15
8 22 8 23
9 7 9 8
9 16 9 17
9 17 13 17
9 22 12 22
9 23 10 23
10 1 13 1
10 3 10 7
10 8 11 8
10 12 10 13
10 16 11 16
10 18 10 19
10 23 11 23
10 23 10 24
10 24 11 24
11 6 15 6
11 7 11 8
11 9 13 9
11 10 11 14
11 24 14 24
12 10 13 10
12 21 13 21
13 12 13 14
13 15 13 16
13 17 15 17
13 25 14 25
14 16 15 16
14 23 16 23
14 24 15 24
14 24 14 25
15 0 16 0
15 16 15 17
15 17 15 19
15 24 15 26
16 0 17 0
16 13 16 14
16 18 16 20
16 20 16 21
16 26 17 26
17 0 17 3
17 3 24 3
17 4 17 6
17 15 18 15
17 19 17 21
17 24 17 26
18 1 19 1
18 4 18 6
18 6 19 6
18 13 18 14
18 16 18 19
18 20 19 20
18 21 19 21
18 24 18 26
18 26 19 26
19 9 21 9
19 9 19 13
19 19 19 20
19 23 20 23
19 23 19 25
20 1 21 1
20 5 21 5
20 12 22 12
20 17 20 18
20 21 20 22
20 22 20 23
21 0 23 0
21 4 21 5
21 5 23 5
21 6 21 8
21 8 21 9
21 10 23 10
21 16 21 17
21 20 22 20
21 25 21 27
21 27 22 27
22 12 22 15
22 18 23 18
22 20 22 22
22 24 24 24
23 10 25 10
23 11 23 13
23 15 23 16
23 18 23 20
24 3 26 3
24 21 24 22
24 26 24 27
25 4 26 4
25 7 25 10
25 14 26 14
25 17 25 19
25 19 26 19
25 20 26 20
25 21 25 23
25 23 25 24
26 0 26 1
26 3 26 4
26 5 27 5
26 13 26 14
26 27 27 27
27 11 27 12
27 12 27 13
