0
139
0 1 1 1
0 1 0 3
0 15 0 17
0 39 1 39
1 18 1 26
1 28 6 28
1 31 11 31
1 39 10 39
2 40 3 40
3 25 4 25
4 22 5 22
5 5 15 5
5 26 6 26
5 27 7 27
5 29 6 29
5 32 10 32
5 37 5 38
5 38 10 38
5 40 15 40
6 17 6 21
6 21 8 21
6 28 6 29
6 34 11 34
7 4 10 4
7 7 16 7
8 15 12 15
8 15 8 16
8 16 9 16
8 20 9 20
8 25 13 25
8 30 12 30
9 16 14 16
9 16 9 19
9 19 9 20
10 4 11 4
10 9 18 9
10 9 10 11
10 38 10 39
11 4 17 4
11 31 11 32
11 32 13 32
11 32 11 34
11 34 11 36
11 38 19 38
12 1 18 1
12 23 13 23
12 26 14 26
12 26 12 30
12 33 18 33
13 18 18 18
13 18 13 22
13 23 13 25
13 25 24 25
14 10 14 11
14 22 18 22
14 36 22 36
14 41 20 41
15 2 20 2
15 5 16 5
16 8 21 8
16 26 24 26
16 35 18 35
17 7 23 7
17 11 19 11
17 11 17 15
18 18 21 18
18 22 20 22
18 27 21 27
18 27 18 33
18 33 24 33
18 39 20 39
19 37 19 38
20 6 25 6
20 22 21 22
20 31 31 31
20 35 22 35
21 8 21 9
21 18 31 18
21 22 24 22
21 23 22 23
22 8 22 12
22 12 24 12
22 29 23 29
22 36 23 36
22 36 22 38
22 38 28 38
23 7 24 7
23 29 24 29
24 7 24 9
24 9 34 9
24 21 24 22
24 22 24 24
24 25 29 25
24 29 31 29
25 21 25 24
25 24 36 24
26 16 28 16
26 30 28 30
26 39 29 39
27 11 32 11
28 16 35 16
28 23 31 23
29 35 31 35
29 37 32 37
29 37 29 38
30 8 34 8
31 19 31 20
31 20 31 21
31 23 35 23
31 28 31 29
31 29 38 29
31 31 31 35
32 6 37 6
32 25 34 25
32 35 32 37
33 27 34 27
34 9 34 10
34 10 39 10
34 27 38 27
34 33 34 36
34 37 37 37
36 20 39 20
36 25 37 25
36 35 38 35
37 6 38 6
37 7 37 9
37 15 41 15
38 13 38 14
38 27 41 27
38 27 38 29
39 10 39 12
39 12 41 12
39 17 39 20
39 36 41 36
39 38 39 40
41 12 41 15
41 15 41 17
41 17 41 22
41 28 41 33
