0
174
0 1 0 5
0 15 4 15
0 15 0 21
1 2 1 11
1 12 7 12
1 16 2 16
1 16 1 20
2 6 2 10
2 10 6 10
2 16 3 16
2 34 5 34
2 35 3 35
2 36 11 36
2 37 13 37
3 0 3 3
3 3 4 3
3 9 5 9
3 14 5 14
3 20 23 20
3 29 3 31
3 44 10 44
3 44 3 45
3 45 7 45
3 45 3 46
4 18 25 18
4 38 13 38
5 8 7 8
5 9 16 9
5 25 6 25
5 28 5 30
5 33 5 34
5 46 5 47
6 7 8 7
6 14 8 14
6 22 6 25
6 41 6 43
8 40 19 40
8 40 8 42
8 46 10 46
9 22 11 22
9 27 9 35
10 28 13 28
10 28 10 32
10 32 10 34
10 46 26 46
11 0 26 0
11 21 11 22
11 25 13 25
11 31 11 33
11 33 11 36
11 42 16 42
11 42 11 43
12 4 12 6
12 6 19 6
12 14 12 15
13 13 14 13
13 25 14 25
13 25 13 28
13 29 13 31
13 31 13 37
13 37 18 37
13 37 13 38
13 44 13 45
14 13 30 13
14 19 16 19
14 26 17 26
15 12 20 12
15 31 18 31
15 31 15 32
15 43 17 43
16 33 34 33
16 39 26 39
17 9 17 11
17 16 19 16
17 24 19 24
17 25 23 25
17 27 18 27
17 41 17 43
18 29 21 29
18 31 23 31
18 41 19 41
18 41 18 42
18 42 18 43
18 43 19 43
19 1 24 1
19 9 19 10
19 10 21 10
19 10 19 11
19 21 22 21
19 24 23 24
19 27 27 27
19 35 23 35
19 36 21 36
20 22 32 22
21 6 24 6
21 36 28 36
22 2 30 2
23 20 30 20
23 30 23 31
23 40 23 44
24 34 26 34
25 25 26 25
26 10 26 11
26 11 36 11
26 25 29 25
26 28 27 28
26 32 43 32
26 46 29 46
27 41 31 41
28 27 34 27
28 27 28 30
28 45 30 45
29 3 31 3
29 8 29 9
29 28 30 28
30 6 30 7
30 9 31 9
31 3 31 9
31 20 32 20
31 36 31 41
31 47 33 47
32 14 32 18
32 18 32 20
32 36 33 36
32 43 37 43
33 18 33 22
33 34 35 34
34 1 39 1
34 8 36 8
34 13 34 15
34 30 41 30
34 38 44 38
35 6 39 6
36 8 39 8
36 11 46 11
36 39 36 41
36 41 39 41
37 17 38 17
37 17 37 19
37 33 37 37
38 7 42 7
39 4 39 6
39 23 40 23
39 40 41 40
39 40 39 41
39 41 40 41
40 15 46 15
40 35 44 35
41 19 41 20
41 25 41 29
42 18 42 21
42 34 46 34
42 40 43 40
42 46 42 47
43 32 43 33
43 43 43 45
44 4 47 4
44 4 44 7
44 14 47 14
44 16 47 16
44 38 44 40
44 42 44 45
45 19 47 19
45 19 45 28
45 28 45 32
45 38 45 43
45 43 46 43
45 44 47 44
45 44 45 45
46 5 47 5
46 45 46 47
47 8 47 14
47 16 47 19
47 42 47 44
