0
143
0 16 0 18
0 26 0 27
0 27 0 28
0 28 1 28
0 28 0 29
0 35 1 35
1 33 1 35
2 14 4 14
2 16 2 24
2 27 6 27
2 37 3 37
3 0 4 0
3 11 4 11
3 35 3 37
3 37 3 39
4 8 4 11
4 32 8 32
4 32 4 37
5 2 6 2
5 12 5 17
6 2 12 2
6 2 6 3
6 9 11 9
6 9 6 11
6 11 6 12
6 12 6 13
6 15 11 15
6 15 6 20
6 23 12 23
6 27 9 27
6 27 6 28
6 28 13 28
6 30 10 30
6 31 9 31
7 3 8 3
7 13 9 13
7 18 8 18
7 37 8 37
8 3 15 3
8 29 14 29
9 20 9 22
9 27 10 27
10 34 14 34
10 34 10 37
10 37 17 37
11 9 14 9
11 10 11 15
11 35 12 35
12 1 14 1
12 2 34 2
12 14 12 17
12 17 13 17
12 17 12 21
13 28 15 28
14 9 14 10
14 12 18 12
14 32 14 34
14 35 15 35
14 36 19 36
15 3 15 4
15 4 16 4
15 16 20 16
16 4 19 4
16 30 17 30
17 5 17 6
17 6 17 9
17 9 17 11
17 19 17 22
17 22 17 23
17 28 22 28
17 31 19 31
17 37 22 37
18 6 18 9
18 12 19 12
18 29 22 29
19 1 25 1
19 3 19 4
19 7 33 7
19 34 19 35
20 16 20 19
20 20 20 21
20 39 31 39
21 8 25 8
22 9 29 9
22 20 28 20
22 29 25 29
22 29 22 31
22 31 27 31
22 38 28 38
23 5 26 5
23 22 24 22
23 35 25 35
24 21 24 22
24 25 25 25
24 32 29 32
25 1 36 1
25 8 26 8
25 10 32 10
25 22 25 25
25 30 35 30
25 34 28 34
26 15 28 15
28 11 34 11
28 11 28 15
28 19 28 20
28 38 29 38
29 20 36 20
29 31 29 32
29 37 29 38
29 38 30 38
30 3 32 3
30 13 33 13
30 21 33 21
30 38 34 38
31 0 32 0
31 17 33 17
31 19 33 19
32 10 35 10
32 39 33 39
33 7 36 7
33 19 35 19
33 23 37 23
33 24 33 26
34 6 38 6
34 11 34 12
34 12 39 12
35 5 36 5
35 8 35 10
35 13 37 13
36 1 36 2
36 4 37 4
36 20 38 20
37 7 39 7
37 7 37 8
38 3 39 3
38 6 39 6
38 17 38 20
38 20 38 28
38 28 39 28
39 2 39 3
39 12 39 14
39 16 39 17
39 17 39 19
