0
133
0 5 0 10
0 10 0 11
1 11 1 16
2 3 2 6
3 9 7 9
3 9 3 12
3 29 4 29
3 29 3 33
3 33 4 33
3 40 6 40
4 12 4 13
4 15 7 15
4 25 4 26
4 26 8 26
4 33 4 37
4 38 13 38
5 20 7 20
5 22 5 23
5 23 6 23
6 30 6 31
7 9 13 9
7 27 7 29
8 3 12 3
8 11 8 13
8 22 14 22
8 22 8 25
8 40 15 40
9 19 9 21
9 27 9 28
9 37 13 37
9 39 10 39
10 0 10 2
10 11 10 12
10 12 18 12
10 15 13 15
10 17 13 17
10 19 10 20
10 28 12 28
10 39 17 39
12 24 13 24
12 33 14 33
12 33 12 35
12 35 15 35
13 14 26 14
13 17 17 17
13 17 13 18
13 18 14 18
13 32 18 32
14 4 17 4
14 15 14 16
14 18 14 21
16 2 16 3
16 19 18 19
16 19 16 20
16 24 16 31
17 15 18 15
17 16 18 16
17 16 17 17
17 29 26 29
17 34 17 36
17 36 19 36
18 12 18 13
18 15 20 15
18 21 18 22
18 38 22 38
19 34 20 34
19 36 26 36
20 2 20 3
20 3 20 7
20 8 20 9
20 31 20 32
20 32 20 33
20 33 20 34
20 40 24 40
21 2 22 2
21 2 21 4
21 8 23 8
21 12 22 12
21 15 30 15
22 37 24 37
23 10 27 10
23 13 25 13
24 11 26 11
24 22 26 22
25 37 28 37
25 40 27 40
26 11 26 14
26 19 27 19
26 28 33 28
26 33 28 33
27 16 27 19
28 5 28 7
28 13 29 13
28 13 28 14
28 23 36 23
28 25 30 25
29 4 35 4
29 4 29 7
29 19 29 22
29 34 37 34
30 5 32 5
30 8 30 9
30 10 30 15
30 15 30 17
30 17 31 17
31 14 34 14
32 38 35 38
33 17 34 17
33 36 34 36
34 6 35 6
34 7 34 12
34 12 34 14
34 15 40 15
34 17 35 17
34 36 35 36
35 3 37 3
35 6 36 6
35 16 35 17
36 21 36 23
37 3 40 3
37 4 38 4
37 12 37 14
37 14 38 14
37 22 39 22
38 13 39 13
38 14 40 14
38 19 40 19
38 28 38 32
38 37 40 37
40 3 40 4
40 19 40 29
40 31 40 35
40 36 40 37
