0
128
0 1 0 4
0 4 4 4
0 14 0 16
0 20 0 26
1 7 3 7
1 8 2 8
1 17 1 21
1 21 2 21
1 21 1 27
2 0 5 0
2 8 6 8
2 8 2 11
2 11 7 11
2 12 6 12
2 12 2 16
2 16 4 16
2 21 13 21
2 21 2 26
3 1 3 2
3 2 13 2
3 6 3 7
4 13 5 13
4 13 4 14
4 14 5 14
4 31 13 31
5 1 6 1
5 13 10 13
5 16 6 16
5 27 7 27
5 33 6 33
6 1 14 1
6 5 6 8
6 12 13 12
6 29 12 29
6 32 6 33
7 0 10 0
7 9 7 11
7 11 14 11
7 18 11 18
7 20 18 20
7 28 10 28
7 32 18 32
8 37 9 37
9 8 9 10
9 10 23 10
9 17 10 17
9 26 13 26
9 30 15 30
9 34 12 34
11 7 14 7
11 13 16 13
12 17 12 18
12 34 22 34
13 31 17 31
14 1 26 1
14 2 15 2
14 2 14 3
14 7 16 7
14 11 15 11
14 11 14 12
14 29 17 29
14 33 23 33
15 22 18 22
15 23 15 24
17 13 17 16
17 16 24 16
17 23 17 27
18 5 19 5
18 5 18 7
18 7 19 7
18 22 21 22
19 5 21 5
19 7 25 7
19 14 24 14
19 18 19 20
19 20 25 20
19 24 19 29
19 29 19 31
20 3 24 3
20 8 22 8
21 2 36 2
21 11 21 12
21 25 25 25
22 0 24 0
22 4 26 4
22 6 23 6
22 15 26 15
22 26 29 26
22 29 28 29
23 10 23 12
23 23 24 23
23 30 23 33
23 33 29 33
24 11 25 11
25 7 25 10
25 20 30 20
25 20 25 23
25 23 35 23
25 35 30 35
25 35 25 37
26 10 26 15
26 15 34 15
27 9 27 12
27 12 29 12
27 17 30 17
28 4 28 5
28 16 29 16
28 18 36 18
28 24 28 25
28 25 30 25
28 29 33 29
29 30 29 31
29 31 29 33
30 3 31 3
30 11 31 11
30 37 36 37
31 20 34 20
31 27 33 27
32 13 33 13
33 26 33 27
34 11 34 12
34 15 34 16
34 16 36 16
34 25 37 25
35 22 36 22
36 16 36 18
37 5 37 8
37 24 37 25
