0
109
0 1 0 3
0 3 2 3
0 4 0 6
0 6 0 33
0 34 21 34
1 15 7 15
1 15 1 18
1 18 1 22
1 22 6 22
1 22 1 25
1 25 1 27
1 27 1 32
2 3 4 3
2 3 2 4
2 4 2 9
2 9 16 9
2 10 2 12
2 12 20 12
2 20 8 20
3 8 10 8
3 27 14 27
3 28 15 28
4 3 12 3
5 4 25 4
5 14 12 14
5 23 32 23
5 35 8 35
6 25 18 25
6 29 13 29
7 1 7 2
7 2 8 2
8 20 18 20
8 20 8 21
8 35 12 35
9 24 17 24
10 8 16 8
10 16 23 16
11 1 12 1
11 5 11 6
12 0 14 0
12 0 12 1
12 13 13 13
12 13 12 14
12 14 19 14
12 33 20 33
13 6 22 6
13 29 18 29
14 27 15 27
14 30 16 30
16 8 20 8
16 9 28 9
16 35 16 36
17 17 30 17
17 24 23 24
18 2 22 2
18 3 27 3
18 20 23 20
18 25 18 29
19 1 29 1
19 14 26 14
19 35 23 35
20 8 24 8
20 12 28 12
20 27 23 27
20 33 22 33
20 36 32 36
21 22 22 22
22 0 23 0
22 2 23 2
22 22 25 22
23 0 30 0
23 16 28 16
23 20 32 20
23 25 23 27
23 27 26 27
23 27 23 34
23 35 29 35
24 18 26 18
24 30 31 30
25 15 30 15
25 25 28 25
25 25 25 26
26 14 28 14
26 27 35 27
27 26 32 26
28 12 28 14
28 14 30 14
28 18 30 18
28 24 28 25
28 25 30 25
30 0 32 0
30 0 30 3
30 3 34 3
30 14 30 15
30 15 35 15
30 25 32 25
30 31 33 31
31 11 37 11
31 30 35 30
32 0 32 1
32 18 32 20
32 20 34 20
32 34 35 34
32 36 35 36
33 33 36 33
35 15 35 27
35 27 35 30
36 3 36 5
36 5 37 5
