0
125
0 17 3 17
0 20 6 20
0 20 0 38
1 0 1 2
1 2 1 7
1 7 5 7
1 21 1 24
2 1 2 3
2 3 8 3
2 12 3 12
3 13 5 13
3 17 7 17
3 22 6 22
3 27 3 29
5 7 8 7
5 11 9 11
5 11 5 13
5 26 6 26
5 27 5 30
6 4 10 4
6 18 6 19
6 19 9 19
6 19 6 20
6 20 9 20
6 24 6 26
6 26 20 26
6 26 6 27
6 27 6 38
7 14 7 17
7 17 15 17
8 5 10 5
8 7 12 7
8 12 13 12
8 18 10 18
8 27 8 30
8 30 8 33
9 0 9 2
9 2 12 2
9 11 11 11
9 15 10 15
9 20 9 21
9 21 10 21
10 0 10 1
10 1 14 1
10 4 12 4
10 15 13 15
10 18 11 18
10 21 12 21
11 31 13 31
11 31 11 32
11 32 32 32
12 2 14 2
12 2 12 4
12 6 21 6
12 6 12 7
12 7 12 9
12 9 12 11
12 21 13 21
12 24 19 24
13 4 13 5
13 12 13 14
13 14 16 14
13 21 25 21
13 34 16 34
15 17 15 20
15 20 25 20
16 0 24 0
16 14 35 14
16 34 20 34
18 25 21 25
18 35 18 38
19 3 30 3
19 12 23 12
20 7 28 7
20 7 20 10
20 10 23 10
20 34 20 39
21 5 21 6
21 19 23 19
21 25 22 25
21 29 23 29
22 23 22 25
22 25 33 25
23 2 25 2
23 12 26 12
23 33 29 33
24 0 29 0
24 11 30 11
24 30 27 30
25 21 25 22
26 2 34 2
26 9 26 10
26 17 31 17
26 21 31 21
28 35 39 35
28 36 32 36
29 38 30 38
30 3 30 6
30 6 31 6
30 9 30 11
30 11 33 11
30 26 34 26
31 7 36 7
31 19 33 19
31 21 31 22
32 4 37 4
32 36 37 36
33 6 36 6
33 11 34 11
34 23 34 24
34 25 34 26
34 26 39 26
34 26 34 34
34 37 34 38
35 27 35 29
35 32 36 32
36 6 36 7
36 21 39 21
37 11 37 20
37 32 39 32
38 3 38 11
38 11 38 14
39 10 39 11
39 11 39 12
39 26 39 31
