0
156
0 1 3 1
0 2 0 3
0 3 1 3
0 8 0 9
0 15 2 15
0 19 0 20
0 20 0 24
1 0 2 0
1 7 2 7
1 11 6 11
1 25 2 25
1 25 1 26
1 26 2 26
1 26 1 27
1 27 3 27
2 5 2 7
2 17 4 17
2 30 3 30
3 1 3 2
3 2 5 2
3 3 5 3
3 3 3 4
3 4 3 7
3 29 3 30
4 4 7 4
4 29 7 29
4 30 5 30
5 3 7 3
5 13 5 14
5 19 5 20
5 25 5 28
6 9 7 9
6 11 6 12
6 16 7 16
6 28 8 28
7 2 7 3
7 8 7 9
7 17 7 18
7 29 8 29
7 29 7 33
8 2 8 7
8 13 9 13
8 15 13 15
9 5 15 5
9 7 9 13
9 14 14 14
9 23 9 24
9 28 12 28
9 29 10 29
10 2 10 3
10 29 14 29
10 33 11 33
11 7 12 7
12 0 13 0
12 2 14 2
12 20 24 20
13 15 15 15
13 24 14 24
14 6 16 6
14 10 15 10
14 13 14 14
14 17 15 17
14 24 14 25
14 27 14 28
14 29 15 29
14 32 14 33
15 15 15 17
15 29 16 29
15 29 15 31
15 31 15 34
16 6 16 10
16 10 17 10
16 17 17 17
16 21 16 22
16 25 19 25
16 29 16 32
17 29 21 29
17 34 18 34
18 5 18 9
18 11 21 11
18 12 18 18
18 18 21 18
18 26 20 26
18 26 18 27
18 27 19 27
20 15 20 17
20 19 21 19
20 22 21 22
21 24 21 25
21 29 21 31
22 1 24 1
22 4 23 4
22 4 22 6
22 13 22 15
22 15 24 15
22 17 24 17
22 29 23 29
22 29 22 31
23 2 24 2
23 3 23 4
23 6 23 7
23 16 25 16
23 28 32 28
23 28 23 29
24 3 24 4
24 4 24 5
24 6 25 6
24 7 29 7
24 13 24 14
24 30 24 32
25 0 27 0
25 0 25 1
25 9 26 9
25 10 25 12
25 22 25 25
25 25 29 25
26 3 26 6
26 10 32 10
26 13 26 16
26 16 29 16
26 17 26 19
26 19 28 19
26 19 26 20
26 26 26 27
27 13 28 13
27 13 27 15
27 34 28 34
28 19 29 19
28 27 31 27
28 34 34 34
29 5 33 5
29 8 31 8
29 33 31 33
30 13 30 16
30 19 30 22
30 22 32 22
30 22 30 24
31 16 31 17
31 25 34 25
31 26 31 27
31 30 31 33
32 1 33 1
32 4 33 4
32 6 33 6
32 6 32 7
32 9 32 10
32 12 32 13
32 14 33 14
33 1 33 3
33 6 33 10
33 12 34 12
33 12 33 13
33 17 33 20
34 10 34 12
34 14 34 19
34 21 34 25
