0
152
0 1 3 1
0 3 1 3
0 3 0 4
0 4 0 5
0 5 1 5
0 9 0 10
0 10 2 10
0 18 0 20
1 3 3 3
1 5 8 5
1 14 5 14
1 18 3 18
1 23 2 23
2 11 2 12
2 19 2 23
2 23 2 24
3 0 4 0
3 1 8 1
3 8 4 8
3 9 6 9
3 11 3 12
3 15 4 15
3 17 4 17
3 17 3 18
3 18 6 18
3 18 3 19
4 17 6 17
5 4 7 4
5 10 5 14
5 14 6 14
5 14 5 16
5 19 5 24
6 8 7 8
6 10 8 10
6 15 7 15
6 15 6 16
6 18 8 18
6 18 6 19
6 19 7 19
6 19 6 20
6 20 6 23
7 4 8 4
7 8 7 9
7 11 7 12
7 15 9 15
7 19 8 19
7 21 9 21
8 0 9 0
8 5 8 8
8 8 11 8
8 18 10 18
9 0 11 0
9 9 9 11
9 11 9 12
9 14 9 15
9 17 11 17
10 1 10 4
10 11 11 11
10 11 10 12
10 18 10 21
11 0 12 0
11 1 11 3
11 6 11 7
11 7 11 8
11 8 11 9
11 10 13 10
11 11 15 11
11 19 13 19
11 22 12 22
12 0 14 0
12 3 17 3
12 4 18 4
12 6 12 9
12 20 12 21
12 21 13 21
12 21 12 22
12 24 13 24
13 5 13 10
13 12 17 12
13 12 13 16
13 17 13 18
14 5 14 9
14 15 14 17
14 18 14 19
14 22 15 22
14 23 15 23
15 6 16 6
15 6 15 7
15 9 16 9
15 15 15 16
15 16 15 17
15 18 20 18
15 21 19 21
15 22 17 22
15 23 16 23
16 1 16 2
16 6 17 6
16 7 16 9
16 14 19 14
16 20 17 20
17 1 20 1
17 3 19 3
17 6 18 6
17 9 17 10
17 12 19 12
18 0 23 0
18 4 19 4
18 5 20 5
18 17 19 17
18 22 19 22
19 6 22 6
19 6 19 9
19 9 22 9
19 9 19 10
19 12 23 12
19 13 19 14
19 14 21 14
19 17 20 17
19 20 20 20
19 24 20 24
20 1 21 1
20 3 21 3
20 17 22 17
20 18 20 19
21 1 22 1
21 1 21 2
21 2 21 3
21 3 23 3
21 13 21 14
21 14 23 14
21 15 22 15
21 21 22 21
21 21 21 22
21 22 21 23
21 23 22 23
22 1 24 1
22 15 22 16
22 16 22 17
22 17 22 18
22 19 23 19
22 21 23 21
22 22 23 22
22 23 22 24
22 24 24 24
23 3 23 7
23 8 24 8
23 17 23 19
23 22 24 22
24 3 24 8
24 8 24 12
24 12 24 13
24 13 24 22
