0
158
0 6 4 6
0 6 0 7
0 10 0 17
0 22 0 24
0 26 1 26
0 26 0 29
0 29 0 32
1 1 3 1
1 4 1 5
1 5 4 5
1 13 1 16
1 22 2 22
2 2 5 2
2 12 3 12
2 18 3 18
2 19 10 19
2 32 2 33
2 38 2 41
3 7 3 9
3 12 4 12
3 12 3 16
3 18 6 18
3 36 7 36
3 38 7 38
3 38 3 39
4 25 4 31
5 2 6 2
5 7 7 7
6 6 8 6
6 18 7 18
6 41 7 41
7 9 8 9
7 35 24 35
7 35 7 36
7 41 8 41
7 41 7 42
8 3 8 6
8 6 8 9
8 25 12 25
8 36 8 41
9 1 14 1
9 27 9 33
9 42 11 42
10 11 17 11
10 15 15 15
10 24 19 24
10 26 10 27
11 37 12 37
12 19 14 19
12 27 14 27
12 37 20 37
12 41 13 41
13 12 14 12
13 41 17 41
14 1 14 9
14 26 17 26
14 26 14 27
14 27 22 27
14 30 17 30
15 4 15 6
15 6 15 8
15 15 20 15
15 17 15 19
15 19 15 20
15 20 17 20
16 33 16 34
18 0 18 4
18 38 18 42
19 30 23 30
20 10 20 11
20 13 20 15
20 15 23 15
20 22 21 22
20 42 23 42
21 40 23 40
22 2 23 2
22 5 23 5
22 25 22 26
22 36 22 37
22 37 23 37
23 5 29 5
23 9 27 9
23 14 26 14
23 26 23 27
23 27 28 27
23 27 23 29
23 29 26 29
23 30 26 30
23 37 26 37
23 40 33 40
23 40 23 42
23 42 36 42
24 10 26 10
24 20 25 20
24 25 29 25
24 39 27 39
25 17 29 17
25 26 36 26
26 10 36 10
26 14 26 16
26 19 26 21
26 21 26 22
26 30 29 30
26 33 26 37
27 13 30 13
27 13 27 15
27 36 27 38
28 3 34 3
28 15 29 15
28 27 30 27
28 36 28 38
28 38 29 38
29 5 34 5
29 18 31 18
29 19 33 19
29 25 31 25
30 7 41 7
30 14 31 14
30 20 31 20
30 27 32 27
31 11 31 14
31 14 31 18
31 31 33 31
31 35 33 35
32 11 38 11
32 16 34 16
32 28 32 30
32 36 33 36
33 0 33 1
33 37 34 37
34 8 38 8
34 32 35 32
34 37 34 39
35 17 41 17
35 23 38 23
35 29 35 32
35 32 36 32
35 38 38 38
36 5 36 6
36 20 38 20
36 26 38 26
36 32 39 32
36 39 36 42
37 0 38 0
37 18 37 19
38 20 39 20
38 41 39 41
39 20 42 20
39 28 39 29
39 29 39 32
40 22 40 28
40 34 41 34
41 0 41 7
41 9 41 12
41 28 41 30
41 35 41 37
41 39 41 40
42 22 42 28
