0
136
0 5 0 12
0 12 3 12
0 12 0 13
0 13 2 13
0 18 1 18
0 18 0 19
0 19 4 19
0 20 0 21
1 0 1 1
1 1 4 1
1 1 1 3
1 3 1 5
1 7 1 8
1 8 1 10
1 10 5 10
1 16 3 16
1 18 15 18
2 3 2 5
2 5 4 5
2 13 3 13
3 2 6 2
3 2 3 3
3 7 3 9
3 13 4 13
3 13 3 14
3 14 3 16
3 16 6 16
3 20 6 20
3 21 3 22
3 22 4 22
4 1 12 1
4 3 7 3
4 3 4 5
4 8 6 8
4 11 4 13
4 13 4 15
4 17 5 17
4 19 6 19
5 9 7 9
5 13 7 13
5 17 6 17
5 22 5 23
6 11 7 11
6 15 8 15
6 16 7 16
6 19 9 19
6 20 15 20
7 2 11 2
7 2 7 3
7 3 8 3
7 3 7 5
7 5 8 5
7 7 11 7
7 9 10 9
7 9 7 10
7 10 10 10
7 10 7 11
7 11 9 11
7 11 7 13
7 13 11 13
8 3 10 3
8 5 15 5
8 5 8 6
8 14 10 14
8 14 8 15
9 17 12 17
9 22 13 22
10 3 13 3
10 8 10 9
10 9 12 9
10 10 13 10
10 10 10 12
10 14 13 14
10 15 12 15
11 13 12 13
12 0 13 0
12 1 12 2
12 2 13 2
12 6 12 9
12 9 16 9
12 13 22 13
12 15 12 17
12 21 14 21
13 3 14 3
13 14 15 14
13 14 13 16
13 16 18 16
13 16 13 17
13 22 15 22
13 23 18 23
14 3 17 3
14 3 14 4
14 10 15 10
14 21 16 21
15 5 16 5
15 18 15 19
15 22 16 22
16 2 17 2
16 4 16 5
16 5 17 5
16 8 16 9
16 9 18 9
16 9 16 10
16 11 16 12
16 12 18 12
16 19 23 19
16 19 16 21
16 21 18 21
16 22 18 22
17 2 22 2
17 2 17 3
17 4 18 4
17 5 17 7
17 7 18 7
17 7 17 8
17 8 21 8
17 14 18 14
17 17 22 17
18 3 19 3
18 3 18 4
18 9 19 9
18 9 18 10
18 10 22 10
18 16 21 16
18 23 22 23
19 1 20 1
19 3 19 7
19 7 21 7
20 4 21 4
20 20 21 20
21 1 23 1
21 4 23 4
21 20 21 21
23 1 23 4
23 4 23 9
23 9 23 10
