0
152
0 18 3 18
0 18 0 20
0 20 0 21
0 24 2 24
1 11 1 12
1 13 7 13
1 15 2 15
2 6 2 8
2 23 2 24
2 25 2 29
3 5 3 6
3 7 3 9
3 21 3 23
3 23 5 23
3 23 3 24
3 30 3 36
4 4 5 4
4 10 4 12
4 17 4 19
4 19 5 19
4 27 8 27
4 29 6 29
4 35 5 35
4 35 4 36
5 8 5 10
5 19 7 19
5 19 5 22
5 22 6 22
5 26 10 26
5 32 5 34
6 4 8 4
6 6 6 7
6 7 10 7
7 12 10 12
7 16 9 16
8 4 11 4
8 21 8 22
8 30 8 33
8 33 13 33
9 9 10 9
9 9 9 11
9 16 9 21
9 22 9 23
9 28 11 28
9 28 9 31
10 26 13 26
10 27 11 27
10 36 12 36
11 2 11 4
11 8 11 10
11 10 15 10
11 14 11 16
11 16 17 16
11 22 11 24
11 34 13 34
12 0 14 0
12 3 13 3
12 28 12 31
12 35 12 36
13 13 14 13
13 17 14 17
13 18 13 24
13 24 13 25
13 28 13 30
13 32 13 33
14 0 15 0
14 6 18 6
14 25 16 25
15 0 15 1
15 4 17 4
15 12 18 12
16 1 16 2
16 19 19 19
16 20 16 21
16 35 22 35
16 35 16 36
17 21 17 25
18 6 20 6
18 9 21 9
18 12 18 13
18 22 20 22
18 30 18 31
18 36 23 36
19 3 19 5
19 11 21 11
19 19 21 19
20 0 20 2
20 2 20 3
20 6 20 8
20 14 21 14
20 17 26 17
20 34 27 34
21 5 23 5
21 11 22 11
21 14 21 15
21 19 21 20
21 31 22 31
22 2 23 2
22 11 23 11
22 20 22 21
22 26 27 26
22 27 24 27
22 33 24 33
23 6 26 6
23 6 23 7
23 7 24 7
23 12 23 13
23 13 23 14
23 14 32 14
23 23 24 23
24 1 24 3
24 19 24 21
24 28 25 28
24 29 24 31
24 31 24 32
24 32 24 33
25 8 27 8
25 22 26 22
25 22 25 24
26 1 26 3
26 9 26 10
26 22 26 23
26 30 26 33
27 1 30 1
27 12 33 12
27 18 27 19
27 26 31 26
27 30 29 30
27 30 27 31
27 31 27 34
27 34 29 34
29 20 30 20
29 28 31 28
29 30 29 32
29 35 30 35
30 10 30 11
30 35 31 35
31 5 32 5
31 18 34 18
32 8 33 8
32 23 33 23
33 2 33 3
34 0 36 0
34 12 34 13
34 23 36 23
34 25 34 26
34 34 36 34
35 1 36 1
35 20 35 22
36 2 36 3
36 15 36 16
36 23 36 29
