0
155
0 0 1 0
0 0 0 2
0 2 0 3
0 3 0 5
0 5 2 5
0 6 0 7
0 8 0 9
0 9 1 9
0 10 2 10
1 2 1 3
1 3 1 4
1 4 2 4
1 8 2 8
1 12 2 12
1 13 2 13
1 13 1 15
1 15 1 16
1 16 2 16
2 1 6 1
2 5 3 5
2 5 2 6
2 7 2 8
2 8 2 9
2 9 3 9
2 9 2 10
2 12 3 12
2 13 2 14
2 16 3 16
3 2 3 4
3 4 3 5
3 5 3 7
3 7 4 7
3 7 3 8
3 8 4 8
3 10 4 10
3 11 3 12
3 12 3 13
3 13 4 13
3 13 3 14
3 15 4 15
3 15 3 16
4 5 5 5
4 5 4 6
4 6 7 6
4 7 6 7
4 8 4 10
4 10 5 10
4 10 4 11
4 11 4 12
4 12 5 12
4 13 5 13
4 14 5 14
4 14 4 15
4 15 5 15
5 4 7 4
5 4 5 5
5 5 6 5
5 8 7 8
5 13 6 13
5 14 6 14
5 16 7 16
6 1 6 2
6 2 8 2
6 5 7 5
6 11 9 11
6 12 6 13
7 0 8 0
7 0 7 1
7 3 7 4
7 6 8 6
7 6 7 8
7 8 7 9
7 9 9 9
7 10 8 10
7 16 9 16
8 0 11 0
8 1 8 2
8 2 8 3
8 3 9 3
8 3 8 4
8 4 8 5
8 6 8 7
8 14 11 14
9 2 10 2
9 3 10 3
9 4 10 4
9 6 9 7
9 7 10 7
9 8 10 8
9 8 9 9
9 9 9 10
9 11 12 11
9 12 10 12
9 12 9 13
9 13 12 13
10 1 10 2
10 4 12 4
10 4 10 6
10 6 11 6
10 8 12 8
10 10 11 10
10 15 12 15
11 0 12 0
11 1 11 2
11 2 12 2
11 6 11 7
11 9 11 10
11 10 12 10
11 12 12 12
11 14 12 14
12 0 13 0
12 0 12 1
12 3 14 3
12 3 12 4
12 4 12 5
12 6 12 7
12 7 13 7
12 8 12 9
12 9 15 9
12 10 12 11
12 11 12 12
12 13 14 13
12 13 12 14
12 14 13 14
12 14 12 15
12 16 13 16
13 0 13 2
13 5 14 5
13 7 13 8
13 8 15 8
13 11 13 12
13 12 14 12
13 15 13 16
14 1 14 2
14 2 15 2
14 4 15 4
14 4 14 5
14 10 14 12
14 12 14 13
14 13 15 13
14 13 14 15
14 15 14 16
14 16 15 16
15 0 16 0
15 0 15 2
15 2 16 2
15 2 15 3
15 3 15 4
15 6 15 8
15 8 16 8
15 9 16 9
15 10 16 10
15 10 15 11
15 13 16 13
15 16 16 16
