0
138
0 4 10 4
0 4 0 5
0 15 1 15
0 15 0 25
1 8 5 8
1 9 4 9
1 17 1 19
1 19 10 19
1 19 1 21
1 23 1 24
1 27 6 27
1 27 1 30
1 32 3 32
1 34 2 34
2 20 2 23
3 21 3 22
3 22 16 22
3 28 3 29
3 29 3 32
3 32 3 33
3 33 3 34
3 34 6 34
4 9 4 13
4 14 16 14
4 33 5 33
5 6 7 6
5 8 5 13
5 13 12 13
5 29 11 29
5 29 5 31
5 33 7 33
6 27 9 27
7 1 14 1
7 8 11 8
7 21 8 21
7 33 7 34
8 5 10 5
8 21 10 21
8 33 15 33
8 33 8 35
9 27 12 27
10 4 14 4
10 5 11 5
10 18 13 18
10 19 10 21
10 35 12 35
11 2 14 2
11 5 11 8
11 8 11 9
11 29 12 29
11 31 11 32
12 9 14 9
12 13 17 13
12 24 12 25
12 27 19 27
12 27 12 29
12 34 12 35
12 35 24 35
13 5 13 8
13 8 19 8
13 16 15 16
13 18 13 19
13 21 16 21
14 4 18 4
14 20 18 20
15 16 15 17
15 17 15 19
15 28 16 28
16 1 18 1
16 2 21 2
16 21 16 22
16 28 16 33
16 33 20 33
17 10 22 10
17 13 20 13
18 4 18 6
18 18 21 18
18 18 18 20
18 20 26 20
18 20 18 26
19 5 19 8
19 8 25 8
19 25 19 26
19 26 20 26
19 27 22 27
19 27 19 30
20 4 23 4
20 4 20 5
20 5 20 7
20 14 26 14
20 21 20 22
20 22 28 22
20 22 20 23
20 23 28 23
20 23 20 26
20 26 26 26
20 28 22 28
20 28 20 29
20 29 25 29
20 33 20 34
21 0 21 2
21 2 27 2
21 11 25 11
22 6 30 6
22 6 22 7
22 7 23 7
22 10 23 10
22 15 22 18
22 18 27 18
23 19 27 19
23 21 29 21
24 31 29 31
25 8 27 8
25 33 33 33
26 14 32 14
26 14 26 17
26 29 27 29
26 34 28 34
27 2 27 3
27 3 27 4
27 8 27 9
27 9 27 11
27 11 27 12
27 18 31 18
27 26 27 29
28 23 34 23
28 34 32 34
29 3 35 3
29 19 34 19
31 4 34 4
31 5 35 5
31 8 31 9
32 17 32 18
32 25 34 25
32 34 32 35
32 35 34 35
34 4 35 4
35 3 35 4
