0
157
0 3 1 3
0 6 0 7
0 7 0 10
0 10 1 10
0 14 5 14
0 14 0 16
0 16 1 16
0 18 1 18
1 1 3 1
1 1 1 3
1 3 1 4
1 4 1 9
1 9 1 10
1 10 3 10
1 11 1 13
1 16 3 16
1 17 2 17
1 17 1 18
1 18 2 18
1 18 1 19
1 19 6 19
2 3 2 4
2 5 5 5
2 6 2 7
2 7 3 7
2 7 2 8
2 8 3 8
2 18 3 18
3 7 4 7
3 10 5 10
3 10 3 13
3 13 6 13
3 16 4 16
3 16 3 17
4 0 5 0
4 0 4 1
4 1 6 1
4 2 9 2
4 6 4 7
4 7 7 7
4 8 5 8
4 12 5 12
5 0 9 0
5 4 5 5
5 8 5 10
5 10 8 10
5 10 5 12
5 14 11 14
5 15 6 15
5 15 5 16
5 16 6 16
6 8 7 8
6 8 6 9
6 9 7 9
6 13 7 13
6 16 8 16
6 16 6 19
6 19 7 19
7 3 7 4
7 4 7 5
7 5 8 5
7 6 8 6
7 7 9 7
7 7 7 8
7 9 9 9
7 11 7 13
7 13 8 13
7 18 7 19
7 19 8 19
8 4 9 4
8 10 13 10
8 12 11 12
8 15 9 15
8 16 9 16
9 1 10 1
9 1 9 2
9 2 10 2
9 2 9 4
9 4 9 5
9 6 9 7
9 7 15 7
9 8 14 8
9 9 14 9
9 11 11 11
9 16 10 16
9 16 9 17
9 17 10 17
10 2 10 3
10 5 11 5
10 18 13 18
11 0 16 0
11 2 12 2
11 2 11 3
11 3 12 3
11 3 11 4
11 4 13 4
11 4 11 5
11 5 12 5
11 5 11 6
11 11 11 12
11 14 11 16
11 16 12 16
11 16 11 17
11 17 12 17
12 3 13 3
12 5 15 5
12 6 13 6
12 12 12 14
12 19 16 19
13 4 14 4
13 10 14 10
13 10 13 11
13 11 14 11
13 12 14 12
13 12 13 14
13 15 15 15
13 15 13 16
13 16 13 17
13 18 14 18
14 2 16 2
14 8 15 8
14 9 17 9
14 10 16 10
14 11 19 11
14 16 14 17
14 17 16 17
14 17 14 18
15 5 15 7
15 7 19 7
15 12 16 12
15 12 15 15
15 18 16 18
16 0 19 0
16 1 17 1
16 1 16 2
16 8 18 8
16 15 17 15
16 15 16 17
16 17 19 17
16 18 16 19
16 19 19 19
17 1 18 1
17 1 17 3
17 4 17 6
17 9 17 10
17 13 18 13
17 14 18 14
17 14 17 15
17 15 18 15
18 2 19 2
18 14 19 14
18 16 19 16
18 18 19 18
19 0 19 1
19 1 19 2
19 13 19 14
19 17 19 18
