0
127
0 7 0 10
0 12 0 17
0 22 17 22
0 26 0 29
1 11 1 14
1 15 1 16
1 16 3 16
1 29 1 33
2 7 8 7
2 35 2 37
3 2 6 2
3 2 3 6
3 6 7 6
3 14 7 14
3 14 3 15
3 16 12 16
3 19 4 19
3 24 4 24
3 25 9 25
3 25 3 36
4 9 4 12
4 12 10 12
4 19 6 19
4 19 4 20
5 28 8 28
6 10 6 11
6 17 12 17
6 18 6 19
6 19 9 19
6 19 6 21
6 21 7 21
6 34 7 34
7 5 7 6
7 10 8 10
7 30 10 30
7 34 15 34
7 35 7 36
8 7 8 10
8 15 12 15
8 27 13 27
8 28 19 28
9 19 16 19
9 23 9 24
9 24 11 24
9 25 14 25
9 36 10 36
10 12 15 12
10 36 34 36
11 0 15 0
11 18 26 18
12 13 22 13
12 15 37 15
12 16 13 16
12 16 12 17
12 17 15 17
13 9 22 9
13 16 14 16
13 27 16 27
13 33 15 33
14 4 17 4
14 16 15 16
14 31 14 32
15 1 15 2
15 2 22 2
15 5 16 5
15 12 22 12
15 26 16 26
15 31 23 31
15 32 17 32
15 33 19 33
15 34 16 34
16 24 16 26
16 30 17 30
17 29 21 29
17 29 17 30
17 30 23 30
18 22 19 22
18 22 18 26
18 34 20 34
19 10 23 10
19 22 19 24
19 24 20 24
19 28 23 28
19 32 20 32
19 32 19 33
21 29 22 29
21 35 25 35
22 13 24 13
22 22 22 26
22 32 25 32
23 10 28 10
23 22 27 22
23 22 23 28
23 30 23 31
23 31 31 31
24 0 24 3
24 33 25 33
25 32 26 32
26 2 29 2
26 23 28 23
27 17 34 17
27 18 32 18
27 21 37 21
28 16 33 16
28 20 29 20
28 23 28 26
28 30 29 30
29 2 29 3
29 29 30 29
30 20 31 20
30 29 31 29
30 33 32 33
31 1 35 1
31 29 32 29
31 29 31 31
32 11 33 11
32 18 34 18
32 29 34 29
33 10 37 10
34 29 34 33
34 35 36 35
35 1 35 9
35 13 36 13
36 11 36 13
37 10 37 12
37 12 37 15
37 15 37 21
