0
137
0 4 2 4
0 14 0 15
0 20 3 20
1 0 4 0
1 8 1 10
1 10 1 13
1 13 1 16
1 16 6 16
1 21 3 21
2 2 2 3
2 3 3 3
2 8 3 8
2 8 2 11
2 11 8 11
2 11 2 14
3 1 3 3
3 3 4 3
3 3 3 7
3 7 3 8
3 13 4 13
3 17 7 17
4 3 4 4
4 4 6 4
4 4 4 9
4 9 4 10
4 13 7 13
4 15 6 15
5 1 7 1
5 5 9 5
5 7 8 7
5 7 5 10
5 10 7 10
6 0 7 0
6 2 10 2
6 2 6 3
6 3 7 3
6 4 9 4
6 8 6 9
6 15 9 15
6 15 6 16
6 16 7 16
6 18 9 18
6 19 6 20
6 20 11 20
7 0 8 0
7 14 11 14
7 17 10 17
8 0 8 1
8 7 12 7
8 9 9 9
8 9 8 11
8 12 11 12
9 0 10 0
9 0 9 1
9 3 10 3
9 4 10 4
9 4 9 5
9 18 10 18
9 21 13 21
10 0 11 0
10 0 10 2
10 2 10 3
10 3 13 3
10 8 11 8
10 8 10 10
10 13 17 13
10 15 10 16
10 16 12 16
10 16 10 17
10 17 10 18
11 1 12 1
11 1 11 2
11 2 12 2
11 8 13 8
11 9 12 9
11 9 11 10
11 10 11 12
11 19 20 19
12 0 12 1
12 1 13 1
12 9 13 9
12 15 15 15
12 16 15 16
12 17 12 18
13 3 14 3
13 3 13 4
13 4 15 4
13 4 13 5
13 6 13 8
13 8 17 8
13 10 15 10
13 18 14 18
14 2 14 3
14 3 15 3
14 9 15 9
14 18 17 18
14 21 15 21
15 0 16 0
15 0 15 1
15 1 15 3
15 3 16 3
15 4 16 4
15 4 15 5
15 5 18 5
15 9 17 9
15 9 15 10
15 11 16 11
15 16 19 16
16 2 18 2
16 3 18 3
16 4 17 4
17 6 20 6
17 6 17 7
17 7 18 7
17 8 19 8
17 8 17 9
17 9 20 9
17 9 17 11
17 11 18 11
17 18 19 18
18 0 18 2
18 3 19 3
18 17 19 17
19 0 20 0
19 0 19 3
19 3 21 3
19 8 20 8
19 12 19 16
19 16 19 17
19 17 19 18
20 14 20 16
20 16 21 16
20 16 20 18
20 18 21 18
21 2 21 3
21 4 21 7
21 7 21 15
