0
155
0 4 6 4
0 7 0 8
0 8 1 8
0 22 1 22
0 30 4 30
0 30 0 33
0 33 0 36
1 13 2 13
1 20 1 21
1 28 5 28
1 33 1 36
2 8 2 11
2 13 3 13
3 5 3 6
3 6 6 6
3 9 4 9
3 13 3 17
3 21 5 21
3 31 3 36
4 9 4 10
4 17 6 17
4 19 4 20
4 34 6 34
4 36 7 36
5 22 8 22
5 22 5 24
5 24 8 24
5 27 6 27
5 27 5 28
5 28 6 28
6 3 6 4
6 4 14 4
6 4 6 6
6 17 12 17
6 25 7 25
6 31 9 31
6 34 12 34
6 34 6 35
7 0 7 1
7 1 11 1
7 11 7 15
7 15 10 15
7 19 10 19
7 19 7 21
7 26 8 26
7 35 8 35
7 36 16 36
8 3 9 3
8 14 10 14
8 23 11 23
8 26 8 28
8 33 11 33
9 2 9 3
9 5 13 5
9 8 11 8
9 26 9 28
9 28 9 29
9 35 10 35
10 9 10 11
10 14 14 14
10 15 11 15
11 1 13 1
11 15 13 15
11 23 11 25
11 25 11 26
11 26 11 31
12 9 13 9
12 9 12 11
12 11 15 11
12 11 12 13
12 34 15 34
13 16 13 22
13 22 16 22
13 22 13 24
14 6 17 6
14 6 14 10
14 10 18 10
14 14 17 14
14 14 14 21
14 32 20 32
15 8 26 8
15 11 18 11
15 18 20 18
15 28 16 28
16 0 16 4
16 19 17 19
16 21 16 22
16 22 18 22
16 22 16 28
16 30 16 31
16 31 23 31
17 6 19 6
17 6 17 7
17 16 19 16
17 33 19 33
17 33 17 34
18 4 19 4
18 7 20 7
18 10 18 11
18 11 20 11
19 6 20 6
19 34 23 34
20 24 30 24
20 36 21 36
21 21 23 21
21 35 23 35
21 35 21 36
21 36 26 36
22 2 24 2
22 15 26 15
22 15 22 20
23 11 25 11
23 17 23 19
23 25 24 25
23 31 26 31
23 31 23 34
23 34 26 34
24 0 24 1
24 18 25 18
25 18 26 18
25 22 28 22
26 10 26 15
26 17 33 17
26 25 32 25
26 31 26 32
26 33 29 33
27 10 27 11
27 19 30 19
27 23 30 23
27 26 27 30
28 26 30 26
29 33 31 33
30 22 30 23
30 23 31 23
30 23 30 24
30 30 30 31
31 7 33 7
31 11 34 11
31 13 31 14
32 9 33 9
32 9 32 10
32 24 36 24
32 35 33 35
33 9 35 9
33 13 33 17
33 19 35 19
33 19 33 21
33 25 36 25
33 29 34 29
34 21 36 21
34 28 35 28
35 9 36 9
35 19 36 19
36 12 36 14
36 24 36 25
