0
196
0 1 0 2
0 3 0 4
0 5 0 6
0 8 0 10
0 13 1 13
0 15 2 15
0 16 1 16
0 17 1 17
0 18 0 19
0 19 0 20
0 22 1 22
1 2 1 3
1 5 2 5
1 7 1 8
1 10 1 11
1 12 1 13
1 17 2 17
1 17 1 18
1 18 1 19
1 21 2 21
2 1 2 2
2 2 3 2
2 5 3 5
2 5 2 6
2 6 3 6
2 7 2 10
2 11 2 13
2 18 4 18
2 18 2 21
2 21 2 22
3 1 4 1
3 3 6 3
3 5 5 5
3 6 3 7
3 10 3 11
3 11 4 11
3 11 3 13
3 14 3 15
4 11 4 12
4 12 4 14
4 17 8 17
5 0 6 0
5 4 5 5
5 5 7 5
5 8 6 8
5 9 5 10
5 10 6 10
5 11 7 11
5 11 5 12
5 15 6 15
5 21 6 21
5 21 5 22
6 0 7 0
6 1 6 2
6 7 7 7
6 7 6 8
6 15 6 16
6 16 8 16
6 20 6 21
6 21 7 21
7 2 8 2
7 3 9 3
7 7 8 7
7 7 7 9
7 11 7 12
7 14 7 15
7 18 8 18
7 21 7 23
8 1 8 2
8 4 8 5
8 8 8 9
8 9 9 9
8 12 8 16
8 16 11 16
8 17 11 17
8 17 8 18
8 20 8 21
9 2 9 3
9 3 10 3
9 4 10 4
9 7 9 8
9 10 10 10
9 14 10 14
10 2 11 2
10 7 11 7
10 10 11 10
10 10 10 12
10 12 10 13
10 15 11 15
10 18 10 19
10 21 11 21
10 22 11 22
11 2 12 2
11 2 11 4
11 4 11 5
11 5 12 5
11 14 12 14
11 15 11 16
11 17 11 21
11 22 12 22
11 22 11 23
12 3 14 3
12 4 13 4
12 9 12 10
12 19 12 21
12 23 13 23
13 2 14 2
13 4 13 5
13 7 13 8
13 13 14 13
13 13 13 14
13 16 14 16
13 17 13 18
14 2 14 3
14 3 14 4
14 10 16 10
14 10 14 11
14 20 14 22
14 22 15 22
14 22 14 23
15 0 16 0
15 0 15 1
15 4 16 4
15 8 15 9
15 11 16 11
15 12 15 14
15 18 15 19
15 20 16 20
15 23 17 23
16 8 16 9
16 9 19 9
16 11 18 11
16 13 17 13
17 0 20 0
17 0 17 1
17 1 18 1
17 3 18 3
17 3 17 4
17 4 18 4
17 8 19 8
17 13 17 14
17 14 18 14
17 20 17 22
17 22 17 23
17 23 18 23
18 2 21 2
18 4 18 7
18 10 18 11
18 14 18 15
18 15 19 15
18 15 18 16
18 19 19 19
18 19 18 20
18 23 19 23
19 3 20 3
19 7 19 8
19 8 20 8
19 9 19 11
19 11 19 12
19 12 19 13
19 13 19 14
19 14 20 14
19 16 20 16
19 19 20 19
19 21 20 21
19 22 20 22
19 23 20 23
20 0 20 1
20 5 21 5
20 6 22 6
20 6 20 8
20 8 20 10
20 14 20 15
20 16 20 19
20 21 22 21
21 0 21 1
21 2 22 2
21 9 23 9
21 11 23 11
21 13 22 13
21 18 21 20
21 23 22 23
22 0 22 1
22 2 23 2
22 2 22 3
22 5 23 5
22 5 22 6
22 7 23 7
22 21 22 22
23 2 23 4
23 4 23 5
23 6 23 7
23 7 23 8
23 8 23 9
23 10 23 11
23 17 23 18
