0
141
0 3 2 3
0 3 0 7
0 19 0 21
0 21 2 21
0 29 0 33
0 33 4 33
0 34 1 34
0 34 0 35
1 15 3 15
1 17 6 17
1 24 1 25
2 3 2 5
2 5 3 5
2 5 2 14
2 21 3 21
2 21 2 25
3 14 3 15
3 23 3 25
3 26 7 26
3 26 3 28
4 7 11 7
4 13 9 13
4 19 4 22
4 22 9 22
4 29 4 30
4 32 4 33
4 33 4 40
5 19 9 19
5 23 5 24
5 32 13 32
5 32 5 33
5 33 5 40
5 40 7 40
6 3 10 3
6 16 15 16
6 16 6 17
6 23 6 24
6 25 8 25
7 37 14 37
7 37 7 39
7 40 9 40
8 6 15 6
8 21 10 21
8 25 12 25
9 2 14 2
9 22 10 22
9 27 13 27
9 40 10 40
10 3 15 3
10 15 15 15
12 1 24 1
12 4 26 4
12 8 23 8
12 21 15 21
12 22 13 22
12 23 13 23
12 28 12 30
12 30 14 30
12 35 12 36
13 24 15 24
13 28 18 28
14 2 16 2
14 29 18 29
14 30 19 30
14 32 32 32
14 33 14 37
14 37 14 38
15 3 18 3
15 6 17 6
15 11 16 11
15 14 15 15
15 20 19 20
15 23 19 23
15 37 22 37
16 10 16 11
16 33 18 33
17 6 23 6
17 13 28 13
17 17 18 17
17 17 17 18
17 22 27 22
17 40 26 40
18 3 21 3
18 18 21 18
18 29 19 29
19 27 19 29
19 29 20 29
20 2 21 2
20 23 20 24
20 29 22 29
20 33 24 33
21 18 23 18
21 25 21 28
21 28 30 28
22 5 28 5
22 20 40 20
22 25 24 25
23 6 23 8
25 1 26 1
25 12 27 12
26 14 29 14
26 39 26 40
27 9 34 9
28 5 28 6
28 17 28 18
28 36 34 36
29 1 36 1
29 1 29 5
29 5 29 6
29 14 32 14
29 29 33 29
30 11 34 11
30 11 30 13
30 33 31 33
31 16 33 16
31 25 33 25
31 31 36 31
31 39 33 39
31 40 35 40
32 12 35 12
33 8 40 8
33 39 39 39
34 9 34 11
34 11 35 11
34 13 35 13
34 23 34 24
34 25 34 28
34 35 34 36
35 10 37 10
35 33 38 33
36 4 40 4
36 24 38 24
36 25 36 28
37 31 40 31
38 1 40 1
38 21 38 22
38 24 38 26
39 9 39 11
40 4 40 8
40 20 40 28
40 30 40 31
