0
147
0 3 0 7
0 7 0 8
0 8 1 8
0 8 0 9
0 9 2 9
0 9 0 10
0 14 2 14
0 14 0 18
0 18 1 18
1 2 6 2
1 2 1 4
1 4 1 8
1 8 4 8
1 17 6 17
1 19 1 25
1 26 1 28
1 28 1 30
2 9 2 14
2 14 4 14
2 16 5 16
2 23 2 26
3 30 5 30
4 12 7 12
4 14 4 15
5 9 6 9
5 9 5 10
5 13 5 14
5 14 5 16
5 20 9 20
5 27 7 27
6 1 6 2
6 2 7 2
6 2 6 3
6 6 6 7
6 7 7 7
6 7 6 9
6 17 8 17
6 17 6 18
6 18 8 18
6 25 9 25
7 2 9 2
7 7 14 7
7 8 14 8
7 12 7 14
7 14 7 16
8 19 9 19
9 2 9 4
9 9 10 9
9 11 9 13
9 19 11 19
9 22 12 22
9 22 9 23
9 30 12 30
9 31 12 31
10 9 10 12
10 21 12 21
11 0 11 2
11 2 15 2
11 12 11 19
11 19 17 19
12 13 12 16
12 31 15 31
13 9 16 9
13 9 13 10
13 13 15 13
13 20 24 20
13 20 13 23
13 23 15 23
13 29 20 29
14 7 16 7
14 12 15 12
14 16 20 16
14 25 14 27
15 2 21 2
15 10 15 12
15 12 15 13
15 21 15 22
15 22 15 23
15 27 18 27
16 6 17 6
16 7 17 7
16 8 16 9
16 17 17 17
16 31 18 31
17 4 17 6
17 7 17 13
17 17 23 17
17 19 20 19
17 26 22 26
18 1 22 1
18 3 21 3
18 27 22 27
18 31 19 31
19 8 21 8
19 8 19 10
19 10 31 10
19 23 21 23
21 2 21 3
21 3 22 3
21 4 21 5
21 5 22 5
21 5 21 8
21 8 21 9
21 9 23 9
21 23 25 23
21 24 22 24
22 3 23 3
22 5 23 5
22 12 22 14
22 21 26 21
22 21 22 22
22 24 22 26
22 27 23 27
23 5 23 6
23 22 26 22
23 25 24 25
23 25 23 27
24 4 28 4
24 8 26 8
24 16 24 19
24 19 25 19
24 20 27 20
25 1 29 1
25 5 30 5
25 5 25 6
25 13 25 15
25 15 25 17
25 17 25 18
25 18 25 19
25 19 27 19
25 27 28 27
25 28 31 28
26 21 27 21
26 29 28 29
27 19 29 19
27 20 29 20
27 25 31 25
28 31 30 31
29 19 30 19
30 5 30 7
30 13 30 15
30 19 30 23
30 31 31 31
31 7 31 10
31 12 31 14
31 14 31 17
31 19 31 23
