0
167
0 9 2 9
0 18 1 18
1 1 3 1
1 23 1 26
1 26 1 27
2 23 3 23
2 29 2 40
3 1 3 2
3 7 3 10
3 10 6 10
3 24 16 24
3 28 3 30
3 31 3 35
3 35 7 35
3 38 3 39
4 37 14 37
5 20 5 21
5 25 8 25
5 27 13 27
5 27 5 31
6 7 12 7
6 8 6 10
6 10 6 17
6 21 10 21
7 2 12 2
7 34 7 35
7 35 9 35
7 36 14 36
8 11 8 14
9 9 10 9
9 9 9 10
9 10 12 10
10 15 11 15
10 25 16 25
10 28 10 29
10 29 22 29
11 3 12 3
11 12 11 13
12 2 12 3
12 3 12 7
12 7 12 8
12 21 20 21
13 6 13 17
13 38 14 38
14 2 14 3
14 30 15 30
15 4 15 8
15 9 15 13
15 13 15 16
15 16 24 16
15 30 15 36
15 36 16 36
15 36 15 38
16 0 16 1
16 1 21 1
16 1 16 2
16 2 25 2
16 10 16 13
16 13 19 13
16 18 21 18
16 24 16 25
16 25 19 25
16 25 16 27
17 26 24 26
17 30 17 33
17 33 17 34
17 34 19 34
17 34 17 38
17 38 17 41
18 20 19 20
19 13 22 13
19 15 20 15
19 23 19 25
19 34 19 36
19 36 19 40
20 4 20 7
20 7 21 7
20 21 26 21
20 36 20 40
21 1 23 1
21 5 21 7
21 30 21 33
21 38 29 38
22 8 29 8
22 8 22 13
22 13 23 13
22 13 22 15
22 15 24 15
22 30 22 36
23 6 30 6
23 9 28 9
23 20 27 20
23 30 23 36
23 36 28 36
23 36 23 37
24 11 25 11
24 16 25 16
24 16 24 19
25 0 40 0
25 10 25 11
25 11 26 11
25 11 25 15
25 23 25 24
25 29 30 29
26 11 27 11
26 21 26 26
27 7 29 7
27 11 28 11
27 14 27 16
27 19 27 20
27 20 31 20
27 20 27 22
27 22 28 22
28 9 28 11
28 14 36 14
28 17 34 17
28 22 30 22
28 33 41 33
28 39 35 39
29 1 30 1
29 8 29 10
29 10 30 10
29 10 29 11
29 30 34 30
29 38 35 38
30 4 30 6
30 6 32 6
30 22 30 24
31 1 33 1
31 19 40 19
31 20 36 20
31 36 32 36
32 3 32 6
32 6 32 10
32 10 38 10
32 13 34 13
32 26 38 26
33 7 36 7
33 11 36 11
33 36 35 36
34 8 36 8
34 13 37 13
34 30 38 30
35 9 38 9
36 7 36 8
36 14 36 16
36 21 41 21
36 27 36 28
36 34 36 37
37 1 37 6
37 11 37 13
37 13 37 16
38 4 39 4
38 9 39 9
38 11 38 13
38 28 40 28
38 37 38 41
39 1 39 4
39 4 39 9
39 9 40 9
39 11 40 11
40 11 41 11
40 11 40 13
40 15 41 15
40 19 40 20
41 28 41 29
41 37 41 40
