0
143
0 8 2 8
0 12 1 12
0 12 0 20
1 1 2 1
1 11 1 12
1 12 1 13
1 13 6 13
1 25 2 25
2 12 3 12
2 20 6 20
2 21 2 23
2 24 5 24
2 24 2 25
3 1 3 5
3 5 3 11
3 11 10 11
3 11 3 12
3 14 3 16
3 25 3 26
4 5 4 6
4 6 4 8
4 12 6 12
4 16 6 16
4 16 4 17
4 22 7 22
5 1 7 1
5 1 5 4
5 24 5 25
6 5 7 5
6 6 6 7
6 12 8 12
6 12 6 13
6 13 8 13
6 15 10 15
6 16 9 16
6 20 11 20
6 23 6 25
6 25 6 27
7 0 9 0
7 0 7 1
7 1 7 5
7 8 9 8
7 22 11 22
8 17 8 18
9 4 9 5
9 5 10 5
9 13 9 14
9 26 12 26
10 0 10 5
10 5 17 5
10 5 10 11
10 11 12 11
10 17 15 17
11 10 12 10
11 12 11 13
11 15 12 15
11 15 11 16
11 22 11 23
12 3 14 3
12 7 13 7
12 7 12 8
12 8 13 8
12 10 13 10
12 14 15 14
12 14 12 15
12 19 13 19
12 19 12 23
12 25 14 25
12 25 12 26
12 26 16 26
13 6 13 7
13 9 14 9
13 9 13 10
13 10 14 10
13 10 13 12
13 19 14 19
13 19 13 20
14 1 15 1
14 1 14 2
14 2 15 2
14 3 17 3
14 9 15 9
14 10 14 11
14 23 18 23
14 25 16 25
15 1 18 1
15 4 18 4
15 16 16 16
15 16 15 17
15 17 15 19
15 19 15 21
15 28 24 28
16 0 21 0
16 9 16 11
16 11 16 12
16 13 16 16
16 18 16 20
16 24 21 24
16 24 16 25
17 3 20 3
17 9 19 9
17 16 17 17
17 22 18 22
18 17 20 17
18 17 18 22
19 12 19 13
19 25 19 27
20 2 21 2
20 2 20 3
20 13 20 14
20 14 21 14
20 17 20 23
20 23 21 23
21 7 23 7
21 14 21 15
21 15 25 15
21 18 21 19
21 24 21 27
21 27 26 27
22 4 24 4
22 5 22 6
22 23 24 23
22 25 27 25
23 3 24 3
23 7 26 7
23 16 23 19
24 1 26 1
24 3 25 3
24 16 24 17
24 23 25 23
25 11 28 11
25 15 25 18
25 18 28 18
25 23 27 23
26 1 26 3
26 3 28 3
26 3 26 4
26 4 26 5
26 19 27 19
26 28 28 28
27 23 28 23
28 7 28 8
28 11 28 14
