0
119
0 24 5 24
0 24 0 26
0 26 5 26
1 0 1 19
1 22 8 22
2 32 2 35
3 10 8 10
3 10 3 15
3 15 14 15
3 29 3 36
3 36 4 36
4 2 9 2
4 33 11 33
5 13 9 13
5 13 5 14
5 14 25 14
5 27 14 27
6 6 27 6
6 25 14 25
7 28 28 28
8 9 10 9
8 10 28 10
8 22 18 22
8 31 17 31
9 11 19 11
9 13 20 13
10 1 11 1
10 7 12 7
10 9 11 9
10 23 11 23
10 34 10 36
10 36 12 36
11 1 11 3
11 9 16 9
11 23 31 23
11 33 24 33
11 33 11 35
11 35 16 35
12 36 20 36
13 2 15 2
13 26 14 26
14 15 26 15
14 25 15 25
14 25 14 26
14 27 17 27
15 2 19 2
15 24 17 24
15 24 15 25
15 25 16 25
16 1 26 1
16 9 17 9
16 16 16 17
16 17 16 20
16 20 27 20
16 21 29 21
16 25 25 25
17 7 17 8
17 8 18 8
17 8 17 9
17 9 20 9
17 19 19 19
17 26 17 27
17 31 19 31
19 2 24 2
19 19 21 19
20 13 21 13
20 36 20 37
20 37 27 37
21 18 23 18
21 18 21 19
22 0 36 0
22 11 23 11
22 35 23 35
23 5 37 5
23 17 31 17
23 17 23 18
23 18 31 18
23 35 29 35
24 33 29 33
25 14 29 14
25 16 26 16
26 1 37 1
26 1 26 4
26 8 26 9
26 15 30 15
26 15 26 16
26 16 33 16
26 22 27 22
27 6 37 6
27 20 29 20
27 22 33 22
27 37 31 37
28 10 33 10
28 27 31 27
28 27 28 28
28 28 28 29
28 29 29 29
28 29 28 31
29 29 29 33
29 33 29 35
30 15 36 15
30 25 31 25
31 17 32 17
31 18 31 19
31 19 34 19
31 23 33 23
31 25 31 26
31 26 31 27
31 27 31 37
32 17 34 17
33 23 33 26
33 26 33 35
34 19 34 36
34 36 36 36
35 7 36 7
36 0 37 0
36 7 36 13
36 13 36 15
37 1 37 5
