0
180
0 1 0 3
0 3 0 4
0 11 1 11
0 12 3 12
0 15 1 15
0 19 2 19
0 19 0 21
0 21 0 22
0 22 3 22
0 23 1 23
0 23 0 24
1 3 1 4
1 4 6 4
1 8 2 8
1 8 1 11
1 24 2 24
2 7 5 7
2 10 4 10
2 11 3 11
2 13 4 13
2 15 2 17
2 17 3 17
2 19 2 20
2 21 4 21
3 2 4 2
3 11 3 12
3 17 4 17
3 19 4 19
4 0 4 2
4 5 8 5
4 5 4 6
4 6 5 6
4 10 6 10
4 10 4 11
4 17 4 19
4 19 4 20
4 20 4 21
4 23 6 23
4 23 4 24
5 0 10 0
5 0 5 2
5 2 7 2
5 3 7 3
5 6 10 6
5 11 5 14
5 14 5 16
5 17 11 17
5 17 5 19
5 22 14 22
5 24 6 24
6 8 6 10
6 10 9 10
6 11 7 11
6 11 6 12
6 21 7 21
6 24 10 24
6 24 6 25
7 2 8 2
7 3 9 3
7 3 7 4
7 11 10 11
7 18 8 18
7 19 7 21
7 21 8 21
8 4 8 5
8 5 9 5
8 13 8 14
8 15 10 15
8 23 9 23
9 3 11 3
9 5 11 5
9 7 10 7
9 7 9 8
9 8 10 8
9 8 9 10
9 10 11 10
9 14 10 14
9 18 11 18
9 20 13 20
10 1 12 1
10 1 10 2
10 7 12 7
10 11 13 11
10 14 11 14
10 14 10 15
10 15 10 16
10 25 11 25
11 10 15 10
11 14 11 17
11 17 15 17
11 17 11 18
11 25 13 25
12 0 12 1
12 9 14 9
12 12 13 12
12 12 12 14
12 14 12 15
12 15 16 15
12 21 13 21
13 0 14 0
13 16 14 16
13 19 19 19
13 20 18 20
13 21 14 21
14 0 16 0
14 0 14 1
14 1 14 2
14 2 19 2
14 2 14 5
14 5 14 6
14 8 17 8
14 8 14 9
14 13 14 14
14 18 15 18
14 21 14 22
14 25 18 25
15 4 15 5
15 9 15 10
15 10 20 10
15 22 17 22
16 0 17 0
16 4 18 4
16 5 17 5
16 5 16 6
16 6 17 6
16 15 16 16
16 16 18 16
16 16 16 17
16 17 20 17
17 0 21 0
17 5 20 5
17 6 19 6
17 6 17 7
17 7 17 8
17 14 17 15
17 15 22 15
17 22 18 22
18 12 18 13
18 13 19 13
18 14 19 14
18 21 18 22
18 22 24 22
18 22 18 24
18 24 18 25
19 3 19 4
19 12 20 12
19 16 24 16
19 20 22 20
20 3 21 3
20 3 20 5
20 13 21 13
20 13 20 14
20 18 21 18
21 0 23 0
21 1 21 3
21 4 21 6
21 6 23 6
21 12 23 12
21 24 21 25
22 17 22 19
22 20 23 20
23 3 24 3
23 3 23 4
23 4 23 6
23 11 24 11
23 11 23 12
23 17 23 18
23 18 23 19
23 23 24 23
24 7 24 9
24 10 24 11
24 17 24 19
24 19 25 19
24 19 24 22
24 23 24 24
25 5 25 11
25 12 25 14
25 14 25 16
25 16 25 19
25 20 25 22
