0
141
0 3 0 8
0 8 0 13
0 13 5 13
0 25 0 26
1 1 2 1
1 1 1 4
1 4 2 4
1 5 2 5
1 26 2 26
2 0 2 1
2 8 3 8
2 9 2 10
2 14 2 16
2 26 3 26
2 30 5 30
3 18 5 18
3 24 3 25
4 14 12 14
4 21 8 21
5 2 5 4
5 27 11 27
5 30 8 30
6 8 10 8
6 16 9 16
6 28 15 28
8 1 13 1
8 9 8 10
8 10 8 11
8 11 8 12
8 12 8 13
8 29 11 29
9 2 15 2
9 19 10 19
9 20 11 20
9 20 9 23
9 23 10 23
9 30 10 30
10 7 12 7
10 8 11 8
10 19 13 19
10 23 10 25
11 10 16 10
11 10 11 13
11 13 16 13
11 21 12 21
11 24 13 24
11 24 11 25
11 29 12 29
11 29 11 30
12 7 12 8
12 8 13 8
12 14 16 14
12 21 12 23
12 23 13 23
13 1 15 1
13 7 17 7
13 17 13 19
13 19 18 19
13 21 14 21
13 22 14 22
13 22 13 23
13 23 13 24
13 24 14 24
13 26 14 26
14 0 23 0
14 3 19 3
14 4 16 4
14 20 21 20
14 20 14 21
14 22 16 22
14 26 25 26
15 18 18 18
15 21 17 21
15 28 15 29
15 29 16 29
16 13 19 13
16 15 18 15
16 15 16 16
16 22 18 22
16 27 19 27
16 27 16 28
17 10 18 10
17 21 23 21
18 7 18 10
18 10 22 10
18 15 18 17
18 17 21 17
18 18 18 19
18 25 24 25
18 28 18 29
19 3 19 4
19 4 20 4
19 7 19 8
19 15 23 15
19 18 27 18
19 27 24 27
20 4 20 7
20 19 21 19
20 29 27 29
21 6 22 6
21 6 21 7
21 11 24 11
21 30 23 30
22 1 23 1
22 1 22 6
22 17 23 17
22 20 25 20
23 1 23 4
23 4 23 10
23 14 24 14
23 15 23 17
23 21 26 21
23 22 23 23
24 1 24 5
24 5 24 6
24 11 24 14
24 14 24 17
24 17 27 17
24 22 26 22
24 22 24 25
24 25 27 25
25 4 26 4
25 6 25 10
25 10 25 13
25 13 25 14
25 14 29 14
25 20 26 20
25 26 26 26
26 4 30 4
26 4 26 8
26 21 28 21
26 21 26 22
26 26 29 26
27 5 27 7
27 11 30 11
27 15 27 17
27 25 30 25
27 29 28 29
28 12 28 13
28 15 28 19
30 12 30 19
