0
180
0 5 1 5
0 7 1 7
0 7 0 8
0 10 1 10
0 10 0 11
0 11 0 13
0 14 1 14
0 15 1 15
0 15 0 16
0 16 0 17
0 17 1 17
0 17 0 19
0 19 0 20
1 1 2 1
1 1 1 2
1 4 1 5
1 6 1 7
1 10 2 10
1 10 1 12
1 14 2 14
1 20 2 20
1 21 2 21
2 0 2 1
2 3 3 3
2 4 2 5
2 5 3 5
2 6 2 7
2 7 2 8
2 9 3 9
2 18 3 18
2 19 2 20
2 21 3 21
3 3 3 4
3 5 4 5
3 9 4 9
3 9 3 10
3 10 4 10
3 14 3 15
3 15 4 15
3 16 3 17
3 18 3 19
3 19 5 19
3 21 4 21
4 2 5 2
4 5 4 6
4 7 4 8
4 8 5 8
4 10 4 11
4 16 5 16
4 20 4 21
5 0 6 0
5 3 6 3
5 6 6 6
5 7 6 7
5 8 5 9
5 16 5 17
5 19 5 20
5 20 5 21
5 21 6 21
6 2 7 2
6 2 6 3
6 3 6 4
6 5 6 6
6 6 7 6
6 12 7 12
6 13 7 13
6 13 6 15
6 16 7 16
6 18 7 18
6 19 7 19
6 20 8 20
7 5 9 5
7 7 8 7
7 10 8 10
7 12 8 12
7 15 8 15
7 16 8 16
7 17 7 18
8 1 8 2
8 4 9 4
8 14 9 14
8 15 11 15
8 19 8 20
8 20 8 21
9 0 9 1
9 4 9 5
9 8 10 8
9 8 9 9
9 12 9 13
9 13 9 14
9 17 10 17
9 21 10 21
10 1 10 2
10 2 12 2
10 2 10 5
10 9 11 9
10 10 12 10
10 10 10 13
10 16 10 17
10 19 12 19
10 20 11 20
11 15 11 16
11 17 12 17
11 18 12 18
11 20 12 20
12 2 13 2
12 3 13 3
12 3 12 4
12 6 13 6
12 6 12 7
12 7 13 7
12 8 12 9
12 9 12 10
12 10 12 11
12 15 13 15
12 16 14 16
12 17 13 17
12 18 13 18
12 18 12 19
12 20 13 20
13 2 14 2
13 3 13 6
13 7 14 7
13 13 13 14
13 14 13 15
13 20 13 21
14 1 14 2
14 7 15 7
14 11 15 11
14 11 14 12
14 12 14 14
14 15 16 15
14 16 15 16
14 19 16 19
15 1 15 2
15 2 15 3
15 4 15 5
15 7 16 7
15 11 15 13
15 20 16 20
15 21 16 21
16 0 16 1
16 5 17 5
16 5 16 6
16 6 17 6
16 6 16 7
16 9 16 10
16 11 17 11
16 12 17 12
16 13 17 13
16 17 16 18
17 4 17 5
17 6 17 8
17 9 17 10
17 10 18 10
17 11 18 11
17 12 18 12
17 13 18 13
17 15 18 15
17 20 17 21
18 0 19 0
18 2 19 2
18 3 18 4
18 4 18 5
18 5 19 5
18 5 18 6
18 15 19 15
18 19 18 20
19 9 19 10
19 18 20 18
19 18 19 20
19 20 20 20
20 4 20 5
20 5 20 6
20 7 20 8
20 8 20 9
20 20 20 21
21 2 21 4
21 11 21 12
21 20 21 21
