0
147
0 4 0 5
0 5 1 5
0 5 0 6
0 7 0 8
0 8 1 8
0 10 0 11
0 11 7 11
0 11 0 14
0 14 2 14
0 17 1 17
1 1 3 1
1 13 2 13
1 17 3 17
1 17 1 18
1 18 2 18
2 7 6 7
2 9 2 10
2 10 3 10
2 12 2 13
2 13 3 13
2 13 2 14
2 14 3 14
2 14 2 15
2 18 5 18
2 18 2 19
2 19 4 19
3 1 3 4
3 4 3 5
3 5 4 5
3 5 3 6
3 6 5 6
3 8 3 9
3 10 4 10
3 15 5 15
3 15 3 17
4 5 6 5
4 8 5 8
4 8 4 9
4 9 6 9
4 9 4 10
4 19 13 19
5 2 6 2
5 4 6 4
5 6 8 6
5 12 6 12
5 12 5 15
5 16 5 17
5 20 9 20
6 0 11 0
6 0 6 2
6 2 13 2
6 2 6 3
6 3 6 4
6 7 6 8
6 8 13 8
6 9 7 9
6 12 8 12
6 12 6 14
6 16 6 17
6 18 11 18
7 14 9 14
7 14 7 17
8 5 9 5
8 6 12 6
8 9 9 9
8 9 8 10
8 11 9 11
8 11 8 12
8 12 9 12
8 12 8 13
8 13 13 13
9 3 10 3
9 3 9 4
9 4 10 4
9 5 10 5
9 7 10 7
9 10 9 11
9 14 9 15
9 15 13 15
9 15 9 16
9 16 11 16
9 20 10 20
10 5 13 5
10 7 12 7
10 10 14 10
10 10 10 11
10 11 12 11
11 3 13 3
11 3 11 4
11 16 11 17
11 17 12 17
11 17 11 18
11 18 12 18
12 6 12 7
12 7 15 7
12 11 20 11
12 17 13 17
12 18 16 18
13 0 14 0
13 0 13 1
13 2 14 2
13 2 13 3
13 3 13 5
13 5 16 5
13 8 13 9
13 9 15 9
13 12 14 12
13 16 16 16
13 17 14 17
14 3 16 3
14 3 14 4
14 10 17 10
14 12 14 14
15 0 18 0
15 2 16 2
15 7 15 8
15 8 16 8
15 9 16 9
15 12 15 14
15 14 15 15
15 20 16 20
16 1 17 1
16 2 18 2
16 2 16 3
16 5 17 5
16 6 19 6
16 6 16 8
16 8 18 8
16 15 18 15
16 16 17 16
16 18 17 18
16 20 18 20
17 13 17 14
17 16 20 16
17 16 17 17
17 18 18 18
17 18 17 19
18 8 20 8
18 8 18 9
18 9 19 9
18 18 19 18
19 9 20 9
19 9 19 10
20 4 20 5
20 5 20 6
20 14 20 15
20 15 20 16
