0
124
0 3 0 5
0 5 0 6
0 6 0 12
0 12 0 13
0 19 3 19
0 21 1 21
0 22 0 25
0 25 4 25
1 10 4 10
2 5 2 8
2 20 10 20
2 22 3 22
2 29 4 29
3 0 3 4
3 22 16 22
3 26 11 26
3 33 4 33
4 2 9 2
4 2 4 3
4 9 5 9
4 9 4 10
4 25 9 25
4 33 4 37
4 37 17 37
4 37 4 39
5 11 5 17
5 21 6 21
5 30 6 30
7 3 7 6
7 16 9 16
8 4 15 4
8 7 12 7
8 10 8 14
8 14 13 14
9 9 13 9
9 12 14 12
9 25 11 25
9 27 9 33
10 38 27 38
11 36 13 36
12 19 15 19
12 26 12 27
12 27 13 27
13 9 13 10
13 20 16 20
13 27 13 28
13 28 29 28
14 13 24 13
15 2 22 2
15 2 15 4
15 4 15 6
15 19 19 19
16 3 16 12
16 20 16 22
16 25 18 25
16 32 18 32
17 12 24 12
17 23 20 23
17 26 19 26
18 1 29 1
18 3 27 3
18 3 18 6
18 18 19 18
19 7 22 7
19 18 19 19
19 19 37 19
20 20 27 20
20 32 29 32
21 9 21 10
22 15 25 15
22 15 22 18
22 37 33 37
23 33 23 36
23 36 24 36
24 5 24 12
24 34 24 36
24 39 25 39
25 4 26 4
25 4 25 6
25 6 25 8
25 8 28 8
25 34 28 34
26 10 39 10
26 12 31 12
26 12 26 16
26 16 27 16
27 3 34 3
27 3 27 6
27 16 27 17
27 17 31 17
27 20 36 20
28 0 35 0
28 8 39 8
28 35 31 35
29 1 38 1
29 22 31 22
29 22 29 28
29 28 37 28
29 28 29 32
29 33 35 33
30 23 33 23
31 6 37 6
31 12 31 14
31 17 32 17
31 34 31 35
31 39 33 39
32 18 35 18
33 23 34 23
33 23 33 24
33 39 34 39
34 12 34 13
34 23 34 25
34 29 36 29
34 36 34 37
34 37 35 37
35 4 36 4
36 4 38 4
36 13 36 15
36 29 36 31
37 2 38 2
37 5 37 6
37 9 38 9
37 19 37 28
39 10 39 20
