0
170
0 0 0 1
0 1 1 1
0 1 0 2
0 2 1 2
0 6 1 6
0 8 1 8
0 8 0 9
0 9 1 9
0 10 1 10
0 12 0 13
0 13 1 13
0 13 0 14
0 14 1 14
0 15 1 15
0 15 0 16
1 1 2 1
1 2 2 2
1 2 1 3
1 3 1 4
1 5 2 5
1 5 1 6
1 6 1 8
1 8 2 8
1 15 2 15
2 3 3 3
2 6 3 6
2 6 2 7
2 10 3 10
2 11 3 11
2 11 2 12
2 12 3 12
2 12 2 13
2 13 2 14
2 14 2 15
3 0 3 1
3 1 3 2
3 2 3 3
3 4 3 5
3 5 3 6
3 6 4 6
3 11 4 11
3 15 3 16
3 17 4 17
4 0 4 1
4 1 4 2
4 3 5 3
4 5 6 5
4 10 5 10
4 10 4 11
4 13 4 14
4 14 4 15
4 16 6 16
4 16 4 17
5 0 6 0
5 1 5 2
5 2 7 2
5 2 5 3
5 3 7 3
5 6 6 6
5 6 5 7
5 7 6 7
5 8 6 8
5 8 5 10
5 11 6 11
5 11 5 12
5 12 5 13
5 13 6 13
5 13 5 14
5 15 6 15
6 0 7 0
6 0 6 1
6 5 6 6
6 9 7 9
6 9 6 10
6 10 7 10
6 10 6 11
6 12 7 12
6 14 6 15
6 15 6 16
6 17 7 17
7 2 8 2
7 4 7 5
7 5 7 7
7 7 8 7
7 8 7 9
7 9 8 9
7 12 8 12
7 14 7 15
7 16 8 16
7 17 8 17
8 1 9 1
8 3 8 4
8 4 9 4
8 4 8 5
8 7 8 8
8 14 8 15
9 0 10 0
9 1 11 1
9 4 10 4
9 6 9 9
9 9 9 10
9 10 10 10
9 13 10 13
9 13 9 14
9 16 9 17
9 17 10 17
10 0 11 0
10 4 11 4
10 8 10 9
10 9 11 9
10 10 10 12
10 13 11 13
10 13 10 15
11 3 11 4
11 4 11 5
11 5 12 5
11 9 12 9
11 11 12 11
11 17 12 17
12 2 13 2
12 7 13 7
12 8 13 8
12 8 12 9
12 9 13 9
12 10 13 10
12 10 12 11
12 11 13 11
12 12 13 12
12 13 13 13
12 15 12 16
13 1 13 2
13 4 13 5
13 13 13 14
13 14 13 15
13 15 14 15
14 0 14 1
14 4 15 4
14 4 14 5
14 5 15 5
14 6 15 6
14 12 15 12
14 12 14 14
14 14 15 14
14 15 15 15
14 15 14 16
14 16 15 16
14 16 14 17
15 0 15 1
15 1 15 2
15 2 16 2
15 3 16 3
15 4 17 4
15 6 16 6
15 8 16 8
15 9 15 10
15 10 16 10
15 11 15 12
15 13 16 13
15 14 17 14
16 1 17 1
16 6 16 7
16 7 17 7
16 13 17 13
16 15 16 16
16 17 17 17
17 1 17 2
17 3 17 4
17 7 17 8
17 12 17 13
17 15 17 16
