0
155
0 0 0 1
0 6 1 6
0 6 0 11
0 11 1 11
0 24 2 24
0 26 2 26
1 6 4 6
1 14 3 14
1 14 1 15
1 15 1 17
1 17 1 18
2 0 2 3
2 9 2 11
2 17 3 17
2 24 2 25
2 26 2 27
2 27 5 27
3 5 5 5
3 16 6 16
3 18 3 22
4 6 4 7
4 11 4 12
4 12 5 12
4 13 5 13
4 13 4 15
4 21 7 21
4 23 4 25
4 25 7 25
5 11 7 11
5 15 6 15
5 27 5 31
6 1 8 1
6 5 6 6
6 13 6 14
6 14 6 15
6 18 9 18
6 22 7 22
7 8 7 10
7 10 10 10
7 10 7 11
7 15 8 15
7 19 8 19
7 25 7 26
7 26 14 26
7 30 8 30
8 2 11 2
8 15 8 16
8 19 8 20
8 27 8 30
8 30 10 30
8 30 8 31
9 4 16 4
9 4 9 7
9 22 12 22
9 29 10 29
10 1 12 1
10 10 10 13
10 25 12 25
10 29 13 29
10 29 10 30
10 30 13 30
11 3 12 3
11 9 17 9
11 11 11 13
11 13 11 20
12 1 13 1
12 3 13 3
12 7 16 7
12 10 17 10
13 2 15 2
13 17 13 18
13 18 13 22
13 27 17 27
13 27 13 28
14 8 15 8
14 11 15 11
14 14 15 14
14 19 24 19
15 2 24 2
15 2 15 3
15 14 16 14
15 28 15 29
15 29 16 29
16 8 29 8
16 12 23 12
16 14 21 14
16 29 17 29
16 29 16 31
17 21 17 23
17 28 20 28
17 29 17 30
18 17 20 17
18 31 22 31
19 6 22 6
19 9 20 9
19 20 21 20
19 25 19 27
19 27 20 27
19 32 20 32
20 9 20 11
20 17 25 17
20 28 21 28
21 14 22 14
21 20 22 20
21 28 21 30
22 7 23 7
22 13 22 14
22 20 22 23
22 25 31 25
22 27 23 27
22 27 22 31
23 0 25 0
23 3 29 3
23 6 23 7
23 7 28 7
23 16 27 16
23 18 29 18
23 22 23 24
24 19 26 19
24 20 26 20
24 20 24 21
24 27 24 30
24 31 24 32
24 32 27 32
25 0 25 2
26 2 28 2
26 10 32 10
26 10 26 11
26 11 30 11
27 5 28 5
27 6 31 6
27 9 29 9
28 0 29 0
28 0 28 2
28 5 30 5
28 12 29 12
28 12 28 13
28 28 28 31
29 12 31 12
29 16 30 16
29 20 29 23
29 24 30 24
29 26 31 26
30 2 32 2
30 2 30 3
30 7 32 7
30 28 30 31
30 32 32 32
31 0 32 0
31 12 31 15
31 15 31 19
31 25 32 25
32 0 32 2
32 2 32 5
32 14 32 21
