0
194
0 0 0 1
0 4 4 4
0 5 5 5
0 5 0 7
0 9 1 9
0 11 2 11
0 14 0 15
0 15 0 17
0 18 1 18
0 20 1 20
0 26 2 26
1 2 3 2
1 2 1 3
1 3 2 3
1 9 3 9
1 9 1 10
1 10 3 10
1 19 2 19
1 22 2 22
1 22 1 24
2 3 5 3
2 6 4 6
2 11 3 11
2 18 4 18
2 19 2 22
2 22 3 22
2 23 5 23
2 25 3 25
3 8 4 8
3 9 5 9
3 10 3 11
3 12 4 12
4 0 4 1
4 1 4 2
4 4 5 4
4 14 5 14
4 15 5 15
4 16 4 17
4 18 4 19
5 1 5 3
5 3 5 4
5 9 5 10
5 15 5 16
5 16 6 16
5 18 5 19
5 23 6 23
5 25 6 25
6 4 9 4
6 7 6 10
6 21 6 22
6 22 7 22
6 24 6 25
6 25 8 25
6 26 7 26
7 9 7 10
7 14 8 14
7 14 7 15
7 18 8 18
8 6 9 6
8 7 8 9
8 13 10 13
8 13 8 14
8 16 8 17
8 18 8 20
8 20 11 20
8 24 8 25
8 25 8 26
9 0 11 0
9 4 9 6
9 8 10 8
9 9 9 10
9 10 9 12
9 18 10 18
9 24 10 24
10 1 11 1
10 7 12 7
10 7 10 8
10 22 14 22
10 22 10 23
10 24 10 25
11 2 11 3
11 14 11 15
11 15 11 16
11 23 12 23
11 24 12 24
12 3 12 4
12 5 13 5
12 9 13 9
12 10 12 11
12 25 12 26
12 26 13 26
13 3 13 4
13 6 13 7
13 7 13 8
13 10 18 10
13 10 13 11
13 12 14 12
13 17 14 17
13 18 14 18
13 18 13 19
13 19 14 19
14 2 15 2
14 6 14 8
14 8 15 8
14 13 14 14
14 15 14 16
15 0 17 0
15 0 15 1
15 2 15 3
15 5 16 5
15 5 15 7
15 7 15 8
15 9 16 9
15 13 16 13
15 14 16 14
15 14 15 16
15 16 15 17
15 17 16 17
15 17 15 18
15 18 17 18
15 24 19 24
16 6 19 6
16 6 16 7
16 11 19 11
16 12 16 13
16 15 16 16
17 2 17 3
17 18 17 20
17 22 18 22
18 1 20 1
18 2 18 4
18 8 20 8
18 9 19 9
18 14 18 16
18 19 18 20
18 25 20 25
18 26 19 26
19 2 23 2
19 4 20 4
19 5 21 5
19 7 20 7
19 11 19 12
19 16 19 17
19 17 19 18
19 20 20 20
19 21 19 22
19 22 19 23
19 23 21 23
20 7 20 8
20 11 21 11
20 12 21 12
20 12 20 15
20 18 23 18
20 19 21 19
20 20 20 22
21 6 22 6
21 8 21 9
21 9 23 9
21 10 21 11
21 12 21 14
21 16 21 17
21 19 23 19
21 19 21 20
21 20 21 21
21 22 24 22
21 23 22 23
21 24 22 24
21 25 24 25
22 1 23 1
22 6 23 6
22 6 22 7
22 11 22 12
22 16 23 16
22 17 23 17
22 21 23 21
23 1 23 2
23 8 24 8
23 12 23 14
23 15 24 15
23 19 24 19
23 21 24 21
24 1 26 1
24 1 24 2
24 4 25 4
24 10 26 10
24 10 24 13
24 24 25 24
25 2 25 4
25 7 26 7
25 12 25 13
25 24 25 25
26 0 26 1
26 6 26 7
26 10 26 11
