0
188
0 9 0 10
0 11 8 11
0 11 0 14
0 15 0 16
0 18 2 18
0 21 1 21
0 24 0 26
0 33 0 34
1 19 11 19
1 19 1 21
1 21 1 26
1 31 1 33
1 33 3 33
1 33 1 36
2 3 2 6
2 6 6 6
2 9 6 9
2 17 2 18
2 27 2 29
2 32 3 32
3 1 3 3
3 21 3 22
3 30 3 32
4 2 4 3
4 10 5 10
4 14 9 14
4 25 5 25
4 27 8 27
4 35 6 35
4 36 6 36
5 3 8 3
5 24 8 24
5 25 6 25
5 28 8 28
5 30 5 31
5 31 8 31
6 0 6 1
6 4 8 4
6 6 7 6
6 7 7 7
6 9 8 9
6 15 8 15
6 36 7 36
7 0 9 0
7 2 8 2
7 16 7 18
7 18 13 18
7 26 9 26
7 29 7 30
7 32 7 33
7 33 7 36
8 4 22 4
8 4 8 7
8 7 10 7
8 8 9 8
8 31 9 31
9 0 10 0
9 15 10 15
9 15 9 17
9 31 9 32
10 7 10 10
10 10 14 10
10 11 10 14
10 14 11 14
10 14 10 15
10 21 15 21
11 13 13 13
12 7 17 7
12 22 12 23
12 23 12 24
12 31 12 34
12 34 15 34
13 0 13 3
13 11 15 11
13 11 13 12
13 12 14 12
13 12 13 13
13 13 13 15
13 16 13 17
13 17 13 18
13 25 14 25
13 26 15 26
14 10 21 10
14 12 16 12
14 12 14 14
14 17 14 18
14 18 17 18
14 27 15 27
14 27 14 30
14 30 15 30
15 5 17 5
15 8 16 8
15 11 17 11
16 6 18 6
16 9 17 9
16 22 17 22
16 22 16 25
16 26 18 26
16 31 22 31
17 7 18 7
17 11 17 17
17 18 18 18
18 0 19 0
18 2 19 2
18 3 23 3
19 8 22 8
19 13 21 13
19 13 19 16
19 23 19 30
20 5 20 7
20 20 22 20
20 20 20 25
20 32 21 32
20 32 20 34
21 13 23 13
21 24 21 25
22 6 22 8
22 8 22 10
22 31 24 31
23 3 24 3
23 13 23 16
23 16 23 18
23 18 25 18
23 19 24 19
24 0 24 2
24 10 24 11
24 11 24 17
24 17 26 17
24 25 24 27
24 27 25 27
24 27 24 29
24 31 32 31
25 7 25 9
25 9 25 12
25 28 26 28
26 0 26 1
26 8 26 10
26 10 27 10
26 14 26 16
26 16 29 16
26 21 31 21
26 28 27 28
27 1 28 1
27 3 27 4
27 4 27 5
27 9 27 10
27 13 28 13
27 13 27 15
27 33 29 33
28 19 30 19
28 26 28 28
28 34 29 34
28 34 28 35
29 1 29 2
29 2 33 2
29 2 29 5
29 5 33 5
29 14 29 16
29 16 35 16
29 17 32 17
29 26 30 26
30 1 31 1
30 7 30 9
30 9 33 9
30 19 30 20
30 34 32 34
30 34 30 35
30 35 30 36
31 15 32 15
31 21 31 24
31 24 36 24
32 0 32 1
32 13 34 13
32 17 33 17
32 18 32 19
32 22 35 22
33 0 33 2
33 9 35 9
33 27 33 35
34 4 34 5
34 18 36 18
34 18 34 19
35 1 35 5
35 12 35 13
35 13 35 14
35 20 35 21
35 28 35 33
36 24 36 28
