0
161
0 7 2 7
0 11 0 16
0 26 0 28
0 28 1 28
1 0 4 0
1 0 1 6
1 8 2 8
1 10 2 10
1 27 5 27
1 28 1 34
2 10 4 10
2 33 5 33
3 19 8 19
3 21 3 22
3 22 3 23
3 23 9 23
3 32 9 32
4 0 9 0
4 0 4 1
4 1 4 8
4 8 5 8
5 5 9 5
5 8 8 8
5 20 6 20
5 20 5 22
5 31 8 31
5 33 9 33
5 33 5 36
5 36 6 36
6 1 7 1
6 7 10 7
6 17 7 17
6 17 6 18
6 20 10 20
7 26 8 26
7 30 11 30
7 37 7 38
7 38 7 39
8 8 8 13
8 31 10 31
8 37 8 39
9 36 11 36
10 12 15 12
10 19 10 20
10 20 10 25
11 13 11 20
11 36 19 36
12 0 13 0
12 3 16 3
12 7 13 7
12 29 23 29
12 38 16 38
13 4 17 4
13 37 14 37
13 39 15 39
14 5 17 5
14 5 14 9
14 9 17 9
14 22 14 24
14 32 24 32
15 12 15 24
15 24 17 24
16 3 26 3
16 28 21 28
16 34 22 34
17 5 28 5
17 9 18 9
17 9 17 11
17 11 17 12
17 12 17 16
17 18 17 20
17 20 29 20
17 20 17 24
17 24 17 27
17 38 18 38
18 8 18 9
18 11 18 12
18 38 22 38
19 4 23 4
19 23 20 23
19 26 23 26
19 35 25 35
19 36 20 36
20 0 22 0
20 16 22 16
20 33 22 33
21 7 25 7
21 11 23 11
21 19 24 19
22 8 24 8
22 16 26 16
22 33 27 33
22 33 22 34
22 38 23 38
23 11 28 11
23 12 30 12
23 14 23 15
23 26 23 29
23 37 23 38
23 39 29 39
24 1 27 1
24 8 28 8
24 18 24 19
24 19 32 19
24 30 25 30
24 38 34 38
25 23 29 23
25 30 27 30
25 31 27 31
25 34 27 34
26 3 30 3
27 1 35 1
27 4 29 4
27 26 30 26
27 26 27 30
28 5 30 5
28 9 28 11
28 13 29 13
28 16 34 16
28 29 30 29
28 34 30 34
29 2 35 2
29 4 30 4
29 9 30 9
29 10 29 11
29 11 31 11
29 13 29 14
29 20 33 20
29 20 29 23
29 39 38 39
30 4 33 4
30 5 30 9
30 29 30 33
31 3 34 3
31 13 31 15
31 34 34 34
32 23 33 23
32 33 33 33
33 19 35 19
33 33 34 33
34 33 36 33
34 33 34 34
34 34 34 35
35 1 37 1
35 16 36 16
35 34 35 37
36 4 36 6
36 6 36 11
36 11 36 16
36 29 37 29
36 30 36 33
37 0 37 1
37 1 38 1
37 1 37 6
37 11 37 15
38 11 38 13
38 13 38 19
38 19 38 22
38 22 38 26
39 5 39 9
39 21 39 25
