0
117
0 27 1 27
0 28 0 32
1 17 9 17
1 17 1 20
1 20 1 25
1 25 9 25
1 25 1 26
1 26 1 27
1 29 14 29
1 31 1 33
2 20 10 20
2 21 16 21
2 21 2 24
2 24 5 24
2 31 5 31
3 9 11 9
3 19 5 19
3 27 19 27
3 35 4 35
4 35 14 35
5 24 8 24
5 31 6 31
6 15 8 15
6 31 7 31
7 6 8 6
7 30 7 31
8 4 8 6
8 13 8 15
8 24 9 24
8 31 11 31
9 8 25 8
9 11 22 11
9 11 9 17
9 17 12 17
9 24 9 25
9 25 19 25
10 3 11 3
10 14 13 14
10 20 19 20
11 3 19 3
12 2 24 2
12 17 14 17
12 17 12 18
12 34 15 34
13 4 13 5
13 5 16 5
13 10 22 10
13 14 19 14
13 14 13 16
13 18 16 18
14 12 19 12
14 29 14 32
14 32 26 32
15 15 18 15
15 19 16 19
15 34 18 34
15 34 15 36
15 36 23 36
16 18 16 19
16 21 24 21
16 31 19 31
17 1 18 1
18 4 19 4
18 9 25 9
18 23 22 23
18 34 23 34
19 12 19 14
19 14 22 14
19 16 19 20
19 20 23 20
19 25 19 26
19 26 20 26
19 27 19 31
19 31 20 31
20 24 28 24
20 24 20 26
20 26 23 26
20 29 20 31
21 4 29 4
21 5 21 7
21 22 34 22
22 11 22 14
22 14 23 14
22 23 25 23
23 28 24 28
23 36 27 36
24 2 26 2
24 25 35 25
24 25 24 28
25 8 25 9
25 9 28 9
25 9 25 10
25 15 26 15
25 34 29 34
26 16 31 16
26 32 30 32
26 35 28 35
28 26 28 28
29 26 32 26
30 14 31 14
31 1 31 7
31 10 31 11
31 11 31 14
31 14 33 14
31 23 34 23
32 26 32 33
33 7 33 14
33 14 35 14
33 24 35 24
33 30 33 32
34 17 34 22
34 22 34 23
34 27 36 27
35 14 35 24
35 24 35 25
35 29 35 33
36 26 36 27
