0
172
0 0 4 0
0 4 1 4
0 4 0 5
0 7 6 7
0 15 1 15
0 19 7 19
0 19 0 20
0 26 1 26
1 2 1 3
1 3 2 3
1 13 2 13
1 15 4 15
1 17 1 18
1 18 3 18
1 25 1 26
2 5 3 5
2 21 2 23
2 25 2 26
3 2 3 3
3 4 5 4
3 8 3 9
3 9 4 9
3 11 3 12
3 13 3 14
3 16 3 17
3 18 4 18
3 25 4 25
4 0 5 0
4 0 4 1
4 1 5 1
4 6 5 6
4 9 5 9
4 24 4 25
4 26 7 26
5 0 6 0
5 2 5 3
5 4 7 4
5 9 7 9
5 10 6 10
5 14 6 14
5 17 5 18
5 20 5 24
5 24 5 25
6 1 6 2
6 6 7 6
6 11 6 12
6 14 8 14
6 15 6 18
6 18 13 18
6 20 6 21
7 3 7 4
7 4 9 4
7 5 8 5
7 17 8 17
7 20 7 21
7 21 7 22
7 22 7 25
7 25 8 25
7 26 8 26
8 5 8 7
8 8 9 8
8 9 8 10
8 13 9 13
8 19 9 19
8 20 8 23
8 25 9 25
9 0 11 0
9 4 10 4
9 7 10 7
9 11 9 12
9 13 9 15
9 16 9 17
9 17 10 17
10 1 12 1
10 3 12 3
10 7 10 10
10 12 12 12
10 12 10 14
10 15 12 15
10 15 10 16
10 21 10 23
10 25 12 25
11 5 11 6
11 13 12 13
11 13 11 14
11 20 11 23
12 5 12 6
12 12 15 12
12 14 13 14
12 14 12 15
12 24 12 25
12 25 12 26
12 26 13 26
13 1 13 2
13 3 15 3
13 5 16 5
13 9 13 11
13 19 13 21
13 21 14 21
13 25 20 25
14 4 15 4
14 8 14 11
14 11 17 11
14 16 14 19
14 26 15 26
15 3 16 3
15 18 17 18
15 26 16 26
16 8 19 8
16 10 19 10
16 12 17 12
16 13 16 14
16 14 16 15
16 20 17 20
17 3 18 3
17 9 18 9
17 12 17 13
17 17 17 18
18 0 18 1
18 1 18 2
18 5 21 5
18 14 18 15
18 15 20 15
18 16 19 16
18 16 18 18
18 19 18 22
18 23 21 23
19 1 20 1
19 1 19 2
19 9 19 10
19 11 23 11
19 18 19 19
19 21 19 22
20 6 23 6
20 6 20 8
20 13 21 13
20 16 20 18
20 19 20 20
20 21 24 21
21 1 22 1
21 2 23 2
21 7 21 10
21 10 23 10
21 13 21 14
21 14 24 14
21 24 22 24
22 0 24 0
22 17 24 17
22 22 22 23
22 24 22 26
23 2 23 5
23 5 24 5
23 8 25 8
23 10 24 10
23 10 23 11
24 13 24 14
24 20 25 20
24 20 24 21
24 21 24 22
24 22 25 22
24 23 25 23
24 26 25 26
25 0 25 1
25 5 26 5
25 11 25 12
25 23 26 23
25 23 25 24
26 3 26 5
26 11 26 12
26 15 26 19
26 22 26 23
26 23 26 25
