0
133
0 1 0 4
0 15 0 20
0 22 1 22
0 22 0 24
0 24 0 25
1 2 3 2
1 2 1 6
1 6 2 6
1 12 1 15
1 15 1 17
1 17 1 21
1 21 10 21
1 21 1 22
2 6 3 6
2 9 4 9
2 13 3 13
2 13 2 15
2 20 4 20
2 22 5 22
2 22 2 23
2 26 3 26
3 2 3 3
3 3 3 4
3 4 3 5
3 5 8 5
3 6 8 6
3 13 4 13
3 13 3 18
3 18 3 19
3 19 6 19
3 24 4 24
4 1 8 1
4 2 6 2
4 10 8 10
4 10 4 13
4 13 6 13
5 4 8 4
5 11 11 11
5 12 6 12
5 18 8 18
5 22 10 22
6 2 10 2
6 12 6 13
6 15 8 15
7 0 16 0
7 12 10 12
8 1 10 1
8 6 8 9
8 9 8 10
8 10 10 10
8 14 9 14
8 14 8 15
8 15 8 18
8 18 8 19
8 19 10 19
9 13 9 14
9 14 12 14
9 23 9 26
9 26 10 26
10 10 13 10
10 12 18 12
10 15 10 18
10 19 10 21
10 22 17 22
10 22 10 26
11 7 11 9
11 11 14 11
11 13 15 13
12 14 13 14
12 16 12 17
12 17 13 17
12 20 14 20
13 4 13 6
13 6 13 10
13 14 13 15
13 25 16 25
14 9 14 11
14 19 17 19
14 20 18 20
14 21 15 21
14 26 15 26
15 13 16 13
15 13 15 17
15 23 16 23
15 26 16 26
16 5 22 5
16 5 16 7
16 7 16 9
16 23 16 25
16 25 16 26
17 17 17 18
17 22 20 22
17 22 17 23
17 23 18 23
17 23 17 24
18 12 21 12
18 12 18 16
18 16 18 20
18 20 25 20
18 23 21 23
18 25 19 25
19 6 19 11
19 11 24 11
19 24 20 24
19 24 19 25
19 25 23 25
19 25 19 26
19 26 23 26
20 10 22 10
20 15 21 15
20 22 23 22
21 15 21 18
22 3 25 3
22 3 22 5
22 5 22 7
22 7 25 7
22 7 22 10
22 15 26 15
22 23 24 23
23 1 25 1
23 9 23 10
23 12 24 12
23 12 23 13
23 13 24 13
24 11 24 12
24 18 25 18
24 18 24 19
24 21 24 23
25 18 26 18
25 18 25 20
25 20 25 22
26 9 26 15
26 15 26 18
