0
176
0 0 1 0
0 1 1 1
0 7 0 8
0 8 0 9
0 9 1 9
0 13 1 13
0 16 1 16
0 17 0 19
0 19 1 19
1 1 1 2
1 2 1 3
1 3 2 3
1 6 2 6
1 6 1 7
1 7 2 7
1 11 1 12
1 16 1 17
1 18 1 19
2 3 2 4
2 6 3 6
2 10 3 10
2 10 2 11
2 15 3 15
2 15 2 17
2 17 2 18
2 20 3 20
3 6 4 6
3 8 3 9
3 10 4 10
3 11 3 12
3 14 3 15
3 15 4 15
3 15 3 16
3 16 4 16
3 17 4 17
3 18 4 18
3 19 4 19
3 20 4 20
4 2 5 2
4 7 5 7
4 9 6 9
4 9 4 10
4 11 4 12
4 13 5 13
4 18 5 18
5 0 6 0
5 0 5 1
5 1 6 1
5 1 5 2
5 2 6 2
5 2 5 3
5 7 6 7
5 10 6 10
5 13 6 13
5 13 5 14
5 14 5 17
5 18 5 19
5 19 5 20
6 6 7 6
6 6 6 7
6 7 6 8
6 8 6 9
6 9 7 9
6 14 6 15
6 15 6 16
7 3 7 4
7 5 7 6
7 8 8 8
7 16 8 16
7 17 8 17
7 17 7 18
8 2 9 2
8 3 8 5
8 7 8 8
8 12 9 12
8 12 8 13
8 13 9 13
8 16 9 16
8 17 9 17
8 19 9 19
8 20 9 20
9 1 12 1
9 1 9 2
9 2 10 2
9 4 10 4
9 6 10 6
9 8 10 8
9 11 10 11
9 16 10 16
9 17 10 17
9 17 9 18
10 3 10 4
10 4 10 5
10 5 12 5
10 5 10 6
10 6 11 6
10 7 10 8
10 8 11 8
10 14 11 14
10 17 11 17
11 6 12 6
11 7 12 7
11 9 12 9
11 12 11 13
11 14 11 15
11 15 11 16
11 16 12 16
11 16 11 17
12 2 12 3
12 5 13 5
12 9 12 10
12 18 12 19
13 0 13 1
13 1 14 1
13 4 13 5
13 5 14 5
13 6 14 6
13 7 14 7
13 11 13 12
13 13 14 13
13 14 13 15
13 16 13 17
13 19 13 20
14 2 15 2
14 5 16 5
14 6 16 6
14 10 14 11
14 12 15 12
14 14 15 14
14 14 14 15
14 15 15 15
14 19 15 19
14 20 15 20
15 0 16 0
15 1 16 1
15 2 15 3
15 12 16 12
15 16 16 16
15 16 15 17
15 19 16 19
16 2 17 2
16 3 17 3
16 5 17 5
16 6 18 6
16 10 16 11
16 13 17 13
16 17 17 17
16 17 16 18
16 19 17 19
17 1 18 1
17 4 17 5
17 14 18 14
17 16 17 17
17 18 18 18
17 18 17 19
17 19 18 19
17 19 17 20
17 20 18 20
18 3 18 5
18 5 18 6
18 9 18 10
18 10 19 10
18 11 19 11
18 12 19 12
18 13 18 14
18 14 19 14
18 15 19 15
18 16 19 16
18 17 18 18
18 20 20 20
19 9 20 9
19 16 20 16
20 2 20 3
20 5 20 6
20 9 20 10
20 15 20 16
