0
134
0 4 4 4
0 4 0 7
0 9 4 9
0 16 0 19
0 19 1 19
0 19 0 24
0 24 4 24
1 3 2 3
1 7 8 7
1 8 5 8
1 12 2 12
1 19 7 19
1 19 1 23
2 1 2 3
2 3 13 3
2 10 2 12
2 12 6 12
2 12 2 18
2 20 4 20
3 5 5 5
3 13 3 14
4 4 5 4
4 14 6 14
4 15 6 15
4 20 4 24
4 24 4 25
4 25 6 25
5 5 12 5
5 8 9 8
5 9 11 9
5 17 6 17
5 18 10 18
5 21 6 21
6 4 7 4
6 10 6 12
6 12 6 14
6 15 7 15
6 17 9 17
6 23 10 23
6 25 10 25
7 0 10 0
7 2 8 2
7 4 14 4
7 11 11 11
7 11 7 12
7 13 10 13
7 15 9 15
7 19 8 19
7 20 7 21
7 21 9 21
7 24 10 24
8 1 8 2
8 19 11 19
9 6 10 6
9 7 11 7
9 7 9 8
9 15 15 15
9 16 10 16
9 16 9 17
9 21 18 21
10 0 12 0
10 0 10 1
10 10 17 10
10 16 12 16
10 22 13 22
10 23 16 23
10 23 10 24
10 24 13 24
11 6 14 6
11 6 11 7
11 7 13 7
11 8 12 8
11 8 11 9
11 9 14 9
11 11 13 11
12 8 14 8
12 16 12 18
12 18 12 20
13 0 13 1
13 1 13 3
13 7 14 7
13 16 14 16
13 22 14 22
13 24 14 24
14 4 17 4
14 6 17 6
14 8 15 8
14 9 24 9
14 11 16 11
14 11 14 12
14 12 15 12
14 12 14 14
14 14 15 14
14 16 18 16
14 22 19 22
14 24 24 24
15 8 18 8
15 12 17 12
15 19 16 19
15 20 16 20
16 0 16 1
16 1 21 1
16 5 21 5
16 11 18 11
17 6 19 6
17 12 21 12
17 17 17 18
18 0 19 0
18 15 23 15
18 16 18 19
18 19 19 19
19 4 23 4
19 19 21 19
19 22 22 22
20 8 22 8
20 10 24 10
21 12 22 12
21 19 24 19
21 19 21 20
22 11 22 12
22 12 23 12
23 0 24 0
23 0 23 2
23 2 23 4
23 12 25 12
23 12 23 15
23 15 24 15
24 6 24 9
24 18 24 19
24 21 24 24
25 1 25 3
25 11 25 12
25 12 25 19
25 19 25 20
