0
130
0 2 2 2
0 2 0 14
0 14 0 23
0 23 7 23
0 32 0 35
1 0 1 1
1 8 20 8
1 36 6 36
2 7 6 7
2 9 2 15
2 15 2 19
3 11 10 11
3 27 9 27
3 27 3 33
3 38 3 39
3 39 6 39
4 12 7 12
4 17 8 17
5 32 7 32
6 3 6 7
6 21 16 21
6 24 14 24
6 24 6 25
6 25 7 25
6 33 6 36
6 36 6 39
6 39 9 39
7 28 14 28
8 13 13 13
9 4 9 5
9 5 15 5
9 25 9 27
9 27 18 27
10 11 11 11
10 25 23 25
11 11 17 11
11 20 12 20
12 10 17 10
14 15 14 19
14 22 14 23
14 28 14 34
14 34 14 35
15 5 22 5
16 3 19 3
16 3 16 4
16 15 26 15
17 1 21 1
17 11 17 13
17 18 19 18
17 28 17 36
18 19 21 19
18 19 18 24
18 24 23 24
18 27 18 39
19 2 34 2
19 3 21 3
19 22 24 22
19 30 20 30
20 7 20 8
20 11 23 11
20 30 20 32
20 32 22 32
21 17 24 17
21 19 32 19
21 38 21 39
22 3 25 3
22 3 22 4
22 5 26 5
22 5 22 10
22 33 24 33
22 34 26 34
22 34 22 35
23 10 30 10
23 16 26 16
23 24 25 24
24 12 24 14
24 17 30 17
24 22 36 22
24 28 26 28
24 30 24 33
24 35 34 35
25 6 35 6
25 24 28 24
25 24 25 25
25 25 25 26
25 33 33 33
26 5 27 5
26 16 34 16
26 26 27 26
26 28 26 29
26 36 29 36
27 3 28 3
27 3 27 4
27 4 28 4
28 4 33 4
28 37 29 37
28 38 28 39
29 34 30 34
30 9 30 10
30 39 39 39
31 17 34 17
31 20 34 20
32 14 39 14
33 27 33 33
33 33 34 33
33 36 39 36
33 38 34 38
34 1 37 1
34 1 34 2
34 28 35 28
34 28 34 30
34 30 38 30
34 30 34 33
34 33 35 33
34 34 36 34
34 34 34 35
34 38 35 38
35 6 37 6
35 6 35 12
35 32 35 33
35 33 38 33
35 37 35 38
35 38 37 38
36 17 36 22
36 31 37 31
36 37 37 37
37 2 37 6
38 24 38 25
39 2 39 13
39 15 39 22
