0
180
0 0 1 0
0 1 1 1
0 1 0 2
0 2 1 2
0 2 0 4
0 9 2 9
0 9 0 11
0 11 0 13
0 13 0 16
0 16 1 16
0 20 1 20
0 20 0 22
1 0 3 0
1 1 3 1
1 3 1 4
1 4 2 4
1 4 1 8
1 10 6 10
1 11 2 11
1 11 1 12
1 12 2 12
1 17 1 20
1 20 1 21
1 21 3 21
1 21 1 23
1 23 2 23
2 2 2 4
2 13 3 13
2 13 2 15
2 24 3 24
3 0 4 0
3 2 4 2
3 2 3 4
3 7 4 7
3 14 4 14
3 17 3 18
3 20 8 20
3 21 4 21
3 23 4 23
4 0 4 1
4 1 6 1
4 2 5 2
4 3 6 3
4 6 8 6
4 11 8 11
4 12 4 14
4 14 10 14
4 14 4 15
4 15 5 15
4 21 5 21
5 2 6 2
5 8 9 8
5 16 5 17
5 18 7 18
5 22 5 24
5 24 6 24
6 0 7 0
6 2 8 2
6 3 7 3
6 3 6 4
6 21 6 23
7 3 8 3
7 9 8 9
7 9 7 10
7 19 8 19
7 22 7 23
8 0 8 1
8 1 8 2
8 5 8 6
8 9 10 9
8 12 8 13
8 13 10 13
8 15 8 16
8 16 9 16
8 19 8 20
8 20 8 23
9 0 10 0
9 0 9 2
9 3 9 5
9 5 10 5
9 5 9 6
9 6 10 6
9 8 11 8
9 15 11 15
9 23 10 23
9 23 9 24
9 24 11 24
10 6 11 6
10 6 10 7
10 10 10 11
10 17 12 17
10 22 10 23
11 0 11 1
11 2 12 2
11 13 20 13
11 13 11 14
11 14 13 14
11 15 12 15
11 19 11 20
12 4 12 5
12 9 12 10
12 18 12 19
12 22 16 22
13 1 14 1
13 1 13 3
13 4 13 5
13 5 14 5
13 14 13 15
13 15 13 16
13 16 13 18
13 19 14 19
13 20 14 20
14 14 19 14
14 14 14 15
14 15 14 16
14 16 14 17
14 17 14 18
14 19 15 19
14 24 15 24
15 3 16 3
15 4 15 5
15 8 16 8
15 15 15 17
15 17 16 17
15 20 15 21
16 0 16 3
16 6 17 6
16 7 17 7
16 9 16 11
16 11 18 11
16 12 17 12
16 23 17 23
17 0 19 0
17 0 17 1
17 1 17 3
17 12 18 12
17 15 17 16
17 16 19 16
17 18 17 19
17 19 22 19
17 21 18 21
17 24 18 24
18 1 19 1
18 3 23 3
18 4 18 6
18 7 18 10
18 17 18 18
18 20 18 21
18 22 18 24
18 24 20 24
19 6 19 9
19 10 19 11
19 16 21 16
19 16 19 17
19 17 19 18
19 18 20 18
20 6 21 6
20 8 22 8
20 9 21 9
20 9 20 10
20 10 20 11
20 15 21 15
20 18 24 18
20 22 20 23
21 6 21 7
21 7 23 7
21 13 22 13
21 23 21 24
22 8 22 9
22 10 24 10
22 13 24 13
23 0 24 0
23 1 23 3
23 4 24 4
23 7 23 9
23 19 23 21
24 0 24 1
24 8 24 9
24 16 24 18
24 19 24 21
