0
116
0 2 1 2
0 2 0 11
0 11 0 19
0 29 2 29
1 2 11 2
1 2 1 6
1 6 7 6
1 19 2 19
1 19 1 22
1 24 5 24
1 24 1 25
1 25 3 25
2 5 3 5
2 7 10 7
2 27 2 29
2 29 9 29
3 16 10 16
3 31 4 31
4 19 15 19
5 3 7 3
5 20 13 20
5 20 5 21
5 21 7 21
5 21 5 24
5 24 7 24
6 25 11 25
6 28 9 28
6 33 13 33
7 21 15 21
7 23 9 23
8 27 25 27
8 32 11 32
9 12 12 12
9 23 27 23
9 28 20 28
10 3 16 3
10 3 10 4
10 4 10 7
10 7 13 7
10 16 12 16
10 30 17 30
11 2 14 2
11 8 11 10
11 10 20 10
11 25 26 25
11 31 17 31
11 32 17 32
11 35 13 35
12 1 16 1
12 17 24 17
13 5 13 7
14 13 16 13
14 24 24 24
15 19 32 19
15 19 15 21
16 5 18 5
16 18 17 18
17 18 30 18
17 30 17 31
17 31 18 31
18 14 20 14
19 1 19 6
19 6 26 6
19 29 21 29
19 29 19 31
19 31 20 31
20 2 24 2
20 10 20 14
20 28 27 28
20 30 20 31
20 31 24 31
21 15 22 15
21 21 24 21
21 29 24 29
22 9 28 9
22 9 22 10
22 10 22 11
22 11 24 11
22 11 22 15
22 15 26 15
22 20 23 20
23 5 26 5
23 20 30 20
23 22 30 22
24 11 27 11
24 16 24 17
24 17 29 17
24 21 29 21
24 24 25 24
24 31 24 32
24 32 26 32
25 14 34 14
25 27 32 27
25 30 27 30
26 2 31 2
26 2 26 3
26 3 28 3
26 5 27 5
27 11 33 11
27 16 28 16
27 28 27 30
28 3 28 5
29 5 29 9
29 9 30 9
29 21 32 21
29 30 30 30
29 30 29 31
30 18 34 18
30 30 30 32
31 2 31 7
31 29 34 29
32 21 32 26
34 4 34 14
34 18 34 20
34 20 34 29
34 29 34 34
