0
113
0 7 2 7
0 8 0 10
0 10 3 10
0 10 0 14
0 15 3 15
0 30 5 30
0 34 8 34
0 36 7 36
1 0 10 0
1 0 1 1
1 18 1 22
1 22 12 22
1 32 4 32
2 17 11 17
2 37 4 37
3 1 16 1
3 4 5 4
3 27 3 28
4 16 17 16
4 31 12 31
4 31 4 32
4 35 5 35
5 4 7 4
5 4 5 13
5 14 5 15
5 30 12 30
5 33 15 33
5 35 12 35
6 12 10 12
7 4 10 4
7 4 7 11
7 14 9 14
7 21 13 21
7 24 7 25
8 2 11 2
9 8 9 9
9 9 23 9
10 4 16 4
10 12 13 12
11 2 13 2
11 8 21 8
11 17 14 17
11 23 19 23
11 23 11 25
11 25 17 25
11 26 12 26
11 26 11 27
12 26 25 26
12 30 13 30
13 2 20 2
13 2 13 3
13 12 14 12
13 21 22 21
13 28 13 30
13 36 24 36
14 12 26 12
14 14 20 14
14 17 15 17
15 0 20 0
16 1 19 1
17 20 21 20
17 25 33 25
17 27 24 27
17 27 17 35
17 35 26 35
18 16 23 16
18 33 19 33
19 4 25 4
19 4 19 6
19 6 24 6
19 23 21 23
19 37 21 37
20 0 21 0
20 0 20 2
20 2 29 2
21 0 26 0
21 34 29 34
21 37 25 37
22 5 28 5
23 9 35 9
23 13 23 15
23 15 23 16
23 16 24 16
23 20 23 24
23 30 30 30
24 6 27 6
24 15 25 15
24 27 25 27
25 4 30 4
26 8 32 8
26 12 35 12
26 15 27 15
26 28 34 28
27 15 30 15
28 16 28 19
28 32 35 32
28 36 37 36
29 34 30 34
29 34 29 35
31 2 37 2
31 2 31 6
31 6 34 6
31 31 34 31
34 6 36 6
34 14 34 28
34 28 34 31
34 37 36 37
35 9 35 12
35 12 35 15
35 21 35 32
35 33 35 35
37 2 37 18
37 36 37 37
