0
149
0 0 2 0
0 6 1 6
0 13 0 19
0 19 4 19
0 22 1 22
1 6 1 8
1 8 1 9
1 9 5 9
1 25 1 27
1 27 9 27
1 28 4 28
2 2 4 2
2 2 2 7
2 7 4 7
2 13 6 13
2 13 2 15
2 20 17 20
2 20 2 23
2 24 6 24
2 31 3 31
3 23 12 23
3 29 5 29
4 2 5 2
4 2 4 6
4 6 5 6
4 17 6 17
4 28 20 28
5 2 6 2
5 3 5 5
5 9 5 10
5 26 11 26
5 29 5 32
5 32 6 32
6 2 6 4
6 6 6 7
6 7 14 7
6 13 7 13
6 13 6 17
6 21 6 22
7 10 7 13
7 15 15 15
7 15 7 17
7 17 11 17
7 17 7 19
7 32 14 32
8 16 10 16
9 1 11 1
9 4 9 5
9 6 12 6
9 12 9 14
9 29 9 30
9 30 10 30
10 30 11 30
11 1 11 5
11 5 12 5
11 13 13 13
11 21 16 21
11 22 16 22
11 25 15 25
12 3 12 4
12 4 12 5
12 5 12 6
12 9 18 9
12 18 14 18
12 29 14 29
12 29 12 30
13 16 13 17
13 23 18 23
13 23 13 24
13 24 16 24
14 5 14 7
14 7 16 7
14 18 24 18
14 18 14 19
14 29 15 29
15 3 16 3
15 10 18 10
15 19 17 19
15 25 20 25
15 25 15 27
16 1 17 1
16 4 18 4
16 6 17 6
16 6 16 7
16 7 16 8
16 8 22 8
16 27 18 27
17 1 22 1
17 6 19 6
17 11 18 11
17 19 22 19
17 19 17 20
17 20 20 20
17 20 17 22
17 22 18 22
17 29 20 29
18 9 18 10
18 22 18 23
19 2 19 5
19 9 19 11
19 11 25 11
19 26 24 26
20 20 20 21
20 23 24 23
21 6 23 6
21 13 23 13
21 15 24 15
21 25 25 25
22 3 24 3
22 22 23 22
22 27 22 28
23 0 24 0
23 10 28 10
23 17 25 17
23 21 23 22
23 22 30 22
23 29 27 29
23 32 29 32
24 0 25 0
24 4 27 4
24 15 25 15
24 15 24 16
24 16 27 16
24 18 29 18
25 0 28 0
25 5 25 7
25 15 26 15
25 24 25 25
26 5 27 5
26 5 26 6
26 6 30 6
26 28 27 28
26 30 29 30
27 5 29 5
27 24 29 24
27 28 28 28
28 3 32 3
28 12 28 14
28 14 29 14
29 7 30 7
29 24 29 30
30 6 31 6
30 15 30 19
30 23 30 27
30 30 30 31
31 18 31 19
31 19 31 24
32 23 32 26
32 26 32 32
