0
135
0 1 0 6
0 6 0 9
0 9 0 10
0 10 2 10
0 10 0 16
0 18 0 28
0 29 3 29
1 2 3 2
1 11 4 11
1 17 1 19
1 20 2 20
1 24 1 28
2 0 3 0
2 5 14 5
2 12 3 12
2 12 2 14
2 19 2 20
2 20 2 25
2 25 12 25
2 33 4 33
3 2 7 2
3 6 4 6
3 8 6 8
3 12 3 16
3 18 7 18
3 26 4 26
3 28 14 28
4 0 5 0
4 14 6 14
4 14 4 17
4 26 12 26
5 30 6 30
6 1 15 1
6 4 8 4
6 8 7 8
7 8 8 8
7 11 12 11
7 18 9 18
8 12 9 12
9 12 22 12
9 14 10 14
9 14 9 18
9 18 11 18
9 19 10 19
9 31 11 31
10 0 19 0
10 8 10 9
10 14 11 14
10 16 25 16
10 17 12 17
10 20 10 21
11 2 12 2
11 6 12 6
11 8 14 8
11 31 11 32
11 33 14 33
12 2 32 2
12 6 12 7
12 7 14 7
12 11 15 11
12 25 12 26
13 22 14 22
14 5 15 5
14 5 14 7
14 7 20 7
14 17 18 17
14 19 19 19
14 23 20 23
14 28 16 28
15 1 22 1
15 4 26 4
15 20 19 20
15 25 29 25
15 30 18 30
16 10 17 10
17 8 17 10
17 10 18 10
17 26 19 26
17 33 26 33
18 3 25 3
18 10 18 11
19 14 21 14
19 17 19 19
19 26 23 26
20 5 22 5
20 7 20 8
20 15 33 15
20 17 20 18
20 18 28 18
21 9 22 9
21 14 22 14
22 5 22 9
22 12 22 13
22 13 22 14
22 20 23 20
22 28 23 28
23 5 28 5
23 5 23 8
24 17 25 17
24 26 26 26
24 26 24 27
24 27 24 29
25 17 30 17
26 16 29 16
26 26 27 26
27 1 28 1
27 4 32 4
27 29 27 30
28 1 30 1
28 5 30 5
28 18 30 18
28 18 28 19
28 19 29 19
28 24 29 24
28 26 33 26
28 29 29 29
29 20 29 22
29 22 29 24
29 24 29 25
29 27 30 27
30 0 31 0
30 3 32 3
30 19 31 19
30 21 30 23
30 23 30 25
30 28 31 28
30 28 30 30
31 18 31 19
31 19 33 19
32 3 32 4
32 4 33 4
32 27 32 28
33 4 33 15
33 15 33 17
33 17 33 19
