0
169
0 9 0 10
0 13 0 14
0 14 3 14
0 14 0 20
0 23 0 27
1 0 1 5
1 13 8 13
1 28 7 28
1 28 1 29
2 0 9 0
2 7 12 7
2 16 2 18
2 18 2 19
2 23 4 23
2 27 8 27
2 29 2 32
3 8 3 10
3 14 4 14
3 14 3 16
3 16 4 16
3 16 3 18
3 34 4 34
4 15 11 15
5 2 19 2
5 4 6 4
5 4 5 6
5 17 22 17
5 18 11 18
5 24 6 24
5 29 8 29
6 19 6 24
6 24 6 25
7 10 8 10
7 30 7 32
8 1 11 1
8 8 8 9
8 10 8 13
8 13 15 13
8 26 12 26
8 34 13 34
9 8 13 8
9 11 14 11
9 27 9 31
10 25 11 25
11 1 12 1
11 18 11 25
11 29 11 30
11 32 13 32
12 4 16 4
12 7 16 7
12 25 14 25
12 26 13 26
12 26 12 29
13 6 14 6
13 26 16 26
13 27 15 27
13 29 16 29
13 29 13 32
13 32 13 34
13 34 20 34
13 34 13 35
13 35 15 35
14 0 19 0
14 6 17 6
14 8 14 11
14 16 17 16
14 19 20 19
14 19 14 25
15 13 16 13
15 13 15 14
15 22 19 22
15 27 19 27
16 3 17 3
16 7 16 8
16 8 20 8
16 10 20 10
16 10 16 11
16 11 20 11
16 23 19 23
16 29 16 33
17 9 21 9
17 18 18 18
18 3 18 6
18 14 18 15
18 15 21 15
18 18 20 18
18 24 19 24
19 0 21 0
19 0 19 2
19 12 19 13
19 22 20 22
19 23 19 24
19 27 19 33
20 10 22 10
20 18 20 19
20 34 20 35
21 0 21 1
21 8 21 9
21 12 22 12
21 23 23 23
22 6 22 10
22 16 22 17
22 29 24 29
22 29 22 34
22 34 26 34
23 2 24 2
23 10 23 15
23 19 24 19
23 21 23 22
23 22 23 23
23 28 24 28
23 31 23 32
23 35 26 35
24 2 26 2
24 6 24 8
24 8 25 8
24 8 24 11
24 11 35 11
24 22 24 23
24 23 26 23
24 23 24 24
24 27 24 28
24 28 24 29
25 5 27 5
25 26 25 27
25 27 26 27
25 29 26 29
26 1 26 2
26 14 26 16
26 16 28 16
26 16 26 17
26 34 26 35
27 3 27 4
27 21 30 21
27 21 27 25
27 32 28 32
27 33 31 33
27 33 27 35
28 0 28 1
28 17 28 18
28 18 29 18
28 23 28 24
28 27 30 27
29 9 29 10
29 24 29 26
30 5 30 10
30 17 30 21
30 21 30 24
30 24 31 24
30 27 30 29
30 35 31 35
31 5 31 7
31 19 31 24
31 28 35 28
31 28 31 29
31 33 32 33
31 35 32 35
32 3 32 5
32 6 33 6
32 7 32 10
32 10 35 10
32 31 34 31
33 13 33 15
33 16 33 19
33 19 33 27
33 35 35 35
34 13 35 13
34 30 34 31
35 11 35 13
