0
155
0 0 0 9
0 9 2 9
0 11 2 11
0 15 0 21
0 23 3 23
0 27 5 27
1 0 1 2
1 2 3 2
2 1 6 1
2 3 3 3
2 11 2 13
2 13 3 13
2 13 2 15
2 15 3 15
2 25 2 26
3 0 4 0
3 3 3 6
3 6 3 8
3 8 4 8
3 16 3 19
3 19 4 19
3 20 4 20
3 23 4 23
3 23 3 24
3 24 6 24
3 25 4 25
4 4 4 5
4 12 4 19
4 20 5 20
4 20 4 21
5 7 5 10
5 11 5 12
5 12 6 12
5 12 5 13
5 13 5 17
5 17 5 19
5 19 5 20
6 3 7 3
6 5 6 6
6 6 8 6
6 8 6 9
6 9 7 9
6 13 6 17
6 17 10 17
6 20 14 20
7 2 8 2
7 2 7 3
7 3 9 3
7 12 7 14
7 25 14 25
8 0 9 0
8 12 8 14
8 16 12 16
8 21 15 21
9 0 9 1
9 1 9 3
9 7 11 7
9 7 9 10
10 0 10 6
10 13 11 13
10 14 11 14
10 14 10 15
10 17 11 17
10 19 12 19
10 24 13 24
11 0 11 3
11 3 11 6
11 10 11 13
11 13 14 13
11 27 12 27
12 0 12 5
12 8 12 10
12 16 12 17
12 18 14 18
12 19 13 19
13 2 15 2
13 2 13 6
13 6 13 7
13 7 20 7
13 8 19 8
14 0 17 0
14 11 15 11
14 11 14 13
14 13 14 15
14 20 15 20
14 25 14 27
14 27 15 27
15 3 18 3
15 3 15 4
15 11 17 11
15 11 15 14
15 14 19 14
15 21 15 24
15 24 19 24
15 24 15 27
16 1 17 1
16 19 20 19
16 27 19 27
17 0 17 1
17 1 19 1
17 5 18 5
17 5 17 6
17 9 20 9
17 11 20 11
17 12 18 12
17 17 17 18
17 18 21 18
17 22 18 22
18 0 20 0
18 3 19 3
18 3 18 5
18 15 19 15
18 22 21 22
19 4 19 5
19 5 20 5
19 21 22 21
20 2 21 2
20 6 21 6
20 6 20 7
20 7 21 7
20 7 20 8
20 8 20 9
20 10 20 11
20 11 24 11
20 11 20 15
21 0 22 0
21 0 21 2
21 4 22 4
21 22 22 22
21 22 21 24
21 24 25 24
22 0 27 0
22 8 22 10
22 13 22 15
22 15 22 16
22 16 24 16
22 16 22 17
22 21 22 22
23 5 25 5
23 6 27 6
23 6 23 7
23 12 23 14
23 19 23 23
23 26 26 26
24 7 25 7
24 8 25 8
24 11 24 14
24 15 27 15
25 1 25 5
25 7 26 7
26 7 26 8
26 8 26 9
26 17 26 18
26 23 27 23
26 25 26 26
