0
133
0 8 0 10
0 21 0 23
0 23 0 24
0 32 3 32
1 6 1 19
1 19 2 19
1 21 7 21
1 27 8 27
2 5 4 5
2 15 4 15
2 15 2 17
2 19 7 19
2 22 2 23
2 23 3 23
2 23 2 24
2 24 9 24
3 23 6 23
4 3 4 5
4 5 6 5
4 5 4 11
4 11 4 15
4 15 4 17
4 17 7 17
4 25 8 25
4 31 5 31
5 6 6 6
5 6 5 8
5 28 5 31
5 35 16 35
6 8 6 12
6 12 7 12
6 29 8 29
7 4 7 12
7 12 12 12
7 14 7 17
7 26 18 26
8 3 8 8
8 28 8 29
9 0 13 0
9 9 11 9
9 10 20 10
9 21 9 23
9 24 9 25
9 36 10 36
10 4 11 4
10 11 13 11
10 13 19 13
11 9 12 9
11 14 14 14
11 14 11 17
11 17 11 20
11 20 13 20
12 9 14 9
12 12 13 12
12 29 12 33
12 33 22 33
13 0 13 6
13 8 26 8
13 20 15 20
13 30 15 30
14 1 15 1
14 9 23 9
14 12 17 12
14 14 14 17
14 17 14 18
14 19 16 19
15 1 16 1
15 16 15 18
15 20 15 22
15 22 16 22
16 1 29 1
16 2 16 6
16 6 23 6
16 22 29 22
16 35 21 35
17 12 20 12
17 25 22 25
18 14 26 14
18 26 20 26
19 13 22 13
20 12 24 12
20 18 22 18
20 26 20 29
20 29 20 30
20 30 24 30
21 2 21 3
21 21 22 21
21 29 24 29
22 2 27 2
22 2 22 3
22 13 26 13
22 23 23 23
22 23 22 25
22 25 22 26
23 6 33 6
23 17 23 18
23 21 24 21
23 31 30 31
24 15 26 15
24 29 27 29
25 11 26 11
25 34 28 34
25 35 26 35
26 3 27 3
26 8 26 9
26 13 29 13
26 15 27 15
27 14 27 15
28 33 28 34
29 11 35 11
29 11 29 13
29 23 30 23
29 30 31 30
30 22 30 23
30 31 30 33
31 30 34 30
31 30 31 33
32 7 33 7
32 8 36 8
32 20 32 22
33 3 33 6
33 6 34 6
33 9 35 9
33 15 34 15
34 15 35 15
34 15 34 16
35 11 35 14
35 14 36 14
35 15 35 23
35 23 35 24
35 34 36 34
36 8 36 11
36 14 36 15
