0
165
0 2 1 2
0 2 0 4
0 7 0 9
0 14 0 15
0 16 1 16
0 18 1 18
0 19 1 19
0 21 0 22
1 0 3 0
1 1 1 2
1 2 1 3
1 4 1 6
1 12 2 12
1 12 1 13
1 13 2 13
1 13 1 14
1 15 3 15
1 15 1 16
1 21 2 21
2 1 2 2
2 2 3 2
2 3 2 7
2 7 5 7
2 13 3 13
2 18 3 18
2 21 7 21
2 21 2 22
3 0 3 1
3 2 4 2
3 2 3 3
3 3 3 4
3 4 4 4
3 5 4 5
3 11 4 11
3 12 4 12
3 19 7 19
3 22 4 22
4 1 4 2
4 2 5 2
4 4 6 4
4 5 4 6
4 10 5 10
4 15 5 15
5 0 5 1
5 2 5 3
5 7 6 7
5 8 8 8
5 10 5 11
5 15 6 15
6 2 6 3
6 9 6 10
7 4 8 4
7 5 7 6
7 9 8 9
7 18 7 19
7 21 7 22
8 0 9 0
8 0 8 1
8 5 9 5
8 15 10 15
8 16 8 17
8 19 8 22
9 0 10 0
9 1 10 1
9 3 10 3
9 4 9 5
9 5 9 6
9 6 10 6
9 8 9 9
9 9 9 10
9 12 10 12
9 19 11 19
9 19 9 22
10 7 11 7
10 7 10 8
10 8 10 9
10 12 11 12
10 12 10 13
10 13 10 15
10 16 15 16
10 20 11 20
10 21 10 22
10 22 11 22
11 1 12 1
11 3 12 3
11 5 12 5
11 5 11 6
11 6 11 7
11 7 12 7
11 20 11 21
12 3 12 4
12 4 13 4
12 11 13 11
12 13 13 13
13 1 15 1
13 4 14 4
13 5 13 7
13 12 13 13
13 13 13 14
13 19 14 19
13 21 15 21
13 21 13 22
13 22 15 22
14 7 14 8
14 8 14 9
14 9 15 9
14 12 15 12
15 6 16 6
15 11 15 12
15 12 17 12
15 14 15 16
15 18 17 18
15 21 16 21
16 0 17 0
16 6 16 8
16 8 16 9
16 9 17 9
16 10 17 10
16 11 17 11
16 20 17 20
17 2 18 2
17 2 17 4
17 5 18 5
17 6 17 7
17 18 18 18
17 20 17 21
17 22 18 22
18 0 19 0
18 4 18 5
18 5 18 6
18 12 20 12
18 12 18 14
18 15 18 17
18 18 18 19
18 19 20 19
18 19 18 20
18 20 19 20
18 21 18 22
19 1 19 3
19 7 21 7
19 7 19 8
19 8 20 8
19 8 19 10
19 13 19 15
20 1 20 3
20 3 21 3
20 4 21 4
20 5 21 5
20 12 21 12
20 14 21 14
20 14 20 15
20 15 21 15
21 1 22 1
21 7 22 7
21 11 22 11
21 12 21 13
21 19 22 19
22 1 22 4
22 8 22 9
22 9 22 10
22 10 22 11
22 11 22 12
22 16 22 18
22 19 22 20
22 20 22 21
