0
171
0 9 0 11
0 14 0 15
0 20 1 20
0 24 3 24
1 0 2 0
1 0 1 1
1 2 2 2
1 12 3 12
1 12 1 13
2 1 3 1
2 9 4 9
2 13 3 13
2 18 5 18
2 23 3 23
3 11 3 12
3 13 3 14
3 14 3 15
3 25 3 28
4 4 5 4
4 11 5 11
4 12 5 12
4 12 4 15
4 15 5 15
4 24 4 25
5 4 5 6
5 10 6 10
5 15 5 16
5 16 5 17
5 18 5 19
5 22 6 22
5 22 5 23
6 2 6 3
6 6 9 6
6 9 6 10
6 10 7 10
6 10 6 12
6 12 7 12
6 16 6 18
6 19 6 20
6 22 9 22
7 1 7 2
7 4 7 5
7 12 7 14
7 21 8 21
8 0 9 0
8 8 10 8
8 13 8 14
8 15 9 15
8 24 8 26
8 26 8 27
8 27 8 28
9 1 12 1
9 1 9 3
9 4 10 4
9 6 13 6
9 14 9 15
9 15 10 15
10 3 12 3
10 3 10 4
10 4 12 4
10 7 11 7
10 8 11 8
10 15 11 15
10 27 12 27
10 27 10 28
10 28 12 28
11 10 12 10
11 12 13 12
11 12 11 13
11 13 13 13
11 16 11 17
11 17 13 17
11 17 11 18
11 20 11 21
11 21 14 21
11 21 11 22
11 22 12 22
11 25 12 25
12 0 14 0
12 2 17 2
12 2 12 3
12 3 13 3
12 4 13 4
12 14 12 15
12 18 13 18
13 7 13 12
13 12 14 12
13 13 13 14
13 14 13 15
13 20 15 20
14 3 14 4
14 8 14 10
14 11 15 11
14 21 15 21
14 22 14 23
14 23 14 24
15 0 18 0
15 3 20 3
15 7 16 7
15 8 15 11
15 15 15 16
15 22 15 27
16 9 19 9
16 17 17 17
16 20 16 22
17 8 18 8
17 11 19 11
17 17 17 18
17 27 19 27
18 0 18 1
18 14 18 15
18 15 18 16
18 17 18 18
18 18 18 20
18 22 19 22
18 24 19 24
18 25 18 26
19 0 19 1
19 12 19 13
19 18 20 18
19 25 21 25
20 2 20 3
20 18 21 18
20 19 20 20
20 22 21 22
21 8 22 8
21 15 21 16
21 17 21 18
21 19 21 21
21 21 24 21
21 21 21 22
22 13 22 14
22 15 22 17
22 27 23 27
23 0 23 3
23 6 24 6
23 8 23 9
23 9 23 10
23 12 24 12
23 20 24 20
23 22 26 22
23 25 23 27
24 0 24 1
24 12 26 12
24 14 24 15
24 15 28 15
24 18 25 18
24 26 26 26
25 2 26 2
25 7 27 7
25 14 26 14
25 18 26 18
25 19 26 19
25 21 26 21
26 3 27 3
26 4 27 4
26 11 28 11
26 12 26 14
26 20 27 20
26 21 26 22
26 22 26 23
26 26 27 26
26 27 26 28
27 4 27 5
27 7 27 9
27 21 27 23
28 5 28 9
28 9 28 10
28 15 28 16
28 24 28 26
28 26 28 27
