0
113
0 19 0 21
1 7 2 7
1 37 10 37
2 6 2 7
2 7 6 7
2 7 2 9
2 9 21 9
2 12 2 17
2 17 6 17
2 17 2 27
2 27 2 29
2 29 7 29
3 6 12 6
3 26 6 26
3 33 7 33
4 31 12 31
4 38 13 38
5 32 30 32
6 7 23 7
6 16 35 16
6 17 6 26
7 4 9 4
7 24 21 24
7 24 7 26
7 26 7 27
7 29 19 29
7 33 9 33
8 1 14 1
8 34 10 34
8 34 8 35
8 35 10 35
9 4 19 4
9 10 15 10
9 11 29 11
9 12 9 15
9 23 11 23
10 12 10 15
10 18 17 18
10 28 12 28
10 34 18 34
10 35 14 35
11 5 14 5
11 8 12 8
11 37 26 37
12 8 22 8
12 27 31 27
12 27 12 28
13 38 24 38
14 0 14 1
14 1 16 1
14 5 15 5
14 33 15 33
14 35 15 35
15 35 37 35
16 1 29 1
16 5 20 5
17 17 34 17
17 17 17 18
17 18 22 18
17 33 23 33
17 36 28 36
18 26 20 26
19 21 35 21
20 30 25 30
21 9 27 9
21 15 22 15
21 24 34 24
21 31 32 31
22 8 34 8
22 15 34 15
22 18 25 18
22 23 37 23
22 29 24 29
23 28 25 28
24 0 33 0
24 22 29 22
25 18 28 18
25 33 31 33
25 33 25 34
26 2 32 2
26 7 34 7
26 37 35 37
27 5 36 5
27 10 28 10
28 10 29 10
28 18 36 18
29 10 36 10
29 10 29 11
30 25 33 25
30 36 33 36
31 3 34 3
31 33 34 33
32 11 35 11
32 11 32 14
33 13 36 13
33 25 38 25
33 36 37 36
34 2 34 3
34 7 34 8
34 24 35 24
35 11 37 11
35 21 36 21
35 37 35 38
36 5 36 10
36 16 37 16
36 18 38 18
36 18 36 19
37 23 38 23
38 2 38 6
38 6 38 10
38 11 38 15
38 19 38 23
38 23 38 25
