0
160
0 1 4 1
0 1 0 3
0 7 4 7
0 7 0 8
0 9 1 9
0 18 1 18
0 20 1 20
0 28 0 29
1 2 3 2
1 6 3 6
1 10 2 10
1 20 3 20
1 25 1 26
2 10 2 11
2 16 4 16
2 23 3 23
2 29 4 29
2 31 3 31
3 19 9 19
3 23 6 23
4 2 5 2
4 3 6 3
4 5 4 7
4 7 4 8
4 16 5 16
4 32 4 33
5 16 7 16
5 21 10 21
5 31 11 31
5 33 6 33
6 3 7 3
6 3 6 5
6 12 8 12
6 29 8 29
7 1 7 3
7 8 13 8
7 11 11 11
7 14 7 16
7 26 7 27
7 34 9 34
8 5 12 5
8 6 9 6
8 12 13 12
8 29 8 30
9 4 12 4
9 16 9 17
9 19 9 20
10 13 14 13
10 15 11 15
10 20 10 21
10 22 11 22
11 1 11 2
11 14 15 14
11 14 11 15
11 15 11 16
11 16 11 17
11 18 11 22
11 26 12 26
11 28 13 28
12 5 17 5
12 18 15 18
12 24 13 24
12 26 13 26
12 30 15 30
12 34 14 34
13 3 15 3
13 6 13 7
13 7 13 8
13 15 17 15
13 23 13 24
14 8 14 11
14 11 14 12
14 13 15 13
14 23 14 24
14 24 15 24
14 24 14 27
14 27 14 28
14 32 14 34
15 25 15 29
15 29 17 29
16 2 18 2
16 4 17 4
16 9 16 13
16 21 18 21
16 26 16 28
17 4 20 4
17 23 19 23
17 25 19 25
17 26 17 29
17 29 17 34
18 7 19 7
18 22 19 22
18 31 20 31
18 31 18 32
19 22 22 22
19 25 19 27
20 8 20 9
20 9 20 10
20 19 21 19
20 27 20 29
20 29 20 30
20 32 20 33
21 2 23 2
21 4 21 5
21 5 21 7
21 7 23 7
21 11 24 11
21 15 21 18
21 18 22 18
21 19 21 20
21 25 21 26
21 30 26 30
22 10 23 10
22 18 22 22
22 23 22 25
22 25 24 25
22 28 24 28
23 3 29 3
23 3 23 6
23 9 23 10
23 15 23 16
23 34 28 34
24 8 24 11
24 11 24 15
24 27 31 27
25 8 26 8
25 19 29 19
26 24 27 24
27 4 28 4
27 6 28 6
27 13 27 17
27 17 28 17
27 17 27 18
27 31 28 31
28 13 29 13
28 29 28 30
29 16 29 17
29 18 29 19
29 20 30 20
29 20 29 23
29 23 29 24
30 20 34 20
31 3 31 4
31 5 34 5
31 11 33 11
31 13 31 14
31 14 31 16
31 24 32 24
31 26 31 27
32 0 32 2
32 24 32 28
32 30 32 31
32 31 33 31
33 11 34 11
33 12 33 15
33 15 33 18
33 24 33 25
34 11 34 16
34 20 34 26
34 30 34 33
