0
113
0 15 2 15
0 24 4 24
0 26 1 26
0 34 1 34
1 1 3 1
1 5 1 7
1 7 3 7
1 8 3 8
1 17 4 17
1 26 5 26
1 26 1 34
2 4 4 4
2 4 2 6
2 10 6 10
2 15 3 15
3 1 22 1
3 5 15 5
3 7 24 7
3 8 21 8
3 16 14 16
3 36 10 36
4 24 11 24
5 18 18 18
6 13 12 13
6 31 9 31
6 31 6 34
6 34 14 34
7 11 23 11
7 14 18 14
8 6 10 6
8 15 10 15
8 25 11 25
8 26 10 26
8 30 9 30
9 19 17 19
9 28 19 28
9 28 9 30
10 6 17 6
10 20 10 23
10 23 18 23
10 26 15 26
10 26 10 27
10 27 31 27
10 36 11 36
11 24 21 24
11 25 13 25
11 36 14 36
12 12 12 13
14 15 14 16
14 16 28 16
14 31 24 31
14 34 14 36
14 36 20 36
15 5 16 5
15 26 17 26
15 32 15 33
15 33 20 33
16 5 18 5
17 19 26 19
17 20 19 20
17 26 20 26
18 14 20 14
18 18 19 18
18 32 22 32
19 2 31 2
19 18 20 18
19 22 22 22
20 14 24 14
21 5 23 5
21 24 23 24
22 1 24 1
22 3 28 3
22 20 28 20
22 20 22 22
22 22 32 22
23 11 25 11
23 11 23 13
23 13 34 13
24 23 28 23
24 23 24 25
24 25 31 25
24 33 30 33
25 4 25 5
25 11 26 11
25 21 26 21
25 28 34 28
26 9 27 9
26 9 26 10
26 21 28 21
27 0 33 0
27 15 28 15
27 31 29 31
28 3 28 12
28 15 30 15
28 15 28 16
28 23 34 23
28 26 35 26
29 16 29 21
29 31 34 31
30 15 30 16
30 16 34 16
31 1 34 1
31 15 33 15
31 27 32 27
32 22 35 22
32 30 36 30
33 14 33 15
34 10 34 13
34 23 34 24
35 22 35 23
35 23 35 26
35 26 35 28
36 30 36 31
