0
141
0 1 0 6
0 6 0 15
0 25 0 33
1 12 11 12
1 21 3 21
1 21 1 24
1 40 8 40
2 6 8 6
2 7 10 7
3 2 12 2
3 2 3 5
3 9 6 9
3 9 3 11
3 13 5 13
3 21 3 22
3 22 8 22
4 3 6 3
4 20 10 20
4 23 6 23
4 28 4 29
4 29 8 29
4 29 4 35
4 42 7 42
5 4 12 4
5 21 7 21
5 26 10 26
6 16 7 16
6 18 9 18
7 16 11 16
7 42 12 42
8 5 19 5
8 33 11 33
9 21 13 21
9 41 10 41
10 19 11 19
10 20 11 20
10 25 10 26
11 3 14 3
11 12 15 12
11 16 11 19
11 26 11 30
11 31 11 32
12 15 15 15
12 42 24 42
13 13 14 13
13 13 13 14
14 1 25 1
14 3 14 4
14 40 15 40
14 40 14 41
15 13 25 13
15 15 15 26
15 29 22 29
15 30 15 32
15 32 16 32
15 36 18 36
16 8 16 9
16 9 26 9
16 20 22 20
16 32 18 32
17 14 17 18
18 7 28 7
18 11 25 11
18 12 19 12
18 35 19 35
18 35 18 36
18 36 18 41
19 8 22 8
19 23 19 25
19 34 24 34
20 0 26 0
20 16 23 16
20 28 21 28
21 2 30 2
21 10 32 10
21 28 38 28
23 16 24 16
23 17 35 17
23 17 23 18
23 30 24 30
23 37 23 38
23 38 24 38
24 34 26 34
25 11 30 11
25 29 31 29
26 0 32 0
26 25 30 25
26 38 28 38
26 38 26 39
26 39 26 40
26 42 34 42
27 15 36 15
27 18 30 18
27 18 27 24
29 1 37 1
29 37 35 37
29 41 31 41
30 3 38 3
30 9 31 9
30 18 35 18
30 18 30 22
30 25 35 25
30 25 30 26
30 26 33 26
30 31 34 31
30 31 30 34
31 29 34 29
32 4 32 5
32 8 32 10
32 10 33 10
32 30 34 30
33 4 33 6
33 10 33 12
33 33 37 33
34 16 35 16
34 21 35 21
34 31 39 31
34 36 36 36
35 16 36 16
35 16 35 17
35 21 36 21
35 21 35 25
35 26 41 26
35 27 39 27
36 21 37 21
37 1 37 2
37 2 42 2
37 14 38 14
37 21 40 21
37 33 38 33
38 25 39 25
39 31 39 32
40 12 40 18
40 18 41 18
40 29 40 30
41 4 41 5
41 16 42 16
41 16 41 18
42 5 42 8
42 8 42 9
42 9 42 16
