0
165
0 14 0 15
0 15 1 15
0 19 0 21
1 6 1 7
1 10 2 10
1 12 1 13
1 13 1 15
1 19 2 19
1 24 2 24
2 3 3 3
2 3 2 4
2 6 2 7
2 7 3 7
2 12 2 14
2 14 2 15
2 15 2 16
2 18 3 18
2 20 3 20
2 23 5 23
2 24 2 25
3 1 4 1
3 1 3 2
3 9 4 9
3 10 7 10
3 13 3 15
3 19 4 19
3 20 3 21
3 21 5 21
3 26 4 26
4 3 5 3
4 5 5 5
4 5 4 9
4 15 5 15
4 16 4 17
4 20 5 20
5 3 5 4
5 11 5 12
5 12 7 12
5 12 5 14
5 14 6 14
5 19 5 20
6 0 7 0
6 4 7 4
6 9 7 9
6 14 8 14
6 14 6 15
6 16 6 18
6 18 6 19
6 19 8 19
6 22 9 22
6 22 6 23
6 23 8 23
7 6 7 7
7 8 7 9
7 9 7 10
7 11 7 12
7 12 8 12
7 13 8 13
7 15 8 15
8 0 9 0
8 5 9 5
8 10 11 10
8 15 8 17
8 17 10 17
8 19 10 19
8 23 8 25
8 25 9 25
9 4 9 5
9 6 9 8
9 18 11 18
9 21 10 21
9 22 10 22
10 5 10 7
10 7 10 9
10 14 10 15
10 15 11 15
10 20 11 20
10 23 10 26
11 1 12 1
11 4 12 4
11 6 13 6
11 7 13 7
11 8 11 9
11 9 12 9
11 10 12 10
11 18 11 19
11 21 12 21
12 14 13 14
12 16 13 16
12 17 13 17
12 20 12 21
12 23 12 24
13 3 14 3
13 17 13 19
13 19 14 19
14 2 15 2
14 3 14 4
14 10 16 10
14 10 14 11
14 11 15 11
14 18 16 18
16 3 17 3
16 15 17 15
16 15 16 16
16 20 16 22
16 22 18 22
17 0 17 1
17 1 17 3
17 7 18 7
17 16 18 16
18 0 19 0
18 3 18 4
18 5 18 6
18 6 18 7
18 16 18 17
18 22 19 22
19 3 20 3
19 3 19 4
19 6 19 7
19 8 22 8
19 12 20 12
19 15 19 16
19 16 19 17
19 17 19 20
19 20 19 22
19 23 20 23
19 24 19 25
20 4 21 4
20 14 21 14
20 16 22 16
20 23 20 24
21 1 25 1
21 2 22 2
21 4 21 6
21 7 23 7
21 10 21 11
21 20 21 22
21 22 22 22
21 24 21 25
22 6 24 6
22 8 22 9
22 12 22 13
22 13 22 15
23 0 24 0
23 8 23 9
23 12 23 13
23 13 24 13
23 18 25 18
23 21 23 24
24 2 24 3
24 8 26 8
24 21 26 21
24 23 24 25
24 25 24 26
25 6 25 7
25 7 26 7
25 10 25 11
25 11 26 11
25 13 26 13
25 22 25 23
25 26 26 26
26 2 26 5
26 13 26 14
26 16 26 19
26 25 26 26
