0
166
0 1 0 2
0 2 3 2
0 2 0 7
0 7 0 11
0 18 0 26
0 26 5 26
0 36 4 36
0 37 2 37
1 6 5 6
1 7 1 8
1 8 2 8
1 19 1 24
1 27 1 29
1 29 2 29
1 33 1 35
2 8 3 8
2 16 8 16
2 18 14 18
2 19 2 25
2 25 16 25
2 29 16 29
3 7 5 7
3 8 9 8
3 8 3 9
3 11 5 11
3 20 16 20
3 31 12 31
3 31 3 32
3 32 5 32
3 38 3 39
4 34 4 36
4 39 4 41
4 41 5 41
5 6 9 6
5 32 5 34
5 34 5 36
5 36 5 39
5 39 5 40
5 41 9 41
6 0 15 0
6 10 6 11
6 11 9 11
6 21 8 21
6 21 6 23
6 33 11 33
6 36 7 36
6 36 6 38
6 38 6 40
7 2 17 2
8 19 9 19
8 21 11 21
8 30 29 30
8 39 12 39
9 11 12 11
9 35 9 37
9 40 9 41
9 41 13 41
10 1 14 1
11 4 11 6
11 16 16 16
11 21 11 22
12 10 15 10
12 10 12 11
12 21 20 21
13 3 19 3
13 19 14 19
13 37 15 37
14 1 16 1
15 10 19 10
15 10 15 13
16 16 28 16
16 24 18 24
16 29 17 29
16 32 20 32
16 37 18 37
16 40 19 40
17 7 19 7
17 38 18 38
18 14 19 14
18 35 19 35
18 35 18 37
19 2 19 3
19 3 19 6
19 10 19 14
19 33 19 35
19 36 24 36
19 36 19 38
19 38 21 38
19 40 23 40
20 12 23 12
20 32 26 32
20 32 20 33
21 13 22 13
21 17 26 17
21 38 21 39
22 11 23 11
23 11 23 12
23 12 28 12
23 26 26 26
23 35 25 35
24 3 24 9
24 10 29 10
24 20 25 20
24 22 24 25
24 39 27 39
25 20 28 20
25 20 25 22
25 22 25 23
25 23 31 23
25 23 25 24
25 24 28 24
26 5 36 5
26 17 26 18
26 18 27 18
26 32 26 37
27 0 27 3
27 18 28 18
27 25 27 26
27 26 40 26
27 32 29 32
27 32 27 36
28 1 30 1
28 12 28 13
28 13 29 13
28 18 30 18
28 24 32 24
28 37 32 37
28 37 28 40
29 2 30 2
29 19 29 20
29 30 34 30
29 40 31 40
30 15 30 18
32 10 34 10
32 34 32 35
32 37 32 38
32 38 32 39
32 39 32 41
33 16 40 16
33 17 34 17
33 38 36 38
34 10 38 10
34 17 34 18
34 27 36 27
34 31 34 34
35 4 36 4
35 22 36 22
35 28 36 28
36 5 40 5
36 22 38 22
36 27 37 27
36 32 38 32
36 35 36 38
37 14 38 14
37 19 37 20
37 25 39 25
37 27 37 28
38 10 38 11
38 14 40 14
38 22 39 22
38 27 38 29
39 37 39 39
39 39 39 41
40 4 40 5
40 26 40 28
40 33 40 36
