0
122
0 1 0 2
0 2 3 2
0 8 0 32
1 7 3 7
1 15 7 15
1 15 1 16
1 16 1 24
1 24 6 24
1 27 2 27
2 3 10 3
2 10 7 10
2 25 6 25
2 25 2 27
2 27 3 27
3 7 10 7
3 18 5 18
3 27 3 28
3 33 6 33
4 2 22 2
4 6 7 6
4 29 11 29
5 16 9 16
5 16 5 18
5 18 5 21
5 21 9 21
5 26 8 26
6 0 6 1
6 1 9 1
6 12 14 12
6 18 6 19
6 24 11 24
6 25 8 25
6 33 9 33
7 19 10 19
8 4 11 4
8 14 16 14
8 23 22 23
8 25 10 25
8 30 18 30
9 1 13 1
9 21 26 21
10 3 17 3
10 17 22 17
10 17 10 19
10 25 16 25
10 27 17 27
11 4 16 4
11 20 13 20
11 24 14 24
11 29 13 29
12 22 13 22
12 33 24 33
13 1 27 1
13 20 15 20
13 22 14 22
14 10 20 10
14 10 14 12
14 15 17 15
14 22 22 22
15 29 22 29
15 31 22 31
16 4 20 4
16 19 28 19
16 25 16 26
16 26 20 26
17 3 18 3
17 12 17 15
17 15 19 15
19 32 22 32
20 4 21 4
20 8 21 8
21 3 21 4
21 4 21 6
21 6 27 6
21 12 22 12
21 12 21 13
22 12 31 12
22 12 22 15
22 20 33 20
22 22 22 23
22 23 24 23
22 23 22 24
22 24 23 24
22 28 22 29
22 32 27 32
23 18 28 18
23 24 23 27
24 23 26 23
24 24 25 24
24 24 24 27
25 14 25 17
25 24 28 24
25 24 25 26
25 26 25 31
26 23 29 23
26 31 27 31
27 5 29 5
27 5 27 6
27 6 30 6
27 14 28 14
27 14 27 17
27 17 32 17
27 21 32 21
27 27 27 31
27 31 30 31
28 9 30 9
28 18 28 19
28 24 32 24
28 32 31 32
29 3 29 5
30 6 30 9
30 26 30 31
31 5 31 12
31 12 32 12
32 6 32 10
32 11 32 12
32 21 32 24
32 24 32 25
33 0 33 2
33 16 33 18
33 18 33 20
33 20 33 21
