0
143
0 3 2 3
0 12 6 12
0 20 6 20
0 34 0 41
1 14 1 19
1 30 3 30
2 0 2 1
2 1 4 1
2 13 2 18
2 18 5 18
2 25 5 25
3 6 7 6
3 29 3 30
4 1 4 3
4 5 6 5
4 9 5 9
4 27 12 27
4 35 20 35
4 39 4 40
4 40 8 40
5 9 5 11
5 23 5 25
5 25 5 26
5 39 8 39
6 11 9 11
6 11 6 12
6 12 11 12
6 20 6 21
6 21 13 21
7 6 7 8
7 8 8 8
7 32 9 32
8 2 8 4
8 8 14 8
8 40 16 40
9 13 18 13
9 36 9 37
9 37 10 37
10 2 15 2
10 33 10 34
10 34 14 34
11 6 22 6
11 7 16 7
11 15 14 15
11 22 11 23
12 5 18 5
12 22 12 25
12 42 18 42
13 39 16 39
14 14 19 14
14 14 14 15
14 15 30 15
14 15 14 19
14 30 20 30
14 30 14 33
14 34 22 34
15 1 25 1
15 2 17 2
15 3 15 4
15 20 19 20
16 18 16 19
16 38 16 39
16 40 22 40
17 21 30 21
17 22 18 22
18 3 18 5
18 12 21 12
18 22 18 23
18 23 19 23
18 37 18 39
19 0 20 0
19 2 20 2
19 2 19 4
19 10 22 10
19 17 19 20
19 20 20 20
19 31 19 33
20 2 21 2
20 8 24 8
20 19 20 20
20 30 25 30
21 23 32 23
22 10 24 10
22 17 22 19
22 19 31 19
23 33 27 33
23 33 23 34
24 25 35 25
24 42 27 42
25 16 25 17
26 11 30 11
27 17 28 17
27 27 37 27
27 27 27 28
27 28 27 33
27 33 27 36
27 36 27 42
28 24 30 24
28 38 32 38
28 42 32 42
29 6 35 6
29 8 36 8
29 35 34 35
30 16 40 16
30 16 30 18
30 18 33 18
30 24 34 24
30 31 32 31
31 11 31 12
32 31 40 31
32 31 32 33
33 17 37 17
33 21 36 21
33 34 34 34
34 26 40 26
34 33 34 34
35 5 44 5
35 23 35 25
35 35 37 35
36 18 41 18
36 41 36 42
36 42 40 42
37 19 44 19
37 27 37 28
37 28 37 29
38 2 38 4
38 13 42 13
39 9 44 9
39 33 39 38
39 38 42 38
39 43 40 43
40 14 41 14
40 21 41 21
40 35 42 35
40 42 40 43
41 14 41 18
42 24 42 30
42 30 44 30
42 35 43 35
43 25 43 29
43 35 43 38
44 5 44 9
44 12 44 19
