0
114
0 1 2 1
0 3 0 6
0 6 1 6
0 10 3 10
0 10 0 14
0 14 0 25
0 25 3 25
0 28 15 28
0 28 0 31
1 0 2 0
1 6 3 6
2 1 7 1
2 12 5 12
2 12 2 14
2 14 17 14
2 14 2 20
2 20 6 20
2 35 2 36
2 36 21 36
3 8 3 10
3 19 8 19
3 21 3 23
3 23 5 23
3 25 17 25
3 35 4 35
4 35 6 35
5 6 5 12
5 13 15 13
5 23 13 23
6 20 11 20
6 35 9 35
7 1 11 1
7 1 7 4
7 4 11 4
7 11 13 11
7 21 8 21
7 34 10 34
8 12 17 12
9 0 11 0
9 10 31 10
9 16 24 16
10 33 10 34
10 34 13 34
11 0 26 0
11 1 13 1
11 4 12 4
11 7 20 7
11 19 16 19
12 32 23 32
12 37 14 37
13 1 30 1
13 1 13 2
13 2 21 2
13 3 14 3
13 11 14 11
13 17 20 17
13 23 18 23
13 31 22 31
14 3 22 3
14 21 27 21
14 21 14 22
14 22 18 22
15 27 15 28
16 19 25 19
17 14 25 14
17 25 17 28
17 37 19 37
18 4 27 4
18 22 19 22
18 26 35 26
18 34 20 34
19 37 24 37
20 17 27 17
20 25 34 25
20 34 21 34
21 2 26 2
21 11 23 11
21 34 21 36
21 36 25 36
22 5 26 5
22 31 30 31
23 9 31 9
23 11 30 11
24 7 25 7
24 28 26 28
24 37 34 37
25 7 27 7
25 18 25 19
25 36 29 36
26 5 29 5
27 4 35 4
27 12 36 12
27 12 27 17
27 21 37 21
28 15 31 15
28 16 28 17
28 24 33 24
29 36 36 36
30 11 31 11
31 6 33 6
31 9 32 9
31 9 31 10
31 10 31 11
32 14 33 14
33 5 36 5
33 5 33 6
33 28 35 28
34 33 37 33
35 17 36 17
36 7 36 12
37 7 37 8
37 8 37 21
37 21 37 24
37 24 37 33
