0
142
0 2 0 4
0 4 0 8
0 11 1 11
0 11 0 16
0 16 0 18
0 18 2 18
0 18 0 19
0 20 0 21
0 21 2 21
0 21 0 22
0 22 0 23
0 23 2 23
1 5 2 5
1 7 8 7
1 7 1 10
1 10 3 10
1 10 1 11
1 16 3 16
1 16 1 17
2 3 10 3
2 3 2 5
2 5 14 5
2 11 3 11
2 13 5 13
2 17 3 17
2 17 2 18
2 19 2 21
2 21 4 21
2 23 3 23
3 0 6 0
3 1 5 1
3 1 3 2
3 2 4 2
3 6 5 6
3 8 7 8
3 8 3 9
3 9 3 10
3 10 4 10
3 16 6 16
3 18 5 18
3 23 4 23
4 9 5 9
4 15 5 15
4 21 8 21
5 1 7 1
5 6 6 6
5 18 7 18
6 2 7 2
6 4 8 4
6 10 7 10
6 12 6 14
6 14 6 16
7 0 7 1
7 1 7 2
7 2 8 2
7 6 10 6
7 10 7 11
7 11 10 11
7 12 9 12
7 14 8 14
7 14 7 15
7 15 11 15
7 17 8 17
7 17 7 18
7 18 11 18
8 1 11 1
8 2 10 2
8 4 12 4
8 7 15 7
8 13 10 13
8 13 8 14
8 14 13 14
8 17 10 17
8 21 9 21
8 21 8 23
8 23 13 23
9 12 13 12
9 19 13 19
9 19 9 21
9 21 12 21
10 2 10 3
10 8 11 8
10 8 10 9
10 9 11 9
10 11 15 11
10 13 21 13
11 1 14 1
11 1 11 2
11 8 12 8
11 9 13 9
11 18 14 18
12 8 14 8
12 16 13 16
13 9 18 9
13 16 15 16
13 17 15 17
13 19 16 19
14 0 14 1
14 1 17 1
14 1 14 4
14 4 22 4
14 5 17 5
15 17 16 17
15 17 15 18
15 18 19 18
15 20 15 22
16 3 22 3
16 14 18 14
16 16 16 17
16 17 18 17
16 19 16 22
16 22 18 22
16 23 17 23
17 1 18 1
17 5 23 5
18 1 20 1
18 6 19 6
18 6 18 9
18 9 19 9
18 14 19 14
19 6 21 6
19 6 19 8
19 9 19 10
19 10 22 10
19 10 19 12
19 12 20 12
19 14 19 15
19 19 21 19
20 8 20 9
20 14 22 14
20 14 20 15
20 22 21 22
20 22 20 23
21 6 21 8
21 18 21 19
21 19 21 20
21 20 21 22
21 22 23 22
22 3 22 4
22 4 23 4
22 10 22 14
23 12 23 13
