0
167
0 2 0 3
0 3 7 3
0 5 0 6
0 6 3 6
0 13 1 13
0 13 0 15
0 15 2 15
0 15 0 18
0 18 0 20
0 20 0 23
0 23 1 23
1 22 2 22
2 0 2 2
2 2 7 2
2 8 2 11
2 11 4 11
2 15 6 15
2 15 2 17
3 0 4 0
3 5 4 5
3 6 4 6
3 8 5 8
3 9 6 9
3 10 5 10
3 17 3 18
3 21 4 21
3 23 4 23
4 1 5 1
4 5 5 5
4 12 5 12
4 16 5 16
4 16 4 18
4 18 4 19
4 19 4 21
5 4 6 4
5 5 7 5
5 8 6 8
5 10 6 10
5 10 5 12
5 12 6 12
5 16 6 16
5 16 5 17
5 17 6 17
5 18 9 18
5 22 6 22
5 23 7 23
6 7 6 8
6 12 6 13
6 13 6 14
6 15 7 15
6 16 7 16
6 20 10 20
6 22 7 22
7 3 13 3
7 3 7 4
7 4 7 5
7 7 7 8
7 8 7 10
7 13 7 15
7 15 12 15
7 17 10 17
7 22 9 22
8 0 9 0
8 1 8 2
8 2 9 2
8 4 8 5
8 6 8 7
8 19 11 19
9 5 9 6
9 10 11 10
9 10 9 12
9 18 10 18
10 2 11 2
10 9 11 9
10 12 10 13
10 13 12 13
10 17 12 17
10 17 10 18
11 1 11 2
11 4 11 5
11 5 11 8
11 10 11 12
11 14 12 14
11 19 11 21
11 23 17 23
12 2 13 2
12 4 16 4
12 4 12 8
12 11 12 13
12 13 14 13
12 14 14 14
12 14 12 15
12 19 15 19
13 0 13 1
13 1 16 1
13 1 13 2
13 6 14 6
13 9 14 9
13 10 15 10
13 15 15 15
13 20 14 20
13 21 13 22
13 22 15 22
14 6 15 6
14 7 15 7
14 12 14 13
14 14 15 14
14 20 14 21
15 0 21 0
15 2 16 2
15 7 16 7
15 11 15 13
15 15 16 15
15 18 16 18
15 18 15 19
15 19 15 22
16 2 16 3
16 4 16 5
16 5 16 6
16 6 21 6
16 7 16 8
16 8 16 15
16 15 16 17
16 18 18 18
17 4 18 4
17 11 20 11
17 13 19 13
17 15 17 17
17 23 18 23
18 4 18 5
18 19 19 19
18 19 18 21
18 23 19 23
19 14 19 16
19 16 19 17
19 18 19 19
19 19 20 19
19 19 19 20
19 22 20 22
19 22 19 23
19 23 22 23
20 1 22 1
20 1 20 3
20 3 21 3
20 8 21 8
20 9 22 9
20 11 21 11
20 12 20 14
21 3 22 3
21 3 21 4
21 4 22 4
21 8 23 8
21 10 22 10
21 11 22 11
21 11 21 12
21 12 23 12
21 12 21 13
21 18 21 20
21 20 21 21
22 4 23 4
22 6 22 7
22 9 22 10
23 7 23 8
23 12 23 15
23 17 23 18
23 20 23 21
23 21 23 23
