0
121
0 1 0 3
0 3 1 3
0 15 6 15
0 15 0 18
0 18 2 18
0 19 3 19
0 19 0 20
1 2 1 3
1 20 3 20
1 21 5 21
2 2 2 8
3 1 5 1
3 1 3 3
3 3 3 5
3 7 3 9
3 9 9 9
3 13 5 13
3 13 3 14
3 17 4 17
3 20 6 20
4 2 5 2
4 2 4 4
4 4 6 4
4 4 4 5
4 5 5 5
4 6 5 6
4 17 8 17
5 2 6 2
5 13 7 13
5 18 10 18
5 18 5 19
5 21 5 23
5 23 12 23
6 1 6 2
6 5 6 7
6 12 11 12
6 15 6 16
6 20 10 20
7 5 7 7
7 13 8 13
7 13 7 16
8 7 8 8
8 8 10 8
8 13 12 13
8 16 10 16
8 16 8 17
9 1 10 1
9 7 11 7
9 9 9 11
9 19 11 19
10 1 10 2
10 2 10 3
10 8 10 9
10 9 15 9
10 14 10 16
10 17 18 17
10 18 12 18
10 21 11 21
10 22 12 22
11 0 12 0
11 7 11 8
11 8 12 8
11 11 19 11
11 19 11 21
12 0 12 1
12 7 22 7
12 13 17 13
12 13 12 16
12 16 14 16
12 18 13 18
12 18 12 19
12 19 15 19
12 19 12 21
12 21 12 22
13 2 13 3
13 3 16 3
13 3 13 4
13 12 15 12
13 14 15 14
13 18 17 18
14 4 17 4
14 20 15 20
15 9 16 9
15 14 15 16
15 16 17 16
15 20 15 23
16 3 17 3
16 9 22 9
16 19 18 19
17 1 17 2
17 2 22 2
17 2 17 3
17 4 19 4
17 10 23 10
17 13 21 13
17 16 22 16
17 18 18 18
18 17 21 17
18 18 21 18
19 11 20 11
19 11 19 12
19 12 20 12
19 19 20 19
19 21 19 22
19 22 19 23
20 12 21 12
20 19 20 22
21 0 22 0
21 12 23 12
21 12 21 13
21 13 21 14
21 19 21 22
22 2 22 7
22 7 22 9
22 16 22 19
22 19 22 22
23 2 23 5
23 10 23 12
23 12 23 16
23 16 23 18
23 18 23 23
