0
160
0 0 2 0
0 0 0 1
0 1 1 1
0 2 0 3
0 4 1 4
0 4 0 5
0 6 0 7
0 10 2 10
0 17 0 20
1 2 5 2
1 2 1 3
1 3 5 3
1 4 6 4
1 5 2 5
1 17 2 17
1 17 1 18
1 19 1 20
2 1 4 1
2 5 4 5
2 5 2 6
2 6 4 6
2 9 4 9
2 11 3 11
2 11 2 12
2 13 4 13
3 0 5 0
3 11 4 11
3 14 3 15
3 16 3 17
4 7 7 7
4 7 4 9
4 9 5 9
4 10 6 10
4 11 5 11
4 12 4 13
4 13 4 14
4 18 5 18
4 18 4 19
4 21 5 21
5 1 5 2
5 5 6 5
5 5 5 6
5 6 6 6
5 17 6 17
5 17 5 18
6 9 6 10
6 21 6 22
7 0 8 0
7 0 7 1
7 5 7 6
7 6 9 6
7 6 7 7
7 12 8 12
7 15 9 15
7 18 8 18
7 18 7 20
7 20 9 20
8 1 8 3
8 3 8 4
8 4 9 4
8 8 14 8
8 9 8 10
8 10 8 12
8 13 8 14
8 14 9 14
8 18 8 19
8 19 10 19
8 21 10 21
9 1 11 1
9 6 11 6
9 9 9 10
9 10 12 10
9 11 9 12
9 12 9 13
9 18 10 18
9 20 10 20
10 5 11 5
10 11 11 11
10 14 12 14
10 16 11 16
10 16 10 18
10 22 12 22
11 2 12 2
11 2 11 3
11 3 11 4
11 11 11 12
11 17 11 18
11 18 12 18
12 0 13 0
12 1 13 1
12 1 12 2
12 6 12 7
12 9 13 9
12 15 12 16
12 16 16 16
12 17 13 17
12 21 13 21
12 22 13 22
13 0 14 0
13 6 15 6
13 6 13 7
13 15 14 15
13 19 14 19
13 22 14 22
14 8 14 10
14 11 15 11
14 17 15 17
14 18 14 19
14 19 15 19
14 21 14 22
15 4 15 6
15 9 17 9
15 11 17 11
15 12 18 12
15 19 15 20
15 20 19 20
16 5 20 5
16 5 16 6
16 8 17 8
16 16 17 16
16 19 17 19
16 22 17 22
17 2 18 2
17 3 17 4
17 4 18 4
17 9 17 11
17 11 19 11
17 13 17 14
17 14 18 14
17 16 18 16
17 21 17 22
18 1 20 1
18 1 18 2
18 7 19 7
18 12 20 12
18 13 19 13
18 14 20 14
19 3 21 3
19 7 19 8
19 11 20 11
19 15 20 15
19 15 19 18
19 18 19 19
19 19 22 19
20 0 22 0
20 1 20 2
20 4 20 5
20 5 20 6
20 7 20 9
20 10 22 10
20 12 20 14
20 14 21 14
20 15 20 17
20 18 22 18
20 20 21 20
21 2 21 3
21 5 21 7
21 14 22 14
22 11 22 12
22 12 22 13
