0
184
0 1 2 1
0 17 0 18
0 26 0 28
0 30 1 30
1 2 1 6
1 12 3 12
1 16 5 16
1 19 1 22
1 22 2 22
1 23 1 24
2 15 3 15
2 19 2 20
2 23 2 24
2 24 2 26
3 2 4 2
3 5 4 5
3 18 3 20
4 3 4 5
4 5 5 5
4 5 4 6
4 6 15 6
4 8 5 8
4 9 7 9
4 9 4 11
4 18 6 18
5 5 6 5
5 7 5 8
5 14 5 15
5 16 6 16
5 20 5 24
5 24 6 24
5 29 7 29
6 2 6 4
6 4 10 4
6 5 7 5
6 11 7 11
6 18 6 21
7 8 7 9
7 16 8 16
7 18 9 18
7 23 7 24
7 29 8 29
8 11 8 12
8 15 8 16
8 16 8 17
8 19 11 19
8 21 8 22
8 23 8 25
9 0 10 0
9 1 12 1
9 13 9 14
9 17 9 18
9 20 9 21
10 3 13 3
10 7 14 7
10 10 12 10
10 15 12 15
10 18 11 18
10 27 10 30
11 8 12 8
11 11 11 13
11 18 11 19
11 21 11 27
11 27 11 28
11 28 14 28
12 8 15 8
12 10 16 10
12 12 12 15
12 24 12 26
13 3 13 4
13 12 14 12
13 12 13 15
13 25 14 25
13 26 21 26
13 27 14 27
14 7 15 7
14 15 17 15
14 21 15 21
14 23 15 23
14 23 14 24
15 3 15 4
15 4 15 5
15 5 20 5
15 6 16 6
15 7 15 8
15 8 18 8
15 12 15 13
15 13 15 14
15 18 16 18
15 21 15 23
16 1 17 1
16 1 16 3
16 9 19 9
16 12 18 12
16 16 16 18
16 24 16 25
17 1 19 1
17 6 18 6
17 11 19 11
17 19 17 20
17 21 18 21
17 27 17 28
17 28 17 29
17 29 18 29
18 16 18 17
18 21 18 22
18 23 19 23
18 23 18 24
18 24 18 25
19 1 23 1
19 1 19 3
19 6 25 6
19 17 21 17
19 24 20 24
19 29 19 30
20 5 21 5
20 9 22 9
20 14 20 16
20 21 22 21
20 23 21 23
20 23 20 24
20 24 20 25
20 25 21 25
20 27 21 27
20 28 21 28
21 7 23 7
21 7 21 8
21 11 21 12
21 13 21 17
21 23 25 23
21 29 22 29
22 3 22 4
22 4 22 5
22 12 22 14
22 14 22 16
22 18 23 18
22 27 22 28
23 0 23 1
23 1 23 2
23 3 23 4
23 9 24 9
23 12 23 14
23 18 23 21
23 21 25 21
24 2 27 2
24 5 25 5
24 9 24 11
24 13 24 16
25 8 26 8
25 8 25 9
25 12 27 12
25 12 25 14
25 14 27 14
25 14 25 15
25 16 30 16
25 17 27 17
25 28 25 29
26 7 26 8
26 8 27 8
26 18 28 18
26 20 26 22
26 29 27 29
26 29 26 30
26 30 29 30
27 6 28 6
27 6 27 8
27 9 29 9
27 9 27 11
27 11 27 12
27 20 30 20
27 21 28 21
28 3 28 6
28 7 28 8
28 13 29 13
28 14 29 14
28 18 29 18
28 23 29 23
28 23 28 24
29 1 29 3
29 10 29 13
29 24 29 27
30 9 30 11
30 11 30 12
30 14 30 15
