0
136
0 8 0 9
0 20 2 20
0 24 0 25
0 25 7 25
0 25 0 38
0 38 1 38
1 7 1 12
2 2 6 2
2 5 2 19
2 19 4 19
2 19 2 20
3 5 3 10
3 22 9 22
4 11 5 11
4 12 10 12
4 19 4 21
4 24 7 24
4 29 4 30
4 30 6 30
4 33 4 41
5 5 8 5
5 11 14 11
6 1 6 2
6 7 15 7
6 33 16 33
6 34 12 34
6 34 6 35
7 13 9 13
7 13 7 21
9 5 10 5
9 6 11 6
9 9 11 9
9 13 10 13
9 19 9 22
10 4 12 4
10 12 22 12
10 12 10 13
10 13 28 13
10 20 10 21
10 24 16 24
10 36 10 37
11 6 14 6
11 9 19 9
11 27 12 27
12 0 16 0
12 0 12 2
12 4 14 4
12 4 12 5
12 5 20 5
12 17 12 22
13 14 16 14
14 3 18 3
14 6 21 6
14 11 16 11
14 18 24 18
14 39 16 39
15 19 15 20
15 20 24 20
15 34 15 35
16 0 38 0
16 11 17 11
16 14 22 14
16 21 19 21
16 24 32 24
16 33 27 33
17 16 23 16
17 37 20 37
17 39 30 39
17 39 17 40
18 3 23 3
19 8 41 8
19 8 19 9
19 9 24 9
20 4 23 4
20 31 20 32
21 21 21 23
21 23 24 23
22 12 29 12
22 14 24 14
22 31 23 31
23 3 24 3
23 3 23 4
23 4 25 4
23 15 23 16
23 16 27 16
23 25 27 25
23 25 23 31
24 1 29 1
24 3 26 3
24 20 27 20
24 20 24 23
24 37 29 37
26 21 28 21
26 27 28 27
27 11 31 11
27 16 27 18
27 20 28 20
27 23 35 23
28 26 32 26
29 12 29 16
29 35 31 35
29 35 29 37
29 37 31 37
30 27 34 27
30 29 30 32
30 33 30 34
30 39 31 39
31 9 32 9
31 11 32 11
31 19 31 20
31 20 38 20
31 20 31 22
31 22 34 22
32 3 32 4
32 11 32 13
32 13 32 15
32 32 32 33
33 3 34 3
33 10 37 10
33 16 33 18
33 18 33 19
33 21 35 21
34 2 34 3
34 16 36 16
34 26 34 27
34 27 41 27
35 21 36 21
36 16 39 16
36 21 41 21
36 34 36 40
37 14 39 14
37 33 38 33
37 37 37 38
38 38 38 40
41 8 41 21
41 29 41 32
