0
179
0 1 2 1
0 1 0 2
0 13 1 13
0 17 0 19
0 19 0 22
0 22 0 23
1 2 3 2
1 2 1 3
1 4 1 5
1 9 1 10
1 11 2 11
1 12 2 12
1 15 1 16
1 16 2 16
1 17 1 18
1 18 1 19
1 19 2 19
1 20 2 20
1 24 2 24
2 4 4 4
2 11 4 11
2 12 4 12
2 16 2 17
2 18 3 18
2 22 3 22
3 10 5 10
3 14 8 14
3 21 3 22
4 0 4 1
4 3 5 3
4 15 6 15
4 18 6 18
4 19 5 19
4 22 7 22
5 9 7 9
5 11 6 11
5 16 7 16
5 16 5 17
5 19 7 19
5 20 5 21
5 24 5 26
6 5 7 5
6 6 6 8
6 8 9 8
6 11 7 11
6 15 7 15
6 17 7 17
6 20 6 21
6 25 6 26
7 2 7 3
7 5 9 5
7 9 8 9
7 9 7 10
7 11 8 11
7 15 7 16
7 16 8 16
7 19 7 20
7 20 7 21
7 22 9 22
8 2 8 3
8 10 8 11
8 11 8 12
8 12 8 13
8 15 9 15
8 16 8 17
9 11 9 12
9 12 9 13
9 13 9 14
9 15 12 15
9 22 10 22
9 25 9 26
10 0 10 1
10 4 10 5
10 7 12 7
10 9 10 11
10 12 14 12
10 12 10 13
10 13 11 13
11 0 13 0
11 0 11 4
11 5 13 5
11 8 13 8
11 13 12 13
11 13 11 14
11 19 11 20
11 26 12 26
12 15 15 15
12 24 13 24
12 26 13 26
13 1 13 2
13 4 14 4
13 4 13 5
13 7 15 7
13 7 13 8
13 8 14 8
13 14 15 14
13 18 14 18
13 25 13 26
14 0 15 0
14 8 16 8
14 16 14 18
14 18 14 19
14 19 16 19
14 19 14 20
14 23 14 25
14 26 16 26
15 9 16 9
15 9 15 10
15 10 15 11
15 12 15 13
15 13 16 13
15 13 15 14
15 16 16 16
15 20 15 23
15 23 15 24
15 24 16 24
15 24 15 25
16 5 16 7
16 8 17 8
16 10 16 11
16 18 19 18
16 22 16 23
16 25 16 26
17 1 18 1
17 5 17 6
17 7 18 7
17 8 19 8
17 12 17 13
17 19 18 19
17 24 22 24
18 3 18 4
18 7 19 7
18 13 19 13
18 26 21 26
19 2 20 2
19 4 20 4
19 9 19 11
19 11 20 11
19 13 19 16
19 23 20 23
20 2 21 2
20 2 20 4
20 6 21 6
20 9 20 10
20 15 21 15
20 20 20 21
21 2 21 3
21 4 23 4
21 6 22 6
21 7 22 7
21 7 21 9
21 9 21 10
21 13 21 14
21 14 22 14
21 18 21 19
21 21 22 21
21 22 22 22
21 23 24 23
21 25 21 26
22 14 24 14
22 14 22 16
22 16 22 17
22 21 25 21
22 25 24 25
23 0 23 1
23 5 24 5
23 26 25 26
24 22 25 22
24 23 26 23
24 25 25 25
25 2 26 2
25 4 25 5
25 20 25 21
25 21 25 22
25 25 25 26
26 3 26 4
26 13 26 14
26 17 26 18
26 20 26 21
