922 685 923 732
243 750 382 756
693 236 754 260
977 698 988 982
458 663 649 690
922 374 940 685
874 733 977 833
754 702 821 866
977 0 994 698
458 575 652 663
874 374 922 733
382 575 458 882
243 575 382 750
243 515 652 575
652 236 693 949
243 430 652 515
874 0 977 374
243 335 652 430
243 236 652 335
185 236 243 1000
821 0 874 853
754 0 821 702
185 130 754 236
185 0 754 130
105 0 185 1000
0 0 105 1000
837 441 1000 448
470 513 487 665
741 844 758 1000
406 513 470 665
791 441 837 665
741 790 992 844
791 373 1000 441
281 513 406 665
741 708 992 790
714 373 791 665
281 457 714 513
656 708 741 1000
714 276 1000 373
281 393 714 457
550 708 656 1000
442 708 550 1000
328 708 442 1000
212 708 328 1000
212 665 1000 708
96 665 212 1000
281 276 714 393
96 276 281 665
96 195 1000 276
96 101 1000 195
96 0 1000 101
0 0 96 1000
582 851 589 954
309 601 582 606
305 601 309 1000
808 977 988 994
707 652 718 995
289 601 305 1000
272 601 289 1000
272 560 582 601
808 420 833 977
272 510 582 560
707 420 808 652
223 510 272 1000
707 331 1000 420
582 415 655 851
659 331 707 1000
659 235 1000 331
223 415 582 510
223 328 659 415
659 124 1000 235
165 328 223 1000
659 0 1000 124
84 328 165 1000
0 328 84 1000
0 226 659 328
0 124 659 226
0 0 659 124
602 994 841 999
492 435 495 921
652 627 660 863
479 435 492 816
975 365 998 648
833 562 858 863
833 493 975 562
652 571 833 627
652 493 833 571
448 435 479 988
652 432 975 493
765 863 948 972
602 863 765 994
602 432 652 863
556 432 602 1000
556 365 975 432
375 435 448 938
556 276 1000 365
556 185 1000 276
495 185 556 929
272 435 375 889
272 185 495 435
272 100 1000 185
272 0 1000 100
170 0 272 1000
0 0 170 1000
544 207 547 244
525 750 533 977
395 396 494 420
87 554 96 907
236 853 315 900
494 792 525 979
378 396 395 801
525 207 544 750
87 470 236 554
356 396 378 995
744 510 801 791
494 207 525 792
315 396 356 995
671 510 744 953
604 510 671 1000
315 207 494 396
604 420 1000 510
604 325 1000 420
547 325 604 1000
547 226 1000 325
547 115 1000 226
236 207 315 853
547 0 1000 115
236 0 547 207
87 0 236 470
0 0 87 1000
699 976 815 993
715 726 955 735
57 907 116 951
715 713 955 726
699 713 715 976
678 713 699 1000
678 691 955 713
146 632 168 945
678 659 955 691
146 584 327 632
116 584 146 973
678 591 955 659
57 584 116 907
678 529 1000 591
633 529 678 1000
0 584 57 973
0 522 367 584
633 457 1000 529
0 446 367 522
633 332 1000 457
560 332 633 1000
560 206 1000 332
479 206 560 1000
367 206 479 1000
367 0 1000 206
0 0 367 446
827 190 830 629
209 814 227 981
816 190 827 943
209 763 397 814
763 381 792 749
209 703 397 763
735 381 763 800
209 638 397 703
169 638 209 1000
455 922 786 972
889 600 936 984
169 527 397 638
56 527 169 752
656 381 735 711
0 527 56 1000
507 564 608 830
507 381 656 564
950 0 983 839
455 381 507 922
397 381 455 1000
889 0 950 600
830 0 889 924
0 326 397 527
397 190 816 381
397 0 830 190
0 0 397 326
443 732 580 733
946 579 949 710
946 321 953 579
893 704 930 907
973 135 990 598
275 550 403 635
801 565 880 722
275 449 403 550
443 636 582 732
443 577 712 636
953 135 973 956
443 506 714 577
443 431 714 506
893 321 946 704
443 349 714 431
443 262 714 349
403 262 443 1000
714 565 801 924
204 449 275 956
204 262 403 449
151 262 204 1000
714 321 893 565
714 135 953 321
151 135 714 262
151 0 1000 135
0 0 151 1000
958 893 998 994
958 769 999 893
801 741 830 984
801 693 958 741
561 759 597 984
504 759 561 984
194 639 307 781
801 571 958 693
958 0 983 769
140 639 194 1000
504 690 801 759
140 530 328 639
801 426 958 571
504 611 801 690
87 530 140 1000
431 611 504 984
431 530 801 611
344 530 431 1000
87 324 328 530
344 417 801 530
344 301 801 417
344 158 801 301
801 0 958 426
344 0 801 158
87 0 344 324
0 0 87 1000
885 495 973 497
393 846 411 977
860 836 879 967
885 412 918 495
526 595 539 836
393 836 860 846
349 836 393 993
496 595 526 836
287 836 349 1000
451 595 496 836
402 595 451 836
352 595 402 836
287 595 352 836
888 549 928 970
287 549 888 595
537 412 885 501
287 412 537 549
287 360 1000 412
229 360 287 1000
229 310 1000 360
229 255 1000 310
229 194 1000 255
229 118 1000 194
0 462 220 811
229 0 1000 118
0 0 229 462
871 419 981 432
939 730 951 953
719 234 1000 244
656 819 676 980
517 419 871 432
719 217 1000 234
656 799 939 819
981 625 1000 947
517 396 830 419
212 980 677 999
656 766 939 799
656 730 939 766
602 730 656 980
602 678 981 730
602 625 981 678
517 217 719 396
484 625 602 980
347 625 484 980
347 547 1000 625
212 547 347 980
212 468 1000 547
212 217 517 468
212 119 1000 217
118 119 212 1000
118 0 1000 119
0 0 118 1000
179 801 310 810
939 678 986 741
310 681 341 795
493 573 548 644
493 493 548 573
115 956 342 984
804 789 843 1000
469 493 493 954
748 789 804 1000
179 681 310 801
179 583 342 681
748 678 939 789
396 493 469 815
115 583 179 956
342 493 396 1000
748 561 987 678
676 561 748 1000
342 310 548 493
548 561 676 1000
548 429 987 561
115 310 342 583
548 269 1000 429
548 107 1000 269
115 107 548 310
115 0 1000 107
0 0 115 1000
534 435 535 982
677 726 690 902
918 601 941 702
217 475 534 485
941 295 954 724
217 455 534 475
217 435 534 455
918 295 941 601
217 406 539 435
201 406 217 1000
607 726 677 965
172 406 201 1000
893 295 918 996
142 406 172 1000
804 295 893 526
737 295 804 702
96 406 142 1000
737 166 1000 295
690 166 737 965
96 315 539 406
607 166 690 726
96 194 539 315
607 0 1000 166
539 0 607 1000
96 0 539 194
0 0 96 1000
748 748 896 756
896 816 967 840
310 400 373 446
992 0 1000 683
717 748 748 954
677 748 717 954
280 400 310 892
677 665 896 748
677 579 896 665
213 400 280 696
213 261 373 400
967 0 992 911
610 579 677 954
527 579 610 954
527 493 896 579
527 391 896 493
150 261 213 892
447 391 527 954
80 261 150 922
447 266 896 391
447 140 896 266
896 0 967 816
373 140 447 1000
373 0 896 140
80 0 373 261
0 0 80 1000
994 0 996 652
975 0 994 281
545 641 930 661
545 612 930 641
960 0 975 769
947 0 960 924
505 205 704 266
511 612 545 1000
511 578 930 612
511 542 930 578
309 306 486 409
309 205 505 306
467 542 511 1000
467 498 930 542
411 498 467 1000
343 498 411 1000
274 498 343 1000
274 438 947 498
200 438 274 1000
123 438 200 1000
123 205 309 438
63 205 123 1000
0 205 63 1000
0 143 947 205
0 77 947 143
0 0 947 77
