805 750 812 962
993 71 996 674
656 883 805 917
813 889 874 977
982 71 993 562
428 926 579 969
920 623 948 874
428 873 580 926
813 788 920 889
428 809 600 873
428 724 600 809
428 637 600 724
386 637 428 1000
342 637 386 1000
813 623 920 788
290 637 342 1000
656 750 805 883
656 623 813 750
656 554 953 623
229 637 290 1000
229 577 600 637
656 466 953 554
953 71 982 976
229 495 600 577
656 351 953 466
229 389 600 495
656 208 953 351
157 389 229 1000
600 208 656 1000
157 286 600 389
157 182 600 286
600 71 953 208
157 71 600 182
157 0 1000 71
87 0 157 1000
0 0 87 1000
629 988 681 999
918 935 988 959
142 969 293 985
988 507 995 865
922 826 988 873
582 854 629 936
851 935 918 1000
988 69 1000 507
315 761 358 913
629 930 768 988
142 909 293 969
922 660 988 826
796 697 837 976
502 854 582 1000
315 405 365 761
629 818 796 930
922 372 988 660
502 703 629 854
629 697 796 818
629 591 851 697
629 466 851 591
502 466 629 703
440 466 502 1000
851 372 922 935
851 69 988 372
142 652 305 909
142 405 315 652
440 355 851 466
365 355 440 1000
365 254 851 355
365 152 851 254
142 152 365 405
142 69 851 152
75 69 142 1000
75 0 1000 69
0 0 75 1000
745 956 795 1000
931 957 984 1000
673 624 683 995
588 955 673 1000
367 550 385 895
320 799 367 933
730 422 743 950
990 0 1000 871
683 765 730 974
588 827 673 955
745 786 824 956
867 726 931 948
503 827 588 1000
867 493 931 726
745 584 824 786
683 422 730 765
228 799 320 980
503 712 673 827
931 589 984 957
828 493 867 1000
432 712 503 1000
745 324 824 584
432 624 673 712
432 536 683 624
432 422 683 536
432 324 745 422
432 242 828 324
228 550 367 799
931 0 990 589
385 242 432 1000
385 159 828 242
828 0 931 493
385 0 828 159
228 0 385 550
127 0 228 1000
0 0 127 1000
294 897 367 917
0 989 205 1000
725 881 815 929
815 856 849 1000
683 881 725 1000
964 586 984 843
186 533 229 692
154 873 227 978
82 873 154 989
683 816 815 881
941 586 964 994
82 790 229 873
614 816 683 1000
894 586 941 887
533 816 614 1000
0 790 82 989
533 752 815 816
367 759 449 998
815 586 894 856
533 669 815 752
456 669 533 1000
456 595 815 669
815 418 988 586
456 508 815 595
456 418 815 508
456 355 1000 418
456 283 1000 355
367 283 456 759
367 207 1000 283
0 533 186 790
294 207 367 897
229 207 294 1000
229 139 1000 207
229 70 1000 139
229 0 1000 70
0 0 229 533
994 0 1000 503
688 769 736 836
81 866 122 955
745 752 782 869
210 415 227 713
782 804 813 1000
688 627 745 769
983 0 994 829
896 731 931 1000
0 866 81 1000
127 795 196 968
782 573 841 804
841 731 896 1000
782 321 841 573
841 590 954 731
745 321 782 752
592 856 741 1000
841 398 954 590
592 627 688 856
530 627 592 1000
464 627 530 1000
954 0 983 849
464 530 745 627
464 429 745 530
464 321 745 429
127 415 210 795
464 213 841 321
408 213 464 1000
408 109 841 213
841 0 954 398
408 0 841 109
356 0 408 1000
0 415 127 866
295 0 356 1000
227 0 295 1000
0 0 227 415
272 488 500 490
976 926 993 973
995 490 998 879
887 681 900 946
822 881 887 958
928 352 987 452
711 452 874 490
736 881 822 958
976 490 995 926
933 159 1000 313
810 352 928 452
736 800 887 881
508 958 881 991
867 159 933 352
659 352 810 452
272 452 711 488
783 159 867 352
736 681 887 800
446 352 659 452
659 159 783 352
624 681 736 958
508 681 624 958
403 681 508 1000
905 490 976 993
403 604 905 681
300 604 403 1000
446 159 659 352
193 604 300 1000
82 604 193 1000
82 548 905 604
82 490 905 548
272 159 446 452
82 159 272 490
82 87 1000 159
82 0 1000 87
0 0 82 1000
967 694 996 695
584 458 841 460
327 503 811 506
826 424 951 458
942 747 995 849
932 194 1000 280
772 472 1000 499
351 987 830 1000
859 291 1000 353
839 507 961 580
826 370 1000 424
808 922 996 975
834 747 942 856
808 856 1000 922
679 370 826 458
706 856 808 987
327 472 772 503
706 747 834 856
679 291 859 370
584 291 679 458
623 747 706 987
533 747 623 987
533 694 967 747
453 694 533 987
453 634 1000 694
351 634 453 987
249 634 351 1000
249 580 1000 634
249 507 839 580
327 291 584 472
327 194 932 291
127 507 249 1000
127 194 327 507
127 119 1000 194
127 0 1000 119
0 0 127 1000
797 953 990 954
409 961 518 964
960 622 1000 701
821 775 874 835
821 719 882 775
708 953 797 1000
790 719 821 865
409 911 518 961
591 953 708 1000
889 793 948 900
960 462 1000 622
790 654 889 719
409 840 544 911
409 755 544 840
362 755 409 1000
735 654 790 865
650 895 870 948
362 644 544 755
362 531 544 644
650 654 735 895
650 561 889 654
362 406 544 531
889 462 960 793
650 462 889 561
591 462 650 953
591 390 1000 462
591 315 1000 390
303 406 362 946
591 231 1000 315
544 231 591 1000
303 231 544 406
303 156 1000 231
303 81 1000 156
303 0 1000 81
236 0 303 1000
0 0 236 1000
794 983 926 1000
566 854 817 863
918 922 969 983
712 771 785 817
118 905 193 964
324 804 365 913
441 983 794 1000
966 583 1000 803
829 766 951 863
785 537 829 808
710 922 918 983
118 714 187 905
68 714 118 1000
710 863 990 922
712 537 785 771
657 537 712 854
68 549 193 714
193 804 324 985
193 668 372 804
502 863 710 983
829 583 966 766
829 416 1000 583
566 537 657 854
0 549 68 1000
193 495 372 668
566 416 829 537
566 342 1000 416
502 342 566 863
441 342 502 983
441 271 1000 342
441 182 1000 271
372 182 441 1000
372 91 1000 182
372 0 1000 91
193 0 372 495
0 0 193 549
749 678 813 685
912 613 945 687
924 363 1000 397
917 175 956 272
872 363 924 458
749 641 903 678
767 687 883 741
690 781 906 810
912 541 1000 613
841 175 917 272
785 363 872 458
794 814 987 873
690 741 1000 781
512 687 767 741
637 814 794 903
632 363 785 458
749 541 912 641
425 363 632 458
749 458 1000 541
400 741 690 814
425 322 1000 363
641 458 749 687
425 272 1000 322
512 458 641 687
400 458 512 741
307 458 400 814
88 958 918 999
202 458 307 814
425 175 841 272
88 903 971 958
88 814 637 903
202 175 425 458
202 95 1000 175
88 95 202 814
88 0 1000 95
0 0 88 1000
982 741 989 945
228 969 311 989
779 920 804 987
457 785 471 948
329 807 344 1000
445 594 485 667
886 899 927 982
993 342 1000 869
982 342 993 741
445 478 485 594
710 920 779 987
823 762 866 924
710 843 823 920
710 762 823 843
668 762 710 989
668 703 868 762
868 177 885 931
390 785 457 985
228 807 329 969
390 478 445 785
355 478 390 1000
668 610 868 703
355 314 485 478
668 498 868 610
939 342 982 947
886 342 939 899
886 0 1000 342
586 498 668 1000
485 498 586 1000
485 358 868 498
228 314 355 807
485 177 868 358
485 0 886 177
228 0 485 314
135 0 228 1000
0 0 135 1000
516 990 965 994
839 573 862 661
839 533 918 573
875 881 921 964
820 881 875 964
800 533 839 661
753 881 820 964
971 401 1000 646
800 471 918 533
830 712 981 762
516 967 901 990
918 401 971 571
728 712 830 801
631 881 753 964
745 471 800 661
745 401 918 471
745 348 1000 401
631 840 982 881
516 840 631 967
745 281 1000 348
378 840 516 1000
378 801 1000 840
672 281 745 661
598 281 672 661
378 712 728 801
514 281 598 661
378 661 1000 712
514 210 1000 281
247 661 378 1000
411 210 514 661
109 661 247 1000
411 120 1000 210
284 120 411 661
109 120 284 661
109 0 1000 120
0 0 109 1000
372 681 375 974
621 820 632 954
197 939 223 1000
962 694 1000 756
361 681 372 930
348 681 361 897
525 926 566 997
348 562 375 681
875 868 911 975
197 878 296 939
875 728 928 868
572 820 621 999
962 400 1000 694
572 622 632 820
197 799 348 878
197 706 348 799
525 622 572 926
936 400 962 977
482 622 525 1000
435 622 482 1000
875 400 936 728
197 562 348 706
146 562 197 1000
435 487 632 622
826 400 875 1000
375 487 435 1000
146 424 375 562
766 400 826 1000
703 400 766 1000
632 400 703 994
632 283 1000 400
632 151 1000 283
375 151 632 487
375 0 1000 151
146 0 375 424
0 0 146 1000
861 881 954 886
863 642 922 684
860 724 910 778
938 887 974 966
898 887 938 981
863 613 994 642
861 834 942 881
771 834 861 887
767 724 860 778
792 613 863 684
162 990 709 1000
838 887 898 981
162 981 793 990
792 581 1000 613
761 887 838 981
582 724 767 778
771 778 1000 834
582 684 1000 724
575 887 761 981
575 778 771 887
469 778 575 981
582 581 792 684
469 581 582 778
469 535 1000 581
469 487 1000 535
469 436 1000 487
414 436 469 981
414 365 1000 436
344 365 414 981
258 365 344 981
258 280 1000 365
162 280 258 981
162 198 1000 280
162 105 1000 198
162 0 1000 105
0 0 162 1000
994 773 997 816
582 989 611 995
803 944 827 981
506 789 537 864
803 929 994 944
407 854 506 892
407 809 506 854
803 900 994 929
377 809 407 1000
593 388 611 719
582 388 593 989
803 859 994 900
377 747 506 809
803 816 994 859
803 773 994 816
559 388 582 808
324 747 377 1000
743 773 803 1000
324 663 506 747
743 707 1000 773
743 640 1000 707
265 663 324 985
506 388 559 789
743 542 1000 640
685 542 743 1000
612 542 685 1000
612 454 1000 542
612 353 1000 454
612 192 1000 353
265 388 506 663
265 192 612 388
180 192 265 1000
94 192 180 1000
94 103 1000 192
94 0 1000 103
0 0 94 1000
975 489 988 502
816 913 912 924
975 885 988 993
975 411 1000 489
949 885 975 994
912 885 949 1000
249 858 296 997
816 834 912 913
96 872 197 954
96 791 205 872
951 411 975 778
762 834 816 1000
369 604 403 867
702 834 762 1000
951 142 995 411
702 774 912 834
302 604 369 899
302 412 409 604
702 666 912 774
633 666 702 1000
562 666 633 1000
249 412 302 858
205 412 249 1000
562 587 912 666
912 142 951 885
562 502 912 587
562 393 912 502
96 412 205 791
96 268 409 412
486 393 562 1000
409 393 486 1000
409 268 912 393
409 142 912 268
409 0 1000 142
96 0 409 268
0 0 96 1000
993 755 1000 779
629 945 674 1000
266 945 323 1000
892 880 935 959
379 948 457 1000
379 907 492 948
222 841 265 955
182 841 222 1000
428 750 476 887
940 755 993 941
801 880 892 1000
428 574 492 750
182 693 266 841
940 545 1000 755
801 784 940 880
428 360 492 574
801 681 940 784
266 772 363 945
801 545 940 681
752 545 801 1000
103 693 182 978
696 545 752 1000
629 545 696 945
379 360 428 907
564 545 629 1000
492 545 564 1000
492 480 1000 545
492 415 1000 480
266 360 379 772
103 360 266 693
103 199 492 360
492 291 1000 415
492 147 1000 291
492 0 1000 147
103 0 492 199
0 0 103 1000
648 981 827 988
935 840 972 917
311 928 370 991
165 939 234 1000
372 948 499 986
972 700 1000 916
437 781 499 890
791 718 841 880
165 826 252 939
165 704 252 826
372 781 437 948
126 704 165 1000
85 704 126 992
841 840 935 977
738 718 791 964
85 616 252 704
841 700 972 840
841 583 1000 700
85 494 252 616
648 718 738 981
648 583 841 718
583 583 648 1000
504 583 583 1000
504 514 1000 583
504 445 1000 514
372 505 499 781
372 184 503 505
504 355 1000 445
311 184 372 928
252 184 311 966
85 184 252 494
504 242 1000 355
504 128 1000 242
504 0 1000 128
85 0 504 184
0 0 85 1000
217 787 234 820
973 760 1000 806
728 692 782 739
164 887 217 954
164 787 217 887
234 484 245 1000
354 662 373 963
652 692 728 775
936 760 973 947
317 662 354 858
857 799 909 978
857 645 936 799
735 869 854 978
95 787 164 1000
602 869 735 982
652 602 857 692
936 418 1000 760
246 662 317 1000
602 775 857 869
936 0 1000 418
246 456 378 662
454 775 602 1000
246 204 378 456
454 602 652 775
454 510 857 602
378 510 454 1000
378 422 857 510
95 484 234 787
95 204 246 484
378 324 857 422
378 222 857 324
378 116 857 222
857 0 936 645
378 0 857 116
95 0 378 204
0 0 95 1000
206 852 249 889
206 804 249 852
189 804 206 961
402 220 410 593
500 950 593 997
846 876 914 985
665 263 682 786
972 527 1000 895
249 868 329 1000
779 778 846 948
417 814 500 956
586 584 665 764
603 786 686 958
846 711 935 876
935 527 972 961
846 527 935 711
779 527 846 778
500 786 603 950
740 527 779 1000
86 804 189 998
86 649 249 804
586 263 665 584
686 527 740 1000
356 220 402 861
686 432 1000 527
686 322 1000 432
686 205 1000 322
686 87 1000 205
500 263 586 786
417 263 500 814
417 87 686 263
417 0 1000 87
249 220 356 868
86 220 249 649
86 0 417 220
0 0 86 1000
407 993 480 1000
650 933 707 989
974 737 988 994
651 671 685 780
581 933 650 1000
460 736 484 929
993 88 1000 762
792 894 893 960
581 875 707 933
792 786 893 894
581 780 707 875
974 88 993 737
651 407 698 671
617 407 651 780
581 407 617 780
407 736 460 993
552 407 581 911
525 407 552 1000
496 407 525 1000
893 398 924 975
792 557 883 786
744 557 792 996
744 398 893 557
744 261 927 398
707 261 744 983
496 261 707 407
927 88 974 977
407 261 496 736
343 261 407 1000
343 180 927 261
280 180 343 1000
280 88 927 180
206 88 280 1000
129 88 206 1000
129 0 1000 88
0 0 129 1000
303 911 333 994
262 840 278 1000
968 740 985 891
0 908 33 1000
171 888 238 954
906 650 1000 723
303 682 337 911
238 528 262 874
791 950 999 991
89 888 171 1000
801 650 906 740
904 740 968 897
0 765 79 908
554 950 791 1000
303 293 337 682
801 577 1000 650
554 914 1000 950
778 740 904 914
89 737 238 888
262 293 303 840
639 740 778 914
639 577 801 740
554 577 639 914
89 528 238 737
478 577 554 1000
478 500 1000 577
89 293 262 528
478 421 1000 500
478 341 1000 421
0 293 89 765
409 341 478 1000
337 341 409 1000
337 242 1000 341
337 134 1000 242
337 0 1000 134
0 0 337 293
881 206 984 214
978 575 985 706
72 996 823 1000
925 904 985 971
937 575 978 696
869 381 969 442
881 133 977 206
733 742 929 786
795 904 925 971
559 230 944 264
806 492 990 575
647 786 938 843
836 575 937 742
733 575 836 742
647 575 733 786
578 575 647 843
578 492 806 575
520 492 578 843
72 971 935 996
520 442 1000 492
456 442 520 843
386 442 456 843
559 133 881 230
299 442 386 843
299 381 869 442
299 324 1000 381
299 264 1000 324
224 264 299 843
224 133 559 264
72 904 795 971
154 133 224 843
154 74 1000 133
72 843 927 904
72 74 154 843
72 0 1000 74
0 0 72 1000
191 986 214 999
0 954 109 967
388 818 421 926
869 778 993 814
851 941 978 997
358 669 388 964
766 732 858 829
421 261 439 765
191 903 302 986
869 703 993 778
388 516 421 818
644 941 851 1000
869 597 993 703
644 902 993 941
766 597 869 732
766 531 993 597
109 759 173 998
766 462 993 531
191 785 342 903
191 669 358 785
0 759 109 954
644 829 944 902
705 462 766 829
644 462 705 829
600 462 644 1000
550 462 600 1000
550 398 993 462
550 333 1000 398
191 516 388 669
550 241 1000 333
0 516 191 759
550 137 1000 241
550 0 1000 137
0 261 421 516
439 0 550 1000
0 0 439 261
827 940 931 976
717 976 884 1000
61 928 123 1000
162 878 234 950
968 580 999 775
319 288 329 931
608 940 827 976
331 976 717 1000
61 835 162 928
878 809 960 940
914 580 968 809
162 649 234 878
836 580 914 809
757 580 836 809
61 649 162 835
240 713 317 976
661 580 757 809
661 507 1000 580
579 507 661 809
61 507 234 649
579 444 1000 507
500 444 579 809
500 386 1000 444
500 322 1000 386
500 255 1000 322
240 288 319 713
608 809 878 940
500 184 1000 255
61 288 240 507
436 184 500 809
0 288 61 959
331 809 608 976
436 98 1000 184
436 0 1000 98
331 0 436 809
0 0 331 288
221 584 223 616
866 967 928 996
934 896 962 967
214 584 221 917
0 956 101 984
705 967 866 996
492 773 533 898
537 595 561 823
101 901 214 969
934 757 995 896
887 757 934 942
839 757 887 967
329 967 705 996
430 773 492 966
781 757 839 967
717 757 781 967
717 703 1000 757
717 644 1000 703
717 582 1000 644
430 595 537 773
717 503 1000 582
667 503 717 967
608 503 667 911
608 440 1000 503
608 371 1000 440
561 371 608 967
430 371 561 595
430 310 1000 371
101 584 214 901
0 584 101 956
430 243 1000 310
430 137 1000 243
430 0 1000 137
329 0 430 967
223 0 329 1000
0 0 223 584
988 641 991 778
904 570 958 641
181 857 233 930
322 802 360 929
798 819 880 891
531 982 914 1000
801 570 904 641
181 716 233 857
880 693 948 817
0 935 175 988
682 819 798 912
948 641 988 912
0 864 181 935
682 753 880 819
599 753 682 912
531 953 997 982
531 912 876 953
233 802 322 970
599 693 880 753
599 641 948 693
531 641 599 912
531 570 801 641
531 524 1000 570
480 524 531 1000
0 716 181 864
421 524 480 1000
360 524 421 1000
360 473 1000 524
360 415 1000 473
360 355 1000 415
360 292 1000 355
360 214 1000 292
233 214 360 802
233 110 1000 214
233 0 1000 110
0 0 233 716
824 910 897 919
397 998 737 1000
908 461 911 798
959 927 1000 962
530 968 615 991
959 876 1000 927
903 461 908 911
397 991 867 998
805 923 857 990
530 942 667 968
346 861 397 970
300 861 346 1000
824 797 882 910
959 662 1000 876
667 923 805 990
530 863 667 942
824 640 903 797
959 199 1000 662
530 715 667 863
750 640 824 923
667 640 750 923
667 537 903 640
530 537 667 715
530 461 903 537
473 461 530 991
473 384 912 461
912 199 959 933
397 384 473 991
300 384 397 861
209 384 300 1000
209 301 912 384
91 301 209 1000
91 199 912 301
91 100 1000 199
91 0 1000 100
0 0 91 1000
770 966 837 1000
899 195 943 290
876 883 1000 917
899 151 1000 195
849 469 964 516
876 839 1000 883
550 266 888 285
765 469 849 552
471 595 879 614
578 944 754 991
578 876 759 944
770 839 876 966
578 801 759 876
770 776 1000 839
501 801 578 1000
770 705 1000 776
417 801 501 1000
471 552 872 595
770 626 1000 705
417 743 770 801
335 743 417 1000
471 469 765 552
223 743 335 1000
223 687 770 743
223 626 770 687
223 469 471 626
550 151 899 266
223 411 1000 469
145 411 223 1000
145 352 1000 411
145 290 1000 352
145 151 550 290
145 79 1000 151
75 79 145 1000
75 0 1000 79
0 0 75 1000
887 276 889 434
680 939 719 998
527 884 551 997
527 857 646 884
993 0 1000 669
484 857 527 1000
438 857 484 1000
964 743 995 965
438 823 646 857
396 823 438 1000
348 823 396 1000
980 0 993 673
297 823 348 1000
964 0 980 743
297 780 646 823
783 779 856 991
680 779 783 939
853 276 887 763
297 732 674 780
297 681 674 732
935 100 958 947
746 586 853 771
231 681 297 1000
231 614 674 681
231 542 674 614
746 276 853 586
680 276 746 779
231 456 680 542
892 100 935 996
231 367 680 456
231 276 680 367
231 191 892 276
231 100 892 191
231 0 964 100
136 0 231 1000
0 0 136 1000
903 939 970 940
997 234 1000 545
730 683 755 772
730 663 864 683
703 663 730 772
992 234 997 831
759 516 864 575
864 587 901 792
634 516 759 587
671 905 834 977
671 839 862 905
590 839 671 1000
590 790 864 839
525 790 590 1000
573 663 703 772
456 790 525 1000
456 663 573 790
411 663 456 1000
361 663 411 1000
361 625 864 663
361 587 864 625
361 516 634 587
903 662 981 939
361 469 903 516
903 234 992 662
361 392 903 469
361 313 903 392
297 313 361 1000
232 313 297 1000
164 313 232 1000
82 313 164 1000
82 234 903 313
82 158 1000 234
82 80 1000 158
82 0 1000 80
0 0 82 1000
934 545 938 784
996 330 999 737
930 545 934 882
483 904 516 1000
446 771 526 814
393 771 446 837
941 899 994 978
778 907 851 968
483 872 630 904
419 872 483 1000
975 330 996 763
346 872 419 1000
346 837 630 872
285 837 346 1000
393 724 610 771
901 545 930 907
285 724 393 837
285 677 574 724
695 764 768 989
941 330 975 899
285 616 630 677
851 545 901 978
778 545 851 907
285 537 630 616
778 330 941 545
778 170 1000 330
203 537 285 1000
121 537 203 1000
121 455 630 537
695 170 778 764
630 170 695 1000
121 332 630 455
630 0 1000 170
121 208 630 332
121 0 630 208
0 0 121 1000
916 660 967 703
586 667 716 697
96 965 209 1000
661 972 873 1000
209 610 233 916
482 942 763 972
586 593 716 667
522 697 685 756
747 833 876 918
777 703 955 769
233 972 661 1000
586 499 716 593
916 474 995 660
851 474 916 703
586 380 716 499
777 474 851 703
716 474 777 769
522 380 586 697
522 265 716 380
716 385 999 474
876 769 989 999
466 265 522 769
482 833 747 942
716 274 1000 385
403 265 466 769
233 833 482 972
716 148 1000 274
403 147 716 265
96 610 209 965
233 769 876 833
716 0 1000 148
403 0 716 147
332 0 403 769
233 0 332 769
96 0 233 610
0 0 96 1000
329 493 331 990
256 903 280 1000
427 922 472 983
427 872 514 922
868 789 999 829
466 590 513 717
466 453 513 590
256 785 315 903
868 734 999 789
216 785 256 1000
868 657 999 734
216 695 329 785
868 571 999 657
178 695 216 1000
824 571 868 888
685 938 996 983
427 453 466 872
396 453 427 1000
753 571 824 920
685 571 753 938
626 571 685 1000
626 498 1000 571
570 498 626 1000
570 428 1000 498
570 358 1000 428
178 493 329 695
335 453 396 970
514 358 570 1000
514 284 1000 358
514 208 1000 284
335 208 514 453
335 105 1000 208
335 0 1000 105
178 0 335 493
91 0 178 1000
0 0 91 1000
717 956 742 1000
369 908 394 1000
902 560 914 831
806 228 813 828
914 935 981 1000
813 937 901 1000
972 514 1000 720
369 788 421 908
717 875 806 956
914 823 1000 935
813 816 902 937
314 788 369 1000
617 825 711 974
972 0 1000 514
531 825 617 1000
531 740 717 825
531 652 717 740
531 558 717 652
813 560 902 816
476 558 531 1000
421 558 476 1000
717 599 806 875
314 558 421 788
314 487 717 558
314 406 717 487
717 228 806 599
314 319 717 406
256 319 314 1000
256 228 717 319
198 228 256 1000
914 0 972 823
813 0 914 560
122 228 198 1000
122 130 813 228
122 0 813 130
0 0 122 1000
406 514 408 730
406 275 408 514
805 892 811 995
138 976 170 1000
293 813 383 824
383 531 390 713
626 952 681 995
626 938 805 952
951 797 992 878
951 702 1000 797
216 813 293 892
395 275 406 859
138 948 401 976
626 892 805 938
216 763 383 813
951 520 1000 702
216 698 383 763
513 892 626 995
138 892 401 948
513 833 830 892
513 761 830 833
892 520 951 943
216 531 383 698
892 235 1000 520
513 643 830 761
513 507 830 643
830 235 892 968
216 275 395 531
138 275 216 892
409 507 513 1000
409 379 830 507
409 235 830 379
409 121 1000 235
409 0 1000 121
138 0 409 275
0 0 138 1000
993 387 998 430
990 754 993 849
804 979 863 990
590 936 606 1000
990 387 993 754
758 709 781 789
782 573 790 806
979 733 990 976
804 900 852 979
979 387 990 733
590 910 804 936
360 850 431 937
900 840 979 965
645 709 758 824
431 910 590 1000
431 866 804 910
900 621 979 840
900 387 979 621
645 573 782 709
578 573 645 866
509 573 578 866
863 387 900 962
509 477 804 573
804 387 863 900
431 477 509 866
431 387 804 477
431 327 1000 387
431 261 1000 327
360 261 431 850
298 261 360 1000
234 261 298 1000
234 185 1000 261
234 97 1000 185
234 0 1000 97
122 0 234 1000
0 0 122 1000
