755 238 757 597
862 804 905 870
429 895 470 1000
578 684 631 813
429 817 578 895
702 724 749 983
905 687 1000 862
905 490 1000 687
905 288 1000 490
429 684 578 817
362 684 429 1000
862 288 905 804
290 684 362 1000
862 115 1000 288
833 115 862 1000
702 238 755 724
290 553 631 684
174 553 290 1000
631 238 702 979
767 115 833 1000
174 396 631 553
174 238 631 396
174 115 767 238
174 0 1000 115
0 0 174 1000
693 726 709 799
125 993 921 995
991 0 993 883
874 970 962 993
476 825 800 850
476 799 800 825
951 315 971 748
476 726 693 799
125 970 874 993
476 648 800 726
476 564 800 648
400 564 476 929
889 315 951 778
400 491 800 564
400 413 800 491
125 929 936 970
400 328 800 413
337 328 400 929
800 315 889 752
337 202 800 328
800 0 991 315
337 0 800 202
236 0 337 929
125 0 236 929
0 0 125 1000
916 845 936 1000
448 772 486 951
251 915 347 1000
120 871 251 934
489 422 522 700
916 727 1000 845
120 775 251 871
384 646 435 909
866 727 916 1000
448 422 489 772
754 704 855 880
693 704 754 1000
866 546 1000 727
693 546 866 704
622 546 693 1000
251 646 384 915
251 422 448 646
622 403 1000 546
522 403 622 1000
522 277 1000 403
522 128 1000 277
251 128 522 422
251 0 1000 128
120 0 251 775
0 0 120 1000
921 715 933 942
121 883 158 1000
921 627 1000 715
121 843 344 883
921 475 1000 627
424 921 710 964
121 779 344 843
921 294 1000 475
121 705 344 779
121 628 344 705
548 715 791 798
548 632 868 715
548 560 921 632
121 490 344 628
424 837 807 921
424 560 548 837
424 482 921 560
344 482 424 1000
344 394 921 482
344 294 921 394
344 203 1000 294
344 105 1000 203
344 0 1000 105
121 0 344 490
0 0 121 1000
201 976 369 995
807 795 986 836
757 795 807 1000
757 748 986 795
714 748 757 1000
714 708 986 748
442 701 544 810
675 708 714 1000
675 667 986 708
374 701 442 940
615 667 675 1000
374 581 547 701
290 693 366 970
615 608 1000 667
615 549 1000 608
201 693 290 976
553 549 615 1000
553 473 1000 549
553 392 1000 473
553 293 1000 392
553 165 1000 293
553 0 1000 165
374 0 553 581
201 0 374 693
0 0 201 1000
997 689 1000 769
984 689 997 715
527 836 546 1000
775 813 816 1000
932 689 984 912
527 759 685 836
628 383 847 456
458 759 527 1000
775 689 932 813
628 300 887 383
458 663 685 759
775 591 1000 689
393 300 628 456
685 591 775 1000
685 456 1000 591
458 456 685 663
369 456 458 1000
280 456 369 1000
182 456 280 1000
393 193 893 300
182 193 393 456
106 193 182 1000
106 100 1000 193
106 0 1000 100
0 0 106 1000
628 922 668 995
804 520 819 791
665 525 725 630
615 814 700 922
625 525 665 764
725 520 804 664
725 381 820 520
957 589 994 966
911 589 957 990
435 814 615 922
552 525 625 814
911 319 1000 589
552 381 725 525
864 319 911 899
227 922 628 995
820 319 864 996
820 128 1000 319
435 381 552 814
326 381 435 922
326 261 820 381
227 261 326 922
227 128 820 261
227 0 1000 128
125 0 227 1000
0 0 125 1000
775 996 786 999
792 842 799 906
839 825 851 1000
775 842 792 996
212 826 379 853
379 809 406 1000
805 825 839 1000
174 826 212 1000
805 778 1000 825
174 780 379 826
805 714 1000 778
113 780 174 1000
805 637 1000 714
666 842 775 995
113 702 379 780
805 512 1000 637
666 654 805 842
113 565 379 702
805 285 1000 512
0 565 113 1000
666 285 805 654
552 285 666 1000
379 285 552 809
379 0 1000 285
0 0 379 565
878 963 967 991
114 980 337 996
322 819 442 866
322 764 461 819
463 327 476 921
864 653 977 729
515 963 878 994
773 653 864 795
114 944 497 980
322 609 461 764
773 533 1000 653
236 609 322 944
515 898 972 963
773 378 1000 533
684 378 773 795
684 254 1000 378
515 795 947 898
601 254 684 795
515 254 601 795
236 327 463 609
515 109 1000 254
114 327 236 944
114 109 515 327
114 0 1000 109
0 0 114 1000
365 755 418 767
612 734 690 751
765 848 777 979
892 713 923 825
286 880 322 989
923 728 1000 790
365 648 435 755
923 611 1000 728
923 479 1000 611
509 734 612 900
765 713 892 848
509 636 690 734
286 648 365 880
690 713 765 1000
690 602 923 713
690 479 923 602
690 378 1000 479
509 378 690 636
509 256 1000 378
509 133 1000 256
509 0 1000 133
435 0 509 1000
286 0 435 648
167 0 286 1000
0 0 167 1000
739 694 742 724
674 791 693 852
585 791 674 828
698 832 726 999
698 694 739 832
840 807 883 1000
790 807 840 1000
790 756 1000 807
585 694 698 791
531 694 585 1000
790 676 1000 756
531 581 742 694
790 556 1000 676
790 425 1000 556
742 425 790 1000
531 425 742 581
531 352 1000 425
450 352 531 1000
352 352 450 1000
247 352 352 1000
134 352 247 1000
134 241 1000 352
134 122 1000 241
134 0 1000 122
0 0 134 1000
966 829 979 923
893 869 916 1000
507 879 610 911
726 850 770 1000
893 647 936 869
983 0 1000 621
893 462 955 647
966 0 983 829
726 731 893 850
325 879 507 988
325 810 613 879
325 737 613 810
234 737 325 1000
106 737 234 1000
106 651 613 737
726 462 893 731
106 561 613 651
106 464 613 561
726 243 955 462
613 243 726 825
106 325 613 464
0 325 106 1000
0 189 613 325
613 0 966 243
0 0 613 189
443 943 592 948
920 715 947 842
920 658 1000 715
551 770 590 921
592 940 707 1000
881 658 920 844
682 844 850 887
834 658 881 844
834 593 1000 658
763 593 834 844
592 889 951 940
443 770 551 943
682 593 763 844
682 519 1000 593
682 426 1000 519
592 426 682 889
443 426 592 770
443 332 1000 426
359 332 443 1000
261 332 359 1000
261 235 1000 332
261 124 1000 235
261 0 1000 124
156 0 261 1000
0 0 156 1000
973 983 975 1000
663 590 666 878
973 810 978 983
118 956 151 997
334 480 357 747
809 692 1000 766
702 875 829 994
809 600 1000 692
702 810 973 875
809 497 1000 600
809 381 1000 497
605 590 663 991
809 247 1000 381
759 247 809 810
702 247 759 810
605 247 702 590
605 156 1000 247
245 480 334 962
538 156 605 836
118 480 245 956
458 156 538 1000
458 0 1000 156
357 0 458 925
118 0 357 480
0 0 118 1000
706 743 729 778
125 996 420 999
957 652 970 849
125 985 485 996
800 944 957 971
623 743 706 874
574 884 733 964
496 728 623 829
800 836 957 944
623 559 733 743
496 559 623 728
800 652 957 836
800 487 1000 652
383 559 496 884
800 276 1000 487
248 559 383 884
125 884 574 985
800 0 1000 276
248 426 733 559
733 0 800 1000
248 271 733 426
125 271 248 884
125 146 733 271
0 146 125 1000
0 0 733 146
707 706 712 900
714 678 821 697
664 706 707 758
874 705 1000 731
874 672 1000 705
714 622 821 678
714 543 821 622
640 477 713 593
874 584 1000 672
193 982 848 999
874 416 1000 584
525 706 664 883
525 477 640 706
874 191 1000 416
458 477 525 911
377 477 458 911
821 191 874 854
377 367 714 477
714 191 821 543
377 246 714 367
193 911 812 982
714 0 1000 191
377 0 714 246
193 0 377 911
0 0 193 1000
973 549 984 706
890 633 961 662
856 807 892 956
856 763 1000 807
890 549 973 633
890 484 1000 549
818 763 856 956
857 484 890 741
857 396 1000 484
818 396 857 763
775 396 818 847
708 396 775 715
708 322 1000 396
517 654 666 819
291 961 995 998
517 516 708 654
517 322 708 516
445 322 517 961
445 224 1000 322
445 108 1000 224
368 108 445 961
291 108 368 961
291 0 1000 108
198 0 291 1000
0 0 198 1000
903 986 953 997
0 944 42 1000
246 886 303 1000
903 884 976 986
359 531 386 826
721 805 783 962
977 304 1000 746
791 884 903 997
246 731 343 886
624 805 721 1000
791 763 977 884
246 531 359 731
791 617 977 763
624 617 791 805
624 525 977 617
163 531 246 936
624 423 977 525
624 304 977 423
563 304 624 1000
472 304 563 1000
472 175 1000 304
386 175 472 1000
386 0 1000 175
163 0 386 531
0 0 163 944
244 654 251 1000
244 615 334 654
683 877 876 901
244 556 334 615
941 479 972 663
941 368 1000 479
941 252 1000 368
244 459 334 556
683 828 880 877
683 788 941 828
941 0 1000 252
605 788 683 1000
605 683 941 788
605 577 941 683
512 577 605 1000
512 476 941 577
424 476 512 1000
334 476 424 1000
334 388 941 476
105 459 244 854
334 272 941 388
334 152 941 272
334 0 941 152
105 0 334 459
0 0 105 1000
0 981 293 990
273 673 292 851
200 904 441 931
703 842 757 979
703 794 869 842
664 794 703 1000
200 851 360 904
273 622 463 673
0 952 364 981
606 794 664 1000
213 622 273 851
959 440 988 942
606 737 869 794
0 851 200 952
918 440 959 941
869 440 918 981
606 613 869 737
606 440 869 613
0 622 213 851
0 487 463 622
606 242 1000 440
0 291 463 487
463 242 606 1000
463 0 1000 242
0 0 463 291
851 821 945 824
749 821 851 826
550 968 609 1000
749 784 823 821
621 337 666 440
264 667 280 978
812 827 1000 872
380 804 550 875
749 720 990 784
749 654 990 720
380 680 550 804
666 827 812 1000
380 525 550 680
156 667 264 984
749 478 990 654
287 525 380 1000
550 337 621 968
749 279 990 478
287 337 550 525
287 190 666 337
749 0 990 279
666 0 749 827
287 0 666 190
156 0 287 667
0 0 156 1000
417 858 425 983
621 264 898 268
594 264 621 310
245 987 604 991
245 983 792 987
873 818 946 955
417 722 518 858
784 818 873 983
544 772 635 969
784 721 1000 818
784 617 1000 721
721 617 784 983
721 502 1000 617
647 502 721 983
647 392 1000 502
544 392 647 772
417 392 544 722
594 129 947 264
331 392 417 983
331 310 1000 392
245 310 331 983
125 310 245 1000
125 129 594 310
125 0 1000 129
0 0 125 1000
782 685 910 701
782 663 910 685
771 663 782 1000
592 776 627 925
771 621 910 663
771 574 910 621
544 776 592 927
910 809 981 957
476 776 544 969
476 674 667 776
274 734 360 973
476 534 667 674
771 358 910 574
719 358 771 1000
667 358 719 1000
476 358 667 534
476 249 910 358
476 118 910 249
375 118 476 706
274 118 375 734
200 118 274 1000
910 0 999 809
99 118 200 1000
99 0 910 118
0 0 99 1000
998 291 1000 633
991 291 998 400
754 957 954 968
865 738 1000 757
102 763 119 1000
102 730 239 763
968 291 991 642
812 738 865 957
812 644 1000 738
754 644 812 957
829 291 968 452
754 291 829 644
714 291 754 974
673 291 714 973
617 291 673 1000
558 291 617 1000
488 291 558 1000
415 291 488 1000
326 291 415 942
326 196 1000 291
239 196 326 1000
239 102 1000 196
239 0 1000 102
102 0 239 730
0 0 102 1000
979 936 988 983
91 850 106 933
722 771 979 777
722 760 979 771
91 830 254 850
56 830 91 933
722 732 979 760
56 793 251 830
979 540 998 936
0 793 56 966
0 741 283 793
662 732 722 1000
662 637 979 732
662 540 979 637
595 540 662 1000
595 456 1000 540
595 360 1000 456
531 360 595 1000
531 256 1000 360
531 124 1000 256
458 124 531 1000
377 124 458 1000
283 124 377 1000
283 0 1000 124
0 0 283 741
905 726 924 775
983 0 984 947
498 593 574 618
155 986 483 999
905 313 924 726
822 700 905 842
574 832 652 986
574 758 751 832
574 661 751 758
574 552 751 661
574 441 751 552
383 822 562 951
383 593 498 822
383 441 574 593
822 313 905 700
321 441 383 986
321 355 751 441
751 313 822 842
258 355 321 986
930 0 983 777
751 0 930 313
155 355 258 986
155 196 751 355
0 196 155 1000
0 0 751 196
849 516 956 587
336 587 758 610
693 940 872 1000
917 610 973 867
627 462 938 509
684 867 1000 921
834 610 917 841
758 610 834 867
340 940 693 1000
673 610 758 867
340 867 684 940
567 610 673 867
456 610 567 867
340 610 456 867
251 610 340 1000
336 516 849 587
627 353 1000 462
140 610 251 1000
336 353 627 516
140 353 336 610
140 286 1000 353
140 214 1000 286
140 136 1000 214
140 0 1000 136
0 0 140 1000
810 778 817 914
593 946 653 1000
820 889 933 977
820 805 961 889
961 326 997 715
139 804 246 956
820 685 961 805
593 863 802 946
461 863 593 1000
0 804 139 1000
820 480 961 685
461 778 810 863
0 686 269 804
461 683 820 778
461 584 820 683
461 480 820 584
384 480 461 1000
384 409 961 480
384 326 961 409
384 244 1000 326
0 486 281 686
384 148 1000 244
293 148 384 1000
293 0 1000 148
0 0 293 486
762 786 985 790
991 589 995 900
256 699 267 915
762 753 985 786
195 699 256 847
762 704 985 753
762 648 991 704
762 589 991 648
392 659 451 916
762 501 1000 589
714 501 762 1000
308 659 392 966
645 501 714 1000
645 401 1000 501
645 290 1000 401
589 290 645 1000
526 290 589 1000
459 290 526 1000
308 290 459 659
308 205 1000 290
308 116 1000 205
195 116 308 699
110 116 195 1000
110 0 1000 116
0 0 110 1000
985 749 996 855
914 749 985 800
820 887 864 984
667 699 712 881
720 887 820 984
914 571 1000 749
667 570 806 699
914 356 1000 571
606 570 667 881
512 887 720 984
914 100 1000 356
269 887 512 1000
512 570 606 881
512 435 806 570
423 435 512 887
806 314 909 762
423 314 806 435
423 216 914 314
423 100 914 216
345 100 423 887
345 0 1000 100
269 0 345 887
196 0 269 1000
105 0 196 1000
0 0 105 1000
884 835 892 1000
620 684 637 872
217 966 498 986
884 775 1000 835
561 684 620 824
522 684 561 925
217 925 491 966
884 672 1000 775
427 684 522 925
813 672 884 1000
324 684 427 925
813 496 1000 672
324 578 643 684
744 496 813 1000
744 355 1000 496
744 210 1000 355
217 578 324 925
217 479 643 578
109 479 217 1000
0 479 109 1000
643 210 744 922
643 0 1000 210
0 350 643 479
0 201 643 350
0 0 643 201
456 775 479 853
443 775 456 951
386 522 443 664
802 824 866 1000
356 522 386 1000
802 738 1000 824
443 309 480 775
802 650 1000 738
693 650 802 811
303 522 356 874
693 577 1000 650
623 577 693 1000
623 490 1000 577
623 400 1000 490
220 522 303 942
564 400 623 1000
564 299 1000 400
220 309 443 522
489 299 564 1000
489 196 1000 299
489 90 1000 196
220 90 489 309
152 90 220 1000
152 0 1000 90
0 0 152 1000
588 865 655 948
978 0 997 321
790 535 807 951
925 418 978 588
766 535 790 966
811 909 948 992
486 436 811 478
588 783 766 865
291 436 486 535
489 783 588 1000
489 696 766 783
393 696 489 1000
393 616 766 696
393 535 766 616
291 363 732 436
291 284 801 363
297 535 393 1000
195 535 297 1000
84 535 195 1000
84 284 291 535
811 418 925 909
84 202 811 284
0 202 84 1000
811 0 978 418
0 0 811 202
736 713 747 744
463 810 468 881
695 713 736 797
862 805 1000 838
832 805 862 1000
559 676 588 879
588 713 695 776
404 810 463 947
349 810 404 983
751 805 832 1000
476 676 559 908
476 487 588 676
751 698 1000 805
588 513 751 713
751 565 1000 698
751 420 1000 565
751 269 1000 420
588 269 751 513
349 487 476 810
349 269 588 487
252 269 349 1000
252 143 1000 269
128 143 252 1000
128 0 1000 143
0 0 128 1000
149 920 166 943
341 732 344 943
328 732 341 822
797 803 806 1000
782 803 797 1000
765 803 782 1000
238 801 327 913
765 760 1000 803
149 801 238 920
149 732 328 801
149 638 347 732
765 678 1000 760
149 518 347 638
687 678 765 1000
92 518 149 1000
687 586 1000 678
605 586 687 1000
0 518 92 1000
605 465 1000 586
505 465 605 1000
505 351 1000 465
505 213 1000 351
505 0 1000 213
347 0 505 1000
0 0 347 518
953 798 982 888
870 308 900 455
851 171 1000 235
97 977 776 1000
855 798 953 977
692 781 855 897
437 368 717 455
855 629 1000 798
652 171 851 295
692 629 855 781
437 308 870 368
692 538 1000 629
437 171 652 308
620 538 692 977
437 106 1000 171
536 538 620 977
325 106 437 455
445 538 536 977
349 538 445 977
236 538 349 977
97 538 236 977
97 455 1000 538
97 106 325 455
97 0 1000 106
0 0 97 1000
992 651 995 768
877 863 885 1000
992 355 999 651
825 863 877 1000
825 817 992 863
825 758 992 817
825 678 992 758
552 731 653 899
552 617 702 731
501 617 552 976
445 617 501 1000
825 524 992 678
445 514 702 617
825 355 992 524
825 180 1000 355
825 0 1000 180
702 328 775 793
445 328 702 514
776 0 825 1000
345 328 445 1000
345 162 776 328
255 162 345 1000
255 0 776 162
148 0 255 1000
0 0 148 1000
564 794 759 817
271 611 290 892
399 794 564 833
806 672 1000 706
837 468 902 615
663 922 1000 953
224 611 271 845
716 468 837 615
637 672 806 794
637 615 1000 672
663 833 948 922
716 376 1000 468
498 833 663 1000
123 611 224 883
587 376 716 615
290 833 498 1000
399 615 637 794
399 376 587 615
290 376 399 833
290 298 1000 376
290 214 1000 298
290 119 1000 214
290 0 1000 119
123 0 290 611
0 0 123 1000
973 398 980 627
282 970 445 986
405 886 452 959
141 970 282 1000
449 507 520 596
284 747 465 788
405 789 520 886
784 899 914 1000
393 507 449 747
902 398 973 605
784 826 1000 899
393 358 520 507
832 398 902 729
639 826 784 1000
832 242 1000 398
639 729 1000 826
745 242 832 729
284 358 393 747
141 789 405 970
639 242 745 729
141 358 284 789
639 0 1000 242
520 0 639 1000
141 0 520 358
0 0 141 1000
524 806 583 836
607 763 630 932
607 686 660 763
867 465 1000 502
740 861 997 880
740 830 997 861
828 465 867 704
524 686 607 806
740 787 997 830
482 686 524 998
828 368 1000 465
740 715 1000 787
482 580 670 686
424 580 482 998
424 472 670 580
424 361 670 472
424 237 670 361
740 368 828 715
740 237 1000 368
670 237 740 1000
323 237 424 998
670 0 1000 237
323 0 670 237
222 0 323 1000
0 0 222 1000
811 921 894 941
743 416 773 525
765 789 806 885
600 933 749 962
708 638 811 683
959 790 988 970
516 933 600 1000
639 638 708 789
516 885 765 933
542 638 639 789
375 885 516 1000
400 638 542 789
158 885 375 1000
158 842 753 885
158 789 765 842
959 0 1000 790
158 638 400 789
900 0 959 935
158 525 683 638
158 416 743 525
158 292 811 416
811 0 900 921
158 150 811 292
158 0 811 150
0 0 158 1000
948 865 985 926
985 130 994 497
785 644 832 726
908 676 928 903
685 945 792 992
488 945 685 1000
703 835 821 932
254 945 488 1000
684 644 785 809
539 835 703 942
841 676 908 1000
841 463 948 676
948 130 985 865
539 644 684 835
539 541 841 644
461 541 539 945
841 130 948 463
461 432 841 541
461 292 841 432
365 292 461 945
254 292 365 945
254 130 841 292
134 130 254 1000
134 0 1000 130
0 0 134 1000
439 863 630 875
934 472 946 825
856 709 899 824
389 863 439 994
332 863 389 1000
822 663 848 974
915 472 934 912
719 663 822 771
332 822 639 863
639 772 701 983
915 290 1000 472
719 496 856 663
332 746 639 822
915 0 1000 290
332 644 639 746
639 341 718 772
856 0 915 709
332 501 639 644
332 341 639 501
332 180 719 341
256 180 332 1000
719 0 856 496
256 0 719 180
147 0 256 1000
0 0 147 1000
443 997 826 998
443 995 699 997
672 896 956 898
188 769 196 992
188 751 344 769
174 751 188 992
443 972 665 995
174 717 344 751
174 671 344 717
174 608 344 671
836 589 908 770
443 899 653 972
754 589 836 896
672 589 754 896
103 608 174 997
672 502 1000 589
103 424 344 608
672 319 1000 502
556 319 672 899
556 166 1000 319
443 166 556 899
443 0 1000 166
344 0 443 1000
103 0 344 424
0 0 103 1000
396 485 407 577
392 742 405 860
204 835 351 847
380 742 392 999
380 485 396 742
178 835 204 1000
935 664 982 799
178 773 351 835
509 842 589 993
837 664 935 803
351 485 380 999
598 894 772 1000
598 823 910 894
688 664 837 815
688 552 1000 664
688 439 1000 552
688 324 1000 439
598 324 688 823
509 324 598 842
178 485 351 773
407 324 509 1000
407 181 1000 324
407 0 1000 181
178 0 407 485
0 0 178 1000
