695 752 719 1000
809 286 827 719
695 719 1000 752
809 206 1000 286
640 719 695 1000
771 206 809 719
564 719 640 1000
771 0 1000 206
375 719 564 1000
690 0 771 719
585 0 690 719
375 0 585 719
208 0 375 1000
0 0 208 1000
679 885 842 921
906 341 1000 449
519 553 548 986
480 553 519 1000
480 457 679 553
343 684 420 955
679 536 764 885
679 341 906 536
679 178 1000 341
480 178 679 457
343 178 480 684
343 0 1000 178
202 0 343 1000
0 0 202 1000
674 471 701 1000
475 508 626 602
674 422 1000 471
475 422 674 508
445 422 475 1000
388 422 445 1000
329 422 388 1000
249 422 329 1000
158 422 249 1000
158 345 1000 422
158 253 1000 345
158 157 1000 253
158 0 1000 157
0 0 158 1000
217 689 364 771
726 790 792 1000
167 689 217 1000
726 686 1000 790
726 581 1000 686
726 451 1000 581
599 451 726 815
468 451 599 811
468 335 1000 451
468 189 1000 335
468 0 1000 189
364 0 468 1000
167 0 364 689
0 0 167 1000
734 603 1000 611
700 603 734 1000
654 603 700 1000
571 603 654 1000
481 603 571 1000
387 603 481 1000
291 603 387 1000
478 332 624 601
291 332 478 603
291 259 1000 332
204 259 291 1000
204 154 1000 259
204 0 1000 154
0 0 204 1000
422 764 461 1000
352 764 422 1000
623 544 823 675
407 544 623 701
352 711 1000 764
225 711 352 1000
407 478 964 544
225 478 407 711
225 419 1000 478
225 340 1000 419
225 257 1000 340
225 138 1000 257
225 0 1000 138
0 0 225 1000
650 665 662 976
109 703 236 815
109 629 313 703
650 598 879 665
109 545 313 629
650 505 879 598
0 545 109 885
567 505 650 976
567 380 1000 505
567 203 1000 380
455 203 567 976
313 203 455 1000
313 0 1000 203
0 0 313 545
475 654 732 658
773 358 790 420
845 443 896 876
732 358 773 902
475 565 732 654
845 235 1000 443
845 0 1000 235
276 703 433 1000
792 0 845 1000
475 358 732 565
475 179 792 358
475 0 792 179
276 0 475 703
0 0 276 1000
655 591 864 600
643 591 655 884
631 591 643 902
631 555 864 591
631 531 1000 555
631 485 1000 531
631 425 1000 485
559 425 631 1000
473 425 559 1000
473 315 1000 425
473 199 1000 315
319 199 473 1000
319 0 1000 199
0 0 319 1000
0 915 84 932
599 471 736 558
571 471 599 1000
535 471 571 1000
535 429 1000 471
535 359 1000 429
466 359 535 1000
466 259 1000 359
379 259 466 1000
279 259 379 1000
167 259 279 1000
167 144 1000 259
167 0 1000 144
0 0 167 915
766 662 845 710
632 662 766 715
503 662 632 721
503 599 960 662
503 536 1000 599
428 536 503 1000
428 462 1000 536
319 462 428 1000
319 363 1000 462
319 256 1000 363
319 146 1000 256
319 0 1000 146
210 0 319 1000
0 0 210 1000
