998 633 1000 802
804 318 806 589
694 768 699 907
993 633 998 844
486 847 561 872
840 966 971 981
486 815 561 847
255 966 355 1000
880 826 993 857
880 791 993 826
675 768 694 980
797 318 804 909
446 815 486 946
94 966 255 1000
880 729 993 791
840 919 1000 966
380 815 446 946
94 946 561 966
380 758 561 815
880 633 993 729
625 768 675 997
880 536 1000 633
380 687 561 758
329 687 380 946
774 318 797 945
840 536 880 919
329 620 561 687
281 620 329 946
745 318 774 870
840 427 1000 536
840 317 1000 427
281 548 561 620
806 317 840 1000
281 465 561 548
708 318 745 985
229 465 281 946
806 175 1000 317
161 465 229 946
806 0 1000 175
161 377 561 465
625 318 708 768
94 377 161 946
94 284 561 377
94 171 561 284
625 0 806 318
561 0 625 1000
94 0 561 171
0 0 94 1000
998 241 1000 562
685 910 782 921
454 651 459 972
615 773 685 800
615 736 685 773
255 410 272 580
922 892 995 943
786 847 811 998
501 621 512 968
139 922 288 959
922 814 995 892
615 650 685 736
685 847 786 910
591 650 615 920
882 814 922 995
882 747 995 814
591 567 685 650
882 661 995 747
882 573 995 661
882 475 998 573
556 567 591 920
556 459 685 567
816 732 879 965
685 732 816 847
460 621 501 989
685 651 882 732
556 331 685 459
685 563 882 651
685 475 882 563
527 331 556 944
460 331 527 621
381 651 454 935
685 405 998 475
685 333 998 405
381 331 460 651
139 741 284 922
341 331 381 1000
685 241 998 333
288 331 341 1000
288 241 685 331
288 189 1000 241
288 136 1000 189
139 410 255 741
139 136 288 410
139 84 1000 136
82 84 139 1000
82 0 1000 84
0 0 82 1000
796 998 920 1000
195 800 232 807
491 883 500 990
269 938 286 999
749 656 790 705
54 845 68 1000
686 918 796 949
886 628 933 709
166 800 195 937
101 937 164 1000
796 957 896 998
635 918 686 1000
833 628 886 709
442 883 491 990
442 770 503 883
0 845 54 1000
796 909 1000 957
503 918 635 1000
763 769 924 840
833 553 1000 628
796 846 1000 909
233 368 268 765
763 709 1000 769
358 158 381 778
833 461 1000 553
833 367 1000 461
833 270 1000 367
833 172 1000 270
790 172 833 568
269 722 352 938
749 172 790 656
503 846 796 918
706 172 749 709
662 172 706 709
611 172 662 709
166 368 233 800
611 91 1000 172
611 0 1000 91
561 0 611 709
503 709 763 846
101 368 166 937
503 0 561 709
442 0 503 770
0 368 101 845
269 158 358 722
0 158 269 368
383 0 442 1000
0 0 383 158
353 998 379 1000
962 950 973 969
737 969 948 970
111 998 353 1000
473 702 525 728
728 988 953 995
763 822 783 929
899 806 917 929
876 713 899 843
737 950 962 969
737 929 1000 950
525 816 575 929
763 772 876 822
111 988 728 998
876 439 899 713
442 702 473 929
899 734 1000 806
525 766 676 816
574 929 737 988
899 604 1000 734
442 529 525 702
763 615 876 772
525 646 676 766
899 420 1000 604
525 520 676 646
899 229 1000 420
763 439 876 615
525 385 676 520
720 439 763 929
676 439 720 929
676 334 899 439
676 229 899 334
525 229 676 385
442 229 525 529
406 229 442 929
406 185 1000 229
406 140 1000 185
372 140 406 929
372 97 1000 140
111 929 574 988
372 49 1000 97
337 49 372 929
337 0 1000 49
288 0 337 929
238 0 288 929
184 0 238 929
111 0 184 929
0 0 111 1000
836 384 869 387
245 734 311 737
581 381 807 383
317 384 836 387
581 376 940 381
604 538 624 665
821 873 929 913
766 873 821 976
829 242 891 343
678 349 949 375
758 242 829 349
832 737 965 796
977 625 999 984
702 873 766 1000
702 837 929 873
651 837 702 1000
678 242 758 349
678 211 959 242
678 179 977 211
825 578 896 723
932 388 969 684
245 687 537 734
562 837 651 1000
977 0 1000 625
581 179 678 376
442 837 562 1000
581 128 977 179
825 388 932 578
442 796 938 837
654 462 736 719
581 71 977 128
442 737 832 796
754 388 825 723
504 71 581 384
420 538 604 677
245 538 420 687
342 737 442 1000
416 71 504 384
227 737 342 1000
317 71 416 384
245 462 654 538
100 737 227 1000
198 71 317 388
245 388 754 462
100 388 245 737
0 388 100 1000
0 71 198 388
0 0 977 71
259 922 290 936
301 998 531 1000
758 944 803 957
933 535 940 732
601 986 815 998
579 890 622 951
440 876 642 889
259 816 290 922
290 402 301 875
850 873 925 957
615 694 659 857
162 901 259 1000
850 749 933 873
940 711 993 904
797 673 840 916
758 673 797 944
601 957 994 986
391 890 579 951
301 957 601 998
539 694 615 857
259 402 290 816
539 583 659 694
491 583 539 876
440 583 491 876
391 583 440 890
699 673 758 929
391 525 659 583
940 444 999 711
850 535 933 749
391 457 659 525
352 457 391 957
352 392 659 457
699 535 850 673
699 444 940 535
699 360 1000 444
352 305 659 392
699 269 1000 360
352 211 659 305
699 165 1000 269
659 165 699 957
659 70 1000 165
352 70 659 211
301 70 352 957
162 402 259 901
301 0 1000 70
162 0 301 402
100 0 162 1000
0 0 100 1000
711 996 908 998
555 996 711 999
994 558 999 721
800 641 951 650
168 866 209 904
264 735 331 762
209 797 228 940
168 797 209 866
951 657 980 757
251 735 264 1000
800 618 951 641
800 592 951 618
951 558 994 657
873 912 982 956
800 558 951 592
168 735 251 797
168 700 347 735
767 558 800 790
767 520 1000 558
134 700 168 1000
134 651 347 700
555 965 937 996
767 463 1000 520
88 651 134 1000
555 912 873 965
701 463 767 790
88 561 347 651
629 463 701 790
555 851 951 912
88 464 347 561
629 395 1000 463
40 464 88 1000
555 790 992 851
629 323 1000 395
40 373 347 464
40 281 347 373
0 281 40 1000
0 189 347 281
555 323 629 790
555 244 1000 323
505 244 555 1000
450 244 505 1000
450 162 1000 244
450 79 1000 162
400 79 450 1000
347 79 400 1000
347 0 1000 79
0 0 347 189
661 690 662 929
774 709 776 830
822 937 837 1000
818 391 821 855
932 395 935 870
997 0 999 878
901 816 932 921
776 817 803 984
703 846 774 921
673 935 760 1000
189 952 311 1000
368 944 479 1000
822 856 901 937
805 391 818 889
703 709 774 846
703 562 776 709
673 562 703 935
368 877 549 944
776 391 805 817
901 395 932 816
189 877 368 952
982 0 997 907
606 690 661 959
189 836 571 877
189 795 571 836
189 751 571 795
673 391 776 562
189 699 571 751
606 391 673 690
189 643 571 699
606 292 822 391
126 643 189 1000
606 185 822 292
126 582 571 643
571 185 606 1000
126 515 571 582
126 444 571 515
126 370 571 444
822 395 901 856
126 284 571 370
71 284 126 1000
71 205 571 284
71 125 571 205
935 0 982 939
822 0 935 395
571 0 822 185
0 125 71 1000
0 0 571 125
473 714 475 865
419 513 421 709
473 144 475 714
899 957 929 1000
858 677 928 702
74 829 133 871
74 779 133 829
858 623 928 677
254 905 391 941
184 905 254 1000
184 871 396 905
755 707 852 781
184 837 396 871
952 466 978 749
133 837 184 1000
133 805 396 837
462 144 473 923
755 623 858 707
133 769 396 805
396 513 419 982
755 554 928 623
845 815 965 918
421 501 459 874
133 714 396 769
421 144 462 501
532 957 899 1000
133 652 396 714
755 466 952 554
133 583 396 652
133 513 396 583
133 448 421 513
694 815 845 954
694 466 755 815
694 385 1000 466
133 353 421 448
645 385 694 957
133 254 421 353
591 385 645 957
74 254 133 779
591 298 1000 385
74 144 421 254
532 298 591 957
532 204 1000 298
532 102 1000 204
532 0 1000 102
475 0 532 1000
74 0 475 144
0 0 74 1000
499 998 523 1000
858 466 863 639
327 863 350 990
918 859 940 1000
950 675 991 754
544 955 727 974
499 984 756 998
729 773 827 816
429 783 482 864
729 724 827 773
900 483 912 970
950 531 993 675
109 843 216 903
544 925 783 955
900 66 918 483
677 724 729 891
256 863 327 994
544 891 827 925
950 323 997 531
109 738 216 843
256 736 365 863
365 783 429 1000
827 466 858 965
950 0 1000 323
365 648 499 783
256 558 365 736
0 781 102 978
365 483 499 648
544 724 677 891
365 316 499 483
544 644 827 724
544 562 827 644
109 494 216 738
256 316 365 558
544 466 827 562
216 316 256 1000
918 0 950 859
544 377 863 466
863 66 900 849
544 283 863 377
499 283 544 984
499 192 863 283
216 192 499 316
216 132 863 192
216 66 863 132
109 66 216 494
109 0 918 66
0 0 109 781
522 612 528 809
522 462 533 612
606 524 613 787
871 791 1000 811
534 777 558 890
175 995 918 999
92 804 175 848
175 990 918 995
827 791 871 900
827 759 1000 791
827 721 1000 759
784 721 827 900
738 721 784 900
581 524 606 871
738 687 1000 721
372 548 413 771
235 738 296 890
738 651 1000 687
738 614 1000 651
738 576 1000 614
597 959 950 990
738 533 1000 576
338 548 372 895
534 524 581 777
738 484 1000 533
175 959 597 990
738 423 1000 484
421 643 505 836
703 423 738 900
666 423 703 900
421 462 522 643
534 266 613 524
421 266 534 462
338 266 421 548
666 349 1000 423
338 174 614 266
614 349 666 900
296 174 338 900
614 266 1000 349
235 174 296 738
614 171 1000 266
614 73 1000 171
235 73 614 174
175 900 837 959
175 73 235 900
92 73 175 804
92 0 1000 73
0 0 92 1000
304 872 371 873
897 821 930 899
304 817 373 872
461 896 524 962
686 855 739 936
461 815 524 896
930 796 959 979
897 646 930 821
800 889 864 990
304 718 373 817
739 840 798 961
420 815 461 1000
259 718 304 910
373 815 420 1000
259 641 373 718
224 910 329 993
224 641 259 910
595 713 642 914
966 133 979 907
800 776 897 889
654 511 683 916
595 511 654 713
524 700 565 1000
800 646 897 776
566 511 595 972
800 537 930 646
800 427 930 537
930 279 959 796
979 0 996 917
373 700 524 815
373 609 566 700
373 511 566 609
224 511 373 641
224 460 686 511
739 427 800 840
224 402 686 460
177 402 224 987
739 279 930 427
177 338 686 402
739 133 966 279
177 270 686 338
177 201 686 270
686 133 739 855
686 0 979 133
177 109 686 201
177 0 686 109
117 0 177 1000
0 0 117 1000
933 846 938 877
212 997 325 1000
998 117 1000 599
633 835 680 867
386 865 469 886
868 688 881 868
868 447 878 688
831 761 868 830
723 943 777 1000
658 943 723 1000
680 590 703 802
704 743 743 880
386 800 469 865
704 695 831 743
347 800 386 997
658 917 972 943
704 623 831 695
985 117 998 863
533 917 658 1000
971 117 985 878
633 590 680 835
831 447 868 761
952 117 971 764
281 800 347 997
281 731 472 800
933 117 952 846
914 117 933 878
472 608 533 849
533 881 972 917
885 117 914 710
704 447 831 623
281 608 472 731
704 304 885 447
212 608 281 997
140 608 212 1000
140 532 533 608
140 453 533 532
140 370 533 453
704 117 885 304
704 0 1000 117
140 281 533 370
140 180 533 281
90 180 140 1000
633 0 704 590
585 0 633 881
533 0 585 881
90 0 533 180
0 0 90 1000
478 864 495 872
993 611 998 740
942 808 951 971
781 827 854 849
396 842 464 869
322 689 331 922
781 796 854 827
396 791 464 842
495 587 509 850
396 725 464 791
754 796 781 963
164 912 223 989
478 587 495 864
464 587 478 946
910 808 942 971
910 737 993 808
299 689 322 972
719 796 754 1000
164 771 223 912
363 725 396 1000
260 689 299 972
719 711 854 796
673 711 719 1000
363 587 464 725
363 491 511 587
854 737 910 1000
333 491 363 1000
333 394 511 491
854 611 993 737
673 611 854 711
619 611 673 1000
260 394 333 689
619 553 1000 611
223 394 260 1000
619 494 1000 553
223 307 511 394
568 494 619 1000
164 307 223 771
511 494 568 1000
511 421 1000 494
511 344 1000 421
511 254 1000 344
511 160 1000 254
164 160 511 307
164 93 1000 160
87 93 164 1000
87 0 1000 93
0 0 87 1000
211 655 213 926
748 816 758 917
0 919 89 933
717 816 748 888
607 917 746 940
717 739 760 816
220 514 228 975
467 632 488 829
89 932 220 973
916 879 1000 946
247 339 257 926
489 507 506 882
406 800 467 915
561 945 696 1000
916 783 1000 879
877 783 916 1000
646 739 717 860
228 339 247 804
646 654 760 739
877 704 1000 783
844 704 877 1000
406 632 467 800
607 654 646 917
406 507 489 632
607 578 760 654
802 704 844 1000
760 704 802 1000
760 646 1000 704
152 655 211 925
561 578 607 945
89 655 152 932
89 514 220 655
561 472 760 578
760 550 1000 646
89 339 228 514
760 440 1000 550
760 329 1000 440
561 329 760 472
561 259 1000 329
333 507 406 970
506 259 561 1000
333 259 506 507
333 194 1000 259
0 339 89 919
333 103 1000 194
333 0 1000 103
257 0 333 1000
0 0 257 339
604 973 647 974
604 968 651 973
593 743 595 966
723 995 900 998
967 955 986 996
451 842 566 851
967 883 986 955
830 863 897 901
593 472 604 743
914 905 951 990
651 299 664 550
800 863 830 994
800 826 913 863
154 859 186 1000
305 780 328 980
967 644 988 883
364 609 381 959
393 842 451 1000
800 745 913 826
154 794 305 859
305 609 364 780
393 778 566 842
154 721 305 794
914 644 967 905
800 622 914 745
566 472 593 993
914 466 1000 644
305 419 393 609
393 677 566 778
154 599 305 721
305 187 393 419
154 455 305 599
723 622 800 995
723 466 914 622
664 466 723 1000
604 299 651 968
664 365 1000 466
664 263 1000 365
393 472 566 677
393 299 604 472
664 147 1000 263
154 187 305 455
393 147 664 299
393 74 1000 147
393 0 1000 74
154 0 393 187
107 0 154 1000
0 0 107 1000
411 983 470 989
603 882 646 897
742 719 761 757
907 639 921 703
472 774 477 973
98 975 173 998
369 853 410 906
305 900 328 1000
98 957 229 975
472 239 477 774
411 914 470 983
864 952 967 999
532 877 599 953
864 910 1000 952
719 719 742 985
98 910 235 957
235 900 305 1000
646 826 694 977
907 551 998 639
719 526 761 719
532 752 599 877
98 848 235 910
235 835 369 900
761 885 842 992
841 551 907 703
864 807 1000 910
864 703 1000 807
761 703 864 885
369 394 410 853
841 422 998 551
646 526 719 826
646 332 761 526
761 422 841 703
603 332 646 882
761 308 1000 422
532 332 603 752
761 180 1000 308
235 572 354 835
532 180 761 332
98 572 235 848
532 92 1000 180
411 239 472 914
98 394 369 572
98 239 411 394
477 92 532 1000
98 92 477 239
98 0 1000 92
0 0 98 1000
938 748 957 777
376 996 996 998
625 777 740 794
335 859 372 913
670 689 848 702
288 729 376 757
376 991 956 996
804 838 872 900
877 568 915 689
288 669 376 729
877 525 1000 568
258 669 288 859
105 972 332 998
804 797 994 838
617 948 858 982
625 748 938 777
817 525 877 689
258 583 376 669
235 859 335 972
817 462 1000 525
214 583 258 859
625 705 922 748
483 705 625 797
617 900 900 948
105 859 235 972
750 462 817 689
428 900 617 983
214 484 376 583
214 375 376 484
670 462 750 689
214 258 376 375
670 399 1000 462
176 258 214 859
593 399 670 705
593 341 1000 399
593 282 1000 341
593 219 1000 282
593 156 1000 219
593 88 1000 156
543 88 593 705
483 88 543 705
428 797 804 900
428 88 483 797
105 258 176 859
428 0 1000 88
376 0 428 991
105 0 376 258
0 0 105 1000
404 997 505 1000
998 0 1000 172
600 992 953 995
858 805 967 826
404 978 527 997
949 127 966 277
817 852 906 888
967 781 998 912
838 888 967 922
200 873 537 888
758 742 967 770
900 617 959 720
404 942 577 978
900 509 967 617
285 793 945 804
247 942 404 1000
600 955 899 992
488 308 642 381
525 742 758 793
845 509 900 736
355 308 488 404
200 852 817 873
704 293 861 377
704 209 876 293
355 265 704 308
776 509 845 736
600 888 838 955
876 127 949 355
701 509 776 742
625 509 701 742
247 888 600 942
75 888 247 1000
355 209 704 265
525 509 625 742
967 0 998 781
525 454 967 509
449 454 525 793
369 454 449 793
369 404 967 454
200 805 858 852
285 404 369 793
200 404 285 805
355 127 876 209
200 127 355 404
143 127 200 888
75 127 143 888
0 127 75 1000
0 0 967 127
577 989 605 1000
995 416 1000 700
956 682 964 905
995 0 1000 416
882 556 921 639
582 639 859 652
577 956 714 989
746 958 919 986
904 268 965 354
483 393 689 419
755 503 965 530
577 921 746 956
988 0 995 998
746 916 919 958
919 682 956 881
577 873 746 921
755 452 965 503
746 854 919 916
650 452 755 556
333 663 912 682
488 873 577 1000
746 786 919 854
531 452 650 556
488 822 746 873
531 419 965 452
488 766 746 822
425 766 488 1000
359 766 425 1000
285 766 359 1000
483 349 884 393
285 727 746 766
746 682 919 786
965 0 988 790
285 682 746 727
216 682 285 1000
582 556 882 639
333 556 582 663
333 419 531 556
216 419 333 682
483 268 904 349
216 268 483 419
216 205 965 268
151 205 216 1000
151 135 965 205
84 135 151 1000
84 69 965 135
84 0 965 69
0 0 84 1000
994 507 997 698
325 996 684 998
989 507 994 755
700 789 837 805
677 789 700 913
960 759 978 922
989 222 1000 507
101 819 120 1000
837 858 880 940
101 782 211 819
677 763 837 789
101 736 211 782
642 763 677 913
101 680 211 736
642 728 837 763
325 967 619 996
325 944 734 967
101 581 211 680
574 728 642 913
101 465 211 581
574 677 837 728
574 626 837 677
527 626 574 913
0 814 81 987
527 579 837 626
0 667 101 814
325 913 805 944
480 579 527 913
960 222 989 759
480 535 837 579
480 482 837 535
436 482 480 913
0 465 101 667
837 592 926 858
926 222 960 923
380 482 436 913
380 427 837 482
380 366 837 427
325 366 380 913
325 305 837 366
837 222 926 592
274 305 325 1000
274 222 837 305
274 152 1000 222
274 77 1000 152
274 0 1000 77
211 0 274 1000
0 0 211 465
987 380 992 387
591 617 824 618
932 380 987 387
591 615 808 617
591 596 661 615
911 248 982 278
477 564 996 569
669 726 771 756
579 380 932 389
760 683 865 726
924 864 959 1000
722 517 837 564
309 596 591 619
782 449 881 516
875 864 924 1000
760 654 1000 683
663 449 782 516
760 619 1000 654
809 864 875 1000
809 816 1000 864
831 390 994 449
669 619 760 726
663 390 831 449
477 517 722 564
732 816 809 1000
309 569 880 596
732 756 1000 816
660 756 732 1000
586 756 660 1000
508 756 586 1000
508 619 669 756
448 619 508 1000
387 619 448 1000
477 390 663 517
316 619 387 1000
244 619 316 1000
309 390 477 569
579 301 983 380
159 619 244 1000
159 390 309 619
159 301 579 390
159 248 911 301
159 195 1000 248
159 140 1000 195
105 140 159 1000
105 86 1000 140
105 0 1000 86
0 0 105 1000
202 691 204 706
862 751 890 753
456 947 519 984
150 922 198 984
456 909 539 947
942 600 965 751
93 922 150 984
93 895 227 922
95 845 181 892
878 932 947 991
456 849 539 909
908 600 942 751
878 885 994 932
830 885 878 1000
908 512 994 600
404 849 456 1000
404 792 542 849
0 895 93 984
830 819 994 885
862 512 908 751
766 819 830 1000
204 278 227 782
331 743 390 953
404 689 542 792
766 753 994 819
95 691 202 845
404 565 542 689
404 439 542 565
404 309 542 439
766 512 862 753
712 512 766 1000
657 512 712 1000
597 512 657 1000
597 438 994 512
542 438 597 1000
331 309 404 743
542 365 1000 438
542 289 1000 365
542 213 1000 289
542 133 1000 213
331 133 542 309
282 133 331 1000
95 278 204 691
227 133 282 1000
227 67 1000 133
227 0 1000 67
0 278 95 895
0 0 227 278
82 995 122 1000
195 864 208 896
491 694 498 757
944 413 958 610
209 500 215 987
840 820 860 977
821 820 840 1000
168 864 195 995
958 899 999 996
937 413 944 1000
376 565 394 806
509 546 524 943
958 745 999 899
320 846 399 929
402 929 504 996
958 543 1000 745
922 413 937 1000
451 694 491 917
958 299 1000 543
451 468 498 694
754 820 821 982
754 726 871 820
922 107 958 413
82 864 168 995
509 152 538 546
958 0 1000 299
320 565 376 846
275 565 320 967
682 726 754 1000
275 398 402 565
602 726 682 1000
602 644 871 726
402 468 451 929
602 558 871 644
871 425 918 923
221 398 275 967
402 152 509 468
602 425 871 558
539 425 602 1000
539 327 922 425
539 223 922 327
539 107 922 223
221 152 402 398
539 0 958 107
82 500 209 864
82 152 221 500
82 0 539 152
0 0 82 1000
889 795 891 796
993 346 1000 399
174 796 190 977
729 914 827 954
210 867 241 994
729 867 827 914
198 399 209 875
286 361 303 699
676 867 729 1000
210 762 281 867
101 796 174 915
830 795 889 944
307 213 323 782
604 867 676 1000
604 814 827 867
604 761 827 814
243 361 286 636
604 706 827 761
560 706 604 1000
210 361 243 762
970 346 993 946
210 213 307 361
560 652 830 706
514 652 560 1000
891 684 962 915
514 598 830 652
514 542 830 598
101 591 190 796
101 399 198 591
514 479 830 542
101 213 210 399
466 479 514 1000
466 408 830 479
891 346 970 684
420 408 466 1000
830 346 891 795
373 408 420 1000
373 346 830 408
373 295 1000 346
58 213 101 961
373 242 1000 295
329 242 373 1000
329 181 1000 242
329 119 1000 181
329 55 1000 119
58 55 329 213
58 0 1000 55
0 0 58 1000
715 797 728 915
878 847 907 939
924 290 929 825
591 291 596 967
685 797 715 960
460 859 560 910
934 776 1000 854
825 648 878 750
934 693 1000 776
460 797 560 859
337 843 393 970
825 513 878 648
934 574 1000 693
773 545 792 976
173 631 212 854
907 290 924 810
460 702 560 797
267 843 337 1000
460 591 560 702
632 705 676 976
134 631 173 968
934 365 1000 574
795 513 825 980
267 766 460 843
934 125 1000 365
878 290 907 847
267 681 460 766
560 291 591 847
267 591 460 681
795 290 878 513
728 545 773 984
213 591 267 1000
213 526 560 591
795 125 934 290
213 453 560 526
213 374 560 453
728 125 795 545
213 291 560 374
685 125 728 797
213 213 596 291
632 125 685 705
596 125 632 1000
213 125 596 213
134 125 213 631
134 76 1000 125
72 76 134 1000
72 0 1000 76
0 0 72 1000
