840 951 881 994
769 532 777 863
931 761 954 886
487 919 532 986
760 532 769 899
698 569 709 883
426 614 541 652
426 575 541 614
972 614 989 895
426 528 541 575
886 747 915 939
709 951 840 994
819 630 837 943
620 793 673 908
347 528 426 609
991 0 998 942
347 488 541 528
325 488 347 850
886 487 917 747
679 569 698 994
252 488 325 605
252 458 541 488
819 487 886 630
736 532 760 941
252 421 541 458
227 421 252 850
200 421 227 850
972 0 991 614
819 374 928 487
170 421 200 850
736 374 819 532
620 569 679 793
133 850 351 911
170 383 541 421
709 374 736 951
133 383 170 850
620 374 709 569
541 646 614 941
620 291 931 374
63 919 487 986
931 0 972 761
133 302 541 383
620 157 931 291
63 302 133 919
0 302 63 1000
0 212 541 302
620 0 931 157
541 0 620 646
0 0 541 212
997 657 999 902
990 760 993 943
839 219 844 416
997 94 999 657
994 94 997 888
977 760 990 983
850 871 881 998
676 479 695 713
657 479 676 726
797 530 838 656
768 530 797 720
422 770 567 812
977 377 993 760
768 443 839 530
657 392 740 479
381 770 422 974
381 723 567 770
335 723 381 974
335 669 567 723
740 862 841 986
289 669 335 1000
242 669 289 1000
242 620 567 669
768 219 839 443
940 377 977 834
242 564 567 620
740 219 768 862
242 505 567 564
242 444 567 505
242 382 567 444
209 382 242 1000
605 392 657 811
567 392 605 985
209 316 567 382
174 316 209 1000
893 377 940 906
174 250 567 316
174 178 567 250
893 94 994 377
567 219 740 392
134 178 174 1000
850 94 893 871
567 94 850 219
134 94 567 178
93 94 134 1000
93 49 1000 94
48 49 93 1000
48 0 1000 49
0 0 48 1000
373 659 378 687
698 902 706 925
788 625 987 626
373 579 378 659
418 562 421 927
368 579 373 848
736 272 739 809
788 616 1000 625
788 605 1000 616
782 605 788 1000
499 401 690 413
529 925 683 948
300 565 319 757
490 401 499 822
529 902 698 925
479 902 529 981
319 886 363 987
490 380 708 401
407 562 418 985
490 355 708 380
479 355 490 902
725 272 736 830
708 272 725 704
479 321 708 355
814 328 981 377
192 858 275 957
782 328 814 605
782 284 1000 328
782 236 1000 284
782 185 1000 236
479 272 708 321
378 562 407 963
767 185 782 1000
378 269 421 562
319 579 368 886
458 272 479 1000
319 269 378 579
739 185 767 1000
458 185 739 272
421 185 458 991
421 131 1000 185
192 565 300 858
192 269 319 565
421 64 1000 131
192 64 421 269
192 0 1000 64
134 0 192 1000
68 0 134 1000
0 0 68 1000
563 877 565 885
390 613 391 812
563 665 565 877
537 595 548 638
562 226 565 612
556 665 563 843
221 916 304 933
445 356 448 847
768 632 931 642
768 619 931 632
768 604 931 619
556 226 562 665
374 613 390 894
266 753 303 915
473 595 490 969
751 604 768 994
537 226 556 595
733 604 751 1000
733 576 1000 604
221 753 266 916
733 546 1000 576
714 546 733 1000
448 595 473 978
714 509 1000 546
714 463 1000 509
221 590 304 753
714 409 1000 463
714 353 1000 409
374 356 445 613
341 356 374 925
304 356 341 878
221 356 304 590
509 226 537 945
448 226 509 595
679 353 714 1000
679 275 1000 353
642 275 679 1000
642 198 1000 275
221 226 448 356
182 226 221 1000
603 198 642 1000
603 114 1000 198
565 114 603 1000
75 517 178 932
182 114 565 226
182 58 1000 114
75 58 182 517
75 0 1000 58
0 0 75 1000
285 997 297 1000
406 787 407 944
345 576 347 935
340 576 345 915
517 269 520 883
370 944 411 999
411 415 415 984
660 649 903 659
956 880 999 949
651 649 660 1000
651 635 903 649
651 620 903 635
370 787 406 944
651 596 903 620
171 864 219 991
370 607 411 787
632 596 651 1000
988 171 999 866
613 596 632 1000
370 415 411 607
351 415 370 855
502 269 517 910
903 672 934 985
309 576 340 901
285 576 309 997
613 554 903 596
254 576 285 970
613 511 903 554
613 465 903 511
588 465 613 1000
254 415 351 576
171 636 242 864
555 465 588 1000
171 415 254 636
520 465 555 1000
956 171 988 880
171 346 502 415
520 403 903 465
171 269 502 346
903 171 956 672
520 331 903 403
171 185 520 269
520 253 903 331
520 171 903 253
520 89 1000 171
520 0 1000 89
171 0 520 185
97 0 171 1000
0 0 97 1000
424 788 427 833
86 998 197 1000
424 631 427 788
368 947 381 986
424 454 427 631
422 454 424 761
146 962 304 967
802 376 805 863
909 949 962 978
802 362 951 376
368 724 381 947
981 557 998 741
802 339 951 362
521 746 555 855
802 300 951 339
482 898 829 915
411 454 422 991
146 921 305 962
86 967 297 998
428 167 439 798
909 863 998 949
802 244 951 300
394 454 411 970
146 500 167 921
146 449 327 500
128 449 146 967
835 863 909 994
521 710 802 746
327 724 368 976
981 0 1000 557
802 170 951 244
128 390 327 449
482 863 835 898
128 320 327 390
327 454 394 724
521 417 587 710
521 335 802 417
951 0 981 773
802 0 951 170
86 320 128 967
327 167 428 454
521 228 802 335
521 114 802 228
521 0 802 114
482 0 521 863
86 167 327 320
439 0 482 1000
86 0 439 167
0 0 86 1000
94 802 97 818
345 837 350 962
947 792 955 919
350 149 352 885
977 770 990 893
486 995 950 1000
977 518 990 770
345 149 350 837
960 518 977 724
947 518 960 792
47 802 94 884
934 518 947 880
651 538 663 958
651 518 934 538
651 499 1000 518
0 802 47 965
229 264 240 985
97 795 156 947
97 634 156 795
651 470 1000 499
651 441 1000 470
608 958 989 987
651 408 1000 441
630 408 651 958
630 374 1000 408
630 339 1000 374
608 339 630 958
326 149 345 926
608 301 1000 339
193 514 228 977
156 514 193 973
583 301 608 995
557 301 583 995
156 264 229 514
557 256 1000 301
97 264 156 634
557 203 1000 256
524 203 557 995
97 149 326 264
0 515 97 802
524 136 1000 203
486 136 524 995
445 136 486 1000
0 149 97 515
403 136 445 1000
403 75 1000 136
403 0 1000 75
353 0 403 1000
0 0 353 149
936 898 947 903
998 0 1000 305
993 743 1000 844
996 0 998 466
966 265 968 851
987 743 993 1000
558 644 565 972
961 420 966 887
888 370 895 707
936 539 947 898
810 695 825 978
234 441 402 467
948 420 961 785
558 615 727 644
895 539 936 686
895 420 948 539
987 0 996 743
210 441 234 794
534 615 558 972
0 972 449 991
491 623 519 954
871 370 888 966
895 265 966 420
491 361 534 623
534 552 727 615
534 489 727 552
402 361 491 514
968 0 987 799
534 408 727 489
534 322 727 408
534 233 727 322
161 441 210 794
161 361 402 441
895 0 968 265
727 695 810 977
161 298 534 361
161 233 534 298
828 370 871 942
828 0 895 370
161 186 727 233
127 186 161 972
727 363 828 695
727 0 828 363
127 124 727 186
127 61 727 124
85 61 127 972
43 61 85 972
0 61 43 972
0 0 727 61
234 315 239 330
892 998 984 1000
798 998 892 1000
236 632 239 963
497 870 506 1000
610 572 761 581
837 688 950 704
497 863 760 870
202 828 219 979
225 632 236 870
981 780 1000 941
592 572 610 799
202 632 225 828
981 541 1000 780
463 863 497 1000
592 544 761 572
420 863 463 1000
420 844 761 863
420 824 761 844
145 466 194 615
0 913 131 973
562 544 592 813
529 544 562 824
367 824 420 1000
529 495 761 544
294 824 367 1000
145 315 234 466
163 632 202 979
950 541 981 998
480 495 529 824
837 541 950 688
837 429 1000 541
480 427 761 495
798 429 837 998
422 427 480 824
798 315 1000 429
360 427 422 824
761 315 798 999
360 339 761 427
761 162 1000 315
360 247 761 339
294 247 360 824
294 162 761 247
0 632 163 913
239 162 294 1000
0 315 145 632
239 98 1000 162
239 0 1000 98
0 0 239 315
507 580 634 581
714 927 731 937
740 991 981 992
643 822 714 828
990 764 993 922
993 376 995 653
993 132 996 376
990 132 993 764
153 644 162 981
942 401 953 767
844 780 864 991
323 589 340 840
820 552 843 756
490 580 507 1000
844 601 885 780
927 401 942 892
844 506 927 601
844 401 927 506
469 580 490 1000
714 399 731 927
844 318 953 401
126 644 153 981
469 523 643 580
448 523 469 1000
126 589 323 644
425 523 448 1000
976 132 990 959
777 552 820 822
97 589 126 1000
953 132 976 812
58 589 97 1000
425 441 643 523
58 526 351 589
425 353 643 441
58 460 351 526
844 132 953 318
425 248 643 353
58 380 351 460
389 248 425 1000
777 132 844 552
351 248 389 1000
643 399 714 822
740 132 777 991
740 0 1000 132
58 248 351 380
643 0 740 399
58 172 643 248
0 172 58 1000
0 0 643 172
994 327 999 342
376 614 377 967
991 717 994 844
525 460 527 773
994 104 999 327
376 606 525 614
527 363 556 408
860 879 961 897
991 104 994 717
264 894 317 943
328 314 335 801
852 523 860 966
376 581 525 606
666 647 678 960
860 458 869 879
963 370 972 947
839 523 852 939
666 612 839 647
376 540 525 581
317 314 328 904
648 612 666 991
648 573 839 612
205 839 264 982
860 370 963 458
860 300 991 370
648 523 839 573
860 221 991 300
648 472 860 523
376 460 525 540
621 472 648 1000
376 363 527 460
376 280 557 363
860 104 991 221
621 403 860 472
591 403 621 1000
591 321 860 403
591 215 860 321
591 104 860 215
557 104 591 1000
264 314 317 894
205 314 264 839
376 104 557 280
156 314 205 991
335 104 376 965
156 104 335 314
112 104 156 1000
112 54 1000 104
112 0 1000 54
0 0 112 1000
342 371 626 374
869 836 952 851
496 447 845 454
954 739 972 906
321 825 592 842
869 777 952 836
638 314 949 335
342 352 702 371
496 429 879 447
592 816 869 841
636 614 954 636
636 591 954 614
636 568 954 591
597 568 636 777
556 568 597 777
512 568 556 777
468 568 512 777
468 549 954 568
423 549 468 777
954 482 995 739
766 139 968 192
592 777 869 816
604 125 760 196
373 549 423 777
319 549 373 777
766 50 908 139
321 777 592 825
261 777 321 1000
257 549 319 777
193 777 261 1000
257 526 954 549
193 526 257 777
193 504 954 526
193 482 954 504
327 125 604 193
155 482 193 1000
638 245 955 314
155 455 1000 482
496 376 949 429
100 455 155 1000
100 376 496 455
342 245 638 352
100 245 342 376
327 50 766 125
100 199 1000 245
48 199 100 1000
48 50 327 199
48 0 1000 50
0 0 48 1000
420 583 423 650
180 881 191 930
594 507 708 520
733 747 860 759
488 994 927 999
316 798 330 991
423 204 430 841
488 985 991 994
180 340 189 881
906 666 925 947
733 706 870 747
578 507 594 904
733 666 906 706
552 904 696 963
733 620 944 666
971 290 1000 635
552 507 578 904
733 569 944 620
552 435 708 507
733 515 944 569
552 355 708 435
733 445 944 515
552 260 708 355
733 371 944 445
233 798 316 986
364 583 420 876
944 290 971 903
233 565 305 798
733 290 944 371
733 221 1000 290
79 717 176 908
733 146 1000 221
708 146 733 973
515 260 552 820
515 146 708 260
364 204 423 583
488 146 515 985
334 204 364 977
458 146 488 1000
458 98 1000 146
458 50 1000 98
430 50 458 1000
430 0 1000 50
233 204 334 565
79 340 180 717
233 0 430 204
191 0 233 1000
0 340 79 935
0 0 191 340
850 495 852 624
890 572 893 881
301 356 303 943
870 301 872 902
897 131 899 900
937 621 954 799
890 131 897 572
885 131 890 812
779 495 850 547
880 131 885 931
659 321 746 367
779 440 852 495
547 757 588 883
873 131 880 997
859 301 870 853
284 356 301 846
989 0 1000 826
94 680 123 1000
979 0 989 947
968 0 979 875
362 641 547 704
659 177 746 321
746 440 779 841
94 607 284 680
362 564 547 641
94 529 284 607
746 301 859 440
600 641 659 917
362 470 547 564
57 529 94 1000
362 373 547 470
57 444 284 529
937 0 968 621
331 373 362 1000
331 282 547 373
331 191 547 282
57 356 284 444
57 272 305 356
305 191 331 1000
28 272 57 1000
746 131 873 301
28 191 305 272
0 191 28 1000
746 0 937 131
600 177 659 641
547 177 600 757
0 131 547 191
547 0 746 177
0 0 547 131
659 923 678 947
982 219 984 873
785 396 788 982
235 638 468 647
659 816 678 923
535 732 548 948
789 809 808 973
235 624 468 638
235 609 468 624
638 816 659 983
789 713 826 809
857 335 863 982
826 770 849 948
235 590 468 609
552 340 563 807
235 567 468 590
535 340 552 732
235 534 468 567
235 500 468 534
697 772 738 970
235 464 468 500
235 428 468 464
468 340 535 484
235 385 468 428
235 340 468 385
965 219 982 840
235 303 565 340
826 335 857 770
984 0 999 941
214 303 235 1000
214 260 565 303
826 219 965 335
565 651 626 925
756 396 785 1000
190 260 214 1000
190 211 565 260
789 219 826 713
697 396 756 772
638 396 697 816
156 211 190 1000
638 219 789 396
117 211 156 1000
565 219 638 651
565 128 984 219
66 211 117 1000
66 122 565 211
565 0 984 128
66 0 565 122
0 0 66 1000
999 62 1000 739
997 62 999 579
415 583 587 598
415 562 587 583
639 903 829 922
967 416 978 766
954 416 967 719
636 607 653 842
618 607 636 842
415 533 587 562
415 503 587 533
517 903 639 950
209 878 268 980
881 416 954 514
618 573 841 607
415 458 587 503
415 408 587 458
0 899 89 996
841 522 878 774
771 842 936 903
352 980 913 999
415 343 587 408
415 277 587 343
618 522 841 573
982 62 997 871
618 470 881 522
390 277 415 842
618 416 881 470
517 842 771 903
618 371 982 416
209 628 276 878
618 323 982 371
352 951 971 980
352 842 517 951
618 270 982 323
618 216 982 270
618 161 982 216
587 161 618 842
390 161 587 277
390 115 982 161
352 115 390 842
316 115 352 1000
280 115 316 1000
209 115 280 628
209 62 982 115
163 62 209 1000
163 0 1000 62
103 0 163 1000
0 0 103 899
808 448 965 449
301 435 954 436
899 159 948 178
686 863 695 1000
943 346 968 399
808 436 999 448
473 543 940 549
768 436 808 515
580 574 668 611
547 574 580 680
716 697 739 846
301 428 791 435
877 346 943 399
712 159 899 178
707 399 880 422
716 680 1000 697
686 847 1000 863
916 237 987 307
680 680 716 847
647 847 686 1000
641 680 680 847
601 847 647 1000
644 346 877 385
712 125 983 159
535 847 601 1000
547 549 986 574
301 399 707 428
452 549 547 680
556 680 641 847
441 847 535 1000
457 680 556 847
332 847 441 1000
301 346 644 399
332 680 457 847
252 680 332 1000
252 549 452 680
184 549 252 1000
473 436 768 543
184 436 473 549
609 237 916 345
124 436 184 1000
301 237 609 346
124 237 301 436
124 192 1000 237
124 125 712 192
75 125 124 1000
75 71 1000 125
75 0 1000 71
0 0 75 1000
438 368 443 449
438 148 443 368
273 946 420 957
435 148 438 726
203 480 209 967
369 957 438 1000
654 505 956 516
644 505 654 936
306 644 343 764
956 396 969 756
993 122 1000 804
583 596 595 997
387 389 404 696
644 487 956 505
644 469 956 487
970 755 993 1000
225 957 369 1000
644 448 956 469
583 448 644 596
117 674 168 853
583 423 956 448
583 396 956 423
565 396 583 1000
406 148 435 566
76 674 117 971
565 365 970 396
565 334 970 365
565 302 970 334
546 302 565 1000
347 389 387 738
347 148 406 389
970 122 993 755
546 263 970 302
546 218 970 263
521 218 546 1000
273 809 415 946
306 148 347 644
521 170 970 218
521 122 970 170
273 148 306 809
76 480 203 674
521 66 1000 122
521 0 1000 66
484 0 521 1000
225 148 273 957
443 0 484 1000
76 148 225 480
76 0 443 148
0 0 76 1000
432 997 472 1000
852 515 855 915
885 172 1000 185
880 508 885 814
631 786 644 913
855 901 874 992
190 497 383 508
767 872 810 920
432 986 624 997
631 715 662 786
742 563 749 899
432 567 438 986
874 508 880 969
190 482 383 497
190 466 383 482
874 172 885 508
841 515 852 894
190 436 383 466
668 485 681 942
432 531 629 567
681 828 732 977
631 485 668 715
767 660 810 872
432 485 631 531
752 290 767 907
432 446 681 485
432 396 681 446
814 515 841 978
411 396 432 1000
855 172 874 901
814 172 855 515
814 86 1000 172
681 563 742 828
383 396 411 1000
383 337 681 396
190 337 383 436
681 290 752 563
190 290 681 337
190 246 767 290
767 86 814 660
190 196 767 246
190 143 767 196
190 86 767 143
151 86 190 1000
104 86 151 885
104 43 1000 86
62 43 104 1000
62 0 1000 43
0 0 62 1000
