108 903 158 974
307 296 313 915
796 612 945 639
67 903 108 1000
510 603 661 630
97 400 218 434
796 583 945 612
288 296 307 519
510 571 661 603
796 548 945 583
241 296 288 411
945 645 969 874
510 534 661 571
679 889 733 996
679 380 691 889
796 499 945 548
510 479 661 534
661 380 679 1000
982 226 999 946
218 296 241 856
510 380 661 479
67 400 97 903
945 226 982 645
67 296 218 400
480 380 510 1000
443 380 480 1000
443 313 796 380
407 313 443 1000
371 313 407 1000
317 313 371 1000
796 226 945 499
317 226 796 313
317 160 1000 226
0 296 67 970
317 89 1000 160
317 0 1000 89
0 0 317 296
950 611 961 663
992 232 999 343
567 826 576 989
961 232 992 280
815 964 907 987
694 372 950 383
694 357 950 372
950 232 961 611
676 357 694 687
658 357 676 687
640 357 658 687
622 357 640 687
106 826 567 840
601 357 622 687
601 336 950 357
767 733 810 905
601 313 950 336
106 812 683 826
601 273 950 313
601 232 950 273
568 232 601 687
815 687 884 964
106 771 574 812
516 232 568 687
106 733 767 771
458 232 516 687
399 232 458 687
399 178 1000 232
106 687 815 733
399 118 1000 178
333 118 399 687
267 118 333 687
191 118 267 687
106 118 191 687
106 60 1000 118
106 0 1000 60
0 0 106 1000
638 914 640 927
492 838 497 880
570 669 577 804
640 794 645 984
577 442 579 929
547 793 570 840
570 442 577 669
609 914 638 996
809 540 912 567
609 794 640 914
809 515 1000 540
430 838 492 945
809 479 1000 515
794 479 809 1000
794 440 1000 479
547 442 570 793
794 385 1000 440
609 441 646 794
794 317 1000 385
773 317 794 1000
748 317 773 1000
609 317 748 441
609 269 1000 317
609 217 1000 269
609 160 1000 217
497 442 547 933
579 160 609 1000
430 442 497 838
430 160 579 442
359 160 430 800
301 160 359 1000
241 160 301 1000
178 160 241 1000
178 85 1000 160
178 0 1000 85
96 0 178 1000
0 0 96 1000
131 940 234 941
224 699 226 808
97 994 160 999
557 671 580 760
97 980 254 994
171 867 207 938
628 495 1000 503
399 905 435 988
539 671 557 852
60 667 87 798
539 562 580 671
539 495 628 562
539 477 1000 495
171 699 224 867
131 699 171 940
131 572 208 699
131 477 234 572
539 450 1000 477
539 423 1000 450
516 423 539 1000
516 389 1000 423
97 477 131 980
516 353 1000 389
516 316 1000 353
516 279 1000 316
0 667 60 974
0 477 97 667
516 230 1000 279
516 175 1000 230
483 175 516 1000
483 121 1000 175
446 121 483 1000
399 121 446 905
352 121 399 1000
271 121 352 1000
271 0 1000 121
0 0 271 477
785 448 787 477
409 494 416 619
444 306 449 696
742 448 785 529
398 494 409 850
277 634 344 698
575 448 742 475
67 627 114 737
450 701 487 886
431 306 444 889
380 494 398 957
787 450 1000 494
416 306 431 967
554 448 575 1000
67 496 164 627
787 388 1000 450
554 388 787 448
277 494 380 634
787 316 1000 388
554 316 787 388
526 316 554 1000
497 316 526 1000
497 276 1000 316
497 229 1000 276
497 181 1000 229
450 181 497 701
450 134 1000 181
277 306 416 494
277 134 450 306
242 134 277 1000
242 90 1000 134
205 90 242 1000
168 90 205 1000
168 48 1000 90
168 0 1000 48
67 0 168 496
0 0 67 1000
858 668 877 682
565 469 568 794
436 226 439 742
545 726 553 983
657 330 662 798
649 330 657 798
888 215 893 976
635 798 662 991
993 141 1000 994
197 653 216 987
877 215 888 792
649 299 858 330
904 503 983 586
635 299 649 798
635 261 858 299
858 215 877 668
498 726 545 914
635 215 858 261
217 812 300 937
904 357 983 503
498 469 565 726
439 624 490 973
904 141 993 357
635 141 904 215
598 141 635 766
108 653 197 933
598 72 1000 141
598 0 1000 72
569 0 598 1000
498 0 569 469
217 505 329 812
439 0 498 624
374 226 436 887
217 226 374 505
108 226 217 653
108 0 439 226
0 0 108 1000
999 201 1000 512
981 602 987 675
810 979 959 984
994 201 999 417
933 418 952 555
658 314 669 560
658 298 897 314
658 280 897 298
180 979 810 986
454 560 608 601
635 280 658 560
414 961 790 978
519 830 582 937
635 256 933 280
460 791 740 820
861 751 981 830
600 256 635 560
933 201 994 418
414 830 519 961
313 830 414 979
460 751 861 791
362 602 981 629
544 256 600 560
180 830 313 979
544 201 933 256
180 751 460 830
73 751 180 1000
454 201 544 560
362 201 454 602
280 201 362 680
73 680 637 751
183 201 280 680
73 201 183 680
73 142 1000 201
73 78 1000 142
73 0 1000 78
0 0 73 1000
0 998 115 1000
716 521 720 970
0 979 148 998
697 806 714 991
865 567 876 917
728 917 833 960
697 521 716 806
865 524 1000 567
458 939 637 972
865 475 1000 524
865 424 1000 475
848 424 865 914
458 728 500 939
458 679 655 728
0 926 210 979
668 521 697 939
848 341 1000 424
62 474 100 805
417 679 458 996
62 363 223 474
417 608 668 679
813 341 848 917
813 230 1000 341
417 521 668 608
778 230 813 917
417 436 728 521
778 90 1000 230
417 335 728 436
417 224 728 335
0 363 62 926
369 224 417 1000
728 90 778 917
369 90 728 224
369 0 1000 90
301 0 369 1000
223 0 301 1000
0 0 223 363
381 951 398 985
381 872 398 951
460 272 463 926
412 724 423 961
338 872 381 934
324 643 338 920
732 776 967 795
732 752 967 776
412 426 431 724
732 723 967 752
399 426 412 990
977 462 1000 800
338 687 399 872
684 723 732 1000
283 643 324 977
236 643 283 965
684 669 967 723
105 643 236 763
436 272 460 931
338 426 399 687
105 565 338 643
684 605 977 669
684 536 977 605
684 462 977 536
637 462 684 1000
589 462 637 1000
589 388 1000 462
105 426 338 565
533 388 589 1000
533 303 1000 388
533 199 1000 303
105 272 436 426
464 199 533 1000
464 78 1000 199
105 78 464 272
105 0 1000 78
0 0 105 1000
