873 730 876 953
886 905 918 1000
741 543 872 571
886 851 999 905
886 773 999 851
886 692 999 773
886 609 999 692
741 447 872 543
658 447 741 646
567 447 658 646
795 730 873 981
721 730 795 999
639 730 721 1000
452 447 567 646
551 730 639 1000
433 730 551 1000
301 730 433 1000
301 646 886 730
153 646 301 1000
153 447 452 646
153 357 886 447
886 0 999 609
153 204 886 357
153 0 886 204
0 0 153 1000
539 922 598 943
591 943 690 1000
705 863 778 965
970 573 1000 971
539 849 705 922
358 943 591 995
927 655 968 951
970 0 1000 573
539 724 705 849
539 584 705 724
848 655 927 956
778 655 848 1000
468 584 539 943
778 512 970 655
778 330 970 512
705 330 778 863
358 584 468 943
358 467 705 584
358 330 705 467
273 330 358 1000
183 330 273 1000
183 229 951 330
183 121 970 229
183 0 970 121
0 0 183 1000
959 766 972 887
582 643 589 894
884 905 962 928
976 748 995 928
519 919 572 998
412 887 519 949
802 928 925 1000
884 766 959 905
519 728 582 919
976 203 1000 748
884 611 976 766
412 728 519 887
324 728 412 1000
802 611 884 928
802 448 976 611
209 728 324 1000
209 643 582 728
693 448 802 931
209 484 598 643
209 306 598 484
693 203 976 448
598 203 693 1000
598 0 1000 203
209 0 598 306
0 0 209 1000
393 996 541 999
241 850 258 993
774 813 837 896
951 716 1000 860
774 698 850 813
270 382 293 882
139 850 241 1000
850 716 951 890
683 698 774 907
139 668 270 850
850 537 1000 716
683 537 850 698
607 537 683 907
607 450 1000 537
139 382 270 668
516 450 607 907
393 907 965 996
393 450 516 907
393 352 1000 450
393 251 1000 352
393 141 1000 251
0 382 139 950
293 141 393 1000
293 0 1000 141
0 0 293 382
618 725 621 919
654 937 785 962
866 908 973 991
762 480 805 787
624 530 654 1000
805 757 866 1000
427 884 557 1000
654 787 785 937
866 749 1000 908
427 725 618 884
866 520 1000 749
866 274 1000 520
654 480 762 787
866 0 1000 274
427 530 624 725
344 530 427 1000
251 530 344 1000
805 0 866 757
145 530 251 1000
145 411 654 530
145 292 654 411
145 157 654 292
654 0 805 480
145 0 654 157
0 0 145 1000
951 777 970 782
986 512 999 592
903 899 1000 935
951 661 1000 777
759 609 911 661
903 782 1000 899
828 661 951 782
550 890 818 949
526 949 884 1000
110 949 526 1000
605 661 828 759
759 512 986 609
605 512 759 661
497 512 605 782
550 782 903 890
497 419 1000 512
497 326 1000 419
380 326 497 782
380 231 1000 326
380 123 1000 231
110 782 550 949
259 123 380 782
110 123 259 782
110 0 1000 123
0 0 110 1000
201 976 219 999
310 929 331 1000
920 909 1000 1000
632 638 656 1000
972 490 1000 895
738 866 880 987
310 750 411 929
559 638 632 925
920 490 972 909
738 716 920 866
201 726 310 976
477 638 559 1000
920 110 1000 490
738 548 920 716
656 548 738 987
656 407 920 548
477 407 656 638
477 312 920 407
411 312 477 1000
411 212 920 312
411 110 920 212
310 110 411 750
201 110 310 726
201 0 1000 110
0 0 201 1000
698 969 728 986
698 954 825 969
899 935 998 956
354 910 431 940
626 884 652 1000
698 924 825 954
825 935 899 1000
282 910 354 1000
825 896 998 935
698 854 825 924
531 884 626 1000
282 814 431 910
531 780 698 884
698 654 825 854
825 714 1000 896
531 554 698 780
825 483 1000 714
825 150 1000 483
698 150 825 654
531 150 698 554
431 150 531 1000
282 150 431 814
282 0 1000 150
152 0 282 1000
0 0 152 1000
905 741 953 802
858 637 963 668
949 881 996 1000
380 989 939 1000
949 407 1000 538
725 922 949 976
858 550 1000 637
770 802 937 881
729 550 858 673
816 407 949 538
816 309 1000 407
816 203 1000 309
380 922 725 989
380 881 949 922
729 203 816 550
664 203 729 673
380 802 770 881
380 741 905 802
664 106 1000 203
380 673 1000 741
588 106 664 673
588 0 1000 106
380 0 588 673
228 0 380 1000
0 0 228 1000
856 614 987 626
636 978 729 1000
636 971 1000 978
842 547 955 614
874 374 1000 437
647 614 856 654
794 892 991 952
842 463 1000 547
753 463 842 614
794 822 991 892
647 463 753 614
547 463 647 654
636 822 794 971
636 746 1000 822
636 654 1000 746
529 654 636 1000
414 654 529 1000
262 654 414 1000
262 463 547 654
262 374 874 463
262 276 1000 374
262 155 1000 276
262 0 1000 155
137 0 262 1000
0 0 137 1000
328 778 336 881
420 989 683 995
928 817 1000 848
310 778 328 909
338 517 356 1000
851 919 1000 1000
0 916 199 1000
199 778 310 1000
655 817 928 919
655 732 1000 817
655 631 945 732
420 919 851 989
655 531 1000 631
199 517 338 778
0 675 182 916
655 382 1000 531
556 382 655 919
556 259 1000 382
556 130 1000 259
556 0 1000 130
489 0 556 919
420 0 489 919
356 0 420 1000
199 0 356 517
0 0 199 675
876 670 899 826
900 912 1000 979
367 493 399 751
899 753 978 895
978 300 1000 912
206 824 399 901
99 979 889 1000
802 670 876 912
491 831 778 912
716 400 799 700
491 731 798 831
615 400 716 731
899 300 978 753
802 300 899 670
802 103 1000 300
491 400 615 731
491 263 802 400
491 103 802 263
206 493 367 824
99 912 900 979
399 103 491 912
206 103 399 493
99 103 206 912
99 0 1000 103
0 0 99 1000
929 849 944 914
312 905 370 973
929 779 1000 849
746 963 885 999
239 905 312 1000
746 932 980 963
929 663 1000 779
429 915 542 997
429 840 556 915
429 727 556 840
858 663 929 914
429 566 556 727
370 566 429 1000
746 663 858 932
746 514 1000 663
665 514 746 1000
239 566 370 905
126 566 239 1000
563 514 665 1000
126 444 563 566
563 381 1000 514
0 444 126 1000
0 316 563 444
563 0 1000 381
0 0 563 316
689 858 724 917
595 684 615 806
787 950 841 1000
977 568 1000 799
724 849 787 948
926 859 1000 994
615 858 689 1000
977 0 1000 568
724 548 787 849
524 684 595 1000
787 765 924 950
435 684 524 1000
615 548 724 858
787 492 924 765
435 464 615 684
615 299 787 548
926 0 977 859
352 464 435 1000
256 464 352 1000
256 299 615 464
787 0 926 492
139 299 256 1000
0 299 139 1000
0 150 787 299
0 0 787 150
992 279 999 406
497 923 587 939
587 831 642 882
587 764 642 831
905 854 1000 928
935 279 992 428
497 829 587 923
850 479 1000 587
935 0 1000 279
587 428 642 764
734 854 905 1000
349 829 497 1000
349 715 587 829
734 723 1000 854
349 568 587 715
734 587 1000 723
256 568 349 1000
850 0 935 479
256 428 587 568
151 428 256 1000
734 0 850 587
642 0 734 1000
151 225 642 428
151 0 642 225
0 0 151 1000
190 995 392 1000
654 821 730 858
984 75 1000 1000
889 447 917 1000
568 906 786 995
917 651 984 1000
611 570 786 730
286 821 654 906
430 570 611 748
286 748 730 821
190 906 568 995
430 467 786 570
917 75 984 651
286 467 430 748
190 467 286 906
786 447 889 859
109 467 190 1000
109 400 786 467
109 331 786 400
786 75 917 447
109 257 786 331
109 168 786 257
109 75 786 168
109 0 1000 75
0 0 109 992
887 935 925 1000
733 900 764 983
380 868 463 1000
588 920 733 1000
733 632 789 900
887 792 1000 935
588 797 733 920
380 647 463 868
789 792 887 1000
482 797 588 1000
789 689 1000 792
309 647 380 952
789 564 1000 689
789 436 1000 564
309 457 476 647
243 457 309 1000
482 632 733 797
482 436 789 632
482 313 1000 436
482 190 1000 313
243 190 482 457
243 98 1000 190
243 0 1000 98
131 0 243 1000
0 0 131 1000
956 950 993 962
875 950 956 1000
0 943 102 1000
708 950 875 988
813 817 948 876
872 691 1000 805
588 752 701 885
872 567 1000 691
468 752 588 903
255 950 708 1000
872 386 1000 567
468 649 701 752
468 545 701 649
813 386 872 817
754 386 813 834
701 386 754 903
701 290 1000 386
255 903 984 950
468 290 701 545
362 290 468 903
255 290 362 903
255 154 1000 290
255 0 1000 154
137 0 255 1000
0 0 137 943
907 944 1000 980
932 732 1000 829
574 951 713 1000
649 827 747 925
293 832 376 949
907 831 1000 944
806 732 932 831
806 618 1000 732
747 831 907 1000
806 473 1000 618
806 328 1000 473
747 328 806 831
649 520 747 827
574 520 649 951
574 328 747 520
574 230 1000 328
506 230 574 1000
438 230 506 1000
438 135 1000 230
376 135 438 1000
293 135 376 832
214 135 293 1000
214 0 1000 135
107 0 214 1000
0 0 107 1000
704 998 708 1000
753 933 796 940
717 835 729 986
704 835 717 998
797 596 804 915
969 620 1000 826
345 858 408 1000
633 835 704 1000
255 858 345 1000
544 835 633 1000
753 596 797 933
902 620 969 895
805 703 902 943
544 709 753 835
902 338 1000 620
446 709 544 1000
446 596 753 709
805 338 902 703
805 117 1000 338
446 445 805 596
446 291 805 445
446 117 805 291
446 0 1000 117
255 0 446 858
0 0 255 1000
774 308 781 325
749 308 774 327
621 308 749 327
957 422 998 525
921 882 1000 988
913 422 957 619
831 882 921 1000
851 422 913 633
831 791 1000 882
734 791 831 1000
729 422 851 633
605 791 734 1000
601 422 729 633
605 717 1000 791
464 717 605 1000
464 633 1000 717
336 633 464 1000
336 422 601 633
621 146 994 308
336 327 1000 422
233 327 336 1000
129 327 233 1000
129 146 621 327
129 0 1000 146
0 0 129 1000
453 777 458 932
314 940 453 955
917 820 1000 865
453 368 464 777
855 934 948 1000
969 283 1000 653
730 574 911 653
911 385 969 653
314 792 453 940
702 820 917 934
466 934 855 1000
314 583 453 792
314 368 453 583
135 772 302 959
730 385 911 574
586 385 730 653
586 283 969 385
702 653 989 820
586 156 1000 283
586 0 1000 156
466 653 702 934
135 368 314 772
466 0 586 653
135 0 466 368
0 0 135 1000
993 611 1000 718
970 832 993 888
939 821 970 910
798 934 925 958
798 901 929 934
970 611 993 832
798 862 939 901
939 611 970 821
798 801 939 862
676 801 798 1000
676 706 939 801
676 611 939 706
608 611 676 1000
540 611 608 1000
468 611 540 1000
392 611 468 1000
310 611 392 1000
310 555 1000 611
310 495 1000 555
310 411 1000 495
310 303 1000 411
160 303 310 1000
160 164 1000 303
160 0 1000 164
0 0 160 1000
992 327 994 410
985 327 992 390
933 490 944 591
933 461 1000 490
777 953 933 1000
976 592 1000 934
914 327 985 461
849 461 933 592
777 898 976 953
802 327 914 461
777 819 976 898
678 327 802 461
651 819 777 1000
493 327 678 461
651 738 976 819
526 738 651 1000
333 738 526 1000
137 738 333 1000
137 672 976 738
137 592 976 672
493 148 957 327
137 461 849 592
137 148 493 461
137 0 1000 148
0 0 137 1000
270 878 341 899
506 944 545 1000
952 828 1000 921
117 975 319 998
834 785 873 937
346 775 400 887
834 488 873 785
873 828 952 1000
117 878 270 975
726 644 785 965
346 412 400 775
787 488 834 997
873 621 1000 828
117 758 346 878
645 644 726 993
873 306 1000 621
506 644 645 944
506 488 787 644
506 306 873 488
506 163 1000 306
117 412 346 758
400 163 506 1000
400 0 1000 163
117 0 400 412
0 0 117 1000
503 724 510 735
389 950 432 971
484 724 503 929
227 903 340 939
961 692 1000 799
227 819 340 903
930 692 961 1000
432 724 484 935
781 854 892 1000
432 497 510 724
389 497 432 950
781 692 930 854
340 497 389 1000
692 692 781 1000
692 595 1000 692
227 497 340 819
692 474 1000 595
227 285 510 497
692 277 1000 474
601 277 692 1000
510 277 601 1000
510 142 1000 277
510 0 1000 142
227 0 510 285
0 0 227 1000
651 402 653 842
571 682 583 821
421 963 512 1000
588 869 634 996
790 914 895 1000
653 893 781 1000
876 691 947 905
248 898 415 1000
248 792 415 898
790 691 876 914
790 568 947 691
947 570 1000 990
588 402 651 869
947 0 1000 570
248 602 415 792
790 311 947 568
421 682 571 963
140 602 248 1000
421 402 588 682
790 0 947 311
140 402 421 602
140 236 653 402
0 236 140 1000
653 0 790 893
0 0 653 236
780 980 898 1000
892 833 981 860
562 964 734 1000
648 885 780 964
692 618 778 757
139 964 562 1000
611 769 762 875
579 618 692 769
780 879 978 980
950 226 997 745
376 769 611 885
376 618 579 769
376 538 780 618
892 226 950 833
274 538 376 885
838 226 892 879
780 226 838 879
139 885 648 964
274 457 780 538
780 0 1000 226
274 349 780 457
274 158 780 349
139 158 274 885
139 0 780 158
0 0 139 1000
712 889 749 954
672 889 712 999
864 883 1000 920
672 835 783 889
864 823 1000 883
602 835 672 999
602 300 955 337
864 708 1000 823
602 744 783 835
793 708 864 999
793 593 1000 708
602 593 793 744
522 593 602 999
439 593 522 999
602 187 990 300
439 512 1000 593
439 430 1000 512
341 430 439 999
341 338 1000 430
241 338 341 999
138 338 241 1000
138 187 602 338
138 96 1000 187
138 0 1000 96
0 0 138 1000
841 893 872 1000
577 632 600 777
520 901 562 1000
948 796 977 983
451 901 520 1000
739 893 841 1000
894 796 948 1000
739 794 894 893
894 646 1000 796
655 794 739 1000
655 720 894 794
655 646 894 720
655 592 1000 646
655 536 1000 592
600 536 655 1000
600 472 1000 536
451 632 577 901
600 379 1000 472
451 379 600 632
451 289 1000 379
451 168 1000 289
348 168 451 1000
215 168 348 1000
215 0 1000 168
0 0 215 1000
801 945 862 965
742 945 801 1000
946 894 989 994
639 945 742 1000
782 825 853 905
0 901 75 990
0 823 127 901
127 827 224 941
782 638 867 825
946 512 1000 894
127 635 239 827
0 635 127 823
867 512 946 945
867 236 1000 512
639 638 782 945
516 638 639 1000
516 503 867 638
418 503 516 1000
418 375 867 503
418 236 867 375
330 236 418 1000
330 135 1000 236
239 135 330 1000
239 0 1000 135
0 0 239 635
823 963 894 979
287 873 315 1000
902 858 986 1000
506 892 620 1000
724 849 812 1000
180 873 287 1000
724 703 823 849
506 773 637 892
902 679 1000 858
180 760 347 873
823 690 902 963
506 600 637 773
637 703 724 1000
902 410 1000 679
902 116 1000 410
637 498 823 703
637 273 823 498
506 273 637 600
823 116 902 690
506 116 823 273
428 116 506 1000
347 116 428 1000
347 0 1000 116
180 0 347 760
0 0 180 1000
181 996 570 997
787 925 962 944
911 789 954 876
911 721 972 789
787 894 987 925
801 586 993 639
556 894 787 953
827 721 911 894
729 721 827 894
801 479 986 586
631 479 801 641
631 402 1000 479
556 721 729 894
181 953 965 996
556 641 1000 721
442 641 556 953
442 402 631 641
442 306 1000 402
442 205 1000 306
365 205 442 953
285 205 365 953
285 115 1000 205
285 0 1000 115
181 0 285 953
0 0 181 1000
875 952 902 1000
921 798 994 829
768 828 836 921
649 836 696 983
921 685 994 798
875 869 988 952
584 836 649 999
768 601 836 828
584 687 697 836
921 412 994 685
875 412 921 869
836 412 875 1000
697 601 768 942
697 412 836 601
584 412 697 687
524 412 584 1000
524 333 1000 412
456 333 524 1000
456 246 1000 333
372 246 456 1000
286 246 372 1000
286 128 1000 246
286 0 1000 128
152 0 286 1000
0 0 152 1000
911 875 1000 965
780 866 911 930
578 662 632 830
211 981 888 995
911 758 1000 875
535 662 578 962
780 758 911 866
780 679 1000 758
780 588 1000 679
780 496 1000 588
732 496 780 981
681 496 732 981
681 411 1000 496
632 411 681 981
632 322 1000 411
535 322 632 662
468 322 535 981
398 322 468 981
311 322 398 981
211 322 311 981
110 322 211 1000
110 229 1000 322
110 115 1000 229
110 0 1000 115
0 0 110 1000
998 435 1000 759
709 812 795 826
993 435 998 769
986 435 993 716
986 252 1000 435
572 943 747 1000
927 777 986 950
709 687 795 812
572 854 795 943
835 777 927 1000
575 687 709 854
415 854 572 1000
835 615 986 777
835 440 986 615
415 687 575 854
835 252 986 440
795 252 835 1000
415 590 795 687
795 0 1000 252
286 590 415 1000
286 434 795 590
286 244 795 434
286 0 795 244
145 0 286 1000
0 0 145 1000
832 968 892 985
774 985 986 992
832 945 941 968
403 985 774 996
691 945 832 985
497 834 538 985
950 732 998 911
950 548 1000 732
305 851 396 982
757 834 936 905
305 715 403 851
757 756 936 834
252 715 305 987
757 660 936 756
757 548 950 660
691 548 757 945
691 430 1000 548
604 430 691 985
604 291 1000 430
604 132 1000 291
497 132 604 834
403 132 497 985
252 132 403 715
252 0 1000 132
0 0 252 1000
673 892 702 996
952 558 965 812
835 946 931 1000
974 694 1000 909
673 786 738 892
776 766 835 916
738 766 776 1000
915 558 952 817
974 117 1000 694
835 827 974 946
592 786 673 996
835 558 915 827
592 595 725 786
522 595 592 996
835 345 974 558
835 117 974 345
427 595 522 996
427 448 738 595
427 289 738 448
349 289 427 1000
738 117 835 766
349 117 738 289
349 0 1000 117
231 0 349 1000
0 0 231 1000
793 815 822 826
959 866 968 1000
412 883 471 912
891 897 958 968
530 403 545 823
822 897 891 1000
959 553 1000 866
274 883 412 1000
822 741 959 897
670 815 793 996
274 766 471 883
545 815 670 1000
545 726 822 815
822 553 959 741
545 623 822 726
822 388 1000 553
822 214 1000 388
471 403 530 946
545 431 822 623
545 214 822 431
274 403 471 766
545 0 1000 214
274 0 545 403
161 0 274 1000
0 0 161 1000
908 380 991 406
985 524 1000 870
428 964 728 1000
908 261 1000 380
918 732 985 895
535 406 908 441
694 858 824 964
918 524 985 732
694 738 867 858
694 611 867 738
867 524 918 1000
622 611 694 964
536 611 622 964
428 611 536 964
320 611 428 1000
320 524 867 611
535 261 908 406
202 524 320 1000
202 452 1000 524
202 261 535 452
202 181 1000 261
116 181 202 1000
116 98 1000 181
116 0 1000 98
0 0 116 1000
765 511 770 647
994 491 999 656
653 919 750 932
750 511 765 752
570 911 653 967
531 732 653 806
601 425 653 616
653 815 750 919
878 869 984 1000
384 911 570 1000
878 730 1000 869
384 834 653 911
531 425 601 732
773 730 878 1000
653 511 750 815
653 167 773 511
773 491 994 730
773 248 1000 491
773 0 1000 248
384 425 531 834
384 167 653 425
278 167 384 1000
154 167 278 1000
154 0 773 167
0 0 154 1000
227 997 403 1000
627 890 699 931
227 986 634 997
488 946 703 986
907 880 1000 1000
840 816 907 1000
455 515 676 633
743 648 824 1000
627 633 743 890
907 471 985 880
455 394 743 515
907 89 1000 471
306 394 455 633
488 633 627 946
364 633 488 986
227 633 364 986
840 89 907 816
90 633 227 1000
90 394 306 633
90 313 743 394
743 89 840 648
90 209 743 313
90 89 743 209
90 0 1000 89
0 0 90 1000
641 996 820 1000
852 984 984 997
641 984 852 996
297 984 488 999
736 631 830 701
393 898 520 965
926 542 983 701
875 875 969 984
744 875 875 984
393 755 520 898
926 295 1000 542
744 801 1000 875
297 755 393 984
744 701 1000 801
297 633 520 755
843 295 926 643
218 633 297 1000
641 701 744 984
521 701 641 1000
736 295 843 631
736 0 1000 295
0 633 218 1000
0 465 521 633
521 0 736 701
0 0 521 465
905 992 906 994
595 643 612 656
478 726 587 733
905 933 923 992
867 933 905 1000
867 901 1000 933
460 903 613 951
867 844 1000 901
460 844 613 903
478 643 595 726
867 733 1000 844
342 844 460 1000
789 733 867 1000
178 844 342 1000
691 733 789 1000
178 770 613 844
691 624 1000 733
691 510 1000 624
613 510 691 1000
178 643 478 770
178 545 613 643
613 328 1000 510
0 545 178 1000
613 0 1000 328
0 0 613 545
972 698 1000 733
367 968 427 999
515 768 558 851
823 942 891 1000
716 914 809 987
479 706 515 968
515 447 558 768
418 706 479 968
823 822 972 942
823 698 972 822
823 557 1000 698
418 447 515 706
367 447 418 968
306 447 367 951
245 447 306 1000
716 557 823 914
716 371 1000 557
716 184 1000 371
245 259 558 447
634 184 716 1000
634 0 1000 184
558 0 634 1000
245 0 558 259
150 0 245 1000
0 0 150 1000
420 944 478 1000
420 913 546 944
746 927 856 988
322 847 416 954
420 828 547 913
322 730 420 847
877 738 936 944
936 577 1000 906
322 514 420 730
936 242 1000 577
746 738 877 927
420 600 547 828
629 738 746 1000
253 514 322 1000
629 621 936 738
629 497 936 621
547 497 629 1000
547 387 936 497
547 242 936 387
547 102 1000 242
420 102 547 600
253 102 420 514
253 0 1000 102
155 0 253 1000
0 0 155 1000
932 335 935 781
872 630 932 773
393 763 454 904
594 943 865 986
289 904 448 1000
865 796 950 1000
950 584 1000 939
228 486 289 874
393 417 468 763
681 630 872 780
950 0 1000 584
681 493 932 630
681 335 932 493
594 796 865 943
594 335 681 796
594 210 950 335
534 210 594 1000
289 417 393 904
468 210 534 1000
468 95 950 210
289 95 468 417
289 0 950 95
96 486 228 977
96 0 289 486
0 0 96 1000
998 0 1000 104
774 909 785 946
902 829 924 1000
902 602 924 829
924 870 967 1000
991 0 998 878
774 733 835 909
295 844 381 973
477 949 766 1000
692 733 774 949
158 844 295 1000
835 602 902 950
692 556 835 733
924 486 991 870
924 0 991 486
158 638 381 844
568 556 692 949
568 362 835 556
477 362 568 949
835 0 924 602
477 208 835 362
381 208 477 1000
158 208 381 638
158 0 835 208
0 0 158 1000
