511 720 529 991
511 642 729 720
855 0 1000 485
308 642 511 1000
308 400 729 642
729 0 855 1000
308 0 729 400
0 0 308 1000
621 400 633 1000
470 565 607 621
621 346 1000 400
621 243 1000 346
621 137 1000 243
470 137 621 565
470 0 1000 137
0 0 470 1000
700 953 850 960
700 947 993 953
700 486 729 947
333 468 700 610
700 172 1000 486
333 172 700 468
333 0 1000 172
0 0 333 1000
0 723 111 1000
347 748 609 959
0 534 347 723
814 0 913 683
347 577 814 748
347 365 814 577
347 0 814 365
0 0 347 534
600 356 922 367
600 321 922 356
600 234 922 321
513 234 600 1000
513 0 922 234
409 0 513 1000
304 0 409 1000
0 0 304 1000
646 907 749 933
566 907 646 968
566 866 734 907
757 419 1000 604
566 419 757 866
333 419 566 1000
333 0 1000 419
0 0 333 1000
340 536 363 728
634 614 1000 665
281 536 340 1000
634 505 1000 614
634 262 1000 505
634 0 1000 262
281 0 634 536
0 0 281 1000
757 594 1000 638
757 381 1000 594
594 381 757 699
594 212 1000 381
493 212 594 917
493 0 1000 212
329 0 493 1000
0 0 329 1000
627 291 1000 353
342 785 770 952
477 291 627 785
477 126 1000 291
342 126 477 785
232 126 342 1000
232 0 1000 126
0 0 232 1000
661 385 860 403
943 203 961 960
860 203 943 428
661 203 860 385
522 203 661 903
380 203 522 1000
380 0 1000 203
0 0 380 1000
