549 614 550 945
289 323 292 525
528 987 613 1000
215 818 222 997
806 654 813 911
702 799 721 907
540 614 549 987
989 291 1000 623
789 654 806 911
528 614 540 987
702 558 721 799
789 629 977 654
688 558 702 955
665 558 688 808
772 629 789 1000
772 594 977 629
528 558 665 614
753 594 772 1000
510 558 528 1000
753 557 977 594
510 520 733 558
753 515 977 557
733 515 753 1000
246 673 289 898
733 473 977 515
183 554 212 910
510 473 733 520
136 554 183 793
510 443 977 473
484 443 510 1000
246 323 289 673
215 323 246 818
484 412 989 443
136 323 215 554
484 374 989 412
453 374 484 1000
95 323 136 809
453 332 989 374
418 332 453 1000
418 291 989 332
418 249 1000 291
381 249 418 1000
338 249 381 1000
292 249 338 1000
292 195 1000 249
292 138 1000 195
292 77 1000 138
292 0 1000 77
95 0 292 323
0 0 95 1000
785 496 788 779
849 728 853 985
226 497 230 976
235 987 424 998
849 707 980 728
235 830 253 987
838 707 849 1000
195 497 226 605
838 682 980 707
708 681 751 789
98 575 116 912
235 801 468 830
817 682 838 1000
235 772 468 801
817 641 980 682
235 741 468 772
98 497 195 575
235 703 468 741
762 496 785 888
98 428 235 497
235 662 468 703
235 617 468 662
629 681 708 815
817 573 980 641
790 573 817 1000
98 342 235 428
589 681 629 988
790 514 1000 573
589 601 752 681
235 560 468 617
235 485 468 560
790 427 1000 514
589 496 762 601
549 496 589 1000
549 411 790 496
790 322 1000 427
235 388 468 485
549 303 790 411
235 259 468 388
790 173 1000 322
549 173 790 303
508 173 549 952
508 104 1000 173
468 104 508 1000
235 104 468 259
235 55 1000 104
98 55 235 342
55 55 98 1000
55 0 1000 55
0 0 55 1000
807 703 814 816
963 894 980 967
824 298 827 730
815 376 820 711
415 611 570 625
404 611 415 819
389 611 404 819
389 593 570 611
327 819 372 908
389 570 570 593
672 577 691 820
655 577 672 857
640 577 655 950
954 81 961 906
293 819 327 1000
736 862 781 999
361 570 389 819
331 570 361 819
331 536 570 570
597 777 640 966
704 493 723 937
597 577 640 777
597 493 704 577
227 515 259 846
293 536 331 819
736 703 807 862
736 544 815 703
736 376 815 544
980 0 997 808
263 536 293 1000
263 489 570 536
963 0 980 894
263 439 570 489
597 376 736 493
597 298 824 376
570 298 597 1000
263 370 570 439
910 471 953 961
570 209 827 298
263 295 570 370
263 209 570 295
166 515 227 955
263 160 827 209
166 160 263 515
827 471 910 946
827 81 954 471
166 81 827 160
166 0 963 81
93 0 166 1000
0 0 93 1000
748 558 750 781
448 590 519 597
72 971 135 1000
743 558 748 928
960 716 967 999
436 762 447 1000
327 908 368 972
989 724 1000 980
667 189 680 411
989 412 1000 724
421 762 436 1000
400 762 421 1000
796 619 819 918
681 726 712 949
796 574 960 619
400 735 681 762
796 526 960 574
400 706 681 735
796 476 960 526
370 706 400 1000
960 412 989 716
779 476 796 1000
202 411 229 784
370 673 681 706
370 636 681 673
779 412 960 476
759 412 779 1000
370 598 681 636
712 558 743 967
759 356 1000 412
759 299 1000 356
448 427 540 590
759 236 1000 299
712 236 759 558
681 236 712 726
606 189 667 458
545 189 606 497
72 808 195 971
681 173 1000 236
448 189 545 427
681 80 1000 173
370 189 448 598
370 80 681 189
327 80 370 908
288 80 327 1000
72 411 202 808
229 80 288 1000
229 0 1000 80
72 0 229 411
0 0 72 1000
508 650 511 713
399 479 402 720
508 339 511 650
203 772 210 909
953 881 966 990
824 608 829 897
172 772 203 855
953 618 963 881
502 339 508 826
895 915 938 983
360 807 457 839
989 484 996 968
981 484 989 975
461 806 502 904
322 807 360 938
938 618 953 991
938 484 981 618
829 445 895 574
938 315 998 484
673 689 824 767
322 720 461 807
172 459 211 772
673 608 824 689
638 608 673 1000
99 761 166 988
596 608 638 1000
596 535 829 608
322 479 399 720
461 339 502 806
322 339 461 479
288 339 322 940
596 445 829 535
255 339 288 1000
99 459 172 761
596 370 895 445
255 249 512 339
895 315 938 915
596 271 895 370
555 271 596 1000
512 271 555 1000
512 187 895 271
512 102 895 187
895 0 998 315
255 102 512 249
212 102 255 1000
99 102 212 459
99 51 895 102
56 51 99 1000
56 0 895 51
0 0 56 1000
681 934 687 995
993 671 1000 725
716 207 718 418
989 918 1000 991
692 416 697 723
439 995 803 1000
762 418 989 427
762 408 993 418
790 936 989 948
993 317 1000 671
754 408 762 761
630 934 681 995
718 936 790 989
432 346 439 989
718 918 989 936
679 416 692 805
754 386 993 408
137 733 159 974
697 548 716 830
630 825 680 934
137 593 178 733
697 207 716 548
479 402 582 472
419 346 432 922
754 352 993 386
137 418 184 593
754 317 993 352
658 416 679 817
738 317 754 918
738 273 1000 317
630 416 658 825
377 614 418 903
738 227 1000 273
288 779 351 970
718 227 738 918
630 207 697 416
288 614 377 779
718 168 1000 227
718 66 1000 168
479 207 630 402
479 66 718 207
288 346 419 614
66 418 137 922
439 66 479 995
288 66 439 346
242 66 288 1000
193 66 242 1000
193 0 1000 66
66 0 193 418
0 0 66 1000
901 609 904 654
217 558 220 631
931 944 984 949
217 365 220 558
469 484 471 837
945 481 952 706
242 846 253 1000
838 722 851 853
854 609 901 649
938 481 945 781
210 365 217 704
776 959 876 988
711 786 731 943
931 481 938 944
220 846 242 1000
220 812 393 846
149 365 210 481
220 770 393 812
410 484 469 620
711 722 838 786
393 484 410 987
673 722 711 959
984 256 1000 917
515 959 776 1000
931 256 984 481
393 322 471 484
220 680 393 770
220 587 393 680
111 365 149 804
220 484 393 587
904 256 931 983
673 609 854 722
673 513 904 609
622 513 673 959
622 418 904 513
571 418 622 959
220 322 393 484
220 207 471 322
515 418 571 959
515 337 904 418
515 256 904 337
471 256 515 1000
471 194 1000 256
471 124 1000 194
471 51 1000 124
220 51 471 207
220 0 1000 51
111 0 220 365
62 0 111 1000
0 0 62 1000
100 932 101 999
265 750 266 973
477 331 479 467
477 170 479 331
260 750 265 833
390 520 395 863
554 995 985 999
159 915 260 936
266 711 277 913
100 885 153 932
266 480 277 711
361 628 376 809
828 604 972 624
361 520 390 628
395 356 477 396
811 604 828 893
844 916 995 951
791 604 811 893
791 571 972 604
791 534 972 571
324 520 361 760
791 483 972 534
791 432 972 483
768 432 791 893
743 432 768 893
718 432 743 893
324 356 395 520
286 877 459 958
159 750 260 915
680 432 718 916
641 432 680 916
286 356 324 877
597 432 641 916
597 375 1000 432
554 916 844 995
554 375 597 916
554 316 1000 375
554 256 1000 316
518 256 554 1000
479 256 518 1000
159 480 266 750
479 196 1000 256
479 131 1000 196
286 170 477 356
159 170 286 480
479 53 1000 131
100 170 159 885
100 53 479 170
100 0 1000 53
0 0 100 1000
826 728 836 730
569 728 826 730
873 475 964 494
993 599 1000 857
124 686 213 713
873 447 964 475
710 808 961 818
226 858 263 942
856 447 873 635
710 755 776 808
213 471 230 700
569 709 862 728
710 732 964 755
621 665 771 708
249 257 262 815
964 599 993 894
230 257 249 734
802 447 856 635
810 876 941 954
718 876 810 1000
598 732 710 839
621 876 718 1000
737 447 802 635
508 876 621 1000
737 384 964 447
508 839 908 876
678 384 737 635
409 839 508 1000
621 384 678 665
621 330 964 384
124 471 213 686
409 732 598 839
621 270 964 330
964 0 1000 599
63 471 124 825
569 270 621 709
569 211 964 270
0 858 226 971
519 211 569 732
467 211 519 732
467 145 964 211
409 145 467 732
63 257 230 471
366 145 409 1000
0 257 63 858
366 78 964 145
320 78 366 1000
263 78 320 1000
263 0 964 78
0 0 263 257
934 963 941 976
891 258 895 289
614 807 695 810
614 806 973 807
873 258 891 289
481 573 493 640
724 976 994 979
614 799 766 806
244 976 724 979
631 424 645 573
206 997 968 1000
611 424 631 573
206 992 853 997
664 834 903 852
572 424 611 573
529 424 572 573
857 738 964 799
206 979 709 992
684 289 881 325
481 424 529 573
446 424 481 641
651 887 845 928
244 963 934 976
404 424 446 641
521 289 684 362
404 402 1000 424
404 289 521 402
360 811 979 833
783 641 976 714
614 738 857 799
356 289 404 641
306 289 356 641
306 258 873 289
244 934 862 963
552 641 783 720
360 738 614 811
360 641 552 738
244 887 651 934
244 834 664 887
244 641 360 834
244 258 306 641
244 222 1000 258
244 182 1000 222
206 182 244 979
149 182 206 1000
149 127 1000 182
149 71 1000 127
149 0 1000 71
85 0 149 1000
0 0 85 1000
337 495 338 868
577 913 606 933
351 906 359 995
723 735 916 739
989 737 1000 847
89 976 172 999
989 540 1000 737
370 292 377 666
213 413 220 848
916 540 989 588
723 710 916 735
723 679 916 710
723 641 916 679
414 643 439 960
606 556 627 953
220 868 327 946
723 596 916 641
574 349 633 500
574 203 641 349
577 556 606 913
723 540 916 596
351 292 370 906
723 495 1000 540
698 495 723 1000
698 452 1000 495
698 405 1000 452
414 556 577 643
698 357 1000 405
698 306 1000 357
698 252 1000 306
182 413 213 934
526 203 574 556
698 194 1000 252
465 203 526 492
414 203 465 556
698 132 1000 194
698 68 1000 132
676 68 698 1000
280 495 337 868
220 495 280 868
377 203 414 815
141 413 182 970
220 292 351 495
646 68 676 1000
89 413 141 976
377 68 646 203
377 0 1000 68
220 0 377 292
89 0 220 413
0 0 89 1000
285 513 286 880
799 997 922 1000
272 809 281 892
294 624 299 803
490 666 592 682
294 353 301 624
490 637 592 666
799 966 914 997
272 513 285 809
259 513 272 811
465 906 578 946
242 513 259 838
729 786 762 959
592 786 729 828
219 513 242 765
592 752 771 786
465 637 490 906
799 912 938 966
592 712 799 752
592 669 799 712
592 625 799 669
592 576 799 625
592 525 799 576
126 668 167 948
978 0 999 577
187 513 219 892
899 261 946 558
465 525 592 637
465 475 799 525
187 353 294 513
126 353 187 668
947 0 978 681
465 410 799 475
428 410 465 1000
428 351 799 410
394 351 428 1000
799 787 980 912
394 292 799 351
838 261 899 693
838 0 947 261
394 219 799 292
799 0 838 787
72 353 126 952
351 219 394 1000
351 144 799 219
301 144 351 1000
72 144 301 353
72 76 799 144
72 0 799 76
0 0 72 1000
