191 977 232 986
310 971 371 979
277 791 280 955
270 791 277 900
983 693 1000 831
310 924 371 971
191 885 233 977
371 486 383 975
139 885 191 1000
233 791 270 953
831 871 915 961
0 921 137 978
769 871 831 1000
0 860 139 921
947 693 983 962
139 781 233 885
915 693 947 1000
769 803 915 871
0 782 139 860
310 695 359 924
139 652 233 781
707 803 769 1000
310 486 371 695
915 514 1000 693
310 275 383 486
707 727 915 803
233 447 280 791
646 727 707 1000
281 275 310 862
0 652 139 782
646 658 915 727
0 572 233 652
646 586 915 658
646 514 915 586
605 514 646 1000
547 514 605 1000
0 447 233 572
547 446 1000 514
491 446 547 1000
491 384 1000 446
435 384 491 1000
435 318 1000 384
435 252 1000 318
435 181 1000 252
435 101 1000 181
383 101 435 1000
0 275 281 447
383 0 1000 101
0 0 383 275
468 791 475 912
508 425 510 865
135 966 204 982
221 415 223 986
277 958 336 991
475 882 510 939
135 930 204 966
936 924 1000 970
336 914 375 1000
277 890 336 958
135 863 204 930
874 924 936 1000
874 869 1000 924
204 415 221 866
426 791 468 990
73 863 135 1000
426 617 475 791
807 869 874 1000
73 795 204 863
73 726 204 795
395 617 426 957
807 814 1000 869
749 814 807 1000
687 814 749 1000
687 775 1000 814
475 425 508 882
687 726 1000 775
336 617 395 914
687 669 1000 726
633 669 687 1000
633 607 1000 669
574 607 633 1000
510 607 574 1000
336 425 475 617
277 425 336 890
510 547 1000 607
510 482 1000 547
510 414 1000 482
510 344 1000 414
510 273 1000 344
277 273 510 425
73 415 204 726
0 415 73 995
277 212 1000 273
277 147 1000 212
277 81 1000 147
223 81 277 1000
223 0 1000 81
0 0 223 415
417 166 422 482
416 597 422 907
881 826 939 874
148 970 255 1000
878 667 939 720
255 938 308 1000
374 586 382 1000
969 765 992 998
906 874 969 963
422 987 939 998
992 0 1000 733
881 720 939 826
958 239 969 803
148 911 255 970
878 547 939 667
841 874 906 987
825 720 881 874
351 586 374 991
148 811 255 911
815 547 878 720
939 239 958 830
725 874 841 987
739 720 825 874
382 597 416 994
730 547 815 720
382 166 417 597
308 586 351 965
148 647 255 811
969 0 992 765
308 329 382 586
610 720 739 874
610 547 730 720
610 465 939 547
541 465 610 874
541 391 939 465
541 312 939 391
255 329 308 938
482 312 541 874
482 239 939 312
482 169 969 239
148 329 255 647
422 874 725 987
482 87 969 169
75 329 148 975
422 87 482 874
422 0 969 87
75 166 382 329
75 0 422 166
0 0 75 1000
884 831 888 982
392 995 528 1000
169 995 392 999
768 957 841 971
947 935 1000 969
900 901 947 994
533 903 596 974
553 802 612 897
659 900 726 988
847 831 884 1000
363 801 436 903
460 709 499 903
659 779 726 900
363 709 460 801
169 974 600 995
768 831 847 957
553 619 612 802
982 288 1000 901
512 619 553 895
768 744 900 831
512 496 612 619
298 709 363 903
768 644 900 744
298 641 512 709
726 644 768 1000
229 641 298 903
726 540 900 644
229 574 512 641
726 422 900 540
229 496 512 574
947 288 982 935
659 422 726 779
229 428 612 496
169 903 533 974
229 353 612 428
900 288 947 901
229 275 612 353
229 194 612 275
659 288 900 422
612 288 659 1000
612 196 1000 288
612 100 1000 196
612 0 1000 100
169 194 229 903
169 97 612 194
169 0 612 97
122 0 169 1000
63 0 122 1000
0 0 63 1000
231 655 303 660
790 934 801 970
616 111 617 668
574 668 594 747
988 794 999 966
617 974 702 1000
984 595 1000 735
544 873 603 914
431 948 481 1000
724 970 851 1000
341 941 417 1000
405 660 431 888
502 931 599 993
231 621 412 655
838 377 851 894
544 757 603 873
574 390 603 668
947 794 988 1000
617 894 724 974
939 595 984 794
231 573 428 621
899 794 947 1000
851 794 899 1000
603 111 616 929
544 390 574 757
231 494 428 573
851 595 939 794
341 660 405 941
231 379 428 494
502 390 544 931
160 860 333 992
231 259 431 379
851 426 1000 595
851 250 1000 426
790 377 838 934
502 111 603 390
617 623 721 894
144 259 231 660
160 660 341 860
51 660 160 1000
851 0 1000 250
51 259 144 660
0 259 51 1000
724 377 790 970
724 0 851 377
431 111 502 948
0 111 431 259
617 0 724 623
0 0 617 111
815 936 858 942
998 60 1000 259
861 251 864 957
858 251 861 975
57 925 93 992
942 878 974 967
864 896 905 979
702 877 736 1000
0 925 57 1000
451 914 544 973
644 870 702 977
451 844 544 914
590 870 644 1000
791 486 810 875
0 846 101 925
451 740 544 844
590 781 702 870
815 705 858 936
544 781 590 1000
410 740 451 1000
544 697 702 781
0 710 101 846
356 740 410 1000
356 663 544 740
755 486 791 917
544 594 702 697
979 60 998 953
356 564 544 663
815 251 858 705
702 486 755 877
544 462 702 594
303 564 356 1000
303 462 544 564
702 251 815 486
253 462 303 1000
253 395 702 462
942 60 979 878
253 320 702 395
905 60 942 976
203 320 253 1000
864 60 905 896
203 251 702 320
203 194 864 251
203 127 864 194
203 60 864 127
154 60 203 1000
154 0 1000 60
101 0 154 1000
0 0 101 710
947 952 951 999
506 900 534 971
506 843 558 900
247 982 439 999
423 862 456 975
506 765 558 843
381 862 423 982
880 820 947 902
478 765 506 982
381 796 478 862
844 820 880 1000
947 823 1000 952
478 676 558 765
804 820 844 1000
478 584 558 676
804 767 947 820
381 712 478 796
947 663 1000 823
767 767 804 1000
767 719 947 767
767 654 947 719
733 654 767 1000
697 654 733 1000
381 584 478 712
344 584 381 924
216 550 247 957
309 584 344 982
654 654 697 1000
947 377 1000 663
309 522 558 584
654 601 947 654
654 546 947 601
174 550 216 981
309 443 558 522
654 468 947 546
309 350 558 443
120 550 174 983
309 255 558 350
654 377 947 468
654 285 1000 377
654 185 1000 285
608 185 654 1000
608 76 1000 185
247 255 309 982
558 76 608 1000
247 76 558 255
120 76 247 550
120 0 1000 76
0 0 120 1000
512 951 529 953
353 512 355 811
973 896 996 933
512 823 529 951
311 901 355 999
172 891 215 994
503 436 512 929
282 789 311 981
215 351 228 814
531 151 541 756
416 875 486 970
888 896 973 975
65 913 166 999
911 700 991 809
416 748 486 875
65 830 172 913
774 896 888 975
416 612 486 748
486 436 503 993
774 853 1000 896
228 789 282 988
692 853 774 990
692 813 1000 853
802 700 911 813
692 700 802 813
512 151 531 823
311 512 353 901
692 645 1000 700
692 577 1000 645
692 507 1000 577
645 507 692 972
355 612 416 988
228 512 311 789
355 436 486 612
172 351 215 891
593 507 645 1000
593 437 1000 507
541 437 593 1000
541 359 1000 437
541 277 1000 359
541 191 1000 277
541 100 1000 191
355 151 512 436
541 0 1000 100
228 151 355 512
228 0 541 151
65 351 172 830
65 0 228 351
0 0 65 1000
997 662 999 819
982 604 999 624
992 662 997 766
634 965 677 991
943 498 960 646
429 888 455 994
786 983 962 1000
467 941 534 1000
538 620 550 994
550 252 557 927
960 385 982 620
455 433 467 865
634 849 681 965
982 279 999 604
276 907 365 982
365 888 429 1000
881 856 951 983
886 498 943 662
962 662 992 1000
365 771 455 888
786 856 881 983
803 498 886 662
365 619 455 771
681 856 786 1000
681 798 962 856
803 385 960 498
681 731 962 798
803 279 982 385
681 662 962 731
745 279 803 662
467 620 538 941
681 279 745 662
276 619 365 907
634 279 681 849
596 279 634 1000
467 252 550 620
596 202 1000 279
596 121 1000 202
276 433 455 619
557 121 596 1000
276 252 467 433
276 121 557 252
229 121 276 1000
179 121 229 1000
179 67 1000 121
124 67 179 1000
64 67 124 1000
64 0 1000 67
0 0 64 1000
929 794 932 893
908 808 912 945
680 954 696 1000
929 553 932 794
912 894 925 992
829 936 851 1000
646 954 680 1000
987 258 994 658
679 825 724 892
398 764 416 957
965 701 995 822
932 917 993 983
995 0 1000 940
515 861 570 958
762 866 829 951
912 553 929 894
646 892 762 954
679 730 762 825
457 861 515 1000
570 892 646 1000
622 730 679 892
457 777 570 861
965 258 987 701
829 808 908 936
622 651 762 730
570 651 622 892
331 764 398 963
457 651 570 777
457 603 762 651
420 603 457 1000
420 555 762 603
331 555 420 764
288 555 331 1000
288 514 762 555
829 553 912 808
932 258 965 917
288 457 762 514
829 258 932 553
288 376 762 457
288 295 762 376
288 214 762 295
762 258 829 866
288 120 762 214
232 120 288 1000
175 120 232 1000
109 120 175 1000
762 0 995 258
109 0 762 120
0 0 109 1000
623 695 625 859
998 417 999 770
296 999 957 1000
930 980 972 999
456 782 466 900
928 931 959 980
377 975 456 999
971 880 1000 954
834 940 895 976
570 840 623 920
661 980 930 999
928 807 971 931
425 782 456 975
486 942 603 999
834 869 928 940
466 600 486 983
570 695 623 840
834 784 928 869
570 533 625 695
834 689 928 784
377 782 425 975
971 417 998 880
537 533 570 942
782 689 834 980
782 578 928 689
377 600 466 782
928 417 971 807
739 578 782 980
695 578 739 980
695 498 928 578
695 417 928 498
661 417 695 980
661 356 1000 417
486 533 537 942
625 356 661 999
486 356 625 533
377 356 486 600
377 310 1000 356
377 262 1000 310
377 212 1000 262
337 212 377 999
296 212 337 999
250 212 296 1000
250 157 1000 212
178 157 250 1000
105 157 178 1000
105 86 1000 157
105 0 1000 86
0 0 105 1000
431 883 972 884
199 980 242 999
948 884 984 921
867 857 938 883
978 784 1000 883
260 830 278 960
950 757 978 858
864 884 948 921
102 772 131 895
978 608 1000 784
302 294 313 847
0 945 131 992
878 927 983 1000
176 600 199 937
978 230 1000 608
867 757 950 857
199 830 260 980
790 757 867 883
278 472 301 918
199 688 278 830
790 681 978 757
677 927 878 1000
468 927 677 1000
712 681 790 883
468 884 864 927
199 472 278 688
712 615 978 681
0 772 102 945
131 600 176 997
313 884 468 1000
199 294 302 472
712 544 978 615
712 472 978 544
0 600 131 772
647 472 712 883
647 389 978 472
647 304 978 389
598 304 647 883
546 304 598 883
487 304 546 883
487 230 978 304
431 230 487 883
431 164 1000 230
431 97 1000 164
372 97 431 872
313 97 372 884
0 294 199 600
313 0 1000 97
0 0 313 294
470 503 476 784
914 930 963 976
334 734 363 847
363 197 369 788
979 562 1000 744
137 832 230 874
325 874 364 1000
937 606 979 726
309 589 329 852
369 901 424 998
62 965 325 988
834 632 896 740
979 245 1000 562
584 978 981 998
937 410 979 606
773 632 834 776
773 559 896 632
730 559 773 769
688 559 730 785
914 785 993 930
264 589 309 866
896 410 937 731
844 785 914 976
442 503 470 990
896 245 979 410
334 197 363 734
688 473 896 559
627 473 688 785
627 399 896 473
627 324 896 399
627 245 896 324
627 184 1000 245
62 874 325 965
717 785 844 978
584 785 717 978
584 184 627 785
550 184 584 1000
515 184 550 1000
369 503 442 901
137 589 264 832
476 184 515 1000
369 184 476 503
137 390 326 589
137 197 334 390
62 197 137 874
369 95 1000 184
369 0 1000 95
62 0 369 197
0 0 62 1000
755 977 785 1000
974 708 985 789
673 965 726 1000
822 924 863 972
904 952 985 985
755 926 808 977
863 917 904 984
822 856 863 924
985 721 998 949
406 865 473 927
477 806 509 950
974 183 985 708
346 928 445 1000
673 873 755 965
863 725 904 917
477 547 509 806
985 0 1000 721
406 701 477 865
579 873 673 1000
955 183 974 831
579 796 755 873
346 701 406 928
509 796 579 1000
932 183 955 893
509 729 755 796
509 661 755 729
346 547 477 701
509 574 755 661
904 183 932 952
755 570 816 926
863 183 904 725
509 479 755 574
509 379 755 479
346 379 509 547
822 183 863 856
346 308 755 379
304 308 346 1000
822 0 985 183
304 239 755 308
304 167 755 239
259 167 304 1000
755 0 822 570
259 82 755 167
208 82 259 1000
156 82 208 1000
156 0 755 82
105 0 156 1000
52 0 105 1000
0 0 52 1000
193 980 238 997
924 945 941 1000
722 970 769 999
260 969 322 1000
575 582 583 852
534 918 575 971
914 645 924 965
673 920 722 1000
460 878 498 988
332 491 342 919
840 508 853 884
583 917 673 976
722 913 819 970
193 888 254 980
673 803 722 920
977 691 1000 994
701 246 717 725
395 878 460 1000
109 888 193 997
819 508 840 971
583 807 673 917
722 806 819 913
395 774 498 878
583 658 673 807
924 691 977 945
534 582 575 918
498 582 534 1000
924 487 1000 691
673 246 701 803
583 481 673 658
924 251 1000 487
260 699 327 969
924 0 1000 251
395 582 498 774
853 645 914 993
342 582 395 1000
342 481 583 582
342 406 673 481
342 329 673 406
342 246 673 329
109 699 260 888
722 508 819 806
853 0 924 645
109 491 332 699
109 246 342 491
722 0 853 508
109 134 722 246
109 0 722 134
0 0 109 1000
700 844 710 952
229 968 282 989
539 555 543 878
921 971 993 990
970 821 1000 888
664 897 692 969
983 548 1000 667
151 968 229 999
393 934 434 999
710 909 757 967
440 860 472 973
692 421 700 953
628 811 683 897
921 910 1000 971
700 205 710 844
892 747 995 810
472 877 539 983
796 747 892 821
440 511 468 860
930 548 983 745
710 662 757 909
628 628 692 811
543 897 664 998
757 910 921 1000
854 548 930 747
854 430 1000 548
796 430 854 747
757 821 970 910
796 336 1000 430
393 511 440 934
472 555 539 877
543 628 628 897
796 222 1000 336
757 222 796 821
757 122 1000 222
151 753 282 968
757 0 1000 122
543 421 692 628
710 0 757 662
543 205 700 421
543 0 710 205
472 0 543 555
393 0 472 511
151 426 288 753
344 0 393 1000
288 0 344 1000
151 0 288 426
83 0 151 1000
0 0 83 1000
713 922 750 951
395 193 397 831
392 193 395 644
751 991 983 998
293 965 361 1000
268 815 329 876
159 834 251 876
343 876 397 955
611 908 659 1000
893 877 988 924
713 791 751 922
329 708 364 875
159 780 268 834
751 960 972 991
80 965 293 1000
268 679 329 815
670 791 713 1000
893 773 1000 877
159 676 268 780
670 638 751 791
893 644 1000 773
370 193 392 852
844 644 893 951
793 644 844 951
611 638 670 908
611 520 751 638
793 559 1000 644
570 520 611 974
793 461 1000 559
570 407 751 520
751 461 793 960
329 193 370 708
751 371 1000 461
80 876 343 965
751 275 1000 371
570 275 751 407
532 275 570 1000
494 275 532 1000
453 275 494 1000
268 193 329 679
453 217 1000 275
453 154 1000 217
453 90 1000 154
453 0 1000 90
159 193 268 676
80 193 159 876
397 0 453 1000
80 0 397 193
0 0 80 1000
832 989 848 1000
128 460 129 939
125 460 128 686
930 726 979 745
667 963 727 989
0 981 96 1000
816 475 953 494
971 494 1000 589
658 475 816 494
541 963 667 989
930 648 1000 726
840 360 968 408
131 989 832 1000
706 829 890 876
862 408 995 475
374 633 1000 648
942 181 1000 350
798 876 900 974
818 648 930 745
658 408 862 475
672 648 818 745
859 494 971 625
900 791 990 984
728 494 859 633
840 181 942 360
758 181 840 408
88 460 125 967
473 648 672 755
572 494 728 633
541 876 798 963
340 876 541 989
658 181 758 408
131 876 340 989
574 181 658 494
131 829 706 876
374 494 572 633
482 181 574 494
131 791 900 829
131 755 1000 791
374 181 482 494
299 181 374 648
131 648 473 755
219 181 299 648
131 181 219 648
131 129 1000 181
0 460 88 981
131 68 1000 129
131 0 1000 68
0 0 131 460
779 416 918 418
733 516 822 525
683 516 733 535
633 946 781 953
779 403 968 416
929 420 982 480
884 913 965 954
874 491 948 536
927 294 977 367
906 770 983 822
678 468 859 491
848 954 949 1000
908 536 983 600
924 163 983 246
983 523 1000 841
399 403 779 420
906 685 983 770
824 294 927 374
633 913 884 946
665 954 848 1000
983 0 1000 523
469 954 665 1000
165 516 683 535
678 420 929 468
822 685 906 834
660 294 824 374
633 874 983 913
728 685 822 834
633 834 983 874
633 685 728 834
399 374 916 403
735 536 908 638
165 491 874 516
559 685 633 954
469 685 559 954
387 685 469 1000
387 639 983 685
660 163 924 294
387 536 735 639
165 420 678 491
307 536 387 1000
226 536 307 1000
130 536 226 1000
399 163 660 374
0 536 130 1000
165 163 399 420
0 163 165 536
0 90 983 163
0 0 983 90
967 435 1000 449
993 99 1000 188
879 184 987 195
786 506 983 514
920 757 975 787
954 200 1000 238
742 184 879 200
581 362 985 374
678 975 872 1000
798 537 971 567
887 943 982 1000
934 648 1000 737
869 200 954 273
671 757 920 787
588 514 947 536
860 374 1000 433
867 273 975 362
850 864 977 943
451 537 798 567
226 975 678 1000
850 787 1000 864
786 435 967 506
815 648 934 757
758 787 850 943
658 787 758 943
588 435 786 514
671 648 815 757
555 787 658 943
555 648 671 787
588 374 860 435
555 605 1000 648
493 605 555 943
226 943 887 975
742 99 993 184
429 605 493 943
451 374 588 537
362 605 429 943
362 567 1000 605
581 273 867 362
289 567 362 943
289 374 451 567
226 374 289 943
226 273 581 374
164 273 226 1000
164 200 869 273
92 200 164 1000
92 99 742 200
92 0 1000 99
0 0 92 1000
252 881 269 892
239 941 262 1000
863 671 869 900
223 881 252 941
750 922 858 939
804 948 871 991
186 836 223 925
966 863 1000 961
678 737 699 932
820 783 863 881
0 954 95 1000
966 731 1000 863
699 948 804 1000
908 807 949 943
139 941 239 1000
599 880 670 971
908 646 949 807
966 530 1000 731
541 880 599 1000
541 824 678 880
949 530 966 993
949 375 1000 530
250 334 270 791
750 783 820 922
908 375 949 646
541 737 678 824
750 671 863 783
699 671 750 948
223 334 250 881
472 737 541 1000
472 655 699 737
186 334 223 836
699 541 871 671
871 375 908 1000
871 194 1000 375
0 783 139 954
472 541 699 655
410 541 472 1000
139 334 186 941
410 478 871 541
410 396 871 478
410 299 871 396
410 194 871 299
410 103 1000 194
410 0 1000 103
349 0 410 1000
0 334 139 783
271 0 349 1000
0 0 271 334
88 948 106 995
740 984 811 1000
361 871 394 912
113 958 155 1000
414 425 419 872
156 566 163 1000
971 351 976 1000
646 638 660 884
992 131 999 653
660 809 688 961
361 740 395 871
0 948 88 1000
976 748 1000 943
500 936 598 990
925 843 971 974
598 895 658 996
336 912 419 987
239 800 300 912
740 889 819 984
660 535 688 809
312 740 361 912
395 425 414 872
0 870 113 948
976 131 992 748
598 638 646 895
163 912 336 1000
500 768 598 936
819 843 925 1000
113 566 156 958
419 768 500 1000
819 713 971 843
819 569 971 713
419 638 598 768
419 535 660 638
740 569 819 889
312 425 395 740
740 452 971 569
239 425 312 800
688 452 740 1000
688 351 971 452
0 566 113 870
163 425 239 912
163 234 419 425
419 351 688 535
0 234 163 566
419 249 976 351
419 131 976 249
419 0 1000 131
0 0 419 234
267 509 269 528
267 659 269 852
230 882 269 905
802 953 831 985
635 703 654 775
256 659 267 794
945 912 968 1000
981 824 1000 971
341 988 654 1000
723 876 761 996
832 950 926 1000
969 493 981 934
802 771 832 953
945 667 969 912
224 509 267 657
0 966 209 1000
138 882 230 966
654 876 723 1000
407 876 607 919
832 872 945 950
802 474 832 771
224 300 269 509
654 777 761 876
556 703 635 840
981 184 1000 824
485 703 556 876
654 662 761 777
407 703 485 876
407 635 654 703
341 927 647 988
761 474 802 954
407 554 654 635
654 474 761 662
832 667 945 872
832 493 969 667
341 554 407 927
341 474 654 554
138 659 256 882
341 415 832 474
341 356 832 415
341 284 832 356
0 659 138 966
832 184 981 493
341 184 832 284
269 184 341 1000
269 95 1000 184
269 0 1000 95
0 300 224 659
0 0 269 300
828 733 898 735
900 632 938 654
938 675 952 734
373 756 390 817
991 307 1000 624
903 925 976 972
344 926 411 979
948 735 1000 813
308 756 373 821
938 592 991 675
653 972 964 989
308 705 417 756
828 632 900 733
344 821 418 926
751 632 828 735
308 632 417 705
299 821 344 1000
890 842 992 921
253 821 299 1000
751 576 938 632
653 925 903 972
245 632 308 821
831 735 948 842
751 502 938 576
171 821 253 1000
938 307 991 592
245 538 418 632
667 502 751 735
653 842 890 925
522 842 653 1000
171 538 245 821
667 419 938 502
171 445 418 538
171 342 418 445
667 307 938 419
594 307 667 735
122 342 171 1000
594 226 1000 307
522 735 831 842
122 225 418 342
522 226 594 735
474 226 522 1000
69 225 122 953
474 149 1000 226
474 63 1000 149
418 63 474 1000
69 63 418 225
69 0 1000 63
0 0 69 1000
