895 541 956 763
789 541 895 1000
670 541 789 1000
507 541 670 1000
343 541 507 1000
343 419 1000 541
343 283 1000 419
343 143 1000 283
343 0 1000 143
193 0 343 1000
0 0 193 1000
982 555 985 897
903 555 982 670
863 555 903 934
863 406 1000 555
640 703 797 895
526 703 640 1000
526 565 863 703
526 406 863 565
371 406 526 1000
371 0 1000 406
0 0 371 1000
928 254 948 487
725 774 832 875
725 542 849 774
658 542 725 1000
849 254 928 895
658 254 849 542
569 254 658 985
569 0 1000 254
393 0 569 1000
205 0 393 1000
0 0 205 1000
794 802 851 1000
794 735 979 802
696 735 794 1000
696 579 979 735
512 579 696 1000
512 405 1000 579
352 405 512 1000
352 248 1000 405
199 248 352 1000
199 0 1000 248
0 0 199 1000
862 799 951 859
757 616 829 755
696 616 757 799
702 799 862 1000
696 462 1000 616
407 799 702 1000
407 462 696 799
221 462 407 1000
221 282 1000 462
221 0 1000 282
0 0 221 1000
701 673 801 730
302 816 440 1000
801 763 936 1000
801 466 982 763
513 673 701 990
513 424 801 673
302 424 513 816
801 0 982 466
302 239 801 424
302 0 801 239
0 0 302 1000
415 892 454 1000
617 910 1000 952
617 827 1000 910
759 504 950 730
415 625 617 892
241 625 415 1000
241 332 617 625
759 0 982 504
617 0 759 827
0 332 241 1000
0 0 617 332
739 711 744 797
909 354 1000 552
773 857 997 1000
909 0 1000 354
773 709 1000 857
264 862 581 1000
264 711 739 862
773 0 909 709
264 365 773 711
264 0 773 365
0 0 264 1000
688 765 773 806
661 765 688 1000
661 707 1000 765
661 530 1000 707
523 530 661 1000
336 530 523 1000
336 389 1000 530
336 211 1000 389
179 211 336 1000
179 0 1000 211
0 0 179 1000
599 845 609 1000
946 744 963 874
599 812 946 845
599 744 946 812
599 612 1000 744
405 612 599 1000
405 466 1000 612
405 278 1000 466
228 278 405 1000
228 0 1000 278
0 0 228 1000
965 500 978 858
886 500 965 797
838 500 886 1000
838 308 1000 500
0 870 304 973
758 308 838 1000
0 686 317 870
591 308 758 902
591 0 1000 308
353 0 591 1000
0 0 353 686
783 628 1000 651
739 628 783 1000
693 628 739 1000
693 571 1000 628
693 421 1000 571
581 421 693 1000
581 250 1000 421
484 250 581 1000
306 250 484 1000
306 0 1000 250
0 0 306 1000
889 742 936 832
190 767 214 1000
190 732 401 767
144 732 190 1000
800 742 889 963
144 638 401 732
0 638 144 1000
800 0 1000 742
631 0 800 1000
401 0 631 1000
0 0 401 638
728 675 775 880
690 675 728 1000
644 675 690 1000
530 675 644 1000
530 591 1000 675
530 489 1000 591
530 372 1000 489
530 186 1000 372
530 0 1000 186
339 0 530 1000
0 0 339 1000
421 822 463 1000
321 822 421 1000
905 751 994 999
905 469 1000 751
682 704 905 915
682 469 905 704
550 469 682 1000
550 238 1000 469
321 238 550 822
321 0 1000 238
0 0 321 1000
666 818 752 1000
902 587 1000 763
666 685 797 818
833 587 902 1000
451 685 666 1000
216 685 451 1000
216 533 833 685
833 0 1000 587
216 307 833 533
216 0 833 307
0 0 216 1000
