777 495 900 739
803 739 1000 1000
594 739 803 1000
777 0 974 495
594 0 777 739
0 0 594 1000
800 557 959 1000
567 495 765 1000
800 0 1000 557
567 0 800 495
357 0 567 1000
0 0 357 1000
664 860 816 1000
664 753 894 860
550 753 664 1000
550 504 1000 753
550 0 1000 504
0 0 550 1000
851 634 1000 873
604 634 851 1000
604 349 1000 634
367 349 604 1000
367 0 1000 349
0 0 367 1000
799 855 883 1000
799 771 1000 855
799 544 961 771
368 544 799 1000
368 0 1000 544
0 0 368 1000
776 554 784 661
860 661 1000 844
776 0 1000 554
448 661 860 1000
448 0 776 661
0 0 448 1000
666 616 692 929
666 450 769 616
587 450 666 698
769 0 1000 1000
0 450 587 1000
0 0 769 450
715 670 914 932
530 670 715 1000
530 519 1000 670
530 287 1000 519
530 0 1000 287
0 0 530 1000
891 561 1000 625
762 561 891 1000
492 561 762 1000
492 316 1000 561
492 0 1000 316
0 0 492 1000
749 671 858 1000
584 671 749 1000
584 519 1000 671
351 519 584 1000
351 0 1000 519
0 0 351 1000
870 663 1000 719
617 663 870 1000
617 411 1000 663
327 411 617 1000
327 0 1000 411
0 0 327 1000
534 916 939 953
534 805 1000 916
534 412 1000 805
534 0 1000 412
289 0 534 1000
0 0 289 1000
849 710 896 747
639 710 849 1000
406 710 639 1000
406 364 1000 710
406 0 1000 364
0 0 406 1000
