101 955 238 959
991 777 996 953
991 497 996 777
365 835 396 885
312 275 315 829
996 324 999 923
45 825 64 947
786 634 929 654
786 614 929 634
45 705 68 825
396 453 402 962
576 829 767 849
786 581 929 614
773 581 786 1000
396 378 467 453
773 544 929 581
101 572 118 955
773 491 929 544
960 497 991 768
929 497 960 814
273 381 302 730
101 495 238 572
773 417 929 491
929 324 996 497
576 560 621 829
0 705 45 982
576 492 773 560
250 381 273 997
71 495 101 982
576 417 773 492
550 417 576 1000
550 372 929 417
550 324 929 372
396 144 479 378
521 324 550 1000
491 324 521 1000
71 381 250 495
365 144 396 835
322 144 365 695
71 275 312 381
491 270 1000 324
491 208 1000 270
491 146 1000 208
71 144 322 275
491 80 1000 146
0 144 71 705
491 0 1000 80
0 0 491 144
572 757 574 903
981 799 984 998
572 254 574 757
998 0 1000 617
600 720 679 745
910 723 921 963
506 595 517 857
190 716 202 1000
772 550 833 606
923 866 954 978
772 489 833 550
355 726 506 754
190 671 327 716
869 222 880 782
355 683 506 726
923 704 964 866
543 437 558 880
559 254 572 830
840 222 869 498
880 723 910 992
748 489 772 848
190 603 327 671
748 361 840 489
518 437 543 924
190 506 327 603
355 595 506 683
355 512 518 595
981 0 998 799
327 512 355 1000
327 437 518 512
327 370 559 437
964 0 981 985
190 370 327 506
689 361 748 704
689 222 840 361
190 311 559 370
158 311 190 1000
158 254 559 311
126 254 158 1000
126 198 600 254
126 141 600 198
923 0 964 704
880 0 923 723
79 141 126 1000
689 0 880 222
600 0 689 720
79 0 600 141
0 0 79 1000
839 484 842 554
918 983 936 996
821 607 838 692
356 333 361 742
842 932 887 979
596 627 604 934
588 627 596 940
722 983 918 996
63 996 754 1000
152 863 182 960
378 373 532 395
993 128 998 951
860 223 993 256
588 607 821 627
309 532 332 752
588 585 839 607
378 331 532 373
265 621 287 952
588 555 839 585
378 279 532 331
588 521 839 555
63 983 722 996
365 279 378 983
588 484 839 521
309 333 356 532
289 333 309 836
228 621 265 918
588 440 842 484
588 395 842 440
842 223 860 932
588 339 842 395
842 128 993 223
561 339 588 983
228 333 289 621
561 271 842 339
561 203 842 271
561 128 842 203
532 128 561 983
365 128 532 279
228 128 365 333
228 90 1000 128
195 90 228 983
195 46 1000 90
152 46 195 863
152 0 1000 46
108 0 152 983
63 0 108 983
0 0 63 1000
77 998 304 999
836 529 841 596
837 946 874 975
783 525 786 923
936 503 977 536
842 560 925 577
156 685 215 717
936 449 977 503
992 313 999 658
842 521 925 560
705 946 837 975
925 449 936 847
789 811 836 907
325 255 333 914
546 668 566 1000
655 563 672 975
397 751 546 809
397 692 546 751
282 759 325 967
925 313 992 449
397 627 546 692
925 166 1000 313
842 388 925 521
546 563 655 668
397 547 546 627
789 529 836 811
546 444 674 563
397 444 546 547
397 387 674 444
397 329 674 387
397 263 674 329
842 166 925 388
789 166 842 529
730 525 783 896
397 191 674 263
730 166 789 525
730 87 1000 166
705 87 730 946
282 255 325 759
674 87 705 1000
397 87 674 191
235 255 282 954
156 255 235 685
334 87 397 1000
334 0 1000 87
77 255 156 998
77 0 334 255
0 0 77 1000
543 799 584 804
901 379 906 432
853 854 864 932
232 892 301 915
997 0 1000 636
986 578 997 757
543 711 584 799
853 524 864 854
840 524 853 867
589 601 709 639
589 552 709 601
543 570 586 711
986 0 997 578
480 901 553 990
823 524 840 977
792 524 823 818
508 570 543 833
480 570 508 901
881 379 901 878
589 468 709 552
168 916 296 999
480 468 589 570
792 379 881 524
769 379 792 941
740 379 769 838
709 379 740 813
709 308 907 379
480 391 709 468
480 308 709 391
232 629 306 892
960 0 986 829
480 257 907 308
936 0 960 991
480 198 907 257
907 0 936 939
444 198 480 1000
444 135 907 198
232 339 335 629
444 65 907 135
409 65 444 1000
374 65 409 1000
335 65 374 1000
168 339 232 916
168 65 335 339
168 0 907 65
117 0 168 1000
61 0 117 1000
0 0 61 1000
191 447 193 764
457 529 461 978
343 191 348 666
92 917 151 976
748 678 1000 693
333 431 340 984
748 661 1000 678
223 571 260 690
260 433 271 847
734 661 748 1000
457 474 546 529
223 433 260 571
193 864 246 965
734 640 1000 661
457 440 633 474
716 640 734 1000
696 640 716 1000
0 917 92 1000
272 818 317 997
440 440 457 968
272 654 331 818
440 385 633 440
696 605 1000 640
696 570 1000 605
0 845 167 917
193 433 223 864
696 525 1000 570
272 431 333 654
696 479 1000 525
666 479 696 1000
666 428 1000 479
272 191 343 431
666 373 1000 428
666 316 1000 373
193 191 272 433
666 257 1000 316
633 257 666 1000
440 257 633 385
440 209 1000 257
406 209 440 1000
0 653 179 845
406 149 1000 209
0 447 191 653
406 81 1000 149
406 0 1000 81
0 191 193 447
349 0 406 1000
0 0 349 191
0 997 25 1000
951 176 952 853
983 491 990 687
375 755 863 759
341 755 375 819
983 174 990 491
579 837 605 956
638 549 661 686
946 176 951 899
964 425 983 620
638 956 767 985
993 0 998 878
964 174 983 425
964 0 993 174
579 819 863 837
341 743 863 755
526 819 579 956
244 743 341 819
953 0 964 773
454 819 526 956
724 519 769 742
724 439 863 519
573 549 638 722
75 743 244 819
346 819 454 956
231 819 346 956
573 439 724 549
514 439 573 743
450 439 514 743
450 389 863 439
391 389 450 743
332 389 391 743
269 389 332 743
269 351 863 389
269 312 863 351
209 312 269 743
0 956 638 997
147 312 209 743
75 312 147 743
75 272 863 312
0 819 231 956
863 176 946 636
0 272 75 819
0 224 863 272
0 176 863 224
0 119 953 176
0 58 902 119
0 0 953 58
609 966 933 969
753 419 755 906
216 728 227 820
364 997 885 999
997 204 1000 704
222 339 227 686
622 446 753 466
753 397 890 419
364 990 791 997
609 955 981 966
89 949 183 996
324 551 355 708
304 551 324 820
890 307 900 854
622 397 753 446
267 653 288 984
304 425 363 551
622 369 890 397
607 369 622 914
267 425 304 653
498 369 607 447
609 914 819 955
364 973 892 990
480 369 498 914
480 343 890 369
890 204 997 307
480 315 890 343
179 339 222 628
480 283 890 315
480 250 890 283
364 914 609 973
457 250 480 914
457 204 890 250
457 165 1000 204
428 165 457 914
428 127 1000 165
397 127 428 914
364 127 397 914
89 728 216 949
364 80 1000 127
267 80 364 425
89 339 179 728
228 80 267 1000
89 80 228 339
49 80 89 1000
49 41 1000 80
49 0 1000 41
0 0 49 1000
265 574 268 593
736 914 747 934
742 784 747 873
265 356 268 574
742 621 747 784
252 535 265 651
736 621 742 914
859 904 886 977
252 356 265 535
296 723 308 1000
906 875 938 982
960 911 999 1000
836 786 859 966
307 316 577 340
186 897 255 994
800 786 836 979
186 799 259 897
296 694 577 723
296 662 577 694
119 799 186 943
296 627 577 662
214 520 251 785
268 627 296 1000
268 316 307 627
268 275 577 316
155 520 214 741
669 621 736 852
155 356 252 520
119 356 155 799
268 220 577 275
906 555 959 875
748 361 782 930
119 220 268 356
119 175 577 220
669 361 748 621
93 175 119 1000
632 361 669 941
906 142 959 555
93 115 577 175
56 115 93 1000
577 361 632 992
960 0 999 911
859 142 906 904
800 142 859 786
577 142 800 361
0 115 56 1000
577 0 960 142
0 0 577 115
377 855 418 863
441 852 460 933
688 376 695 724
854 609 1000 626
495 975 694 991
460 352 473 624
767 902 964 932
377 709 418 855
854 567 1000 609
538 673 651 729
831 567 854 855
807 567 831 855
538 616 677 673
60 812 161 891
515 616 538 975
807 523 1000 567
515 565 688 616
807 475 1000 523
441 352 460 852
515 509 688 565
767 855 977 902
807 416 1000 475
515 443 688 509
515 376 688 443
495 376 515 975
60 694 173 812
420 352 441 993
473 376 495 1000
473 310 696 376
377 352 420 709
334 352 377 726
767 416 807 855
733 416 767 997
733 338 1000 416
696 338 733 997
696 256 1000 338
696 170 1000 256
473 170 696 310
473 107 1000 170
334 107 473 352
334 55 1000 107
334 0 1000 55
60 396 191 694
290 0 334 1000
245 0 290 1000
197 0 245 1000
60 0 197 396
0 0 60 1000
228 848 239 890
281 814 284 977
241 977 300 1000
442 505 649 524
442 484 649 505
871 957 979 1000
755 485 771 778
94 573 108 920
430 484 442 903
756 933 975 956
739 485 755 850
868 850 977 904
722 485 739 850
123 330 136 816
241 814 281 977
94 330 123 573
722 459 1000 485
722 432 1000 459
81 330 94 918
228 241 241 848
66 330 81 931
756 850 868 933
407 903 630 945
649 957 871 1000
407 484 430 903
722 394 1000 432
649 850 756 957
722 347 1000 394
37 330 66 825
407 417 649 484
688 347 722 850
37 241 228 330
407 345 649 417
407 274 649 345
382 274 407 1000
382 204 649 274
649 347 688 850
0 241 37 799
382 123 649 204
649 277 1000 347
649 199 1000 277
345 123 382 970
649 102 1000 199
302 123 345 923
649 0 1000 102
302 0 649 123
241 0 302 814
0 0 241 241
0 997 92 1000
511 639 514 872
634 474 636 886
697 655 703 912
611 594 618 851
993 410 1000 843
900 933 997 965
636 980 806 999
407 896 514 931
0 974 164 997
982 410 993 759
514 782 585 857
621 474 634 942
697 626 923 655
514 703 611 782
923 607 982 738
697 588 923 626
672 588 697 933
328 508 350 957
514 594 611 703
458 639 511 857
923 410 982 607
672 538 923 588
636 933 900 980
514 474 621 594
407 639 458 896
672 485 923 538
407 474 514 639
407 393 636 474
672 410 923 485
636 410 672 933
636 354 1000 410
636 293 1000 354
407 293 636 393
407 253 1000 293
0 848 199 974
407 209 1000 253
407 164 1000 209
328 164 407 508
81 609 212 828
328 115 1000 164
328 63 1000 115
286 63 328 1000
239 63 286 1000
81 261 212 609
0 261 81 848
239 0 1000 63
0 0 239 261
958 753 961 824
240 997 322 1000
958 540 961 753
229 467 240 540
341 840 384 867
491 763 499 989
89 861 168 884
998 0 1000 909
849 117 852 808
818 845 849 956
384 759 401 993
727 890 780 982
991 0 998 710
240 786 264 997
942 540 958 871
384 614 431 759
491 726 697 763
491 685 697 726
491 642 697 685
341 614 384 840
462 642 491 989
431 642 462 1000
794 366 813 997
697 469 721 972
431 584 697 642
727 628 788 890
240 614 341 786
727 366 794 628
431 514 697 584
240 514 431 614
240 469 697 514
818 117 849 845
962 0 991 843
240 418 727 469
240 366 727 418
240 314 818 366
168 467 229 975
89 467 168 861
240 260 818 314
89 260 240 467
859 540 942 917
89 214 818 260
89 165 818 214
45 165 89 1000
45 117 818 165
0 117 45 1000
859 0 962 540
0 0 859 117
863 824 874 943
997 55 1000 608
575 528 863 536
887 475 891 998
575 519 863 528
955 319 986 402
936 377 941 985
874 475 887 726
907 504 930 664
907 377 936 504
575 506 863 519
863 475 874 824
211 681 224 998
575 487 863 506
955 161 996 319
410 514 427 928
300 589 343 756
944 161 955 823
907 161 944 377
894 161 907 795
273 589 300 900
273 514 410 589
554 487 575 1000
533 487 554 1000
894 55 997 161
533 451 863 487
533 412 863 451
511 412 533 1000
489 412 511 1000
168 681 211 980
863 55 894 475
168 455 227 681
489 373 863 412
462 373 489 1000
462 330 863 373
131 455 168 999
430 330 462 1000
273 330 430 514
273 280 863 330
273 225 863 280
273 170 863 225
232 170 273 1000
232 113 863 170
232 55 863 113
131 55 232 455
131 0 1000 55
73 0 131 1000
0 0 73 1000
138 979 139 998
172 564 243 565
970 109 972 242
997 58 1000 411
536 669 666 679
536 657 666 669
317 516 395 549
689 806 870 824
984 655 997 952
308 516 317 959
536 622 666 657
689 780 870 806
520 622 536 920
520 584 666 622
520 542 666 584
294 516 308 959
923 307 970 448
984 58 997 655
520 486 666 542
733 517 842 592
520 429 666 486
395 356 410 933
923 109 970 307
870 485 890 994
499 429 520 920
499 365 666 429
972 58 984 965
172 410 243 564
689 517 733 780
689 442 870 517
689 364 870 442
666 364 689 1000
473 365 499 942
294 356 395 516
473 279 666 365
294 248 451 356
138 410 172 979
666 268 870 364
870 109 923 485
666 165 870 268
473 165 666 279
473 109 870 165
473 58 972 109
294 58 473 248
247 58 294 905
247 0 1000 58
138 0 247 410
0 0 138 1000
458 720 460 784
622 877 722 879
458 171 460 720
953 124 996 155
421 789 450 839
650 298 953 304
328 963 380 1000
758 865 960 876
306 491 312 900
407 789 421 988
642 298 650 665
328 914 389 963
687 879 719 976
886 818 977 865
642 284 953 298
179 836 292 885
450 171 458 890
642 264 953 284
179 697 228 836
483 980 892 999
642 238 953 264
622 238 642 725
886 728 999 818
600 238 622 728
600 206 953 238
600 169 953 206
574 169 600 728
574 124 953 169
545 124 574 728
545 85 1000 124
758 728 886 865
545 45 1000 85
328 642 399 914
622 728 758 877
483 879 687 980
514 45 545 728
483 728 622 879
483 45 514 728
460 45 483 1000
460 0 1000 45
179 491 306 697
407 171 450 789
328 171 407 642
179 171 328 491
179 0 460 171
122 0 179 1000
61 0 122 1000
0 0 61 1000
874 743 905 751
629 419 631 690
445 637 616 646
616 419 629 654
73 660 116 746
874 596 905 743
418 637 445 819
388 637 418 819
720 720 809 780
720 679 851 720
938 821 981 955
851 596 874 938
388 602 616 637
388 564 616 602
938 612 981 821
388 523 616 564
720 596 851 679
388 474 616 523
720 537 913 596
353 474 388 819
300 819 470 890
190 819 300 932
0 660 73 847
720 464 913 537
938 376 999 612
353 419 616 474
353 367 633 419
913 376 938 963
633 377 674 752
633 97 692 377
316 367 353 819
279 367 316 819
720 376 913 464
279 310 633 367
720 304 1000 376
239 310 279 819
720 230 1000 304
720 152 1000 230
693 152 720 1000
693 76 1000 152
693 0 1000 76
190 310 239 819
190 253 633 310
190 185 633 253
190 97 633 185
190 0 693 97
139 0 190 1000
0 0 139 660
