692 986 928 993
617 941 692 1000
816 822 1000 853
981 0 1000 573
617 756 692 941
928 0 981 535
816 613 1000 822
692 853 1000 986
413 756 617 1000
413 572 692 756
816 0 928 613
413 259 692 572
271 259 413 1000
692 0 816 853
271 0 692 259
138 0 271 1000
0 0 138 1000
984 680 1000 783
943 904 1000 985
923 680 984 783
871 904 943 1000
800 680 923 783
871 783 1000 904
800 560 1000 680
707 783 871 1000
800 374 1000 560
707 374 800 783
592 374 707 1000
468 374 592 1000
337 374 468 1000
192 374 337 1000
192 206 1000 374
192 0 1000 206
0 0 192 1000
983 531 994 634
509 933 612 1000
914 868 1000 1000
831 720 914 941
765 720 831 1000
914 531 983 868
765 531 914 720
703 531 765 1000
612 531 703 1000
612 420 1000 531
509 420 612 933
373 420 509 1000
373 281 1000 420
243 281 373 1000
243 142 1000 281
243 0 1000 142
0 0 243 1000
994 450 997 466
419 994 1000 1000
887 956 1000 994
902 343 1000 428
887 849 1000 956
887 683 1000 849
631 343 902 450
828 450 994 683
575 450 828 683
631 173 1000 343
660 683 887 994
419 683 660 994
169 683 419 1000
169 450 575 683
169 173 631 450
169 0 1000 173
0 0 169 1000
957 426 1000 613
769 797 819 1000
676 808 769 985
819 871 974 984
957 0 1000 426
769 185 819 797
445 808 676 999
819 613 1000 871
445 655 769 808
445 489 769 655
329 489 445 1000
176 489 329 1000
819 0 957 613
176 340 769 489
176 185 769 340
176 0 819 185
0 0 176 1000
992 677 995 725
862 619 921 677
0 949 112 1000
789 677 992 739
160 638 229 949
862 338 1000 619
797 739 1000 961
862 0 1000 338
617 739 797 1000
789 0 862 677
0 638 160 949
705 0 789 739
617 0 705 739
505 0 617 1000
370 0 505 1000
229 0 370 1000
0 0 229 638
587 956 639 979
897 906 1000 994
692 901 793 1000
692 727 793 901
897 708 1000 906
587 693 692 956
793 708 897 1000
481 693 587 1000
793 532 1000 708
793 352 1000 532
692 352 793 727
481 352 692 693
340 352 481 1000
340 192 1000 352
179 192 340 1000
179 0 1000 192
0 0 179 1000
542 887 564 960
942 930 1000 999
824 896 867 999
695 813 722 992
867 930 942 1000
722 896 824 1000
410 887 542 1000
573 813 695 992
722 643 867 896
867 578 1000 930
722 239 867 643
867 0 1000 578
573 239 722 813
410 239 573 887
410 0 867 239
235 0 410 1000
0 0 235 1000
512 855 551 872
860 960 982 989
599 944 707 997
860 917 1000 960
968 586 991 873
240 962 551 1000
551 512 599 989
599 778 766 944
240 855 512 962
860 586 968 917
860 167 1000 586
766 167 860 1000
599 167 766 778
240 512 551 855
240 167 599 512
240 0 1000 167
0 0 240 1000
353 917 386 1000
921 858 1000 922
825 940 987 1000
187 917 353 1000
386 820 469 1000
921 603 1000 858
386 552 480 820
825 603 921 940
709 603 825 1000
591 603 709 1000
591 456 1000 603
187 552 386 917
591 264 1000 456
591 0 1000 264
480 0 591 1000
187 0 480 552
0 0 187 1000
539 930 670 1000
984 0 1000 1000
853 844 984 1000
670 787 849 953
539 691 670 930
853 600 984 844
670 516 853 787
377 691 539 1000
377 516 670 691
377 405 853 516
377 293 853 405
292 293 377 1000
206 293 292 1000
853 0 984 600
206 166 853 293
206 0 853 166
0 0 206 1000
790 951 890 980
950 882 1000 968
727 841 788 945
582 945 764 1000
727 632 788 841
950 408 1000 882
790 655 890 951
890 408 950 995
790 251 890 655
890 0 1000 408
582 632 727 945
428 632 582 1000
428 455 790 632
249 455 428 1000
249 251 790 455
249 0 890 251
0 0 249 1000
849 978 999 1000
957 451 1000 552
879 900 995 978
892 552 979 661
898 302 1000 425
254 978 849 1000
879 766 1000 900
767 302 898 451
722 766 879 978
457 766 722 978
457 661 1000 766
254 661 457 978
254 552 892 661
254 451 957 552
254 302 767 451
254 0 1000 302
0 0 254 1000
885 475 924 534
872 718 995 779
777 718 872 823
663 475 885 536
629 931 1000 1000
851 154 1000 335
777 546 1000 718
629 823 1000 931
663 335 1000 475
586 546 777 823
322 823 629 1000
322 546 586 823
151 546 322 1000
151 335 663 546
151 154 851 335
151 0 1000 154
0 0 151 1000
919 787 1000 895
836 914 974 987
630 730 881 787
881 659 1000 787
881 421 1000 659
630 602 881 730
881 147 1000 421
630 463 881 602
630 307 881 463
630 147 881 307
229 914 836 987
514 147 630 787
388 147 514 787
229 787 919 914
388 0 1000 147
229 0 388 787
0 0 229 1000
751 687 855 689
751 680 871 687
913 900 1000 1000
914 517 1000 674
150 768 211 991
913 691 1000 900
751 517 914 680
0 768 150 1000
784 691 913 1000
623 691 784 1000
751 221 1000 517
371 691 623 1000
566 221 751 691
566 0 1000 221
371 0 566 691
211 0 371 1000
0 0 211 768
564 978 630 1000
760 955 857 996
888 921 1000 1000
888 774 1000 921
760 790 888 955
647 790 760 1000
888 439 1000 774
647 623 888 790
647 439 888 623
564 439 647 978
470 439 564 1000
358 439 470 1000
358 338 1000 439
358 236 1000 338
358 119 1000 236
358 0 1000 119
0 0 358 1000
846 802 928 857
846 771 1000 802
901 857 1000 1000
629 498 671 1000
471 801 608 1000
671 857 901 1000
846 519 1000 771
262 801 471 1000
846 238 1000 519
262 659 629 801
757 238 846 857
757 0 1000 238
262 498 629 659
262 342 671 498
671 0 757 857
262 0 671 342
0 0 262 1000
769 980 1000 1000
923 813 1000 880
559 937 707 1000
923 599 1000 813
769 880 1000 980
559 780 769 937
559 584 769 780
769 599 923 880
411 584 559 1000
769 316 1000 599
411 381 769 584
769 0 1000 316
289 381 411 1000
289 199 769 381
170 199 289 1000
170 0 769 199
0 0 170 1000
677 981 803 1000
828 972 1000 1000
814 651 828 1000
658 578 677 1000
828 884 1000 972
545 803 658 968
828 774 1000 884
545 578 658 803
677 651 814 981
828 401 993 774
390 578 545 1000
828 0 1000 401
208 578 390 1000
0 578 208 1000
677 0 828 651
0 396 677 578
0 0 677 396
307 942 441 947
0 995 461 1000
307 841 456 942
924 759 1000 972
0 954 461 995
831 759 924 1000
699 759 831 1000
0 841 307 954
461 759 699 1000
0 716 461 841
0 578 461 716
461 621 1000 759
461 452 1000 621
0 352 461 578
461 244 1000 452
461 0 1000 244
0 0 461 352
