961 835 998 940
501 879 569 1000
396 873 486 986
569 967 1000 1000
913 409 1000 626
805 835 961 967
501 568 569 879
154 873 396 986
913 0 1000 409
805 641 998 835
154 753 501 873
154 568 501 753
0 568 154 1000
805 0 913 641
697 0 805 967
0 365 569 568
569 0 697 967
0 0 569 365
475 755 534 965
736 940 1000 1000
251 867 371 1000
534 303 563 1000
251 678 371 867
371 755 475 1000
563 766 736 936
736 808 1000 940
132 678 251 1000
736 631 1000 808
736 411 1000 631
563 411 736 766
371 303 534 755
563 231 1000 411
132 303 371 678
563 0 1000 231
132 0 563 303
0 0 132 1000
439 981 556 1000
588 853 642 932
588 791 678 853
439 940 678 981
849 905 963 1000
678 905 849 1000
439 791 588 940
678 814 1000 905
439 664 678 791
678 693 1000 814
678 516 1000 693
678 334 1000 516
439 334 678 664
439 192 1000 334
336 192 439 1000
162 192 336 1000
162 0 1000 192
0 0 162 1000
822 886 850 950
906 900 1000 956
721 886 822 950
182 874 293 992
610 950 906 1000
906 683 1000 900
721 768 906 886
0 874 182 1000
721 633 906 768
906 361 1000 683
906 0 1000 361
610 633 721 950
610 443 906 633
505 443 610 1000
505 237 906 443
505 0 906 237
293 0 505 1000
0 0 293 874
939 522 998 553
933 634 965 791
939 436 1000 522
711 958 1000 1000
756 879 1000 951
819 634 933 791
244 958 711 1000
837 436 939 634
718 436 837 634
588 436 718 634
244 879 756 958
588 327 1000 436
244 791 1000 879
244 634 819 791
244 327 588 634
244 166 1000 327
244 0 1000 166
0 0 244 1000
848 632 851 637
848 593 1000 632
830 879 948 942
547 804 643 964
643 942 1000 1000
547 485 643 804
830 659 1000 879
848 309 1000 593
848 0 1000 309
643 659 830 942
761 0 848 659
422 485 547 964
284 485 422 1000
137 485 284 1000
643 0 761 659
137 294 643 485
0 294 137 1000
0 0 643 294
693 713 712 980
819 962 1000 1000
496 850 599 990
712 729 819 956
599 713 693 1000
261 766 396 1000
496 533 599 850
819 729 995 962
400 533 496 990
819 462 1000 729
819 158 1000 462
712 158 819 729
599 158 712 713
400 158 599 533
261 158 400 766
261 0 1000 158
144 0 261 1000
0 0 144 1000
929 936 975 941
929 896 1000 936
935 649 1000 712
843 896 929 954
739 609 786 761
884 432 935 761
544 954 952 1000
843 761 1000 896
808 432 884 761
501 609 739 761
935 0 1000 649
501 470 808 609
808 0 935 432
544 761 843 954
252 761 544 1000
501 0 808 470
252 0 501 761
0 0 252 1000
977 509 1000 657
932 664 977 865
977 0 1000 509
363 364 879 404
788 133 977 290
437 944 977 1000
776 664 932 944
363 290 977 364
578 664 776 944
578 513 977 664
437 513 578 944
363 133 788 290
298 513 437 1000
149 513 298 1000
149 404 957 513
0 404 149 1000
0 133 363 404
0 0 977 133
872 842 916 1000
916 854 987 964
987 159 1000 964
746 909 866 1000
328 890 430 1000
519 909 746 1000
519 842 872 909
519 763 847 842
519 687 916 763
519 588 916 687
916 159 987 854
519 461 916 588
519 314 916 461
519 159 916 314
437 159 519 1000
437 0 1000 159
328 0 437 890
0 0 328 1000
780 782 824 875
788 585 809 782
824 883 921 967
207 981 824 1000
720 585 788 782
643 782 780 902
921 675 1000 975
824 627 921 883
575 585 720 782
207 913 824 981
921 0 1000 675
207 782 643 913
824 0 921 627
207 585 575 782
207 415 824 585
207 220 824 415
207 0 824 220
0 0 207 1000
956 753 1000 848
830 884 927 970
956 508 1000 753
830 757 925 884
775 757 830 1000
927 508 956 998
658 757 775 1000
658 639 927 757
658 508 927 639
553 508 658 1000
417 508 553 1000
279 508 417 1000
279 389 1000 508
279 264 1000 389
279 137 1000 264
279 0 1000 137
146 0 279 1000
0 0 146 1000
541 972 656 1000
810 943 923 1000
923 712 959 1000
740 718 810 978
959 391 1000 940
541 850 740 972
810 712 923 943
541 718 740 850
541 568 810 718
810 391 959 712
541 349 810 568
810 0 1000 391
427 349 541 1000
293 349 427 1000
149 349 293 1000
149 183 810 349
149 0 810 183
0 0 149 1000
290 962 543 1000
739 953 964 1000
859 829 976 953
290 901 565 962
567 592 655 976
859 586 1000 829
290 754 567 901
739 586 859 953
290 592 567 754
739 405 1000 586
290 461 655 592
655 405 739 1000
655 241 1000 405
290 263 655 461
655 0 1000 241
156 263 290 1000
156 0 655 263
0 0 156 1000
987 589 1000 877
968 589 987 852
286 873 362 980
784 916 948 1000
125 873 286 1000
784 802 968 916
125 768 383 873
640 802 784 1000
0 768 125 1000
640 713 968 802
525 713 640 1000
525 589 968 713
525 424 1000 589
383 424 525 1000
0 552 383 768
383 246 1000 424
383 0 1000 246
0 0 383 552
948 897 1000 924
813 889 878 929
697 956 826 1000
948 781 1000 897
697 889 813 956
697 842 878 889
878 781 948 978
697 763 878 842
878 633 1000 781
878 471 1000 633
697 619 878 763
697 471 878 619
579 471 697 1000
579 280 1000 471
452 280 579 1000
293 280 452 1000
293 0 1000 280
0 0 293 1000
917 894 960 977
861 894 917 1000
861 843 992 894
861 756 1000 843
809 756 861 1000
746 756 809 1000
746 695 1000 756
688 695 746 1000
609 695 688 1000
609 565 1000 695
445 565 609 1000
445 421 1000 565
302 421 445 1000
302 291 1000 421
302 160 1000 291
302 0 1000 160
152 0 302 1000
0 0 152 1000
698 971 825 975
882 233 929 329
700 346 870 390
857 852 929 1000
929 838 1000 1000
511 923 697 1000
700 233 882 346
511 795 698 923
857 390 929 852
698 651 857 971
929 0 1000 838
199 795 511 1000
199 651 698 795
199 518 857 651
0 518 199 1000
0 390 857 518
0 233 700 390
0 0 929 233
248 950 291 1000
876 924 1000 961
783 890 876 1000
397 775 457 988
876 809 1000 924
621 890 783 1000
876 619 1000 809
248 775 397 950
621 781 876 890
248 636 457 775
457 781 621 1000
135 636 248 1000
135 440 457 636
457 619 876 781
0 440 135 1000
457 340 1000 619
457 0 1000 340
0 0 457 440
959 857 986 954
847 314 956 340
834 954 1000 1000
956 130 998 359
609 314 847 359
834 857 959 954
834 666 1000 857
735 666 834 1000
585 666 735 1000
609 130 956 314
585 497 1000 666
430 497 585 1000
430 359 1000 497
278 359 430 1000
116 359 278 1000
116 130 609 359
116 0 1000 130
0 0 116 1000
959 309 1000 441
736 456 953 515
921 809 1000 997
821 804 921 1000
921 515 1000 809
702 804 821 1000
736 309 959 456
530 804 702 1000
736 156 1000 309
622 156 736 515
530 677 869 804
496 156 622 515
358 677 530 1000
358 515 921 677
152 515 358 1000
152 156 496 515
152 0 1000 156
0 0 152 1000
902 947 953 1000
851 709 902 802
795 876 902 967
902 844 1000 947
756 709 851 876
639 876 795 1000
902 635 1000 844
756 529 902 709
902 333 1000 635
639 529 756 876
639 333 902 529
639 190 1000 333
554 190 639 1000
422 190 554 1000
422 0 1000 190
303 0 422 1000
181 0 303 1000
0 0 181 1000
211 889 243 986
940 538 1000 636
799 604 910 673
885 910 988 1000
885 825 1000 910
799 511 938 604
0 889 211 1000
940 0 1000 538
676 825 885 1000
561 511 799 673
676 673 1000 825
561 373 940 511
561 226 940 373
429 673 676 1000
561 0 940 226
429 0 561 673
281 0 429 1000
0 0 281 889
594 877 607 919
840 930 850 1000
354 908 450 1000
594 276 617 877
926 666 999 930
617 900 840 1000
354 699 521 908
617 743 840 900
926 179 999 666
521 276 594 1000
617 477 840 743
840 179 926 930
617 179 840 477
617 0 1000 179
354 276 521 699
354 0 617 276
267 0 354 1000
0 0 267 1000
745 880 766 983
183 940 244 978
968 588 1000 883
774 941 1000 996
183 807 283 940
604 880 745 1000
604 774 774 880
884 588 968 941
0 807 183 1000
443 774 604 1000
774 588 884 941
774 400 1000 588
443 589 774 774
443 400 774 589
443 277 1000 400
283 277 443 1000
283 0 1000 277
0 0 283 807
151 942 375 960
334 791 392 942
392 825 481 960
0 960 446 997
772 900 970 1000
392 577 481 825
772 781 1000 900
151 791 334 942
626 781 772 1000
626 643 1000 781
151 577 392 791
626 500 1000 643
0 577 151 960
487 500 626 1000
0 385 487 577
487 317 1000 500
487 0 1000 317
0 0 487 385
937 918 1000 1000
336 900 463 1000
789 767 861 1000
937 557 1000 918
875 409 937 917
336 691 493 900
937 0 1000 557
594 767 789 1000
594 596 875 767
594 409 875 596
493 409 594 1000
493 256 937 409
336 256 493 691
235 256 336 982
136 256 235 1000
136 146 937 256
0 146 136 1000
0 0 937 146
781 643 883 656
898 924 987 995
986 0 1000 727
921 727 1000 924
654 581 781 727
883 474 974 727
768 727 921 924
781 229 883 643
313 924 898 1000
654 229 781 581
883 0 986 474
654 0 883 229
562 0 654 727
465 0 562 727
313 727 768 924
313 0 465 727
194 0 313 1000
0 0 194 1000
949 739 983 902
841 668 960 739
827 902 983 986
983 0 1000 1000
575 668 841 739
790 739 949 902
455 902 827 996
774 411 962 668
575 411 774 668
455 739 790 902
403 411 575 739
235 739 455 996
0 739 235 1000
185 411 403 739
185 297 983 411
185 176 983 297
0 176 185 739
0 0 983 176
283 952 386 976
935 866 1000 1000
858 866 935 1000
665 894 858 975
858 746 1000 866
283 687 401 952
665 716 858 894
163 687 283 998
858 437 1000 746
0 687 163 998
0 555 401 687
665 437 858 716
0 391 401 555
665 240 1000 437
665 0 1000 240
552 0 665 1000
401 0 552 987
0 0 401 391
525 800 604 820
837 966 935 985
432 960 654 1000
525 635 638 800
432 850 654 960
267 850 432 1000
525 351 654 635
837 703 999 966
837 378 1000 703
412 351 525 842
732 378 837 1000
732 131 1000 378
654 131 732 1000
267 351 412 850
155 351 267 1000
155 131 654 351
155 0 1000 131
0 0 155 1000
516 332 792 335
953 521 1000 714
782 892 952 1000
863 113 1000 281
799 521 953 714
782 714 1000 892
572 521 799 714
625 714 782 1000
463 714 625 1000
246 714 463 1000
246 521 572 714
108 521 246 1000
108 443 1000 521
516 113 863 332
108 342 1000 443
108 113 516 342
108 0 1000 113
0 0 108 1000
884 932 987 938
935 865 976 932
884 865 935 932
644 944 939 1000
836 728 973 865
644 865 884 944
644 728 836 865
533 728 644 1000
533 633 1000 728
533 528 1000 633
533 417 1000 528
425 417 533 1000
425 290 1000 417
313 290 425 1000
313 155 1000 290
181 155 313 1000
181 0 1000 155
0 0 181 1000
0 974 89 1000
972 687 1000 834
919 826 972 996
304 471 331 974
972 0 1000 687
797 826 919 1000
660 826 797 1000
660 718 972 826
660 607 972 718
558 607 660 1000
558 474 972 607
558 320 972 474
438 320 558 1000
438 151 972 320
331 151 438 1000
331 0 972 151
0 471 304 974
0 0 331 471
992 733 999 734
770 733 992 750
698 957 824 1000
936 482 989 611
951 750 1000 968
325 957 698 1000
770 611 1000 733
824 750 951 1000
598 482 936 611
598 370 1000 482
325 856 795 957
325 750 824 856
325 611 770 750
325 370 598 611
325 213 1000 370
184 213 325 1000
184 0 1000 213
0 0 184 1000
996 278 998 750
932 871 981 1000
873 843 932 993
786 639 881 752
804 843 873 1000
804 752 932 843
730 752 804 1000
648 752 730 1000
543 752 648 1000
543 639 786 752
464 639 543 1000
464 578 932 639
932 278 996 871
464 421 932 578
333 421 464 1000
333 278 932 421
333 0 1000 278
0 0 333 1000
814 464 942 466
789 464 814 534
780 807 881 1000
965 128 1000 931
881 620 964 1000
789 257 965 464
591 807 780 1000
657 257 789 534
358 807 591 1000
490 257 657 534
358 710 881 807
154 710 358 1000
154 620 881 710
154 534 965 620
154 257 490 534
154 128 965 257
154 0 1000 128
0 0 154 1000
793 957 1000 994
827 867 964 957
827 787 1000 867
329 957 793 994
706 787 827 957
706 715 1000 787
706 636 1000 715
706 537 1000 636
619 537 706 957
619 441 1000 537
545 441 619 957
463 441 545 957
463 356 1000 441
329 356 463 957
171 356 329 1000
171 202 1000 356
171 0 1000 202
0 0 171 1000
378 968 382 973
509 870 552 959
185 983 552 1000
509 668 552 870
852 902 972 1000
509 376 552 668
878 390 979 534
852 774 1000 902
734 390 878 557
734 269 1000 390
552 774 852 1000
734 0 1000 269
378 376 509 968
552 557 1000 774
552 0 734 557
185 376 378 983
185 0 552 376
0 0 185 1000
907 714 924 948
934 888 1000 1000
934 747 1000 888
321 967 907 1000
826 714 907 967
934 409 1000 747
688 714 826 967
543 714 688 967
543 615 934 714
432 615 543 967
432 518 901 615
321 518 432 967
161 518 321 1000
161 409 934 518
161 291 1000 409
161 151 1000 291
161 0 1000 151
0 0 161 1000
883 915 986 999
323 537 359 1000
534 937 883 1000
720 664 883 822
883 669 1000 915
534 843 883 937
883 388 1000 669
534 664 720 843
534 566 883 664
534 388 883 566
534 254 1000 388
445 254 534 959
359 254 445 1000
166 537 323 948
359 151 1000 254
166 151 359 537
166 0 1000 151
0 0 166 1000
919 945 991 1000
837 945 919 1000
837 901 1000 945
576 918 744 979
837 822 1000 901
757 822 837 1000
576 741 757 918
757 682 1000 822
757 516 1000 682
576 516 757 741
483 516 576 1000
330 516 483 1000
330 399 1000 516
330 280 1000 399
330 145 1000 280
330 0 1000 145
216 0 330 1000
0 0 216 1000
913 744 953 785
674 840 711 955
913 663 1000 744
894 880 967 1000
894 795 1000 880
605 840 674 977
818 663 913 795
827 795 894 1000
818 575 1000 663
714 795 827 1000
818 416 1000 575
714 416 818 795
605 416 714 840
605 297 1000 416
456 297 605 1000
264 297 456 1000
264 0 1000 297
0 0 264 1000
973 731 1000 1000
810 939 954 1000
767 736 810 964
453 828 512 1000
973 156 1000 731
810 816 973 939
318 828 453 1000
810 649 973 816
652 736 767 977
318 600 515 828
652 445 810 736
517 445 652 1000
810 156 973 649
517 156 810 445
318 156 517 600
194 156 318 1000
194 0 1000 156
0 0 194 1000
964 881 975 984
729 901 799 971
662 901 729 1000
799 353 823 1000
823 881 964 1000
907 646 1000 834
907 441 1000 646
662 638 799 901
907 0 1000 441
497 638 662 1000
312 638 497 1000
312 497 799 638
312 353 799 497
823 0 907 881
157 353 312 1000
0 353 157 1000
0 181 823 353
0 0 823 181
938 881 1000 932
908 881 938 1000
300 893 420 930
168 946 451 1000
300 639 451 893
908 461 1000 881
836 461 908 1000
762 461 836 1000
168 639 300 946
168 490 451 639
672 461 762 1000
572 461 672 1000
451 461 572 1000
451 337 1000 461
451 186 1000 337
451 0 1000 186
168 0 451 490
0 0 168 1000
799 970 860 983
447 986 586 999
882 948 970 1000
799 810 882 970
882 816 1000 948
958 0 1000 476
447 843 608 986
608 862 799 988
882 587 1000 816
447 666 608 843
447 453 608 666
372 453 447 1000
882 0 958 587
799 0 882 810
229 453 372 1000
608 0 799 862
229 0 608 453
0 0 229 1000
785 963 858 972
672 952 785 1000
933 774 985 937
672 846 785 952
785 787 874 963
933 539 1000 774
933 198 1000 539
432 846 672 1000
432 734 785 846
432 617 785 734
874 198 933 975
785 198 874 787
432 427 785 617
432 198 785 427
311 198 432 1000
311 0 1000 198
170 0 311 1000
0 0 170 1000
944 537 1000 565
922 780 984 863
887 537 944 646
884 873 978 1000
770 780 922 873
743 873 884 1000
595 873 743 1000
770 646 1000 780
595 646 770 873
475 646 595 1000
475 537 887 646
475 450 1000 537
376 450 475 1000
376 359 1000 450
376 237 1000 359
195 237 376 1000
195 0 1000 237
0 0 195 1000
388 975 485 997
496 561 534 724
889 923 985 1000
388 917 539 975
433 561 496 771
228 917 388 1000
889 760 1000 923
433 308 534 561
228 771 539 917
680 760 889 1000
680 581 1000 760
680 386 1000 581
539 386 680 1000
539 198 1000 386
539 0 1000 198
228 308 433 771
228 0 539 308
0 0 228 1000
