930 740 969 919
798 740 930 1000
651 740 798 1000
651 535 1000 740
651 310 1000 535
651 0 1000 310
0 0 651 1000
935 642 1000 879
875 642 935 991
692 642 875 1000
692 375 1000 642
692 0 1000 375
369 0 692 1000
0 0 369 1000
496 892 959 1000
496 779 959 892
496 572 1000 779
496 316 1000 572
299 316 496 1000
299 0 1000 316
0 0 299 1000
708 814 1000 970
708 552 1000 814
708 287 1000 552
708 0 1000 287
533 0 708 1000
346 0 533 1000
0 0 346 1000
892 877 953 886
291 877 892 1000
666 488 1000 877
291 488 666 877
291 258 1000 488
291 0 1000 258
0 0 291 1000
818 809 966 1000
818 635 1000 809
659 635 818 1000
659 349 1000 635
353 349 659 1000
353 0 1000 349
0 0 353 1000
878 940 924 1000
878 876 981 940
878 449 1000 876
760 449 878 1000
760 0 1000 449
425 0 760 1000
0 0 425 1000
767 595 861 709
814 709 1000 1000
515 709 814 1000
767 0 1000 595
515 0 767 709
286 0 515 1000
0 0 286 1000
874 770 998 866
775 639 998 770
775 331 998 639
255 770 874 1000
255 331 775 770
255 0 998 331
0 0 255 1000
869 869 931 1000
869 786 1000 869
679 786 869 1000
679 528 1000 786
406 528 679 1000
406 0 1000 528
0 0 406 1000
844 812 962 989
844 370 1000 812
725 370 844 989
539 370 725 989
286 370 539 1000
286 0 1000 370
0 0 286 1000
900 738 1000 1000
460 738 900 1000
460 511 1000 738
460 263 1000 511
277 263 460 1000
277 0 1000 263
0 0 277 913
416 938 809 969
0 938 416 1000
636 373 809 816
0 816 809 938
809 0 1000 965
0 373 636 816
0 0 809 373
920 642 1000 1000
747 691 920 946
920 0 1000 642
277 691 747 1000
277 406 920 691
277 0 920 406
0 0 277 1000
916 905 1000 931
916 780 1000 905
473 948 916 1000
473 780 916 948
473 631 1000 780
473 0 1000 631
0 0 473 1000
838 657 980 1000
616 657 838 1000
616 271 1000 657
396 271 616 1000
396 0 1000 271
222 0 396 1000
0 0 222 1000
744 783 995 984
744 569 995 783
744 355 1000 569
561 355 744 1000
368 355 561 1000
368 0 1000 355
0 0 368 1000
928 318 1000 895
385 870 782 1000
782 318 928 895
385 600 782 870
385 318 782 600
385 0 1000 318
0 0 385 1000
841 955 873 984
757 955 841 992
757 753 1000 955
521 753 757 1000
521 531 1000 753
521 0 1000 531
0 0 521 1000
787 912 953 1000
479 912 787 1000
0 777 479 1000
770 341 1000 903
479 341 770 912
479 0 1000 341
0 0 479 777
852 631 1000 1000
0 801 405 952
676 349 1000 631
676 0 1000 349
409 631 852 1000
409 0 676 631
0 0 409 801
937 0 1000 661
835 661 978 1000
835 0 937 661
760 0 835 1000
536 0 760 1000
296 0 536 1000
0 0 296 1000
933 510 980 623
796 924 947 1000
933 0 1000 510
796 641 1000 924
406 641 796 1000
406 0 933 641
0 0 406 1000
802 949 842 980
802 553 1000 949
556 553 802 1000
556 297 1000 553
254 297 556 1000
254 0 1000 297
0 0 254 1000
528 903 657 1000
528 837 725 903
725 558 1000 987
725 0 1000 558
528 0 725 837
358 0 528 1000
0 0 358 1000
871 934 1000 945
871 675 1000 934
654 675 871 1000
389 675 654 1000
389 522 1000 675
389 0 1000 522
0 0 389 1000
912 901 1000 931
777 901 912 1000
777 830 1000 901
777 636 1000 830
777 356 1000 636
777 0 1000 356
0 0 777 1000
698 938 925 1000
698 757 1000 938
299 757 698 1000
299 595 1000 757
299 303 1000 595
299 0 1000 303
0 0 299 1000
958 367 965 602
958 0 1000 367
707 687 958 1000
707 0 958 687
485 0 707 1000
259 0 485 1000
0 0 259 1000
821 903 961 1000
821 620 1000 903
578 620 821 1000
578 356 1000 620
391 356 578 1000
391 0 1000 356
0 0 391 1000
905 779 1000 1000
905 454 1000 779
592 761 846 1000
592 454 905 761
592 0 1000 454
298 0 592 1000
0 0 298 1000
956 794 1000 804
956 312 1000 794
537 796 956 1000
537 576 956 796
537 312 956 576
537 0 1000 312
0 0 537 1000
778 860 947 1000
778 679 1000 860
646 679 778 1000
646 337 1000 679
296 337 646 1000
296 0 1000 337
0 0 296 1000
929 636 1000 1000
756 636 929 886
613 636 756 1000
613 428 1000 636
381 428 613 1000
381 0 1000 428
0 0 381 1000
729 746 996 1000
729 433 1000 746
729 0 1000 433
585 0 729 1000
418 0 585 940
215 0 418 1000
0 0 215 1000
835 957 906 993
835 659 1000 957
677 659 835 996
677 354 1000 659
677 0 1000 354
489 0 677 1000
0 0 489 1000
678 910 790 1000
911 581 1000 1000
911 0 1000 581
678 578 911 910
491 578 678 1000
0 578 491 1000
0 0 911 578
216 777 473 1000
473 657 724 1000
724 497 1000 897
724 0 1000 497
473 0 724 657
216 0 473 777
0 0 216 1000
792 886 968 1000
792 735 1000 886
635 735 792 1000
388 735 635 1000
388 462 1000 735
388 0 1000 462
0 0 388 1000
796 767 950 1000
533 767 796 1000
533 607 950 767
277 607 533 1000
277 374 950 607
277 0 1000 374
0 0 277 1000
952 0 1000 1000
645 806 952 1000
645 511 952 806
296 500 613 893
645 0 952 511
296 0 645 500
0 0 296 1000
647 760 1000 1000
634 467 952 760
221 760 647 1000
221 467 634 760
221 241 1000 467
221 0 1000 241
0 0 221 1000
668 885 915 1000
310 885 668 1000
310 774 1000 885
310 653 1000 774
310 360 1000 653
310 0 1000 360
0 0 310 1000
785 968 869 1000
694 968 785 1000
694 806 1000 968
694 420 1000 806
474 420 694 1000
474 0 1000 420
0 0 474 1000
552 941 993 1000
864 518 1000 913
864 0 1000 518
742 0 864 941
552 0 742 941
370 0 552 1000
0 0 370 1000
830 676 902 972
902 414 1000 907
571 676 830 1000
571 414 902 676
571 0 1000 414
356 0 571 1000
0 0 356 1000
