464 456 465 917
998 73 1000 594
991 806 998 985
362 651 393 777
703 737 719 1000
584 674 703 723
822 157 833 682
703 680 822 737
842 943 982 996
441 456 464 783
703 611 822 680
703 541 822 611
552 674 584 955
552 611 703 674
552 541 703 611
321 651 362 944
525 541 552 1000
496 541 525 1000
467 541 496 1000
394 456 441 752
321 456 394 651
467 499 822 541
274 456 321 798
467 450 822 499
842 806 991 943
888 446 961 745
961 73 998 761
467 375 822 450
888 73 961 446
467 286 822 375
274 286 467 456
842 73 888 806
223 286 274 1000
223 224 822 286
223 157 822 224
223 73 842 157
223 0 1000 73
161 0 223 1000
93 0 161 1000
0 0 93 1000
574 970 583 999
220 847 333 861
987 651 998 814
987 511 1000 651
468 866 509 974
868 745 987 784
574 953 852 970
220 802 333 847
333 612 350 953
829 745 868 915
509 243 521 886
220 721 333 802
773 745 829 915
773 700 987 745
773 654 987 700
220 612 333 721
773 589 987 654
574 915 953 953
724 589 773 915
174 612 220 985
174 507 355 612
724 511 987 589
724 433 1000 511
724 346 1000 433
0 714 101 957
468 243 509 866
678 346 724 915
628 346 678 915
574 346 628 915
574 271 1000 346
355 610 453 941
523 271 574 1000
523 189 1000 271
355 243 468 610
174 243 355 507
523 77 1000 189
174 77 523 243
107 77 174 1000
107 0 1000 77
0 0 107 714
0 998 129 1000
998 0 1000 206
887 464 890 843
876 464 887 690
793 848 876 895
149 559 163 948
987 0 998 526
571 925 651 1000
934 429 987 574
339 888 422 1000
793 733 876 848
571 867 740 925
339 815 478 888
488 867 571 1000
488 822 740 867
488 762 740 822
488 697 740 762
339 687 478 815
488 625 740 697
488 549 740 625
339 549 488 687
339 497 740 549
793 464 876 733
934 0 987 429
339 439 740 497
339 380 740 439
890 719 985 988
291 380 339 1000
0 787 141 998
890 0 934 719
291 305 740 380
0 559 149 787
236 305 291 1000
236 226 740 305
793 0 890 464
740 0 793 882
163 226 236 1000
163 116 740 226
163 0 740 116
0 0 163 559
210 859 222 1000
988 448 993 872
744 722 765 901
180 859 210 1000
889 762 956 825
317 945 429 988
780 752 889 800
407 618 430 935
180 805 317 859
780 680 889 752
671 722 744 837
136 805 180 1000
780 597 889 680
88 805 136 1000
576 947 808 988
88 750 317 805
88 694 317 750
88 637 317 694
671 597 780 722
628 597 671 934
956 448 988 905
88 572 317 637
468 226 505 705
628 528 889 597
889 448 956 762
88 479 317 572
576 528 628 947
407 226 468 618
576 448 889 528
576 388 1000 448
366 226 407 876
576 313 1000 388
317 226 366 945
576 202 1000 313
507 202 576 1000
88 226 317 479
507 76 1000 202
88 76 507 226
88 0 1000 76
0 0 88 1000
865 988 918 998
744 508 748 855
943 863 956 986
510 694 518 945
925 477 932 938
510 677 724 694
751 893 787 994
918 477 925 1000
967 221 974 810
490 677 510 945
461 677 490 945
286 851 369 946
956 221 967 950
943 221 956 863
724 508 744 947
461 643 724 677
865 777 907 988
286 742 369 851
461 600 724 643
461 556 724 600
428 556 461 945
393 556 428 1000
393 508 724 556
865 477 918 777
974 0 999 877
286 508 393 742
286 453 751 508
804 477 865 906
232 453 286 1000
232 386 751 453
804 221 943 477
751 221 804 893
232 308 751 386
232 216 751 308
751 0 974 221
165 216 232 1000
92 216 165 1000
92 123 751 216
92 0 751 123
0 0 92 1000
717 554 738 579
104 761 123 835
266 249 269 751
89 761 104 924
261 249 266 845
71 761 89 1000
237 442 261 687
943 716 1000 832
882 716 943 847
844 736 880 987
773 736 844 883
124 841 207 970
773 626 882 736
882 609 1000 716
599 785 667 984
882 490 1000 609
670 554 717 864
773 490 882 626
599 554 670 785
738 490 773 987
738 421 1000 490
124 670 231 841
599 421 738 554
599 374 1000 421
564 374 599 987
529 374 564 1000
529 325 1000 374
529 276 1000 325
124 442 237 670
124 249 261 442
71 249 124 761
474 276 529 1000
0 249 71 883
474 187 1000 276
405 187 474 1000
335 187 405 1000
335 99 1000 187
335 0 1000 99
269 0 335 1000
0 0 269 249
95 795 162 802
998 286 1000 690
722 834 753 865
995 286 998 943
952 604 969 745
220 372 233 626
647 890 700 966
772 726 950 753
95 721 162 795
753 726 772 1000
753 698 950 726
753 668 952 698
753 637 952 668
753 604 952 637
125 893 232 958
722 604 753 834
700 604 722 1000
976 286 995 905
0 893 125 994
647 604 700 890
647 557 976 604
610 557 647 1000
610 508 976 557
567 508 610 967
567 458 976 508
524 458 567 1000
524 405 976 458
480 405 524 1000
480 350 976 405
429 350 480 1000
429 286 976 350
379 286 429 1000
95 372 220 721
312 286 379 1000
0 372 95 893
239 286 312 1000
239 208 1000 286
239 115 1000 208
239 0 1000 115
0 0 239 372
666 797 737 798
747 997 952 1000
68 949 447 954
0 991 428 996
871 454 932 492
666 757 745 797
275 842 486 859
68 938 464 949
221 954 387 991
548 779 637 852
0 954 221 991
666 622 747 757
666 486 747 622
979 111 996 781
831 454 871 767
932 565 979 863
637 486 666 995
795 454 831 872
637 337 747 486
371 591 484 739
795 322 932 454
932 111 979 565
275 591 371 842
198 591 275 928
198 499 491 591
133 499 198 938
68 499 133 938
747 872 976 997
795 111 932 322
68 429 491 499
747 111 795 872
68 341 491 429
548 337 637 779
0 341 68 954
0 253 491 341
548 111 747 337
0 161 491 253
491 111 548 1000
491 0 1000 111
0 0 491 161
993 892 995 899
993 719 998 892
718 492 732 575
532 827 872 838
743 575 785 676
738 930 816 989
532 804 775 827
708 676 825 729
738 879 887 930
661 575 743 676
532 775 817 804
610 492 718 575
564 575 661 676
958 719 993 1000
611 879 738 967
532 729 887 775
475 879 611 1000
475 838 887 879
370 838 475 1000
370 729 532 838
370 676 708 729
370 575 564 676
370 492 610 575
958 208 999 719
887 568 958 886
370 444 887 492
370 395 887 444
887 208 958 568
324 395 370 1000
324 338 887 395
324 277 887 338
324 208 887 277
269 208 324 1000
208 208 269 1000
208 145 1000 208
208 75 1000 145
208 0 1000 75
145 0 208 1000
77 0 145 1000
0 0 77 1000
633 772 844 778
633 764 871 772
609 764 633 865
503 565 764 576
820 403 866 482
722 492 814 545
353 584 745 597
983 165 1000 525
960 165 983 562
625 865 697 1000
933 686 998 837
547 865 625 1000
687 403 820 492
451 865 547 1000
933 165 960 686
451 764 609 865
503 492 722 565
503 403 687 492
378 764 451 1000
906 165 933 848
378 726 871 764
378 686 871 726
311 686 378 1000
311 642 871 686
871 165 906 922
236 642 311 1000
353 403 503 584
236 403 353 642
188 403 236 1000
188 359 871 403
188 313 871 359
188 265 871 313
188 216 871 265
188 165 871 216
143 165 188 1000
143 120 1000 165
143 73 1000 120
143 0 1000 73
74 0 143 1000
0 0 74 1000
614 244 615 863
612 244 614 765
840 515 850 788
840 494 985 515
829 494 840 788
589 439 596 987
910 835 989 886
130 944 213 993
829 467 985 494
605 244 612 850
579 439 589 996
748 788 929 820
808 467 829 788
786 467 808 788
532 711 573 902
836 835 910 962
786 415 985 467
392 831 475 978
532 439 579 711
392 699 493 831
748 415 786 788
532 244 605 439
392 548 495 699
708 415 748 835
708 348 985 415
495 244 532 750
657 835 836 962
657 348 708 835
616 348 657 1000
616 276 1000 348
392 244 495 548
616 190 1000 276
339 244 392 889
616 94 1000 190
339 94 616 244
277 94 339 1000
213 94 277 1000
213 0 1000 94
130 0 213 944
0 0 130 1000
755 350 758 545
178 455 181 874
503 874 522 979
503 856 687 874
503 836 687 856
845 820 928 868
942 745 965 921
732 752 755 932
503 812 687 836
107 741 154 859
386 979 681 998
503 781 687 812
845 745 942 820
464 781 503 979
812 745 845 1000
160 455 178 934
732 350 755 752
313 848 386 983
812 690 1000 745
812 612 1000 690
107 455 160 741
812 529 1000 612
464 698 687 781
699 350 732 993
386 698 464 979
812 394 1000 529
386 598 699 698
812 228 1000 394
386 485 699 598
759 228 812 966
386 350 699 485
386 228 759 350
386 148 1000 228
313 148 386 848
252 148 313 1000
252 78 1000 148
0 455 107 947
252 0 1000 78
181 0 252 1000
0 0 181 455
907 747 954 766
232 953 273 983
273 292 278 559
857 806 881 919
809 806 857 919
863 929 996 972
944 580 987 716
907 580 944 747
809 766 1000 806
511 982 974 999
840 580 907 734
401 745 454 956
776 580 840 766
730 766 809 929
280 787 345 986
643 766 730 929
678 580 776 766
511 929 863 982
678 521 995 580
678 462 1000 521
152 581 200 990
511 766 643 929
678 385 1000 462
678 307 1000 385
69 581 152 903
232 292 273 953
678 219 1000 307
619 219 678 709
565 219 619 766
511 219 565 766
511 147 1000 219
468 147 511 1000
401 147 468 745
401 77 1000 147
353 77 401 1000
69 292 232 581
280 77 353 787
280 0 1000 77
69 0 280 292
0 0 69 1000
655 693 714 697
824 761 913 768
998 59 1000 557
714 830 781 856
984 600 991 1000
332 769 511 794
655 616 714 693
931 699 960 889
386 890 456 997
316 890 386 997
984 59 998 600
632 616 655 983
824 661 913 761
605 616 632 1000
714 665 781 830
332 711 529 769
316 848 605 890
232 848 316 1000
232 711 332 848
232 667 605 711
824 476 931 661
232 612 605 667
174 612 232 1000
174 556 605 612
824 242 931 476
781 242 824 843
174 494 605 556
714 242 781 665
174 428 605 494
931 59 984 699
174 340 605 428
605 242 714 616
174 242 605 340
174 182 931 242
174 121 931 182
174 59 931 121
121 59 174 1000
121 0 1000 59
61 0 121 1000
0 0 61 1000
