736 602 785 1000
677 602 736 1000
559 602 677 1000
559 333 1000 602
559 0 1000 333
327 0 559 1000
0 0 327 1000
715 654 1000 706
665 654 715 1000
665 556 1000 654
541 556 665 1000
541 0 1000 556
280 0 541 1000
0 0 280 1000
493 983 594 988
749 683 1000 732
749 627 1000 683
749 570 1000 627
749 0 1000 570
493 0 749 983
0 0 493 1000
855 919 862 991
855 604 868 919
855 447 943 604
704 447 855 864
447 447 704 1000
447 0 1000 447
0 0 447 1000
788 536 847 970
681 536 788 1000
571 536 681 1000
359 536 571 1000
359 342 1000 536
359 0 1000 342
0 0 359 1000
420 684 460 977
840 660 902 1000
840 449 965 660
840 0 1000 449
0 684 420 1000
509 0 840 1000
0 0 509 684
539 626 683 737
412 626 539 821
877 0 1000 918
683 342 877 1000
0 626 412 1000
0 342 683 626
0 0 877 342
571 664 748 1000
571 513 968 664
571 305 1000 513
427 305 571 1000
267 305 427 1000
267 0 1000 305
0 0 267 1000
977 0 990 278
755 702 977 763
755 507 977 702
585 507 755 1000
390 507 585 1000
390 0 977 507
0 0 390 1000
793 627 1000 652
656 627 793 976
656 334 1000 627
656 0 1000 334
470 0 656 1000
262 0 470 1000
0 0 262 1000
744 758 1000 855
478 758 744 1000
478 566 1000 758
478 272 1000 566
215 272 478 1000
215 0 1000 272
0 0 215 1000
563 493 643 601
0 859 331 1000
643 793 923 990
643 638 1000 793
0 493 563 859
643 0 1000 638
0 0 643 493
722 685 1000 745
722 523 1000 685
610 523 722 1000
610 361 1000 523
438 361 610 1000
438 0 1000 361
0 0 438 1000
828 430 1000 485
828 353 1000 430
828 0 993 353
0 658 308 971
397 596 828 1000
397 0 828 596
0 0 397 658
639 763 1000 961
0 715 353 1000
639 429 1000 763
0 409 463 715
639 0 1000 429
463 0 639 1000
0 0 463 409
620 742 801 890
872 436 998 669
801 436 872 957
620 436 801 742
411 436 620 957
411 0 1000 436
0 0 411 1000
728 559 1000 787
728 291 1000 559
555 291 728 971
555 0 1000 291
411 0 555 1000
263 0 411 1000
0 0 263 1000
710 509 951 761
530 509 710 1000
530 246 951 509
367 246 530 1000
367 0 1000 246
210 0 367 1000
0 0 210 1000
261 842 282 1000
868 503 1000 976
261 612 598 842
598 503 868 1000
598 0 906 503
261 0 598 612
0 0 261 1000
702 622 1000 704
702 533 1000 622
702 344 1000 533
461 344 702 1000
461 0 1000 344
258 0 461 1000
0 0 258 1000
821 859 827 862
783 477 1000 621
268 859 821 1000
532 477 783 859
532 0 1000 477
268 0 532 859
0 0 268 1000
745 565 1000 650
745 461 1000 565
575 461 745 1000
386 461 575 1000
386 253 1000 461
386 0 1000 253
0 0 386 1000
736 679 755 728
693 679 736 1000
619 679 693 1000
619 345 1000 679
619 0 1000 345
405 0 619 1000
0 0 405 1000
720 907 782 974
720 712 827 907
603 712 720 1000
603 561 1000 712
603 0 1000 561
317 0 603 1000
0 0 317 1000
495 844 620 1000
882 405 1000 855
778 405 882 1000
495 528 778 844
778 0 1000 405
495 0 778 528
0 0 495 1000
867 518 1000 860
617 518 867 907
617 263 1000 518
447 263 617 1000
230 263 447 1000
230 0 1000 263
0 0 230 1000
701 833 1000 848
651 833 701 1000
651 575 1000 833
651 285 1000 575
475 285 651 1000
475 0 1000 285
0 0 475 1000
824 594 884 991
428 591 606 925
227 591 428 1000
824 0 1000 594
606 0 824 1000
227 0 606 591
0 0 227 1000
316 970 594 987
865 599 1000 779
812 0 1000 400
627 599 865 1000
627 0 812 599
316 0 627 970
0 0 316 1000
724 734 784 1000
606 734 724 1000
606 611 1000 734
289 611 606 1000
289 334 873 611
289 0 1000 334
0 0 289 1000
856 304 963 829
758 304 856 1000
758 0 1000 304
626 0 758 1000
467 0 626 1000
306 0 467 1000
0 0 306 1000
888 598 1000 686
888 470 1000 598
888 319 1000 470
859 319 888 938
789 319 859 1000
789 0 1000 319
0 0 789 1000
