469 423 500 1000
428 423 469 1000
382 423 428 1000
310 423 382 1000
310 340 1000 423
310 183 1000 340
310 0 1000 183
0 0 310 1000
732 260 750 1000
540 545 671 659
703 260 732 832
703 150 1000 260
703 0 1000 150
540 0 703 545
403 0 540 1000
0 0 403 1000
476 453 607 625
433 453 476 1000
433 385 974 453
433 311 1000 385
433 185 1000 311
306 185 433 1000
306 0 1000 185
0 0 306 1000
600 544 1000 587
550 544 600 1000
444 544 550 1000
444 419 1000 544
444 236 1000 419
277 236 444 1000
277 0 1000 236
0 0 277 1000
748 324 1000 406
703 324 748 923
594 324 703 756
594 154 1000 324
494 154 594 923
494 0 1000 154
319 0 494 1000
0 0 319 1000
632 637 649 1000
604 637 632 1000
604 600 1000 637
554 600 604 1000
433 600 554 1000
433 407 1000 600
433 0 1000 407
0 0 433 780
640 455 1000 548
640 348 1000 455
640 213 1000 348
511 213 640 860
400 213 511 1000
400 0 1000 213
209 0 400 872
0 0 209 1000
840 0 869 778
704 666 775 992
811 0 840 1000
394 383 565 720
704 0 811 666
201 383 394 1000
201 0 704 383
0 0 201 1000
768 639 920 642
768 569 931 639
493 766 717 855
493 643 1000 766
768 0 950 569
493 0 768 643
294 0 493 1000
0 0 294 1000
983 0 988 354
964 0 983 142
927 0 964 635
408 464 520 1000
408 347 927 464
284 347 408 1000
284 0 927 347
0 0 284 1000
586 651 831 688
831 654 970 742
586 541 831 651
586 393 831 541
831 0 1000 654
368 393 586 1000
368 0 831 393
0 0 368 1000
826 367 989 398
826 250 1000 367
569 492 826 697
569 250 826 492
432 250 569 1000
210 250 432 1000
210 0 1000 250
0 0 210 1000
767 513 898 608
767 236 958 513
649 236 767 745
546 236 649 873
384 236 546 1000
200 236 384 1000
200 0 1000 236
0 0 200 1000
633 479 929 491
972 0 977 978
633 427 929 479
929 0 972 980
476 427 633 731
371 427 476 1000
0 427 371 1000
0 0 929 427
851 587 932 814
398 312 851 466
291 312 398 1000
851 0 978 587
291 174 851 312
168 174 291 1000
168 0 851 174
0 0 168 1000
418 880 568 891
799 239 1000 253
418 447 479 880
731 239 799 1000
418 239 731 447
314 239 418 1000
314 0 1000 239
0 0 314 1000
709 701 1000 719
677 525 696 859
568 525 677 877
869 0 1000 375
398 525 568 1000
709 0 869 701
398 0 709 525
0 0 398 1000
653 870 910 924
152 728 653 813
152 633 653 728
0 633 152 1000
653 691 970 870
0 487 653 633
653 0 938 691
0 0 653 487
742 605 971 704
657 605 742 1000
657 422 971 605
476 422 657 757
312 422 476 1000
312 258 971 422
312 0 971 258
0 0 312 1000
395 458 636 482
395 428 816 458
205 947 966 996
874 0 921 817
395 277 874 428
395 0 874 277
205 0 395 947
0 0 205 1000
0 673 33 1000
846 0 977 241
789 0 846 787
0 580 577 673
0 482 577 580
0 376 599 482
599 0 789 1000
0 0 599 376
47 475 60 936
0 475 47 1000
568 657 788 784
568 442 1000 657
568 211 1000 442
433 211 568 1000
433 0 1000 211
0 0 433 475
459 606 898 614
449 606 459 1000
449 547 584 606
449 412 1000 547
238 412 449 1000
238 216 1000 412
238 0 1000 216
0 0 238 1000
612 400 741 513
290 593 345 1000
207 593 290 1000
207 400 612 593
207 292 1000 400
207 182 1000 292
207 0 1000 182
0 0 207 1000
797 619 929 672
719 691 1000 759
797 188 862 619
719 188 797 691
719 0 1000 188
341 583 688 808
0 583 341 1000
0 0 719 583
713 316 1000 394
713 235 1000 316
632 235 713 683
494 683 702 906
632 0 1000 235
494 0 632 683
393 0 494 1000
0 0 393 1000
986 570 993 864
484 724 986 774
243 724 484 1000
243 570 986 724
243 405 1000 570
243 203 1000 405
243 0 1000 203
0 0 243 1000
