144 735 177 1000
658 531 910 590
724 763 826 992
918 367 988 764
606 763 724 1000
918 0 1000 367
454 763 606 1000
454 662 817 763
325 662 454 1000
325 531 658 662
325 450 918 531
325 347 918 450
325 183 918 347
325 0 918 183
144 0 325 735
0 0 144 1000
318 726 368 875
620 864 723 1000
443 516 480 907
250 726 318 953
620 819 1000 864
520 819 620 1000
520 739 1000 819
520 656 1000 739
250 516 443 726
147 516 250 1000
147 342 520 516
520 464 1000 656
520 262 1000 464
520 0 1000 262
147 0 520 342
0 0 147 1000
564 992 737 995
564 951 862 992
458 632 889 664
564 890 814 951
366 890 564 999
458 578 953 632
458 517 953 578
366 517 458 890
366 458 953 517
366 378 977 458
366 255 977 378
257 255 366 1000
148 255 257 1000
148 134 977 255
148 0 977 134
0 0 148 1000
994 751 997 893
607 342 627 889
725 751 994 798
725 704 1000 751
347 660 407 991
553 342 607 889
725 585 1000 704
725 455 1000 585
725 321 1000 455
474 342 553 889
725 143 1000 321
474 143 725 342
347 143 474 660
347 0 1000 143
208 0 347 1000
0 0 208 1000
269 822 340 834
269 711 340 822
657 511 770 589
770 602 879 809
156 711 269 1000
770 432 1000 602
770 238 1000 432
367 335 446 900
564 809 931 931
770 0 1000 238
657 0 770 511
564 0 657 809
156 335 367 711
467 0 564 969
156 0 467 335
0 0 156 1000
367 996 879 999
0 900 131 1000
277 486 367 705
781 588 912 759
722 829 925 960
781 447 1000 588
700 447 781 829
700 307 1000 447
700 156 1000 307
630 156 700 829
630 0 1000 156
367 829 722 996
534 0 630 829
0 486 277 900
367 0 534 829
0 0 367 486
969 326 980 444
969 0 982 326
911 719 984 873
335 738 595 845
335 598 607 738
911 0 969 719
607 526 911 666
220 598 335 1000
607 363 911 526
220 466 607 598
108 466 220 1000
607 109 911 363
108 289 607 466
108 109 607 289
0 109 108 1000
0 0 911 109
664 877 813 878
731 639 821 693
731 570 821 639
375 895 554 934
989 0 999 839
698 570 731 877
664 570 698 877
664 497 821 570
0 895 375 996
930 0 989 792
557 497 664 947
0 730 557 895
821 0 930 1000
0 497 557 730
0 320 821 497
0 0 821 320
191 796 337 857
713 869 782 1000
954 209 1000 613
457 701 558 967
713 752 954 869
191 565 337 796
457 513 638 701
713 585 954 752
713 416 954 585
713 209 954 416
638 209 713 1000
0 565 191 913
638 0 1000 209
457 0 638 513
337 0 457 1000
0 0 337 565
705 741 873 764
202 666 243 816
283 803 322 1000
649 741 705 1000
649 661 873 741
283 714 512 803
938 432 999 809
99 666 202 890
873 432 938 923
0 666 99 1000
524 661 649 1000
524 432 873 661
524 199 1000 432
283 199 524 714
283 0 1000 199
0 0 283 666
399 853 530 874
0 919 84 992
951 578 1000 904
951 169 1000 578
747 678 875 835
747 491 898 678
747 345 951 491
530 854 814 993
651 345 747 854
0 684 229 919
530 345 651 854
530 169 951 345
399 169 530 853
399 0 1000 169
251 0 399 1000
0 0 251 684
984 0 987 643
690 831 737 1000
640 831 690 1000
349 716 500 857
168 695 349 902
931 0 984 719
640 640 848 831
500 640 640 1000
500 491 848 640
500 338 848 491
349 338 500 716
349 185 848 338
848 0 931 930
349 0 848 185
168 0 349 695
0 0 168 1000
603 621 770 639
902 523 991 610
882 523 902 1000
882 359 1000 523
770 464 823 862
603 422 770 621
770 150 882 464
334 615 433 998
882 0 1000 359
603 150 770 422
545 150 603 937
545 0 882 150
473 0 545 1000
334 0 473 615
211 0 334 1000
0 0 211 1000
