514 960 517 982
458 960 514 991
458 910 517 960
216 670 233 1000
587 887 683 1000
0 894 137 982
869 854 965 985
458 697 517 910
411 697 458 976
751 854 869 985
751 786 990 854
137 670 216 938
751 682 1000 786
751 573 1000 682
751 458 1000 573
0 670 137 894
690 458 751 1000
587 458 690 887
587 350 1000 458
587 241 1000 350
587 127 1000 241
518 127 587 1000
411 127 518 697
411 0 1000 127
336 0 411 1000
233 0 336 1000
0 0 233 670
535 862 601 900
951 559 998 647
458 862 535 917
506 917 601 997
815 938 967 1000
377 917 506 1000
815 877 1000 938
458 735 601 862
815 769 1000 877
784 519 947 642
784 388 951 519
951 0 998 559
458 528 601 735
684 769 815 1000
377 528 458 917
684 659 1000 769
282 528 377 1000
183 528 282 1000
183 413 601 528
93 413 183 1000
0 413 93 1000
784 0 951 388
684 0 784 659
0 303 601 413
0 170 601 303
601 0 684 980
0 0 601 170
360 978 559 983
518 931 591 966
577 764 623 826
888 908 967 960
552 764 577 931
888 846 1000 908
360 931 518 978
888 749 1000 846
623 963 959 1000
476 764 552 931
476 677 623 764
807 749 888 963
807 641 1000 749
476 501 623 677
476 318 623 501
711 641 807 963
420 318 476 931
711 520 1000 641
360 318 420 931
623 520 711 963
623 410 1000 520
623 288 1000 410
623 159 1000 288
623 0 1000 159
360 0 623 318
210 0 360 1000
0 0 210 1000
338 838 369 957
811 967 928 1000
769 840 811 977
283 875 338 1000
460 932 565 1000
528 553 565 879
929 681 1000 884
338 399 372 838
145 875 283 1000
636 840 769 991
929 390 1000 681
145 757 338 875
636 701 811 840
460 553 528 932
882 390 929 967
636 537 811 701
372 553 460 1000
811 390 882 967
636 281 811 537
811 127 1000 390
565 281 636 1000
372 281 565 553
372 127 811 281
145 399 338 757
372 0 1000 127
145 0 372 399
0 0 145 1000
602 940 608 1000
574 858 602 898
663 861 680 942
904 958 942 1000
832 897 904 951
663 646 685 861
529 858 574 1000
602 830 663 940
904 869 1000 958
741 897 832 1000
741 830 904 897
602 646 663 830
904 667 1000 869
741 667 904 830
741 544 1000 667
741 408 1000 544
741 254 1000 408
685 254 741 1000
685 116 1000 254
602 116 685 646
529 116 602 858
529 0 1000 116
470 0 529 1000
401 0 470 1000
314 0 401 1000
207 0 314 1000
0 0 207 1000
928 996 967 999
976 850 1000 921
928 946 1000 996
819 814 849 951
744 744 818 814
892 778 928 943
670 945 790 1000
976 483 1000 850
849 778 892 1000
744 635 849 744
849 583 928 778
744 455 849 635
670 814 819 945
928 483 976 946
524 814 670 1000
651 455 744 814
928 0 1000 483
524 455 651 814
849 0 928 583
524 306 849 455
438 306 524 1000
438 143 849 306
358 143 438 1000
272 143 358 1000
272 0 849 143
178 0 272 1000
0 0 178 1000
605 960 706 965
583 808 605 950
978 477 1000 692
767 877 978 900
948 900 1000 1000
942 477 978 692
605 853 692 960
530 808 583 999
830 900 948 1000
468 808 530 1000
706 900 830 1000
767 804 978 877
605 679 706 853
847 477 942 692
468 652 605 808
767 692 1000 804
847 283 1000 477
767 283 847 692
706 283 767 900
605 283 706 679
468 283 605 652
468 180 1000 283
400 180 468 1000
315 180 400 1000
201 180 315 1000
201 0 1000 180
0 0 201 1000
341 951 384 952
317 947 336 995
836 964 880 1000
702 899 781 968
178 947 317 1000
613 863 702 982
937 774 1000 975
178 844 341 947
836 774 937 964
836 653 1000 774
836 528 1000 653
341 497 388 951
781 528 836 1000
702 528 781 899
613 528 702 863
546 528 613 1000
546 455 1000 528
546 361 1000 455
479 361 546 1000
479 256 1000 361
178 497 341 844
479 104 1000 256
389 104 479 1000
178 104 389 497
178 0 1000 104
89 0 178 1000
0 0 89 1000
966 694 1000 739
950 857 1000 902
859 966 968 1000
733 946 924 966
691 966 859 1000
876 694 966 783
859 857 950 946
409 966 691 1000
876 609 1000 694
876 522 1000 609
733 857 859 946
581 857 733 966
812 522 876 783
812 426 1000 522
409 857 581 966
743 426 812 783
743 292 1000 426
409 783 1000 857
643 292 743 783
164 783 409 1000
534 292 643 783
422 292 534 783
304 292 422 783
164 292 304 783
164 167 1000 292
164 0 1000 167
0 0 164 1000
270 987 277 994
57 900 76 1000
270 915 383 987
932 832 995 1000
583 889 690 1000
383 797 444 1000
57 702 131 900
583 748 690 889
835 832 932 1000
0 702 57 1000
383 418 444 797
690 832 835 1000
690 725 1000 832
690 599 1000 725
690 461 1000 599
690 321 1000 461
583 321 690 748
513 321 583 1000
513 212 1000 321
270 418 383 915
513 93 1000 212
449 93 513 1000
270 93 449 418
270 0 1000 93
201 0 270 1000
131 0 201 1000
0 0 131 702
521 993 844 995
501 583 772 591
959 866 1000 985
669 850 1000 866
871 799 1000 850
926 505 1000 597
832 505 926 597
860 866 959 993
871 677 1000 799
733 866 860 993
832 368 1000 505
501 498 782 583
521 866 733 993
297 866 521 1000
669 677 871 850
459 677 669 866
501 368 832 498
459 597 1000 677
297 597 459 866
297 368 501 597
201 368 297 1000
201 287 1000 368
102 287 201 1000
102 201 1000 287
102 110 1000 201
102 0 1000 110
0 0 102 1000
996 653 998 675
368 898 416 955
856 869 935 940
416 809 452 1000
737 953 969 1000
253 898 368 1000
416 470 452 809
452 953 737 1000
935 653 996 893
253 807 416 898
856 653 935 869
253 693 416 807
783 653 856 953
710 653 783 953
633 653 710 953
547 653 633 953
253 470 416 693
547 558 1000 653
547 462 1000 558
547 362 1000 462
547 251 1000 362
547 130 1000 251
547 0 1000 130
452 0 547 953
253 0 452 470
159 0 253 1000
0 0 159 1000
784 935 801 984
606 954 695 1000
784 795 816 935
907 914 961 1000
606 902 703 954
816 914 907 1000
606 777 703 902
703 795 784 1000
816 819 1000 914
816 723 1000 819
816 624 1000 723
703 624 816 795
703 558 1000 624
606 558 703 777
554 558 606 1000
554 498 1000 558
483 498 554 1000
412 498 483 1000
340 498 412 1000
340 424 1000 498
340 338 1000 424
340 239 1000 338
245 239 340 1000
245 142 1000 239
134 142 245 1000
134 0 1000 142
0 0 134 1000
352 985 423 986
928 921 981 940
441 944 524 1000
647 981 919 1000
981 509 1000 840
441 840 524 944
805 850 928 951
591 711 647 960
805 724 928 850
738 724 805 981
524 711 591 993
524 557 647 711
928 509 981 921
647 724 738 981
441 557 524 840
647 629 928 724
441 397 647 557
647 509 928 629
647 392 1000 509
352 397 441 985
352 199 647 397
647 220 1000 392
272 199 352 1000
647 0 1000 220
168 199 272 1000
168 0 647 199
0 0 168 1000
711 955 734 978
124 982 228 999
124 963 231 982
865 880 914 928
628 955 711 990
548 955 628 1000
865 802 914 880
252 596 281 919
548 894 710 955
811 802 865 1000
739 702 811 961
914 742 1000 1000
357 766 464 1000
914 318 1000 742
548 702 739 894
124 596 252 963
548 520 811 702
811 318 914 802
548 318 811 520
464 318 548 1000
464 208 1000 318
357 208 464 766
281 208 357 1000
281 109 1000 208
281 0 1000 109
124 0 281 596
0 0 124 1000
996 449 998 580
996 102 999 449
899 892 996 959
873 494 891 1000
959 461 996 814
684 774 760 1000
760 844 873 1000
386 902 579 1000
579 774 684 1000
386 777 579 902
579 633 760 774
386 645 579 777
899 461 959 892
579 483 760 633
386 483 579 645
386 398 760 483
333 398 386 1000
333 320 760 398
899 102 996 461
760 494 873 844
333 210 760 320
760 102 899 494
261 210 333 1000
189 210 261 1000
189 102 760 210
189 0 1000 102
0 0 189 1000
972 861 985 920
912 835 962 861
923 729 970 764
923 701 1000 729
932 921 991 1000
962 272 1000 420
912 764 1000 835
812 861 972 920
748 701 923 764
771 921 932 1000
891 272 962 451
570 861 812 920
807 272 891 451
748 622 985 701
523 921 771 1000
683 272 807 451
149 921 523 1000
570 764 912 861
748 453 1000 622
590 453 748 764
397 453 590 764
149 764 570 921
149 453 397 764
149 272 683 453
149 136 1000 272
149 0 1000 136
0 0 149 1000
515 991 595 996
881 944 899 1000
954 901 966 1000
954 861 997 901
881 896 954 944
881 825 954 896
954 666 1000 861
515 909 642 991
817 825 881 1000
515 810 645 909
446 810 515 1000
357 810 446 1000
357 740 645 810
817 666 954 825
747 666 817 1000
357 655 645 740
747 567 1000 666
357 563 645 655
747 378 1000 567
357 358 645 563
645 378 747 1000
244 358 357 1000
645 141 1000 378
244 141 645 358
124 141 244 1000
124 0 1000 141
0 0 124 1000
988 687 1000 954
737 352 966 371
843 891 974 931
878 936 981 1000
756 936 878 1000
843 833 988 891
756 833 843 936
756 792 988 833
756 739 988 792
705 739 756 1000
705 687 988 739
655 687 705 1000
655 639 1000 687
737 268 966 352
529 268 737 371
655 562 1000 639
577 562 655 1000
493 562 577 1000
493 485 1000 562
529 140 996 268
374 485 493 1000
374 379 1000 485
260 379 374 1000
130 379 260 1000
130 140 529 379
130 0 1000 140
0 0 130 1000
0 998 153 1000
855 765 995 802
971 802 1000 999
855 718 988 765
369 857 457 960
700 945 898 1000
369 730 457 857
700 892 971 945
643 718 855 802
298 730 369 998
643 660 1000 718
215 730 298 998
700 802 971 892
643 580 1000 660
535 802 700 1000
215 591 457 730
643 456 1000 580
215 403 457 591
643 315 1000 456
130 403 215 998
130 247 457 403
535 315 643 802
457 315 535 1000
457 207 1000 315
0 247 130 998
457 0 1000 207
0 0 457 247
528 962 635 984
937 877 977 956
993 176 1000 708
891 886 937 969
482 874 528 1000
528 890 635 962
401 874 482 1000
977 176 993 919
937 379 977 877
714 886 891 1000
401 671 528 874
714 749 937 886
528 597 635 890
528 323 643 597
289 671 401 1000
714 581 937 749
289 498 528 671
289 323 528 498
714 379 937 581
714 176 977 379
643 176 714 1000
202 323 289 1000
643 0 1000 176
109 323 202 1000
0 323 109 1000
0 197 643 323
0 0 643 197
0 998 359 1000
733 894 755 1000
134 957 271 979
273 920 338 979
913 940 999 1000
445 849 509 953
654 894 733 1000
0 979 485 998
755 940 913 1000
445 673 509 849
925 689 994 928
273 709 357 920
445 332 509 673
835 689 925 940
835 519 1000 689
755 519 835 940
134 709 273 957
654 519 755 894
654 405 1000 519
584 405 654 1000
509 405 584 1000
509 297 1000 405
357 332 445 975
134 332 357 709
0 332 134 979
509 0 1000 297
0 0 509 332
413 857 525 897
908 930 994 1000
963 347 1000 513
484 897 557 1000
688 945 827 1000
413 799 559 857
521 410 559 653
963 0 1000 347
308 897 484 1000
688 853 908 945
688 751 908 853
688 636 908 751
908 607 997 930
688 501 908 636
623 501 688 1000
908 0 963 607
623 361 908 501
413 410 521 799
623 205 908 361
559 205 623 1000
308 410 413 897
308 205 559 410
234 205 308 1000
234 101 908 205
151 101 234 1000
151 0 908 101
0 0 151 1000
865 946 876 974
743 946 865 1000
977 331 1000 655
700 802 858 863
932 794 1000 941
743 863 877 946
656 863 743 1000
564 863 656 1000
465 863 564 1000
465 802 700 863
465 759 877 802
932 331 977 794
465 697 877 759
465 633 877 697
465 561 877 633
465 484 877 561
403 484 465 1000
877 331 932 984
403 405 877 484
336 405 403 1000
336 331 877 405
336 266 1000 331
255 266 336 1000
255 155 1000 266
255 0 1000 155
132 0 255 1000
0 0 132 1000
484 990 808 1000
900 923 1000 963
803 873 925 923
144 946 278 1000
317 826 377 1000
962 579 997 923
377 870 484 1000
803 747 962 873
317 484 377 826
685 747 803 923
685 663 962 747
685 579 962 663
616 579 685 923
484 923 900 990
616 505 1000 579
616 428 1000 505
616 342 1000 428
554 342 616 923
144 719 312 946
144 484 317 719
554 250 1000 342
484 250 554 923
484 158 1000 250
484 0 1000 158
377 0 484 870
144 0 377 484
0 0 144 1000
924 846 939 903
557 903 906 906
716 982 947 1000
971 547 1000 723
870 667 971 724
971 311 1000 547
924 724 1000 846
170 982 716 1000
816 911 965 982
870 555 971 667
652 911 816 982
859 724 924 903
473 641 556 907
382 641 473 911
870 311 971 555
787 311 870 724
170 911 652 982
382 398 557 641
294 398 382 911
657 311 787 724
557 724 859 903
657 147 1000 311
557 147 657 724
557 0 1000 147
294 0 557 398
170 0 294 911
0 0 170 1000
874 963 920 1000
489 847 509 933
558 200 562 888
203 950 265 1000
310 967 470 1000
972 667 1000 930
541 383 558 893
874 782 935 963
972 194 1000 667
806 782 874 1000
722 782 806 1000
509 383 541 984
310 847 489 967
935 194 972 942
310 675 509 847
562 782 722 1000
562 685 935 782
562 574 935 685
310 383 509 675
203 383 310 950
562 397 935 574
95 383 203 1000
562 194 935 397
95 200 558 383
562 0 1000 194
95 0 562 200
0 0 95 1000
569 799 580 928
862 896 914 925
353 838 381 909
862 871 993 896
543 799 569 996
161 931 261 990
887 925 969 1000
381 868 464 986
274 838 353 1000
862 761 993 871
464 799 543 1000
580 925 887 993
862 601 993 761
464 584 580 799
464 348 580 584
766 601 862 925
653 601 766 925
653 488 1000 601
381 348 464 868
653 362 1000 488
653 216 1000 362
580 216 653 925
274 348 381 838
161 348 274 931
580 0 1000 216
161 0 580 348
0 0 161 1000
820 515 822 795
519 804 538 857
753 876 782 954
466 935 547 1000
627 954 824 1000
824 912 963 1000
414 804 519 935
248 935 466 1000
961 185 1000 573
887 688 1000 868
248 804 414 935
248 730 547 804
753 515 820 876
248 634 547 730
887 185 961 688
248 504 547 634
248 356 547 504
824 185 887 912
248 196 547 356
627 515 753 954
178 196 248 1000
101 196 178 1000
627 185 824 515
547 185 627 1000
0 196 101 1000
547 0 1000 185
0 0 547 196
711 896 746 985
394 870 433 973
890 945 996 1000
621 896 711 1000
890 847 996 945
890 745 996 847
394 523 427 870
621 774 746 896
353 523 394 928
815 745 890 1000
529 774 621 1000
815 609 996 745
529 660 746 774
815 443 1000 609
433 660 529 1000
433 555 746 660
433 450 746 555
746 443 815 1000
746 287 1000 443
433 287 746 450
242 523 353 990
433 188 1000 287
242 188 433 523
242 103 1000 188
148 103 242 1000
148 0 1000 103
0 0 148 1000
0 995 1 1000
235 988 244 995
597 680 771 687
981 778 998 920
235 857 277 988
848 583 910 680
754 955 953 1000
108 833 235 959
235 454 277 857
108 697 235 833
754 861 953 955
754 778 981 861
754 692 1000 778
679 692 754 1000
597 583 848 680
910 415 1000 692
108 454 235 697
561 692 679 1000
405 692 561 1000
597 415 910 583
405 415 597 692
0 454 108 995
405 306 1000 415
277 306 405 1000
277 171 1000 306
277 0 1000 171
0 0 277 454
957 662 970 769
933 856 994 904
933 797 994 856
971 567 988 787
909 797 933 1000
910 662 957 773
992 0 999 764
910 567 971 662
864 797 909 1000
858 567 910 796
788 797 864 1000
706 797 788 1000
783 567 858 796
783 482 992 567
600 797 706 1000
702 482 783 797
453 797 600 1000
702 378 992 482
623 378 702 797
623 279 992 378
623 147 992 279
543 147 623 797
543 0 992 147
453 0 543 797
345 0 453 1000
194 0 345 1000
0 0 194 1000
936 831 964 874
614 787 643 875
989 433 1000 875
199 818 262 962
643 553 679 809
885 593 936 808
480 787 614 875
262 519 296 939
852 875 983 985
105 818 199 1000
811 593 885 856
936 433 989 831
617 875 852 1000
679 593 811 875
480 553 643 787
296 875 617 1000
679 433 936 593
105 519 262 818
679 285 1000 433
480 285 679 553
389 285 480 875
389 195 1000 285
389 102 1000 195
296 102 389 875
105 102 296 519
105 0 1000 102
0 0 105 1000
170 796 173 816
227 933 238 1000
0 975 56 1000
369 909 388 1000
961 880 1000 950
173 933 227 1000
121 796 170 975
271 909 369 1000
173 757 271 933
800 880 961 1000
0 796 121 975
271 740 420 909
173 490 271 757
800 746 1000 880
685 746 800 1000
685 649 1000 746
685 544 1000 649
612 544 685 1000
525 544 612 1000
420 544 525 1000
0 490 173 796
420 444 1000 544
420 303 1000 444
420 158 1000 303
420 0 1000 158
271 0 420 740
0 0 271 490
326 546 339 561
694 774 702 965
924 945 953 1000
386 925 447 974
852 945 924 1000
191 945 271 1000
386 796 447 925
340 796 386 1000
191 827 340 945
593 774 694 990
852 773 1000 945
852 576 1000 773
780 576 852 1000
706 576 780 1000
706 455 1000 576
593 455 706 774
523 455 593 1000
191 546 326 827
447 455 523 1000
447 367 1000 455
447 274 1000 367
340 274 447 796
340 188 1000 274
340 86 1000 188
191 86 340 546
191 0 1000 86
0 0 191 1000
972 795 983 810
840 951 914 1000
984 424 1000 672
840 923 1000 951
923 795 972 902
875 795 923 923
608 851 704 934
704 923 840 1000
534 851 608 1000
785 795 875 923
449 851 534 1000
785 723 984 795
449 766 704 851
785 613 984 723
449 674 704 766
372 674 449 1000
265 674 372 1000
785 424 984 613
265 586 704 674
704 424 785 923
704 286 1000 424
265 453 704 586
704 0 1000 286
265 231 704 453
265 0 704 231
149 0 265 1000
0 0 149 1000
