361 995 448 998
933 975 966 988
806 610 1000 620
361 988 886 995
918 226 961 312
697 914 997 937
743 741 807 855
361 975 933 988
743 610 806 741
743 572 1000 610
699 572 743 855
699 527 1000 572
650 527 699 855
719 226 918 306
650 472 1000 527
599 472 650 855
546 472 599 855
361 914 697 975
465 472 546 855
361 855 919 914
361 472 465 855
361 398 1000 472
281 398 361 1000
281 327 1000 398
203 327 281 1000
203 226 719 327
203 155 1000 226
203 79 1000 155
203 0 1000 79
139 0 203 1000
0 0 139 1000
119 953 132 984
905 900 1000 925
581 773 638 836
119 908 226 953
549 773 581 941
905 841 1000 900
773 797 849 877
226 865 353 933
119 792 226 908
709 797 773 1000
905 696 1000 841
549 582 638 773
849 696 905 1000
353 488 400 861
709 661 849 797
488 582 549 941
849 541 1000 696
638 661 709 1000
638 541 849 661
638 467 1000 541
405 582 488 911
638 355 1000 467
226 488 353 865
405 355 638 582
405 264 1000 355
405 172 1000 264
226 172 405 488
226 95 1000 172
119 95 226 792
119 0 1000 95
0 0 119 1000
425 829 429 986
617 571 620 973
610 571 617 768
822 815 1000 833
822 789 1000 815
681 265 690 924
822 752 1000 789
822 710 1000 752
450 324 467 874
849 439 894 668
567 571 610 850
526 571 567 864
779 710 822 1000
337 829 425 986
526 433 646 571
779 439 849 710
646 265 681 948
736 439 779 1000
690 439 736 1000
467 433 526 940
467 265 646 433
690 335 1000 439
690 209 1000 335
690 80 1000 209
467 80 690 265
467 0 1000 80
337 324 450 829
234 324 337 951
234 0 467 324
150 0 234 1000
0 0 150 1000
954 575 961 638
748 900 762 1000
980 232 984 633
717 773 830 803
694 900 748 1000
808 377 869 466
961 232 980 582
536 683 606 790
585 900 694 1000
472 900 585 1000
342 900 472 1000
342 880 1000 900
717 574 794 773
608 827 925 880
878 575 954 808
717 377 808 574
536 492 631 683
184 880 342 1000
536 377 717 492
489 377 536 827
184 827 608 880
489 308 878 377
878 232 961 575
489 232 878 308
489 159 1000 232
489 85 1000 159
489 0 1000 85
432 0 489 827
355 0 432 827
184 0 355 827
0 0 184 1000
779 989 837 1000
828 875 840 942
779 973 958 989
714 582 783 646
779 942 928 973
396 768 433 991
633 942 779 1000
970 249 989 710
947 249 970 657
657 582 714 761
657 491 783 582
323 768 396 935
267 768 323 1000
633 875 828 942
267 678 434 768
592 491 657 787
434 875 633 1000
886 249 947 673
592 355 783 491
837 249 886 787
526 355 592 787
783 249 837 787
267 493 434 678
526 221 783 355
434 787 975 875
783 0 1000 249
526 0 783 221
434 0 526 787
267 0 434 493
154 0 267 1000
0 0 154 1000
872 727 885 840
505 754 512 978
824 922 879 981
824 899 997 922
476 754 505 949
559 795 668 857
872 660 1000 727
824 844 997 899
668 490 691 925
432 754 476 1000
809 660 872 844
742 844 824 1000
809 563 1000 660
742 563 809 844
742 467 1000 563
695 467 742 1000
695 361 1000 467
559 490 668 795
432 490 559 754
432 361 695 490
432 298 1000 361
380 298 432 1000
326 298 380 1000
326 241 1000 298
326 165 1000 241
326 88 1000 165
256 88 326 1000
256 0 1000 88
187 0 256 1000
113 0 187 1000
0 0 113 1000
817 923 998 928
283 339 286 902
0 886 36 983
0 861 167 886
272 339 283 824
263 339 272 952
525 819 628 891
788 710 1000 752
228 544 259 894
788 651 1000 710
788 591 1000 651
525 686 628 819
745 591 788 923
697 591 745 923
697 529 1000 591
638 529 697 923
167 544 228 930
463 923 817 996
638 437 1000 529
638 345 1000 437
525 345 638 686
525 262 1000 345
463 262 525 923
463 180 1000 262
463 93 1000 180
463 0 1000 93
0 544 167 861
0 339 263 544
394 0 463 1000
317 0 394 1000
0 0 317 339
545 705 729 711
538 705 545 986
830 808 883 877
538 684 729 705
469 617 482 936
950 619 993 743
889 619 950 709
729 949 883 986
889 548 996 619
538 644 729 684
538 599 729 644
440 617 469 924
830 548 889 808
781 548 830 949
373 617 440 912
538 495 729 599
781 451 1000 548
781 318 1000 451
729 318 781 949
538 318 729 495
482 318 538 1000
482 241 1000 318
373 241 482 617
318 241 373 1000
318 179 1000 241
318 109 1000 179
259 109 318 1000
196 109 259 1000
196 0 1000 109
104 0 196 1000
0 0 104 1000
168 723 191 795
157 723 168 903
786 863 895 882
0 965 113 988
976 627 990 964
204 613 283 676
204 543 283 613
786 808 895 863
786 774 976 808
757 774 786 1000
157 543 204 723
105 768 157 931
712 774 757 1000
712 724 976 774
712 671 976 724
663 671 712 1000
610 671 663 1000
555 671 610 1000
555 627 976 671
0 768 105 965
0 543 157 768
0 403 283 543
555 511 998 627
555 394 1000 511
463 394 555 1000
463 266 1000 394
368 266 463 1000
368 152 1000 266
283 152 368 1000
283 0 1000 152
0 0 283 403
984 826 986 986
804 891 811 1000
804 861 913 891
805 430 1000 455
627 905 686 1000
805 401 1000 430
627 871 804 905
749 401 805 508
568 871 627 1000
913 826 984 959
568 829 804 871
568 782 804 829
517 782 568 1000
459 782 517 1000
913 614 986 826
459 729 804 782
386 729 459 1000
386 681 804 729
804 614 913 861
301 681 386 1000
301 614 804 681
301 565 1000 614
301 508 1000 565
301 401 749 508
198 401 301 1000
198 316 1000 401
198 220 1000 316
198 117 1000 220
198 0 1000 117
99 0 198 1000
0 0 99 1000
909 813 916 889
872 963 909 999
909 534 916 813
813 930 866 979
355 978 692 987
688 393 714 560
957 409 970 847
633 560 752 648
938 409 957 996
813 659 866 930
938 176 1000 409
588 560 633 889
919 176 938 1000
872 534 909 963
588 393 688 560
872 176 919 534
537 393 588 889
485 393 537 889
428 393 485 889
813 176 872 659
355 889 693 978
428 290 752 393
752 176 813 880
752 0 1000 176
355 290 428 889
355 152 752 290
355 0 752 152
288 0 355 980
202 0 288 1000
109 0 202 1000
0 0 109 1000
893 619 964 651
632 393 637 907
625 393 632 840
411 796 625 815
382 796 411 945
382 768 625 796
841 823 894 996
382 718 625 768
294 945 607 989
893 470 994 619
841 470 893 823
294 718 382 945
802 470 841 1000
294 648 625 718
294 572 625 648
693 470 802 710
294 489 625 572
641 470 693 1000
641 393 1000 470
294 393 625 489
294 297 641 393
641 295 1000 393
294 191 641 297
641 185 1000 295
641 70 1000 185
294 70 641 191
248 70 294 1000
248 0 1000 70
176 0 248 1000
96 0 176 1000
0 0 96 1000
478 831 491 976
715 935 758 988
303 976 469 993
455 831 478 976
715 916 958 935
958 524 973 873
455 780 585 831
420 780 455 976
420 735 585 780
715 849 845 916
715 801 958 849
368 735 420 976
650 801 715 1000
585 801 650 1000
585 760 958 801
303 735 368 976
303 668 585 735
585 706 958 760
303 579 585 668
585 629 958 706
303 477 585 579
232 477 303 1000
585 524 958 629
232 353 585 477
585 402 1000 524
585 269 1000 402
585 113 1000 269
232 113 585 353
232 0 1000 113
125 0 232 1000
0 0 125 1000
913 788 966 810
245 920 272 999
696 639 738 705
781 748 852 791
696 555 738 639
322 477 365 569
891 788 913 979
781 663 852 748
852 788 891 1000
138 857 235 942
852 711 967 788
852 632 967 711
852 534 967 632
967 345 996 734
852 433 967 534
781 433 852 663
629 555 696 810
738 433 781 897
738 345 967 433
629 345 738 555
587 345 629 1000
245 477 322 920
587 258 1000 345
138 477 245 857
587 132 1000 258
521 132 587 1000
521 0 1000 132
450 0 521 984
365 0 450 1000
138 0 365 477
0 0 138 1000
747 997 849 1000
389 876 406 896
811 855 817 997
853 666 861 815
811 848 1000 855
678 671 685 882
229 803 253 1000
389 582 406 876
853 615 1000 666
187 803 229 1000
747 848 811 997
853 548 1000 615
132 803 187 1000
853 457 1000 548
132 742 389 803
811 457 853 848
132 669 389 742
811 349 1000 457
132 582 389 669
132 508 463 582
79 508 132 1000
747 349 811 848
692 349 747 1000
565 671 678 991
0 508 79 1000
692 188 1000 349
0 376 463 508
565 188 692 671
463 188 565 1000
463 0 1000 188
0 0 463 376
837 872 953 877
825 872 837 1000
968 645 981 775
953 645 968 838
629 876 774 905
427 767 505 821
953 545 1000 645
774 872 825 1000
569 876 629 1000
427 660 505 767
427 532 505 660
774 778 953 872
569 787 774 876
774 675 953 778
569 695 774 787
505 695 569 1000
505 621 774 695
505 536 774 621
774 545 953 675
774 423 1000 545
505 423 774 536
354 532 427 997
505 354 1000 423
505 238 1000 354
505 121 1000 238
505 0 1000 121
354 0 505 532
273 0 354 1000
188 0 273 1000
102 0 188 1000
0 0 102 1000
127 675 130 724
113 941 126 983
113 812 126 941
609 988 793 999
787 872 890 900
210 909 278 982
787 814 890 872
936 729 983 900
210 856 367 909
711 814 787 988
936 509 1000 729
210 761 367 856
131 761 210 951
0 812 113 947
131 694 367 761
131 624 367 694
0 675 127 812
890 509 936 1000
711 641 890 814
131 492 367 624
131 352 367 492
609 641 711 988
609 509 890 641
609 408 1000 509
0 352 131 675
609 299 1000 408
609 181 1000 299
502 181 609 1000
367 181 502 1000
367 0 1000 181
0 0 367 352
998 476 1000 803
534 643 547 760
774 785 904 807
534 456 553 643
774 754 904 785
987 476 998 926
904 616 919 963
403 711 426 968
749 754 774 1000
373 711 403 1000
749 692 904 754
904 476 987 616
749 573 904 692
373 588 534 711
323 588 373 1000
698 573 749 1000
641 573 698 1000
641 476 904 573
592 476 641 1000
592 410 1000 476
323 456 534 588
592 341 1000 410
592 266 1000 341
323 266 592 456
248 266 323 1000
248 186 1000 266
173 186 248 1000
92 186 173 1000
92 100 1000 186
92 0 1000 100
0 0 92 1000
568 250 570 689
331 794 432 814
863 780 960 806
157 629 168 892
839 780 863 1000
303 794 331 1000
808 780 839 1000
303 754 480 794
808 742 1000 780
273 754 303 1000
808 701 1000 742
273 713 480 754
0 751 149 813
229 713 273 1000
808 610 1000 701
229 639 480 713
759 610 808 1000
0 629 157 751
173 639 229 1000
539 250 568 955
173 571 480 639
480 250 539 710
657 610 759 1000
657 494 1000 610
657 340 1000 494
657 169 1000 340
570 169 657 1000
570 0 1000 169
173 250 480 571
173 0 570 250
0 0 173 629
998 0 1000 497
719 728 862 743
702 728 719 1000
702 682 862 728
497 818 558 938
938 635 967 924
573 714 608 965
671 682 702 1000
635 682 671 1000
424 818 497 978
985 0 998 912
938 341 981 635
424 714 573 818
424 639 635 714
938 0 985 341
635 599 862 682
424 536 635 639
635 497 871 599
871 570 938 946
424 400 635 536
635 357 871 497
635 202 871 357
871 0 938 570
424 202 635 400
364 202 424 1000
364 105 871 202
300 105 364 1000
300 0 871 105
230 0 300 1000
117 0 230 864
0 0 117 1000
289 725 308 767
666 775 815 788
311 917 344 996
0 976 121 999
261 825 308 890
853 750 990 782
289 488 308 725
311 826 372 917
853 710 1000 750
382 601 410 878
666 717 815 775
853 651 1000 710
823 651 853 944
666 656 815 717
666 558 823 656
630 558 666 1000
311 601 382 826
186 488 289 718
823 515 1000 651
823 371 1000 515
630 371 823 558
0 825 261 976
630 259 1000 371
571 259 630 1000
511 259 571 1000
511 145 1000 259
442 145 511 1000
311 145 442 601
0 488 186 825
311 0 1000 145
0 0 311 488
754 609 825 635
825 652 938 675
825 620 938 652
428 691 459 822
825 575 938 620
974 290 997 517
736 609 754 916
961 290 974 895
825 477 938 575
825 379 938 477
381 691 428 933
563 953 860 994
938 290 961 951
189 953 563 996
736 379 825 609
699 379 736 953
699 290 938 379
666 290 699 953
381 363 460 691
666 211 1000 290
619 211 666 953
619 110 1000 211
619 0 1000 110
574 0 619 953
274 363 381 828
521 0 574 953
465 0 521 953
274 0 465 363
189 0 274 953
97 0 189 1000
0 0 97 1000
718 987 721 998
593 808 706 829
901 729 1000 757
593 783 714 808
360 987 718 1000
139 549 181 673
901 675 1000 729
593 723 714 783
901 583 1000 675
593 642 714 723
557 642 593 937
779 937 998 990
840 583 901 894
786 583 840 937
557 520 714 642
360 937 779 987
786 477 1000 583
786 366 1000 477
738 366 786 937
557 366 738 520
508 366 557 937
441 366 508 937
360 366 441 937
360 286 1000 366
0 549 139 927
360 203 1000 286
360 107 1000 203
360 0 1000 107
181 512 354 937
181 0 360 512
0 0 181 549
104 921 113 1000
782 833 799 1000
904 813 947 920
989 0 1000 593
609 814 710 880
782 768 892 833
749 768 782 1000
710 768 749 1000
710 714 892 768
609 714 710 814
978 0 989 963
202 650 275 893
609 651 892 714
609 586 892 651
564 586 609 1000
519 586 564 1000
519 526 904 586
947 0 978 751
519 459 904 526
104 650 202 921
104 490 303 650
458 459 519 1000
904 0 947 813
458 364 904 459
382 364 458 1000
382 259 904 364
382 133 904 259
303 133 382 1000
303 0 904 133
104 0 303 490
0 0 104 1000
