998 230 1000 630
862 888 891 1000
862 831 998 888
581 788 697 932
862 703 998 831
485 788 581 1000
485 683 697 788
769 703 862 1000
485 551 697 683
769 573 998 703
414 551 485 1000
769 433 998 573
414 429 697 551
769 230 998 433
697 230 769 1000
414 230 697 429
414 0 1000 230
213 0 414 1000
0 0 213 1000
956 716 993 749
868 783 940 910
823 911 936 1000
956 434 998 716
423 567 470 911
717 783 868 910
320 567 423 843
717 652 956 783
589 652 717 911
589 549 956 652
589 434 956 549
589 306 998 434
210 911 823 998
589 154 998 306
493 154 589 911
493 0 1000 154
320 0 493 567
210 0 320 911
0 0 210 1000
827 517 917 563
283 889 353 1000
882 727 956 847
956 577 1000 887
792 887 944 1000
827 396 1000 517
733 727 882 887
0 889 283 976
0 817 373 889
651 396 827 563
733 577 956 727
373 887 792 989
651 244 1000 396
0 628 373 817
494 577 733 887
651 0 1000 244
494 0 651 577
373 0 494 887
0 0 373 628
937 856 982 957
879 717 933 848
711 856 937 957
711 717 879 856
711 621 1000 717
711 516 1000 621
640 516 711 957
562 516 640 957
562 429 1000 516
471 429 562 957
471 324 1000 429
471 214 1000 324
391 214 471 957
391 109 1000 214
310 109 391 1000
224 109 310 1000
224 0 1000 109
133 0 224 1000
0 0 133 1000
735 940 787 1000
389 487 697 504
619 940 735 1000
787 330 896 487
644 330 787 487
619 845 1000 940
619 740 1000 845
389 330 644 487
619 632 1000 740
619 507 1000 632
516 507 619 1000
408 507 516 1000
282 507 408 1000
389 214 966 330
142 507 282 1000
142 214 389 507
142 114 1000 214
142 0 1000 114
0 0 142 1000
793 898 810 934
793 771 862 898
708 771 793 998
923 510 1000 800
862 510 923 1000
569 771 708 998
569 644 862 771
569 510 862 644
569 416 1000 510
569 321 1000 416
569 222 1000 321
514 222 569 1000
449 222 514 1000
379 222 449 1000
379 121 1000 222
280 121 379 1000
176 121 280 1000
176 0 1000 121
0 0 176 1000
931 921 972 998
339 519 366 775
133 947 366 994
883 652 931 893
133 892 366 947
931 514 1000 921
777 652 883 963
679 652 777 1000
578 652 679 1000
578 514 931 652
578 392 1000 514
466 392 578 1000
466 261 1000 392
366 261 466 1000
366 141 1000 261
133 519 339 892
366 0 1000 141
133 0 366 519
0 0 133 1000
534 928 634 968
280 968 553 987
941 736 988 880
890 736 941 1000
534 759 677 928
412 759 534 968
782 736 890 1000
782 604 1000 736
412 619 677 759
677 604 782 1000
677 463 1000 604
280 619 412 968
280 448 677 619
677 246 1000 463
280 246 677 448
280 133 1000 246
168 133 280 1000
168 0 1000 133
0 0 168 1000
934 853 1000 994
825 853 934 1000
873 643 1000 782
733 646 858 853
628 853 825 1000
873 407 1000 643
873 123 1000 407
494 646 733 828
314 853 628 1000
494 524 873 646
494 400 873 524
494 266 873 400
494 123 873 266
401 123 494 853
401 0 1000 123
314 0 401 853
233 0 314 1000
150 0 233 1000
0 0 150 1000
0 981 38 1000
283 927 329 1000
844 897 1000 926
283 878 446 927
844 832 1000 897
844 765 1000 832
844 663 1000 765
772 663 844 1000
693 663 772 991
283 648 446 878
283 407 463 648
693 517 1000 663
580 517 693 1000
580 383 1000 517
580 193 1000 383
463 193 580 1000
463 0 1000 193
0 407 283 981
0 0 463 407
671 963 675 965
917 798 1000 814
671 844 781 963
847 798 917 1000
570 844 671 1000
570 742 781 844
847 642 1000 798
570 628 781 742
847 403 1000 642
781 403 847 1000
570 403 781 628
479 403 570 1000
479 292 1000 403
479 174 1000 292
404 174 479 1000
302 174 404 1000
150 174 302 1000
150 0 1000 174
0 0 150 1000
562 687 575 890
785 861 842 923
562 495 584 687
584 868 691 933
785 589 842 861
842 831 998 1000
406 794 559 1000
691 589 785 1000
842 516 1000 831
141 794 406 1000
842 130 1000 516
141 647 562 794
141 495 562 647
141 348 584 495
691 130 842 589
584 130 691 868
141 130 584 348
141 0 1000 130
0 0 141 1000
852 965 983 982
113 979 238 998
852 891 1000 965
113 871 239 979
722 891 852 1000
113 754 239 871
0 754 113 969
722 782 977 891
575 782 722 1000
575 673 879 782
468 673 575 1000
468 584 1000 673
468 489 1000 584
363 489 468 1000
363 376 1000 489
363 194 1000 376
363 0 1000 194
239 0 363 1000
0 0 239 754
351 779 362 867
170 992 442 999
892 817 1000 855
892 772 1000 817
462 604 509 795
270 779 351 952
509 953 818 1000
509 911 1000 953
377 604 462 992
377 345 509 604
270 345 377 779
509 772 892 911
509 663 1000 772
509 535 1000 663
170 345 270 992
509 334 1000 535
0 345 170 1000
509 0 1000 334
0 0 509 345
125 985 232 996
427 405 432 682
125 898 264 985
780 588 869 761
691 588 780 772
436 911 776 1000
869 654 1000 924
264 713 427 1000
436 799 869 911
264 405 427 713
436 588 691 799
436 440 869 588
436 285 869 440
125 405 264 898
869 116 1000 654
436 116 869 285
125 116 436 405
125 0 1000 116
0 0 125 1000
680 952 685 970
929 948 1000 960
699 871 781 884
680 871 699 952
929 810 1000 948
860 810 929 1000
860 696 1000 810
860 580 1000 696
781 580 860 941
680 580 781 871
680 484 1000 580
680 338 1000 484
607 338 680 1000
492 338 607 1000
492 174 1000 338
370 174 492 1000
232 174 370 1000
232 0 1000 174
0 0 232 1000
899 922 1000 928
0 973 261 996
987 0 1000 683
581 943 784 1000
810 828 899 965
283 868 399 995
899 683 1000 922
581 836 810 943
0 868 283 973
581 636 810 836
0 765 449 868
581 411 810 636
0 642 449 765
899 0 987 683
810 0 899 828
0 447 449 642
581 0 810 411
449 0 581 1000
0 0 449 447
941 852 1000 871
326 960 396 989
0 989 497 1000
941 706 1000 852
0 960 326 989
941 533 1000 706
397 737 523 929
739 845 939 994
259 737 397 960
941 0 1000 533
739 671 941 845
624 671 739 1000
624 503 941 671
0 737 259 960
0 618 523 737
624 293 941 503
624 0 941 293
523 0 624 1000
0 0 523 618
768 650 798 891
707 796 768 945
979 143 1000 778
628 796 707 966
545 796 628 966
857 796 940 970
857 636 979 796
798 636 857 1000
545 650 768 796
545 499 798 650
461 499 545 966
461 366 798 499
389 366 461 1000
798 143 979 636
389 143 798 366
270 143 389 1000
148 143 270 1000
148 0 1000 143
0 0 148 1000
413 941 540 986
966 371 1000 624
877 583 966 723
580 847 688 964
413 847 580 941
877 371 966 583
877 207 1000 371
797 754 976 872
688 890 939 993
413 744 688 847
413 640 688 744
797 207 877 754
413 401 688 640
299 401 413 1000
688 207 797 890
299 207 688 401
185 207 299 1000
185 0 1000 207
0 0 185 1000
842 427 1000 432
951 800 962 903
934 800 951 982
934 747 1000 800
842 376 1000 427
660 954 846 997
817 515 920 666
660 847 850 954
850 747 934 1000
449 847 660 1000
449 747 850 847
449 666 1000 747
449 515 817 666
315 515 449 1000
315 376 842 515
315 194 1000 376
315 0 1000 194
172 0 315 1000
0 0 172 1000
615 761 691 820
853 875 910 1000
413 774 510 873
853 804 1000 875
615 552 691 761
755 804 853 1000
564 552 615 1000
510 552 564 1000
755 655 1000 804
755 481 1000 655
755 302 1000 481
691 302 755 1000
510 302 691 552
413 302 510 774
310 302 413 1000
310 170 1000 302
153 170 310 1000
153 0 1000 170
0 0 153 1000
