784 755 893 786
620 937 719 1000
469 833 542 1000
917 518 988 721
694 755 784 937
694 651 893 755
469 647 620 833
694 518 917 651
620 518 694 937
620 433 1000 518
469 433 620 647
396 433 469 1000
396 358 1000 433
396 276 1000 358
321 276 396 1000
321 193 1000 276
321 101 1000 193
240 101 321 1000
240 0 1000 101
151 0 240 1000
0 0 151 1000
974 837 978 1000
751 874 783 1000
882 873 965 942
405 911 569 984
554 442 589 789
974 189 1000 837
387 737 554 841
882 669 974 873
166 911 405 1000
751 669 882 874
751 468 974 669
387 442 554 737
278 442 387 911
278 258 597 442
751 189 974 468
674 189 751 1000
597 189 674 1000
166 258 278 911
597 0 1000 189
166 0 597 258
0 0 166 1000
335 786 493 798
335 737 493 786
754 893 965 950
288 737 335 1000
234 737 288 1000
493 484 543 797
754 780 896 893
754 684 987 780
120 737 234 1000
754 503 987 684
120 617 493 737
658 503 754 1000
559 503 658 1000
120 484 493 617
120 370 559 484
559 369 1000 503
120 233 559 370
559 190 1000 369
559 0 1000 190
120 0 559 233
0 0 120 1000
815 833 994 834
825 490 884 508
808 490 825 683
815 812 1000 833
939 560 992 679
815 769 1000 812
643 392 808 461
939 277 998 560
735 769 815 1000
643 273 808 392
735 691 1000 769
573 273 643 662
808 277 939 490
491 273 573 691
808 0 1000 277
536 691 735 1000
331 691 536 1000
491 0 808 273
331 0 491 691
194 0 331 1000
0 0 194 1000
994 376 996 743
577 874 666 906
859 883 983 911
983 376 994 967
618 435 666 669
859 760 983 883
409 874 577 1000
769 760 859 1000
666 760 769 1000
548 435 618 788
489 435 548 854
666 656 983 760
409 435 489 874
666 526 983 656
666 376 983 526
666 203 1000 376
409 203 666 435
297 203 409 1000
173 203 297 1000
173 0 1000 203
0 0 173 979
910 800 963 863
526 894 560 1000
729 880 910 925
968 268 1000 686
910 556 968 800
729 799 910 880
526 816 729 894
526 736 729 816
464 736 526 1000
464 672 729 736
373 672 464 1000
268 672 373 1000
268 579 729 672
729 556 910 799
268 430 729 579
729 268 968 556
268 268 729 430
143 268 268 1000
143 156 1000 268
143 0 1000 156
0 0 143 1000
529 354 534 523
380 870 529 890
843 829 910 953
899 550 1000 681
267 722 380 839
380 762 529 870
899 390 1000 550
380 619 529 762
843 390 899 829
797 390 843 953
737 390 797 991
677 390 737 1000
380 354 529 619
267 354 380 722
600 390 677 1000
600 268 1000 390
600 140 1000 268
538 140 600 1000
538 0 1000 140
267 0 538 354
0 0 267 1000
591 289 594 482
590 289 591 966
364 872 395 1000
856 817 998 872
364 817 523 872
787 817 856 1000
364 723 523 817
787 746 998 817
294 723 364 1000
294 624 523 723
787 597 998 746
698 597 787 1000
594 597 698 1000
523 289 590 951
594 474 1000 597
594 315 1000 474
294 289 523 624
151 289 294 1000
594 0 1000 315
151 0 594 289
0 0 151 1000
842 920 845 999
546 890 583 927
570 515 586 786
546 793 621 890
842 868 991 920
621 789 718 879
526 515 570 793
484 793 546 1000
476 515 526 793
476 404 621 515
314 793 484 1000
842 580 991 868
718 580 842 1000
718 376 1000 580
718 160 1000 376
621 160 718 789
314 404 476 793
314 160 621 404
189 160 314 1000
189 0 1000 160
0 0 189 1000
997 0 1000 322
695 878 726 1000
608 821 695 884
880 829 1000 913
695 797 822 878
608 664 695 821
154 851 351 930
154 766 351 851
608 455 695 664
608 205 695 455
944 0 997 642
154 579 351 766
880 0 944 829
822 0 880 1000
525 205 608 918
441 205 525 1000
351 205 441 1000
154 205 351 579
695 0 822 797
154 0 695 205
0 0 154 1000
866 861 881 1000
605 798 765 856
511 916 644 1000
765 745 866 875
448 728 605 813
336 916 511 1000
765 580 866 745
866 598 932 861
866 414 997 598
866 215 1000 414
866 0 1000 215
605 449 728 798
448 449 605 728
336 449 448 916
336 321 765 449
765 0 866 580
336 175 765 321
256 175 336 1000
256 0 765 175
132 0 256 1000
0 0 132 1000
998 767 1000 959
799 878 821 1000
366 810 445 853
323 810 366 1000
549 822 634 1000
549 719 696 822
230 810 323 1000
799 767 998 878
230 705 457 810
457 719 549 1000
799 557 1000 767
457 514 696 719
230 473 457 705
799 269 1000 557
696 269 799 837
457 269 696 514
457 137 1000 269
457 0 1000 137
230 0 457 473
118 0 230 1000
0 0 118 1000
