411 403 416 406
407 403 411 770
889 752 897 949
861 752 889 949
831 663 848 999
861 702 998 752
748 663 831 747
861 650 998 702
861 595 1000 650
748 595 861 663
728 595 748 1000
333 502 386 660
705 595 728 1000
705 563 1000 595
300 502 333 819
705 527 1000 563
705 491 1000 527
241 502 300 717
705 446 1000 491
385 859 482 996
705 398 1000 446
705 343 1000 398
180 502 241 820
180 403 407 502
666 343 705 1000
109 403 180 763
666 265 1000 343
666 183 1000 265
629 183 666 1000
591 183 629 1000
416 290 475 825
551 183 591 1000
551 110 1000 183
109 290 416 403
551 0 1000 110
0 859 385 998
491 0 551 1000
0 290 109 859
0 0 491 290
377 937 384 988
774 995 895 1000
765 567 770 830
825 616 1000 628
205 624 212 955
825 596 1000 616
377 312 384 937
810 596 825 924
774 924 851 995
584 567 765 600
205 577 354 624
205 516 354 577
810 535 1000 596
205 425 354 516
354 312 377 909
774 535 810 924
774 467 1000 535
532 567 584 874
532 498 774 567
774 393 1000 467
532 429 774 498
205 312 354 425
532 346 774 429
774 286 1000 393
495 346 532 1000
774 169 1000 286
495 250 774 346
459 250 495 1000
421 250 459 1000
421 169 774 250
384 169 421 1000
384 110 1000 169
205 110 384 312
205 57 1000 110
159 57 205 1000
108 57 159 1000
55 57 108 1000
55 0 1000 57
0 0 55 1000
253 899 255 908
152 941 255 942
253 328 255 899
450 348 455 887
256 671 407 699
902 421 919 691
256 643 429 671
888 421 902 780
590 707 608 1000
256 608 429 643
192 655 219 896
565 707 590 1000
868 421 888 878
533 707 565 1000
804 451 835 775
256 531 429 608
429 348 450 979
844 421 868 978
192 328 253 655
533 632 804 707
844 285 1000 421
533 543 804 632
152 328 192 941
533 451 804 543
105 328 152 865
533 369 844 451
533 285 844 369
533 224 1000 285
494 224 533 1000
494 162 1000 224
256 348 429 531
455 162 494 1000
256 162 455 348
256 109 1000 162
256 55 1000 109
105 55 256 328
55 55 105 1000
55 0 1000 55
0 0 55 1000
966 609 973 649
943 817 966 859
478 807 563 820
991 251 994 858
175 957 228 1000
876 617 925 694
478 757 563 807
859 617 876 888
943 609 966 817
478 694 563 757
456 694 478 1000
563 753 618 892
925 501 942 980
974 251 991 772
835 617 859 990
456 599 563 694
943 251 974 609
563 617 676 753
686 791 817 922
563 442 676 617
373 715 456 985
563 252 686 442
686 617 835 791
175 622 254 957
686 501 925 617
686 377 943 501
686 251 943 377
456 252 563 599
373 252 456 715
686 124 1000 251
373 124 686 252
264 530 373 917
264 124 373 530
175 124 264 622
118 124 175 1000
118 66 1000 124
63 66 118 1000
63 0 1000 66
0 0 63 1000
849 332 850 909
997 116 999 511
996 116 997 973
513 566 659 573
836 376 839 930
767 846 798 917
845 332 849 945
747 775 764 933
952 272 959 672
839 332 845 973
332 932 499 956
332 601 347 932
332 566 513 601
839 272 952 332
332 544 659 566
700 775 747 939
767 631 804 846
700 631 767 775
332 514 659 544
807 376 836 718
332 481 659 514
332 440 659 481
332 394 659 440
302 394 332 1000
270 394 302 1000
232 394 270 1000
839 116 996 272
700 376 807 631
186 394 232 1000
700 116 839 376
659 116 700 998
186 315 659 394
659 0 1000 116
186 208 659 315
118 208 186 1000
118 104 659 208
118 0 659 104
60 0 118 1000
0 0 60 1000
269 615 271 631
269 551 271 615
964 484 975 512
610 747 616 1000
98 970 184 999
238 729 255 970
610 725 818 747
592 725 610 1000
238 551 269 729
592 699 818 725
592 672 818 699
571 672 592 1000
548 672 571 1000
548 641 818 672
521 641 548 1000
493 641 521 1000
493 606 818 641
493 568 818 606
885 484 964 643
462 568 493 1000
975 205 994 926
410 522 440 979
818 744 879 980
271 522 410 632
818 484 885 744
818 367 975 484
462 514 818 568
818 205 975 367
462 432 818 514
462 348 818 432
271 348 462 522
271 283 818 348
271 205 818 283
271 144 1000 205
271 79 1000 144
271 0 1000 79
98 551 238 970
98 0 271 551
0 0 98 1000
846 976 864 989
624 800 640 915
707 776 851 793
624 793 1000 800
594 250 622 381
634 952 858 971
255 989 732 1000
707 749 904 776
707 722 976 749
255 976 846 989
552 793 624 915
480 793 552 915
594 220 901 250
634 915 884 952
387 793 480 915
410 412 859 438
594 191 1000 220
578 684 957 721
410 388 1000 412
510 191 594 388
410 191 510 388
387 722 707 793
255 915 634 976
410 151 1000 191
578 621 967 684
255 722 387 915
338 151 410 527
258 151 338 527
258 109 1000 151
255 621 578 722
166 621 255 1000
258 60 1000 109
166 577 1000 621
173 60 258 527
57 577 166 1000
57 527 1000 577
57 60 173 527
57 0 1000 60
0 0 57 1000
498 992 510 999
101 994 208 995
317 824 322 875
438 944 457 985
665 598 952 603
317 321 322 824
312 321 317 826
281 869 312 954
862 770 935 807
438 742 457 944
385 847 428 950
635 598 665 770
385 742 438 847
635 572 952 598
498 961 807 992
797 770 862 933
458 532 484 953
952 502 999 769
385 532 458 742
281 321 312 869
101 761 184 994
635 502 952 572
635 439 1000 502
635 372 1000 439
648 770 797 943
498 770 648 961
559 372 635 770
559 298 1000 372
559 223 1000 298
498 223 559 770
385 223 498 532
385 164 1000 223
210 321 281 935
330 164 385 1000
101 321 210 761
330 85 1000 164
330 0 1000 85
101 0 330 321
0 0 101 1000
993 814 1000 901
368 811 565 818
702 780 881 792
357 811 368 1000
346 811 357 1000
928 490 959 574
993 335 999 814
962 629 972 982
702 759 881 780
919 490 928 939
909 490 919 947
881 655 898 932
317 811 346 1000
702 722 881 759
322 651 386 790
962 335 993 629
431 466 562 546
431 384 568 466
257 811 317 1000
658 722 702 1000
401 384 431 811
658 655 881 722
401 290 568 384
658 574 909 655
658 490 909 574
613 490 658 1000
613 424 962 490
322 290 401 651
613 335 962 424
613 253 1000 335
568 253 613 1000
257 290 322 811
568 174 1000 253
257 174 568 290
257 107 1000 174
197 107 257 1000
197 0 1000 107
110 0 197 1000
0 0 110 1000
786 905 787 984
685 531 687 860
407 622 536 637
846 373 850 980
952 54 995 112
952 0 1000 54
942 301 947 932
833 538 846 799
802 875 831 995
689 905 786 941
923 656 942 845
923 301 942 656
536 676 558 1000
407 542 536 622
536 606 685 676
802 538 833 875
536 531 685 606
862 301 923 488
862 159 952 301
536 441 689 531
373 542 407 975
373 441 536 542
689 744 796 905
0 871 167 976
341 441 373 1000
689 538 802 744
341 371 689 441
689 373 846 538
286 371 341 1000
286 285 689 371
689 159 862 373
228 285 286 1000
689 0 952 159
228 193 689 285
228 98 689 193
228 0 689 98
179 0 228 1000
0 578 177 871
0 0 179 578
458 996 525 999
377 996 458 999
990 363 992 617
913 773 972 795
982 670 999 754
711 751 913 763
982 363 990 670
377 965 504 996
972 363 982 772
347 559 376 706
377 935 528 965
401 855 464 928
401 586 422 855
711 715 913 751
377 586 401 935
680 715 711 1000
377 529 537 586
680 675 913 715
268 815 331 982
377 432 537 529
632 675 680 1000
377 329 537 432
632 612 913 675
632 540 913 612
268 559 347 815
632 455 913 540
913 363 972 773
268 329 377 559
632 363 913 455
632 292 1000 363
586 292 632 1000
586 209 1000 292
537 209 586 1000
537 105 1000 209
268 105 537 329
268 0 1000 105
184 0 268 1000
94 0 184 1000
0 0 94 1000
242 793 247 838
774 953 779 1000
760 874 773 899
592 819 743 826
98 833 195 845
841 609 914 634
760 730 773 874
201 793 242 881
571 819 592 1000
914 690 929 961
98 793 201 833
743 730 760 986
546 819 571 1000
517 819 546 1000
485 819 517 1000
247 468 264 884
485 791 743 819
446 791 485 1000
446 762 743 791
406 762 446 1000
406 730 743 762
914 259 948 690
406 685 774 730
332 685 406 1000
332 627 774 685
841 259 914 609
332 565 774 627
265 565 332 1000
265 507 774 565
265 436 774 507
265 353 774 436
774 259 841 953
265 259 774 353
98 468 247 793
265 192 1000 259
265 102 1000 192
265 0 1000 102
98 0 265 468
0 0 98 1000
839 686 840 867
966 690 985 751
321 572 350 662
321 539 415 572
84 734 96 1000
84 712 247 734
991 291 998 917
966 450 985 690
84 680 247 712
84 644 247 680
517 660 547 857
666 863 727 964
284 764 315 991
493 660 517 1000
284 539 321 764
84 584 247 644
745 409 764 999
666 666 727 863
453 660 493 1000
284 431 415 539
453 590 666 660
453 501 666 590
415 501 453 1000
247 431 284 953
768 881 979 973
666 409 745 666
415 409 666 501
84 431 247 584
839 450 966 686
768 450 839 881
84 331 415 431
768 291 991 450
84 210 415 331
415 291 768 409
415 205 1000 291
415 110 1000 205
415 0 1000 110
84 0 415 210
0 0 84 1000
344 616 347 687
947 892 966 928
394 806 405 1000
659 766 814 785
814 971 973 990
947 684 966 892
333 616 344 994
659 736 814 766
928 684 947 940
861 831 922 945
394 761 574 806
214 627 243 916
623 736 659 1000
861 684 928 831
861 603 1000 684
394 695 574 761
623 672 814 736
861 504 1000 603
347 695 394 1000
574 672 623 1000
347 607 574 695
147 627 214 935
250 616 333 871
814 504 861 971
574 575 814 672
814 372 1000 504
574 460 814 575
814 207 1000 372
347 460 574 607
347 379 814 460
347 295 814 379
347 207 814 295
347 143 1000 207
250 143 347 616
147 143 250 627
147 69 1000 143
79 69 147 1000
79 0 1000 69
0 0 79 1000
231 463 234 575
224 463 231 546
373 977 428 1000
126 810 233 827
83 880 120 934
183 720 220 782
704 656 1000 664
455 276 461 673
83 810 126 880
373 906 419 977
704 644 1000 656
691 644 704 1000
691 629 1000 644
691 613 1000 629
434 953 569 994
671 613 691 1000
671 584 1000 613
373 695 418 906
183 463 224 720
671 544 1000 584
640 544 671 1000
434 276 455 953
640 494 1000 544
640 437 1000 494
640 375 1000 437
373 276 434 695
640 300 1000 375
640 225 1000 300
640 148 1000 225
606 148 640 1000
373 148 606 276
335 148 373 1000
83 463 183 810
294 148 335 1000
234 148 294 1000
234 76 1000 148
83 76 234 463
83 0 1000 76
0 0 83 1000
80 997 125 1000
914 929 945 934
632 548 637 1000
632 536 871 548
981 262 1000 413
80 950 143 997
632 519 871 536
945 653 966 894
632 495 871 519
632 468 871 495
914 653 945 929
609 468 632 858
967 262 981 909
522 699 566 982
583 468 609 1000
522 468 583 699
522 431 914 468
496 431 522 1000
496 394 914 431
80 769 171 950
496 353 914 394
496 308 914 353
914 262 967 653
466 308 496 1000
435 308 466 1000
435 262 914 308
395 262 435 1000
354 262 395 1000
354 215 1000 262
354 165 1000 215
80 492 199 769
312 165 354 1000
312 114 1000 165
312 61 1000 114
268 61 312 1000
268 0 1000 61
207 0 268 1000
80 0 207 492
0 0 80 1000
600 806 605 1000
326 718 339 827
589 806 600 1000
568 396 792 407
589 800 1000 806
556 396 568 752
589 789 1000 800
344 448 355 907
247 887 320 958
556 373 792 396
589 775 1000 789
556 346 792 373
560 775 589 1000
792 458 826 697
792 402 941 458
792 342 941 402
80 873 169 980
532 346 556 752
229 414 246 999
560 752 1000 775
941 201 967 664
499 346 532 752
247 718 326 887
505 752 560 1000
445 752 505 1000
499 282 792 346
792 201 941 342
499 201 792 282
499 150 1000 201
247 448 344 718
499 91 1000 150
445 91 499 752
403 91 445 1000
360 91 403 1000
247 91 360 448
247 0 1000 91
80 414 229 873
80 0 247 414
0 0 80 1000
688 677 791 683
799 775 876 806
306 969 464 986
363 700 499 725
853 898 902 965
634 812 906 829
363 662 499 700
688 623 791 677
634 775 799 812
184 647 306 701
184 592 306 647
848 446 876 687
848 397 997 446
165 592 184 1000
688 460 736 623
499 977 879 1000
848 330 997 397
634 737 971 775
133 592 165 1000
306 662 363 969
848 214 1000 330
306 568 499 662
306 449 499 568
133 449 306 592
795 214 848 687
688 214 795 460
133 374 499 449
499 898 853 977
634 214 688 737
499 839 998 898
133 280 499 374
634 116 1000 214
583 116 634 839
133 175 499 280
82 175 133 1000
583 0 1000 116
0 175 82 1000
499 0 583 839
0 0 499 175
674 888 892 890
94 520 191 527
231 315 233 831
894 821 915 882
226 315 231 839
191 410 200 967
364 966 977 975
655 643 698 787
785 397 814 643
756 397 785 643
756 362 1000 397
756 325 1000 362
724 325 756 643
724 287 1000 325
94 410 191 520
724 242 1000 287
691 242 724 643
655 242 691 643
674 821 894 888
47 410 94 770
47 315 226 410
364 935 988 966
364 894 844 935
618 242 655 787
618 188 1000 242
583 188 618 787
547 188 583 787
364 821 674 894
506 188 547 787
465 188 506 787
465 133 1000 188
0 315 47 952
465 75 1000 133
465 0 1000 75
415 0 465 821
364 0 415 821
302 0 364 1000
233 0 302 1000
0 0 233 315
321 536 340 576
0 987 108 1000
498 806 559 833
321 414 340 536
995 0 998 778
643 677 780 700
150 814 169 987
643 650 780 677
780 841 809 969
163 718 210 801
628 650 643 927
611 650 628 927
592 650 611 927
571 650 592 927
853 850 966 924
163 618 270 718
966 501 995 977
966 0 995 501
571 568 780 650
498 568 571 806
270 414 321 797
163 414 270 618
104 414 163 806
104 310 349 414
0 814 150 987
104 201 349 310
498 466 780 568
498 360 780 466
451 360 498 1000
399 360 451 1000
399 268 780 360
349 268 399 1000
349 161 780 268
853 437 966 850
853 0 966 437
780 0 853 841
0 201 104 814
349 0 780 161
0 0 349 201
759 530 910 540
691 826 710 957
940 753 977 825
0 972 103 998
970 598 991 749
248 887 444 904
993 143 1000 660
759 509 940 530
970 422 993 598
645 867 686 986
453 592 691 621
0 919 148 972
248 867 645 887
940 422 970 753
453 540 691 592
759 436 940 509
248 835 691 867
759 357 940 436
940 143 993 422
401 540 453 835
347 540 401 835
759 259 940 357
347 488 691 540
347 435 691 488
347 377 691 435
759 143 940 259
347 314 691 377
727 143 759 826
304 314 347 835
727 57 1000 143
691 57 727 826
248 314 304 835
248 230 691 314
248 144 691 230
248 57 691 144
248 0 1000 57
0 645 157 919
157 0 248 1000
0 0 157 645
436 335 439 341
340 694 345 711
854 777 971 783
243 977 285 1000
854 755 971 777
399 608 412 812
346 801 393 912
723 770 748 1000
854 705 971 755
723 725 854 770
854 651 971 705
971 603 990 939
723 651 854 725
694 651 723 1000
346 608 399 801
597 727 670 888
160 745 243 889
694 603 971 651
413 335 436 979
694 551 1000 603
597 551 694 727
346 335 413 608
548 551 597 1000
548 500 1000 551
494 500 548 1000
243 694 340 977
494 440 1000 500
494 379 1000 440
494 312 1000 379
494 244 1000 312
243 335 346 694
440 244 494 1000
440 170 1000 244
440 88 1000 170
243 88 440 335
160 88 243 745
160 0 1000 88
84 0 160 1000
0 0 84 1000
700 701 867 706
880 980 941 993
290 785 307 845
290 713 309 785
563 659 700 674
273 759 290 985
941 516 950 977
543 659 563 872
290 451 309 713
273 451 290 759
941 415 1000 516
243 687 272 924
880 753 928 980
497 908 625 1000
700 630 867 701
543 581 700 659
497 872 880 908
700 552 880 630
700 471 880 552
543 471 700 581
497 471 543 872
880 415 941 753
497 415 880 471
497 372 1000 415
462 372 497 1000
462 326 1000 372
160 687 243 997
160 451 273 687
409 326 462 900
359 326 409 1000
309 326 359 1000
309 267 1000 326
309 202 1000 267
309 136 1000 202
160 136 309 451
160 78 1000 136
90 78 160 1000
90 0 1000 78
0 0 90 1000
