301 727 306 844
979 422 1000 569
504 823 523 1000
900 938 995 1000
720 928 809 1000
218 883 301 967
979 0 1000 422
884 702 1000 806
900 811 996 938
218 727 301 883
720 780 809 928
884 569 1000 702
646 780 720 1000
809 811 900 1000
142 727 218 1000
646 570 809 780
307 823 504 998
307 658 523 823
0 727 142 1000
307 469 523 658
884 0 979 569
809 0 884 811
0 469 307 727
0 308 523 469
646 0 809 570
523 0 646 1000
0 0 523 308
787 923 797 1000
579 966 620 991
942 911 1000 946
579 896 620 966
298 918 387 995
195 924 295 1000
491 835 629 896
387 483 406 1000
629 923 787 1000
942 694 1000 911
852 802 942 990
406 896 579 1000
491 649 629 835
491 457 629 649
629 802 852 923
629 694 942 802
629 596 1000 694
406 457 491 896
298 483 387 918
629 482 1000 596
195 483 298 924
629 320 1000 482
629 129 1000 320
406 129 629 457
195 129 406 483
195 0 1000 129
0 0 195 1000
749 933 752 974
984 666 1000 793
975 666 984 959
399 939 508 1000
615 933 749 1000
260 930 399 1000
908 804 975 982
752 836 835 1000
975 0 1000 666
260 760 399 930
399 740 547 939
615 701 752 933
399 515 547 740
260 515 399 760
752 398 835 836
615 398 752 701
615 206 841 398
260 357 547 515
188 357 260 1000
908 0 975 804
547 206 615 1000
188 206 547 357
188 114 841 206
841 0 908 999
98 114 188 1000
98 0 841 114
0 0 98 1000
987 458 992 583
533 252 538 1000
993 325 1000 1000
880 879 987 947
317 876 406 974
497 608 533 955
614 962 957 1000
210 876 317 1000
452 608 497 955
210 787 406 876
406 608 452 1000
210 682 406 787
614 879 880 962
614 803 987 879
210 518 406 682
614 715 987 803
137 518 210 1000
406 252 533 608
614 593 987 715
614 458 987 593
614 325 993 458
614 168 1000 325
538 168 614 1000
137 252 406 518
538 0 1000 168
137 0 538 252
0 0 137 1000
409 922 443 999
766 894 816 978
972 507 1000 656
888 707 971 767
344 922 409 1000
888 659 1000 707
972 180 1000 507
220 922 344 1000
641 894 766 1000
917 767 1000 1000
220 823 443 922
816 767 917 1000
641 755 816 894
641 608 816 755
220 666 443 823
546 608 641 1000
106 666 220 1000
888 180 972 659
106 545 443 666
816 180 888 767
546 400 816 608
443 400 546 1000
106 314 443 545
443 180 816 400
443 0 1000 180
106 0 443 314
0 0 106 1000
844 486 991 512
592 977 777 1000
930 581 1000 654
895 923 1000 1000
850 211 959 289
815 581 930 664
895 822 1000 923
850 140 1000 211
592 905 783 977
844 386 995 486
844 289 1000 386
788 822 895 1000
710 140 850 289
592 750 788 905
788 664 1000 822
677 289 844 512
440 750 592 1000
490 289 677 512
265 750 440 1000
265 664 788 750
265 581 815 664
265 512 1000 581
129 512 265 1000
129 289 490 512
129 140 710 289
129 0 1000 140
0 0 129 1000
995 479 1000 706
469 903 504 968
875 862 901 1000
991 0 1000 479
901 674 927 918
396 903 469 1000
927 846 1000 968
800 862 875 1000
680 880 782 1000
253 903 396 1000
680 753 800 880
253 838 504 903
614 753 680 1000
800 674 901 862
927 479 995 846
504 753 614 1000
927 0 991 479
253 706 504 838
504 599 800 753
253 522 504 706
504 413 800 599
504 182 800 413
253 182 504 522
800 0 927 674
253 0 800 182
147 0 253 1000
0 0 147 1000
885 997 943 1000
879 807 881 928
885 978 959 997
994 540 1000 912
820 935 879 1000
705 822 747 947
885 923 994 978
885 861 994 923
820 807 879 935
656 822 705 1000
656 722 747 822
747 807 820 1000
747 676 884 807
574 722 656 1000
747 468 885 676
885 540 994 861
885 235 1000 540
574 468 747 722
472 468 574 1000
362 468 472 1000
362 355 885 468
362 235 885 355
245 235 362 1000
112 235 245 1000
112 118 1000 235
112 0 1000 118
0 0 112 1000
892 978 969 997
849 758 870 843
703 889 838 909
870 883 1000 909
412 787 440 935
811 909 984 935
620 909 811 935
532 816 620 911
178 978 892 1000
870 742 1000 883
703 758 849 889
261 787 412 935
870 548 1000 742
261 638 440 787
178 935 1000 978
532 300 620 816
703 478 870 758
870 112 1000 548
440 300 532 935
261 300 440 638
703 112 870 478
620 112 703 909
261 112 620 300
178 112 261 935
101 112 178 1000
101 0 1000 112
0 0 101 1000
726 553 733 599
738 334 742 707
919 934 980 991
672 896 742 991
121 991 1000 1000
572 896 672 991
527 761 687 843
919 767 1000 934
421 896 572 991
845 767 919 991
421 843 742 896
845 646 1000 767
527 663 726 761
527 553 726 663
742 646 845 991
742 501 1000 646
742 344 1000 501
742 178 1000 344
742 0 1000 178
527 334 738 553
421 334 527 843
323 334 421 991
323 171 742 334
233 171 323 991
233 0 742 171
121 0 233 991
0 0 121 1000
131 944 181 1000
975 831 1000 1000
181 904 233 1000
902 874 975 977
131 769 181 944
850 753 902 957
629 855 712 992
436 900 567 1000
975 0 1000 831
181 476 233 904
567 553 629 1000
0 769 131 1000
712 753 850 986
712 540 902 753
712 316 902 540
629 316 712 855
436 553 567 900
436 316 629 553
436 216 902 316
436 112 902 216
379 112 436 1000
0 476 181 769
315 112 379 1000
902 0 975 874
315 0 902 112
233 0 315 1000
0 0 233 476
360 975 427 995
944 689 1000 738
360 892 431 975
914 756 997 853
817 679 944 756
944 492 1000 689
861 853 1000 960
248 556 292 992
431 960 947 1000
135 782 248 984
817 492 944 679
135 556 248 782
709 492 817 756
709 392 1000 492
599 392 709 756
599 289 1000 392
508 289 599 756
508 196 1000 289
431 853 861 960
431 756 914 853
508 97 1000 196
431 97 508 756
360 97 431 892
292 97 360 1000
135 97 292 556
135 0 1000 97
0 0 135 1000
714 925 857 928
976 592 995 675
863 664 976 694
927 933 1000 992
866 418 1000 455
801 933 927 992
863 592 976 664
714 884 935 925
866 306 1000 418
555 455 974 503
462 933 801 1000
631 592 863 694
714 792 1000 884
714 694 1000 792
596 694 714 933
631 503 969 592
462 694 596 933
462 503 631 694
555 306 866 455
356 503 462 1000
246 503 356 1000
246 306 555 503
246 216 1000 306
246 104 1000 216
151 104 246 1000
151 0 1000 104
0 0 151 1000
824 960 870 1000
330 975 453 1000
990 492 1000 866
912 692 931 922
824 889 912 960
330 914 458 975
753 889 824 1000
671 889 753 1000
671 816 912 889
330 739 481 914
222 739 330 1000
671 692 912 816
931 492 990 1000
222 617 485 739
564 692 671 1000
222 487 485 617
564 598 931 692
564 492 931 598
485 492 564 1000
485 411 1000 492
485 318 1000 411
485 221 1000 318
222 221 485 487
222 118 1000 221
124 118 222 1000
124 0 1000 118
0 0 124 1000
663 858 666 985
656 858 663 914
914 964 941 1000
889 792 933 821
782 778 885 798
914 930 1000 964
849 930 914 1000
567 858 656 1000
889 668 1000 792
782 639 889 778
849 821 1000 930
567 706 676 858
889 518 1000 668
889 308 1000 518
676 821 849 1000
451 706 567 1000
889 0 1000 308
451 548 676 706
369 548 451 1000
369 384 676 548
284 384 369 1000
782 0 889 639
167 384 284 1000
167 240 676 384
676 0 782 821
167 0 676 240
0 0 167 1000
683 985 735 1000
636 716 683 754
886 893 975 917
656 785 683 943
973 586 987 893
987 275 1000 934
822 934 977 1000
457 943 671 1000
376 830 457 992
636 402 683 716
562 785 656 943
683 864 822 985
250 830 376 1000
250 719 457 830
164 719 250 1000
886 586 973 893
562 402 636 785
886 275 987 586
164 605 457 719
822 275 886 934
822 0 1000 275
457 402 562 943
164 402 457 605
0 402 164 1000
0 239 683 402
683 0 822 864
0 0 683 239
995 659 1000 871
575 976 693 1000
417 960 716 976
926 561 1000 655
695 837 761 943
761 914 868 997
124 976 575 1000
870 882 1000 996
926 344 1000 561
564 837 695 960
761 751 868 914
926 0 1000 344
870 659 995 882
564 683 761 837
761 465 870 751
870 0 926 659
417 683 564 960
417 546 761 683
417 399 761 546
761 0 870 465
323 399 417 976
227 399 323 976
124 399 227 976
124 273 761 399
0 273 124 1000
0 144 761 273
0 0 761 144
850 985 933 997
951 907 1000 977
577 361 593 678
133 950 242 1000
708 933 850 988
985 0 1000 705
499 859 586 998
850 851 951 985
708 834 850 933
499 678 593 859
850 664 951 851
593 834 708 1000
412 678 499 1000
850 386 951 664
951 0 985 907
593 702 850 834
593 555 850 702
850 0 951 386
593 394 850 555
593 210 850 394
412 361 577 678
593 0 850 210
412 0 593 361
335 0 412 1000
242 0 335 1000
133 0 242 950
0 0 133 1000
867 906 874 962
403 990 510 1000
845 906 867 989
669 851 696 978
953 868 994 976
102 954 265 1000
238 617 265 950
550 721 589 984
875 840 943 1000
589 851 669 1000
696 906 845 1000
953 438 1000 868
953 0 1000 438
696 714 875 906
403 721 550 990
875 331 953 840
102 617 238 954
403 466 589 721
403 206 589 466
338 206 403 1000
265 206 338 1000
102 206 265 617
696 331 875 714
696 0 953 331
589 0 696 851
102 0 589 206
0 0 102 1000
695 959 718 970
914 891 925 999
499 722 506 992
592 954 645 1000
490 722 499 999
695 801 729 959
729 648 751 921
978 613 1000 999
930 765 978 1000
381 868 490 1000
592 801 695 954
381 722 490 868
751 891 914 999
592 648 729 801
751 765 930 891
592 503 751 648
751 613 978 765
512 503 592 1000
751 440 1000 613
751 263 1000 440
512 263 751 503
381 263 512 722
281 263 381 1000
281 154 1000 263
145 154 281 1000
145 0 1000 154
0 0 145 1000
563 980 616 1000
814 874 843 1000
733 468 742 995
252 955 363 1000
666 890 733 983
927 748 998 836
529 768 563 1000
742 874 814 1000
482 768 529 1000
252 862 391 955
927 550 1000 748
742 714 843 874
391 768 482 1000
843 853 994 998
666 468 733 890
927 0 1000 550
391 484 563 768
252 484 391 862
563 468 666 980
252 307 563 484
172 307 252 1000
89 307 172 1000
0 307 89 1000
843 0 927 853
742 0 843 714
563 0 742 468
0 0 563 307
930 251 989 274
954 430 972 509
969 861 980 1000
864 827 898 951
922 354 1000 428
427 985 831 1000
930 147 1000 251
898 861 969 980
804 827 864 985
733 354 922 430
804 672 898 827
898 709 1000 861
733 278 1000 354
898 509 1000 709
706 672 804 985
450 278 733 430
567 672 706 985
427 672 567 985
291 672 427 1000
291 593 898 672
291 509 898 593
291 430 954 509
450 147 930 278
134 430 291 1000
134 147 450 430
134 0 1000 147
0 0 134 1000
0 989 101 996
549 960 681 976
382 960 549 976
796 976 977 998
713 944 879 976
835 822 880 944
549 888 713 927
985 488 1000 975
382 931 664 960
835 607 880 822
278 976 796 1000
0 860 163 989
549 752 713 888
938 488 985 976
880 488 938 976
382 752 549 931
880 237 1000 488
713 607 835 944
382 613 713 752
382 444 713 613
713 237 880 607
382 237 713 444
278 237 382 976
278 126 1000 237
278 0 1000 126
163 0 278 1000
0 0 163 860
582 949 689 962
496 949 582 968
145 990 644 996
676 870 741 949
870 813 1000 864
592 825 755 870
887 864 965 1000
592 750 755 825
145 968 714 990
870 710 1000 813
496 870 676 949
758 864 887 1000
592 642 755 750
870 563 1000 710
870 401 1000 563
592 511 755 642
821 401 870 864
758 401 821 864
496 511 592 870
403 511 496 968
292 511 403 968
145 511 292 968
145 401 758 511
145 286 1000 401
145 154 1000 286
145 0 1000 154
0 0 145 1000
464 985 493 992
644 938 666 1000
659 601 666 938
464 944 535 985
918 949 998 1000
535 938 644 1000
839 884 980 943
727 949 918 1000
839 820 1000 884
839 748 1000 820
839 656 1000 748
785 656 839 949
727 656 785 949
727 585 1000 656
727 492 1000 585
666 492 727 978
666 399 1000 492
666 281 1000 399
535 601 659 938
535 281 666 601
464 281 535 944
398 281 464 1000
398 176 1000 281
314 176 398 1000
154 176 314 1000
154 0 1000 176
0 0 154 1000
878 918 906 1000
490 931 525 1000
112 911 179 1000
906 923 1000 1000
772 918 878 1000
359 931 490 1000
906 770 1000 923
359 844 538 931
112 675 179 911
772 790 906 918
359 747 538 844
772 657 906 790
906 434 1000 770
0 675 112 1000
659 657 772 1000
906 0 1000 434
538 657 659 1000
538 540 906 657
538 396 906 540
359 396 538 747
359 279 906 396
179 621 352 991
359 160 906 279
179 257 358 621
0 257 179 675
359 0 906 160
0 0 359 257
130 983 161 998
130 889 163 983
277 955 348 1000
922 943 1000 997
567 776 594 978
374 937 471 999
524 776 567 996
922 794 997 943
0 889 130 1000
374 784 471 937
850 794 922 1000
524 500 594 776
850 663 1000 794
786 663 850 1000
471 500 524 973
705 663 786 1000
374 500 471 784
705 565 1000 663
277 500 374 955
594 565 705 1000
163 500 277 1000
594 400 1000 565
594 214 1000 400
163 304 594 500
594 0 1000 214
163 0 594 304
0 0 163 889
731 985 852 1000
942 931 1000 976
621 961 709 1000
731 954 888 985
520 871 621 978
731 869 888 954
621 820 724 961
942 582 1000 931
731 737 888 869
621 622 731 820
888 582 942 1000
731 582 888 737
520 622 621 871
731 471 1000 582
520 471 731 622
458 471 520 1000
458 408 1000 471
458 341 1000 408
399 341 458 1000
328 341 399 1000
256 341 328 1000
256 277 1000 341
256 209 1000 277
256 118 1000 209
256 0 1000 118
137 0 256 1000
0 0 137 1000
906 408 949 498
992 219 1000 999
695 969 924 1000
825 582 949 665
949 704 992 1000
752 509 943 582
752 408 906 509
695 896 913 969
695 823 915 896
752 325 949 408
695 756 949 823
686 325 752 582
625 756 695 1000
949 219 992 704
588 325 686 582
500 756 625 1000
437 325 588 582
500 665 949 756
373 665 500 1000
241 665 373 1000
241 582 825 665
241 325 437 582
152 325 241 1000
152 219 949 325
152 117 1000 219
152 0 1000 117
0 0 152 1000
951 945 982 965
982 865 1000 1000
711 980 854 999
839 719 867 821
908 889 951 965
711 949 867 980
540 825 572 982
982 441 1000 865
774 719 839 870
473 825 540 984
711 870 867 949
951 441 982 945
574 870 711 1000
908 441 951 889
867 441 908 973
867 267 1000 441
574 719 774 870
574 589 867 719
574 441 867 589
574 267 867 441
473 267 574 825
391 267 473 1000
308 267 391 1000
169 267 308 1000
169 135 1000 267
169 0 1000 135
0 0 169 1000
