565 997 582 999
476 997 565 998
608 916 621 926
997 877 1000 980
817 804 824 859
249 997 476 999
817 652 824 804
757 681 770 771
470 887 510 928
966 877 997 963
326 501 335 811
608 579 617 916
608 298 621 579
798 652 817 854
773 973 945 996
326 485 608 501
309 485 326 811
309 465 608 485
798 427 827 652
988 0 999 752
309 434 608 465
773 890 889 973
470 811 597 887
720 681 757 944
773 427 798 890
773 366 966 427
249 962 586 997
382 811 470 962
309 378 608 434
720 366 773 681
690 366 720 1000
966 0 988 877
249 811 382 962
657 366 690 1000
657 288 966 366
622 288 657 1000
622 214 966 288
249 378 309 811
249 298 608 378
249 214 622 298
249 169 966 214
210 169 249 1000
169 169 210 1000
169 116 966 169
169 62 966 116
169 0 966 62
118 0 169 1000
65 0 118 1000
0 0 65 1000
265 844 270 845
990 748 997 797
205 629 210 921
990 521 997 748
571 471 770 481
265 423 270 844
118 926 151 993
571 464 930 471
234 880 261 983
271 992 698 999
188 629 205 837
61 926 118 997
560 464 571 897
560 450 930 464
560 436 930 450
158 733 187 928
560 420 930 436
560 401 930 420
959 521 990 760
930 521 959 795
210 519 231 920
0 705 53 868
61 831 158 926
61 733 158 831
271 975 969 992
61 629 188 733
533 401 560 897
930 322 997 521
234 423 265 880
533 365 930 401
61 519 210 629
61 423 234 519
533 322 930 365
503 322 533 897
0 423 61 705
471 322 503 897
471 287 1000 322
439 287 471 897
271 938 803 975
439 244 1000 287
271 897 879 938
439 198 1000 244
439 143 1000 198
389 143 439 897
389 76 1000 143
334 76 389 897
271 76 334 897
271 0 1000 76
0 0 271 423
459 823 460 920
843 998 900 1000
298 983 316 1000
617 998 843 1000
423 592 426 885
752 645 760 864
617 975 706 998
752 615 915 645
180 806 263 881
298 720 322 983
717 892 825 953
617 892 717 975
718 615 752 864
718 569 915 615
940 375 999 526
718 523 915 569
459 108 472 823
370 592 423 780
617 864 996 892
915 375 940 806
103 524 266 605
103 452 298 524
718 452 915 523
103 379 298 452
103 303 298 379
718 375 915 452
684 375 718 864
684 321 1000 375
339 208 362 951
684 263 1000 321
653 263 684 864
59 806 180 963
298 208 339 720
617 263 653 864
59 303 103 806
59 208 298 303
617 201 1000 263
586 201 617 1000
429 108 459 935
586 140 1000 201
553 140 586 1000
553 76 1000 140
370 108 429 592
59 108 370 208
517 76 553 1000
517 0 1000 76
480 0 517 1000
59 0 480 108
0 0 59 1000
452 500 454 523
793 923 800 984
257 995 358 1000
452 229 454 500
695 540 699 848
478 969 547 988
690 540 695 848
257 988 635 995
502 356 617 393
676 540 690 848
377 809 404 982
445 229 452 976
493 356 502 969
676 511 912 540
655 511 676 848
655 479 912 511
655 446 912 479
655 411 912 446
478 356 493 969
655 376 924 411
637 923 793 984
637 376 655 923
328 477 357 825
162 305 178 978
637 345 1000 376
637 310 1000 345
617 310 637 988
617 274 1000 310
617 232 1000 274
478 232 617 356
455 232 478 988
455 197 1000 232
288 477 328 964
455 161 1000 197
455 124 1000 161
414 229 445 879
377 229 414 809
455 84 1000 124
288 229 377 477
125 305 162 921
288 84 455 229
288 47 1000 84
257 47 288 988
222 47 257 1000
46 305 125 755
222 0 1000 47
183 0 222 1000
46 0 183 305
0 0 46 1000
838 305 840 911
994 263 997 812
859 162 862 773
172 340 179 634
893 550 990 572
737 478 742 929
783 787 814 866
893 521 994 550
854 162 859 926
234 613 361 644
480 738 679 759
0 711 109 750
881 521 893 1000
480 708 679 738
881 462 994 521
679 631 732 761
881 399 994 462
881 335 994 399
234 552 361 613
881 263 994 335
825 305 838 948
783 548 820 787
881 186 1000 263
840 162 854 983
388 423 411 935
365 423 388 992
881 71 1000 186
143 340 172 825
480 631 679 708
480 566 737 631
234 423 365 552
862 71 881 1000
234 332 431 423
742 548 783 997
742 305 825 548
109 340 143 993
480 478 737 566
234 215 431 332
431 478 480 1000
431 395 742 478
431 305 742 395
431 236 840 305
431 162 840 236
431 71 862 162
431 0 1000 71
0 340 109 711
234 0 431 215
179 0 234 1000
0 0 179 340
461 895 508 914
236 245 241 496
191 831 234 873
535 915 588 964
191 763 234 831
350 511 363 801
890 570 907 799
781 750 890 787
191 676 241 763
56 871 90 1000
592 516 628 643
578 476 591 894
781 695 890 750
592 330 628 516
0 871 56 1000
505 706 576 812
733 695 781 888
628 938 987 964
733 633 890 695
733 570 890 633
974 396 997 840
401 915 535 994
697 570 733 923
908 505 940 906
697 505 908 570
697 451 974 505
697 396 974 451
505 476 578 706
697 339 1000 396
461 476 505 895
664 339 697 938
628 339 664 938
628 271 1000 339
628 203 1000 271
401 476 461 915
401 330 592 476
401 203 628 330
401 154 1000 203
401 105 1000 154
283 511 350 960
366 105 401 1000
283 105 366 511
0 676 191 871
241 105 283 1000
241 54 1000 105
241 0 1000 54
126 245 236 646
0 245 126 676
0 0 241 245
81 839 178 860
966 453 973 800
771 958 884 981
892 802 923 895
564 619 640 663
923 663 960 758
638 958 771 987
81 798 178 839
209 793 231 1000
564 605 923 619
81 740 178 798
209 733 304 793
993 145 1000 958
663 519 892 545
638 933 907 958
729 802 892 847
209 643 304 733
923 453 966 663
976 145 993 745
81 628 178 740
178 643 209 1000
638 802 729 933
663 468 920 519
178 537 304 643
564 468 663 605
566 802 638 1000
178 424 304 537
564 428 923 468
566 761 923 802
178 296 304 424
923 145 976 453
564 382 923 428
484 761 566 1000
494 382 564 663
399 761 484 1000
304 761 399 1000
409 382 494 663
304 719 923 761
304 675 923 719
304 382 409 675
81 296 178 628
304 329 923 382
304 272 923 329
304 215 923 272
304 145 923 215
304 75 1000 145
81 75 304 296
81 0 1000 75
0 0 81 1000
