295 994 302 999
570 262 572 455
540 800 543 959
295 977 388 994
784 929 851 953
540 446 545 800
908 941 989 975
194 858 237 924
444 900 511 944
737 929 784 1000
908 899 989 941
160 858 194 1000
561 262 570 849
527 446 540 858
737 880 851 929
851 899 908 1000
989 73 999 812
106 858 160 1000
295 910 417 977
851 838 989 899
444 766 511 900
546 262 561 881
737 786 851 880
295 829 444 910
106 762 237 858
678 786 737 1000
851 722 989 838
295 702 444 829
106 606 237 762
678 646 851 786
851 545 989 722
678 504 851 646
444 446 527 766
851 319 989 545
678 319 851 504
678 212 989 319
295 446 444 702
678 73 989 212
295 262 546 446
626 73 678 1000
572 73 626 1000
295 73 572 262
237 73 295 1000
237 0 1000 73
106 0 237 606
0 0 106 1000
576 814 579 871
853 533 855 660
576 709 579 814
995 724 1000 937
787 867 810 930
617 721 646 777
211 922 258 962
647 959 729 1000
971 793 995 937
995 0 1000 724
855 921 928 972
467 946 550 1000
787 669 810 867
971 591 995 793
579 849 647 961
617 388 647 721
855 782 928 921
756 669 787 999
467 828 576 946
467 709 576 828
647 824 756 959
414 709 467 1000
647 669 756 824
928 591 971 987
579 388 617 849
810 533 853 977
414 583 579 709
362 583 414 1000
310 583 362 1000
647 533 810 669
647 424 855 533
310 486 579 583
647 297 855 424
310 388 579 486
310 297 647 388
264 297 310 1000
211 297 264 922
211 242 855 297
928 0 995 591
147 242 211 1000
147 172 855 242
147 99 855 172
855 0 928 782
82 99 147 1000
82 0 855 99
0 0 82 1000
417 901 478 905
278 879 295 900
240 654 278 674
875 891 928 911
295 777 300 996
278 777 295 879
278 707 304 777
240 580 278 654
819 891 860 964
674 815 696 964
417 835 478 901
875 803 936 891
819 768 875 891
973 502 1000 778
210 580 240 831
81 958 273 999
278 308 304 707
712 887 817 996
609 815 674 1000
712 768 819 887
712 687 875 768
609 687 712 815
609 627 875 687
609 563 875 627
562 563 609 937
936 502 973 986
875 502 936 803
562 502 875 563
562 451 1000 502
521 451 562 1000
81 831 263 958
521 401 1000 451
478 401 521 1000
417 401 478 835
81 580 210 831
417 344 1000 401
417 284 1000 344
417 223 1000 284
364 223 417 1000
364 157 1000 223
304 157 364 1000
304 83 1000 157
81 308 278 580
304 0 1000 83
81 0 304 308
0 0 81 1000
627 950 694 951
769 573 774 637
535 511 546 623
765 573 769 904
451 924 471 1000
535 362 547 511
694 891 724 980
398 924 451 1000
873 847 955 919
955 719 986 930
304 924 398 1000
818 847 873 981
818 792 955 847
304 871 444 924
547 981 945 1000
304 833 535 871
304 792 535 833
304 750 535 792
818 719 955 792
818 656 1000 719
778 656 818 981
245 750 304 1000
181 750 245 1000
778 582 1000 656
181 694 535 750
778 492 1000 582
181 636 535 694
778 398 1000 492
181 575 535 636
694 573 765 891
181 509 535 575
181 438 535 509
627 573 694 950
134 438 181 1000
627 398 778 573
627 325 1000 398
627 249 1000 325
134 362 535 438
80 362 134 1000
627 154 1000 249
80 283 547 362
0 283 80 1000
547 154 627 981
547 0 1000 154
0 142 547 283
0 0 547 142
699 990 771 997
389 813 418 871
165 686 172 943
928 951 999 996
928 906 1000 951
699 931 754 990
870 906 928 1000
580 851 627 971
214 407 227 876
341 816 388 967
389 524 418 813
699 855 814 931
288 816 341 992
870 834 1000 906
227 800 286 960
633 855 699 1000
418 163 437 838
288 683 389 816
870 727 1000 834
870 619 1000 727
633 773 814 855
633 697 830 773
830 619 870 1000
633 616 830 697
288 524 389 683
185 407 214 970
830 510 1000 619
288 350 418 524
633 498 830 616
78 686 165 955
830 366 1000 510
633 366 830 498
227 350 288 800
78 407 185 686
633 279 1000 366
633 185 1000 279
580 185 633 851
227 163 418 350
78 163 227 407
535 185 580 1000
535 103 1000 185
491 103 535 1000
491 0 1000 103
437 0 491 1000
78 0 437 163
0 0 78 1000
220 946 240 989
998 457 1000 969
282 925 335 947
484 672 501 762
244 981 421 1000
314 684 335 874
875 957 973 1000
220 748 244 946
449 861 501 953
335 804 376 933
128 777 165 971
484 242 501 672
376 854 437 979
282 684 314 925
376 745 449 854
86 777 128 1000
875 854 998 957
165 748 220 989
875 740 998 854
376 541 449 745
807 740 875 1000
807 647 998 740
755 647 807 1000
703 647 755 1000
703 581 998 647
656 581 703 1000
606 581 656 1000
555 581 606 1000
449 242 484 861
376 242 449 541
335 242 376 804
282 242 335 684
555 521 998 581
244 242 282 981
555 457 998 521
501 457 555 1000
501 386 1000 457
501 311 1000 386
501 233 1000 311
501 152 1000 233
501 67 1000 152
244 67 501 242
244 0 1000 67
165 0 244 748
86 0 165 777
0 0 86 1000
118 799 119 992
931 906 936 977
504 928 582 942
512 895 556 924
941 901 1000 939
902 906 931 990
274 741 297 903
860 906 902 1000
499 709 582 761
442 928 504 1000
783 868 860 936
860 830 941 906
512 803 579 895
227 741 274 884
499 628 582 709
355 820 433 917
444 803 512 928
303 928 442 1000
355 702 444 820
703 868 783 1000
860 695 941 830
499 492 582 628
139 928 303 1000
703 787 860 868
703 695 860 787
444 492 499 803
975 182 1000 883
444 346 582 492
703 604 941 695
644 604 703 1000
0 799 118 996
644 522 941 604
941 182 975 901
355 346 444 702
300 346 355 928
644 410 941 522
300 219 582 346
582 410 644 1000
582 304 941 410
227 219 300 741
582 182 941 304
582 76 1000 182
139 219 227 928
139 76 582 219
139 0 1000 76
0 0 139 799
751 483 753 753
478 906 487 1000
784 261 787 799
478 875 532 906
532 940 605 981
614 932 684 1000
829 904 894 986
949 570 987 767
717 691 751 916
915 832 987 943
532 840 614 940
829 804 915 904
399 875 478 1000
532 709 614 840
949 263 985 570
829 675 915 804
399 787 532 875
987 57 1000 967
788 675 829 986
333 787 399 1000
788 564 915 675
788 443 915 564
333 709 532 787
333 653 614 709
333 593 614 653
333 528 614 593
915 263 949 832
753 261 784 927
333 451 614 528
788 263 915 443
289 451 333 1000
614 691 717 932
614 483 751 691
289 357 614 451
614 261 753 483
235 357 289 1000
235 261 614 357
235 195 788 261
235 128 788 195
189 128 235 1000
788 57 987 263
189 57 788 128
143 57 189 1000
143 0 1000 57
77 0 143 1000
0 0 77 1000
710 565 715 585
315 995 337 1000
455 989 499 1000
981 769 1000 802
710 296 717 565
702 783 718 922
389 943 455 1000
594 538 604 952
261 910 315 1000
981 488 1000 769
113 888 184 965
184 910 261 1000
813 944 962 993
389 819 455 943
910 693 981 820
423 410 455 727
266 633 304 910
455 901 594 989
455 807 594 901
813 871 999 944
389 410 423 819
910 488 981 693
676 296 710 745
455 692 594 807
868 488 910 871
352 410 389 914
604 783 702 980
813 488 868 871
455 538 594 692
315 410 352 995
315 250 455 410
184 633 266 910
766 488 813 1000
718 488 766 1000
718 383 1000 488
718 274 1000 383
604 296 676 783
455 296 604 538
718 145 1000 274
455 145 718 296
455 63 1000 145
184 250 315 633
184 63 455 250
184 0 1000 63
113 0 184 888
0 0 113 1000
74 998 194 1000
74 995 237 998
693 989 801 1000
340 230 343 939
968 722 986 862
990 261 1000 560
868 810 946 862
728 797 810 852
751 700 810 783
825 956 973 989
452 896 513 981
868 755 968 810
751 598 810 700
74 966 313 995
619 797 728 862
825 915 1000 956
868 672 968 755
825 862 1000 915
968 261 990 722
868 566 968 672
233 800 306 953
868 446 968 566
233 632 306 800
233 445 313 632
202 445 233 966
693 862 825 989
564 862 693 1000
313 230 340 981
810 446 868 862
619 598 751 797
149 445 202 963
619 446 810 598
619 355 968 446
619 261 968 355
564 261 619 862
564 181 1000 261
74 445 149 966
513 181 564 1000
452 181 513 896
452 94 1000 181
452 0 1000 94
74 230 313 445
400 0 452 1000
343 0 400 1000
74 0 343 230
0 0 74 1000
845 994 976 1000
709 687 778 700
261 344 263 831
814 291 817 720
167 800 175 967
258 344 261 892
191 938 258 967
594 980 817 997
907 847 1000 898
904 713 959 805
84 871 167 934
167 553 191 800
646 687 709 805
797 291 814 742
818 847 907 936
818 713 904 805
845 936 982 994
778 291 797 742
0 871 84 1000
818 654 1000 713
594 936 845 980
646 596 778 687
0 778 167 871
818 565 1000 654
569 596 646 805
818 473 1000 565
569 513 778 596
501 513 569 805
594 847 818 936
818 360 1000 473
449 847 594 1000
449 805 1000 847
501 404 778 513
818 192 1000 360
501 291 778 404
501 192 818 291
449 192 501 805
406 192 449 951
0 553 167 778
191 344 258 938
0 344 191 553
349 192 406 1000
349 107 1000 192
349 0 1000 107
263 0 349 1000
0 0 263 344
805 963 819 1000
888 866 947 883
163 994 493 999
735 902 762 991
735 866 805 902
888 821 947 866
587 676 598 954
735 821 805 866
568 676 587 870
805 908 884 963
454 790 489 939
888 723 947 821
454 712 545 790
689 821 735 1000
418 712 454 939
642 821 689 1000
642 769 805 821
163 953 385 994
568 356 599 676
986 0 999 788
642 695 805 769
363 712 418 939
363 640 545 712
599 695 642 1000
545 356 568 975
316 640 363 953
599 615 805 695
599 527 805 615
805 670 884 908
599 435 805 527
254 640 316 953
599 322 805 435
163 640 254 953
599 174 805 322
163 545 545 640
947 0 986 953
78 545 163 1000
888 0 947 723
78 451 545 545
78 356 545 451
78 267 599 356
78 174 599 267
805 0 888 670
78 91 805 174
78 0 805 91
0 0 78 1000
875 974 976 978
966 187 1000 210
466 582 513 607
243 614 344 630
762 615 939 630
947 518 988 597
875 921 965 974
580 544 664 604
508 904 585 972
947 416 1000 518
514 544 580 630
508 830 585 904
243 582 466 614
905 416 947 597
458 830 508 1000
514 486 664 544
585 711 626 927
854 416 905 615
875 825 982 921
394 830 458 1000
875 722 1000 825
243 534 514 582
243 486 514 534
817 187 966 276
815 722 875 985
762 416 854 615
762 337 1000 416
592 187 817 284
394 711 585 830
732 722 815 1000
243 428 664 486
298 711 394 1000
664 337 762 630
627 722 732 1000
188 711 298 1000
627 630 1000 722
188 630 627 711
243 337 664 428
76 630 188 1000
76 337 243 630
76 284 1000 337
76 187 592 284
76 130 1000 187
76 69 1000 130
76 0 1000 69
0 0 76 1000
980 926 982 999
294 682 297 964
965 589 988 640
94 962 146 993
951 926 980 984
897 811 946 861
653 886 747 917
197 885 294 922
857 725 874 944
897 734 946 811
653 836 747 886
951 589 965 926
875 734 897 1000
653 772 747 836
988 308 999 899
814 725 857 920
611 772 653 995
875 594 946 734
875 461 951 594
951 308 988 589
611 693 747 772
571 693 611 1000
524 693 571 1000
524 624 747 693
481 624 524 1000
814 461 875 725
430 624 481 1000
94 777 197 962
430 562 747 624
197 682 294 885
814 308 951 461
782 308 814 1000
375 562 430 1000
747 308 782 1000
375 493 747 562
747 200 1000 308
375 414 747 493
747 79 1000 200
298 414 375 1000
298 311 747 414
298 199 747 311
298 79 747 199
298 0 1000 79
197 0 298 682
94 0 197 777
0 0 94 1000
606 848 699 851
953 989 980 1000
606 831 637 848
419 952 630 957
594 958 624 1000
666 915 739 939
885 318 892 611
996 0 1000 691
878 701 891 946
666 851 743 915
654 680 693 831
892 816 926 1000
602 851 666 952
892 698 953 816
606 680 654 831
528 851 602 952
559 680 606 851
849 701 878 981
715 430 737 831
559 611 715 680
419 851 528 952
512 611 559 851
953 677 990 989
462 611 512 851
462 562 715 611
462 508 715 562
422 508 462 851
849 318 885 701
163 958 594 991
422 430 715 508
363 430 422 851
299 430 363 851
163 851 419 958
802 318 849 903
233 430 299 851
953 0 996 677
163 430 233 851
163 361 743 430
743 318 802 998
892 0 953 698
93 361 163 1000
743 0 892 318
93 267 743 361
93 158 743 267
0 158 93 1000
0 0 743 158
93 998 359 1000
839 522 852 611
736 986 857 997
888 945 946 986
881 874 940 921
669 595 758 631
909 524 956 606
573 858 910 874
818 791 903 858
756 874 881 921
855 524 909 638
669 516 758 595
855 447 956 524
93 986 736 998
809 732 948 789
669 431 766 516
687 945 888 986
766 522 839 637
323 921 886 939
614 431 669 638
855 306 956 447
542 431 614 638
467 431 542 638
573 791 818 858
467 373 766 431
766 306 855 522
323 874 756 921
323 791 573 874
380 373 467 638
93 945 687 986
279 373 380 638
323 732 809 791
323 686 956 732
323 638 956 686
219 638 323 945
279 306 766 373
279 256 956 306
279 199 956 256
93 638 219 945
956 90 999 993
187 199 279 638
93 199 187 638
93 146 956 199
93 90 956 146
93 0 1000 90
0 0 93 1000
685 974 702 1000
652 497 845 503
957 806 998 850
963 674 1000 745
963 316 1000 399
907 762 978 806
897 853 981 894
367 505 877 513
685 932 785 974
935 894 1000 960
907 674 963 762
782 762 907 806
907 613 1000 674
867 894 935 1000
569 932 685 1000
886 316 963 423
652 468 942 497
850 613 907 762
785 894 867 1000
436 932 569 1000
782 613 850 762
729 613 782 806
367 468 652 505
661 613 729 806
436 894 785 932
584 613 661 806
711 316 886 425
223 894 436 1000
367 425 942 468
449 613 584 806
449 564 1000 613
223 853 897 894
449 513 1000 564
346 513 449 806
223 806 957 853
223 513 346 806
367 316 711 425
142 513 223 1000
142 316 367 513
142 262 1000 316
142 203 1000 262
142 141 1000 203
74 141 142 1000
74 72 1000 141
74 0 1000 72
0 0 74 1000
963 390 970 415
429 440 646 442
709 433 952 440
855 902 878 986
429 433 709 440
666 978 775 996
982 651 999 801
976 496 982 927
891 443 980 493
847 788 915 868
666 934 797 978
915 836 958 975
789 788 847 902
562 934 666 1000
734 390 963 420
722 788 789 902
446 934 562 1000
722 746 915 788
722 703 915 746
770 292 916 365
982 0 999 651
664 703 722 902
446 902 855 934
598 703 664 902
429 390 734 433
429 365 970 390
523 703 598 902
446 703 523 902
915 496 976 836
446 651 915 703
446 598 915 651
429 292 770 365
446 542 915 598
386 542 446 1000
325 542 386 1000
262 542 325 1000
262 496 915 542
195 496 262 1000
195 443 891 496
125 443 195 1000
125 292 429 443
125 236 982 292
125 164 982 236
125 91 982 164
125 0 982 91
0 0 125 1000
478 470 479 949
267 783 271 940
481 890 510 929
455 911 474 973
876 942 910 995
510 263 515 877
274 385 282 784
391 925 439 1000
240 783 267 940
958 834 1000 943
0 947 101 993
819 876 876 971
109 954 246 1000
876 780 916 942
0 885 109 947
391 804 455 925
191 783 240 954
958 604 1000 834
455 470 478 911
709 876 819 1000
709 780 876 876
916 604 958 993
916 399 1000 604
481 263 510 890
282 804 391 973
282 695 455 804
709 675 916 780
709 568 916 675
657 568 709 1000
603 568 657 1000
603 484 916 568
603 399 916 484
603 325 1000 399
191 385 274 783
603 241 1000 325
603 153 1000 241
560 153 603 1000
515 153 560 1000
282 470 455 695
515 71 1000 153
282 263 481 470
282 71 515 263
109 385 191 954
282 0 1000 71
109 0 282 385
0 0 109 885
980 857 988 928
750 471 755 876
755 931 802 1000
670 801 707 910
708 910 755 1000
944 779 1000 857
707 741 747 880
802 958 959 1000
476 837 529 963
755 781 802 931
401 825 460 957
529 745 576 940
606 910 708 1000
944 611 1000 779
341 825 401 988
901 611 944 857
707 471 750 741
853 611 901 857
341 732 472 825
670 471 707 801
341 641 476 732
853 527 1000 611
300 641 341 988
853 408 1000 527
249 641 300 988
802 857 980 958
576 342 605 969
249 560 476 641
529 342 576 745
802 408 853 857
249 458 476 560
802 284 1000 408
802 152 1000 284
476 342 529 837
249 342 476 458
606 471 670 910
204 342 249 1000
755 152 802 781
157 342 204 1000
157 259 606 342
606 152 755 471
157 152 606 259
157 80 1000 152
88 80 157 1000
88 0 1000 80
0 0 88 1000
996 314 998 640
915 933 929 1000
863 691 906 715
445 890 1000 897
741 529 761 750
761 758 947 783
950 897 999 998
842 852 974 890
695 622 741 737
276 906 347 993
938 468 972 667
810 933 915 1000
276 805 355 906
642 622 695 783
972 314 996 687
761 715 975 758
842 783 1000 852
628 933 810 1000
276 649 355 805
720 783 842 890
187 799 270 971
550 622 642 783
187 630 276 799
403 933 628 1000
863 468 938 691
863 314 972 468
819 314 863 715
550 529 741 622
403 897 950 933
550 434 761 529
761 314 819 715
550 314 761 434
550 257 1000 314
445 783 720 890
493 257 550 783
493 197 1000 257
493 136 1000 197
445 136 493 783
403 136 445 897
403 70 1000 136
403 0 1000 70
355 0 403 1000
276 0 355 649
187 0 276 630
100 0 187 1000
0 0 100 1000
971 338 973 728
973 935 990 993
990 781 997 946
910 722 953 772
392 347 402 572
366 774 392 877
990 277 1000 781
896 889 971 967
299 706 330 901
366 499 392 774
830 889 896 1000
831 722 910 819
272 706 299 1000
754 722 831 829
830 829 971 889
775 829 830 1000
973 277 990 935
704 829 775 1000
626 829 704 1000
626 722 754 829
626 681 971 722
330 499 366 908
578 681 626 1000
530 681 578 1000
530 645 971 681
530 607 971 645
530 568 971 607
490 568 530 1000
448 568 490 1000
448 533 971 568
402 533 448 1000
402 490 971 533
402 446 971 490
402 393 971 446
163 706 272 991
402 338 971 393
163 499 330 706
163 347 392 499
402 277 973 338
402 214 1000 277
402 147 1000 214
163 147 402 347
163 77 1000 147
163 0 1000 77
87 0 163 1000
0 0 87 1000
361 926 389 943
804 586 807 759
361 918 492 926
471 944 492 1000
807 397 812 789
547 990 878 996
274 974 355 1000
634 970 758 989
929 625 966 704
995 169 1000 758
748 726 788 823
860 940 942 990
789 586 804 869
899 625 929 788
748 586 789 726
274 944 471 974
439 797 524 868
899 512 966 625
138 944 274 1000
361 868 518 918
242 868 361 944
634 869 777 970
439 650 547 797
966 169 995 732
360 650 439 868
360 557 547 650
302 557 360 868
242 557 302 868
860 788 997 940
242 487 547 557
899 169 966 512
190 487 242 944
138 487 190 944
860 169 899 788
82 487 138 1000
634 586 748 869
634 397 807 586
82 416 547 487
813 169 860 982
634 169 813 397
82 294 547 416
0 294 82 1000
0 187 547 294
547 169 634 990
547 0 1000 169
0 0 547 187
989 939 1000 964
460 623 470 849
945 796 958 996
687 788 748 841
584 841 738 872
373 923 435 1000
989 477 1000 939
920 796 945 1000
738 398 761 623
446 623 460 1000
959 690 989 898
692 872 755 1000
470 719 509 927
687 681 765 788
224 915 373 980
603 872 692 1000
224 837 373 915
509 872 603 1000
138 837 224 1000
841 796 920 976
687 398 738 681
766 796 841 1000
644 398 687 790
138 754 373 837
138 670 373 754
766 690 959 796
766 597 989 690
72 670 138 1000
373 623 446 923
470 120 509 719
0 670 72 1000
584 398 644 841
766 477 989 597
766 358 1000 477
584 229 765 398
0 586 373 670
0 497 373 586
766 196 1000 358
0 394 373 497
766 0 1000 196
509 229 584 872
373 120 470 623
0 262 373 394
0 120 373 262
509 0 766 229
0 0 509 120
805 998 822 1000
780 998 805 1000
233 792 252 822
976 771 995 809
249 475 252 762
842 842 901 860
780 991 939 998
203 822 253 869
404 814 447 870
522 814 580 870
842 788 907 842
253 991 780 1000
233 475 249 792
976 464 1000 771
172 884 245 1000
325 724 404 836
522 688 595 814
726 788 842 870
86 884 172 1000
465 688 522 870
203 475 233 822
726 729 907 788
465 605 595 688
943 464 976 817
907 464 943 861
726 647 907 729
465 489 595 605
650 647 726 870
465 334 595 489
650 560 907 647
650 464 907 560
650 392 1000 464
404 334 465 814
253 944 938 991
650 298 1000 392
650 193 1000 298
595 193 650 870
595 97 1000 193
404 97 595 334
86 475 203 884
325 97 404 724
253 870 986 944
253 97 325 870
253 0 1000 97
86 0 253 475
0 0 86 1000
482 616 485 873
887 878 988 886
451 832 482 859
196 998 868 1000
751 799 806 840
806 809 837 895
320 818 364 879
720 799 751 895
806 759 887 809
320 772 410 818
676 799 720 895
887 835 997 878
884 939 970 998
887 783 1000 835
451 616 482 832
768 939 884 998
806 673 887 759
261 772 320 895
676 741 806 799
0 922 106 995
0 848 137 922
410 616 451 895
563 939 768 998
261 687 410 772
0 750 137 848
806 454 887 673
676 599 806 741
887 614 1000 783
563 895 1000 939
410 297 490 616
261 514 410 687
887 347 1000 614
573 599 676 895
887 68 1000 347
261 297 410 514
573 454 806 599
196 895 563 998
573 331 887 454
490 331 573 895
490 200 887 331
490 68 887 200
261 68 490 297
196 68 261 895
196 0 1000 68
137 0 196 946
0 0 137 750
556 618 631 641
916 714 927 886
479 618 556 646
953 880 1000 927
930 880 953 1000
976 395 993 588
980 599 997 815
855 835 884 966
887 797 908 990
572 879 616 1000
283 618 479 646
587 467 640 576
580 722 647 813
784 898 852 995
916 196 930 714
751 504 784 765
855 564 887 835
976 0 1000 395
480 879 572 1000
513 467 587 618
497 722 580 879
647 887 770 1000
930 599 980 880
361 879 480 1000
393 722 497 879
887 196 916 797
215 879 361 1000
393 646 647 722
305 646 393 879
215 646 305 879
151 646 215 1000
784 564 855 898
80 646 151 1000
930 0 976 599
283 467 513 618
80 467 283 646
784 196 887 564
80 398 647 467
647 504 751 887
647 196 784 504
80 319 647 398
80 222 647 319
647 0 930 196
80 122 647 222
0 122 80 1000
0 0 647 122
383 903 410 905
553 687 564 777
660 543 665 861
417 777 549 794
836 668 848 941
668 914 712 1000
769 918 821 991
475 944 554 1000
486 836 556 903
908 924 1000 976
490 687 553 777
668 806 721 914
908 858 1000 924
383 836 486 903
333 944 475 1000
908 757 989 858
490 584 575 687
247 836 383 905
333 905 579 944
632 543 660 976
247 795 551 836
417 584 490 777
848 757 908 1000
170 905 333 1000
769 668 836 918
721 557 764 949
848 644 1000 757
848 529 1000 644
848 395 1000 529
721 92 768 557
579 543 632 993
848 199 1000 395
247 584 417 795
247 475 578 584
769 199 848 668
668 92 721 806
247 356 578 475
579 92 668 543
247 222 579 356
769 0 1000 199
170 222 247 905
170 92 579 222
170 0 769 92
114 0 170 1000
58 0 114 1000
0 0 58 1000
714 983 776 1000
276 979 355 1000
372 925 404 978
786 812 817 920
577 900 641 958
956 899 1000 997
650 779 680 923
517 958 674 990
443 695 469 904
680 825 713 992
714 943 854 983
817 664 854 856
884 899 956 1000
680 601 714 825
67 726 111 907
884 827 1000 899
884 751 1000 827
577 779 650 900
187 826 260 959
884 659 1000 751
817 374 854 664
517 779 577 958
517 707 680 779
884 553 1000 659
854 553 884 1000
786 374 817 812
757 374 786 861
372 695 443 925
517 601 680 707
0 726 67 989
854 431 1000 553
517 504 714 601
854 272 1000 431
714 374 757 943
517 374 714 504
372 410 469 695
517 272 854 374
469 272 517 1000
469 205 1000 272
276 410 372 979
469 95 1000 205
276 95 469 410
276 0 1000 95
187 0 276 826
113 0 187 1000
0 0 113 726
839 974 842 991
290 922 309 952
123 793 136 855
0 974 80 1000
309 418 317 694
477 991 786 1000
851 852 927 889
671 974 839 991
317 907 364 976
938 599 1000 670
978 318 1000 531
226 922 290 1000
907 485 952 599
893 907 994 974
370 728 401 1000
940 708 1000 856
226 812 309 922
821 485 907 599
821 406 978 485
851 708 940 852
782 708 851 907
821 318 978 406
771 318 821 599
671 907 893 974
778 599 938 696
370 220 401 728
709 318 771 599
709 255 1000 318
671 708 782 907
0 793 123 974
578 708 671 991
630 255 709 599
477 708 578 991
630 174 1000 255
630 91 1000 174
566 91 630 599
226 418 309 812
477 599 778 708
317 220 370 907
566 0 1000 91
137 418 226 964
0 418 137 793
477 0 566 599
0 220 317 418
401 0 477 1000
0 0 401 220
385 588 388 641
407 315 409 900
754 989 949 1000
377 588 385 881
523 989 754 1000
792 650 866 689
732 945 912 962
262 866 307 939
896 733 969 785
232 866 262 1000
896 689 1000 733
792 607 903 650
232 807 317 866
837 689 896 801
360 588 377 977
700 607 792 689
732 914 980 945
182 807 232 1000
523 964 972 989
736 689 837 801
388 315 407 959
700 557 981 607
182 699 317 807
603 689 736 801
700 503 981 557
317 588 360 962
123 699 182 1000
700 439 1000 503
317 315 388 588
123 595 317 699
73 595 123 1000
732 801 974 914
700 347 1000 439
0 595 73 1000
523 801 732 964
700 202 1000 347
0 455 317 595
0 315 317 455
0 201 409 315
603 202 700 689
523 202 603 801
523 101 1000 202
468 101 523 1000
468 0 1000 101
409 0 468 1000
0 0 409 201
306 821 312 900
584 160 586 558
581 160 584 692
564 704 581 812
493 893 523 1000
882 937 948 990
306 788 414 821
980 717 999 905
867 836 941 903
801 937 882 1000
742 913 999 937
283 900 414 960
523 604 560 839
564 160 581 704
414 787 493 910
185 900 283 1000
306 670 414 788
867 717 980 836
586 937 801 1000
414 591 493 787
237 670 306 900
867 596 1000 717
811 596 867 913
523 160 564 604
237 561 414 670
237 437 414 561
742 596 811 913
493 160 523 893
677 596 742 937
185 437 237 900
677 512 1000 596
185 312 414 437
677 423 1000 512
677 331 1000 423
677 236 1000 331
632 236 677 937
586 236 632 937
414 160 493 591
185 160 414 312
586 151 1000 236
586 64 1000 151
185 64 586 160
141 64 185 1000
97 64 141 1000
97 0 1000 64
0 0 97 1000
187 971 199 1000
457 996 723 999
258 927 283 1000
187 937 258 971
390 928 426 1000
425 751 456 866
919 866 980 925
300 590 313 905
928 706 971 816
331 897 384 989
318 441 331 856
187 831 258 937
141 726 187 926
828 866 919 969
457 970 840 996
839 706 928 823
726 866 828 969
748 706 839 823
748 657 980 706
748 600 980 657
258 590 300 927
587 866 726 969
425 285 456 751
587 823 980 866
187 590 258 831
668 600 748 823
587 600 668 823
74 726 141 999
980 0 999 969
187 441 318 590
587 549 980 600
390 285 425 928
587 487 980 549
587 420 980 487
74 441 187 726
331 285 390 897
587 326 980 420
525 326 587 970
74 285 331 441
74 178 457 285
525 229 980 326
525 117 980 229
457 117 525 970
457 0 980 117
74 0 457 178
0 0 74 1000
862 316 863 747
385 903 642 905
959 879 990 942
666 366 684 500
833 703 851 849
990 585 1000 857
863 965 972 992
534 969 652 1000
503 874 658 903
590 459 643 545
651 545 684 700
775 929 853 996
990 0 1000 585
503 836 666 874
684 929 775 1000
851 316 862 903
534 909 684 969
598 545 651 744
959 526 989 879
772 703 833 903
425 459 590 545
374 909 534 1000
503 746 684 836
178 909 374 1000
385 746 503 903
497 545 598 744
912 526 959 955
863 526 912 965
425 366 666 459
382 545 497 746
863 327 990 526
250 545 382 746
772 316 851 703
250 366 425 545
178 746 385 909
250 287 684 366
250 202 684 287
863 0 990 327
250 103 684 202
178 103 250 746
121 103 178 1000
684 316 772 929
684 0 863 316
121 0 684 103
62 0 121 1000
0 0 62 1000
922 744 961 787
863 730 901 787
113 949 171 1000
832 914 984 938
562 696 621 770
153 720 176 916
62 882 113 976
268 991 888 1000
179 910 268 981
514 614 562 746
863 619 922 730
811 938 944 991
921 787 1000 878
532 914 832 938
0 882 62 1000
153 402 179 720
461 614 514 787
756 663 859 766
179 781 268 910
828 787 921 914
756 543 863 663
696 543 756 787
960 301 997 701
922 301 960 744
624 543 696 787
624 469 863 543
863 301 922 619
863 163 1000 301
624 377 863 469
113 402 153 949
562 294 621 696
624 275 863 377
624 163 863 275
268 938 811 991
624 77 1000 163
461 294 562 614
461 77 624 294
409 77 461 787
532 787 828 914
268 787 532 938
409 0 1000 77
351 0 409 787
0 402 113 882
268 0 351 787
179 0 268 781
0 0 179 402
589 988 648 989
976 526 978 753
973 526 976 985
966 526 973 805
263 780 280 966
992 146 1000 740
183 375 197 836
648 862 700 995
286 880 347 996
923 736 966 901
589 862 648 988
62 859 123 991
816 874 893 987
0 859 62 1000
525 862 589 1000
923 526 966 736
816 785 923 874
816 687 923 785
979 146 992 985
525 794 700 862
525 726 700 794
525 649 700 726
197 780 263 991
484 649 525 1000
484 582 700 649
151 375 183 866
816 526 923 687
816 420 979 526
484 492 700 582
780 420 816 1000
484 382 700 492
780 288 979 420
440 382 484 1000
780 146 979 288
440 258 700 382
741 146 780 1000
395 258 440 1000
700 146 741 1000
347 258 395 1000
347 146 700 258
347 85 1000 146
286 85 347 880
286 0 1000 85
197 0 286 780
0 375 151 859
0 0 197 375
998 827 1000 829
188 911 199 943
934 665 938 922
981 827 998 895
849 806 890 843
188 748 201 911
177 748 188 973
818 806 849 902
922 665 934 958
391 981 824 991
757 806 818 893
757 764 890 806
98 901 177 973
728 764 757 981
693 764 728 981
656 764 693 981
656 729 890 764
622 729 656 981
584 729 622 981
584 697 890 729
890 665 922 976
548 697 584 981
511 697 548 981
98 748 177 901
511 665 890 697
981 0 1000 827
938 439 973 906
455 665 511 981
455 627 938 665
938 0 981 439
455 584 938 627
391 584 455 981
325 584 391 1000
325 539 938 584
325 493 938 539
260 493 325 1000
260 443 938 493
260 391 938 443
260 338 938 391
205 338 260 1000
205 266 938 338
205 185 938 266
205 98 938 185
205 0 938 98
98 0 205 748
0 0 98 1000
427 544 429 576
626 995 688 1000
511 818 555 836
500 516 508 755
802 701 999 711
944 524 994 570
626 988 990 995
913 889 951 988
905 524 944 642
407 544 427 785
206 976 472 995
860 889 913 988
206 945 427 976
860 839 999 889
905 445 994 524
905 369 1000 445
802 642 930 701
860 766 999 839
905 259 1000 369
809 766 860 988
875 259 905 642
756 766 809 988
842 259 875 642
691 766 756 988
691 719 1000 766
802 259 842 642
626 719 691 988
518 219 555 700
802 161 1000 259
555 719 626 1000
429 516 500 806
764 161 802 719
322 544 407 795
429 219 518 516
715 161 764 719
664 161 715 719
612 161 664 719
612 81 1000 161
612 0 1000 81
322 219 429 544
206 818 511 945
555 0 612 719
206 219 322 818
206 0 555 219
122 0 206 1000
0 0 122 1000
944 773 951 899
952 938 983 968
780 489 853 505
983 850 1000 935
934 464 974 505
755 789 825 816
550 988 765 999
278 988 550 1000
983 626 1000 850
485 489 780 505
654 789 755 836
915 773 944 972
654 915 825 954
654 749 825 789
886 342 989 420
500 915 654 968
873 773 915 1000
952 626 983 938
278 968 787 988
825 773 873 1000
485 464 934 489
500 879 825 915
654 661 825 749
552 661 654 836
447 661 552 836
447 612 825 661
825 626 952 773
278 879 500 968
825 505 1000 626
485 421 977 464
447 553 825 612
368 553 447 836
278 836 798 879
278 553 368 836
278 505 825 553
485 342 886 421
278 342 485 505
278 291 1000 342
226 291 278 1000
160 291 226 1000
160 230 1000 291
160 163 1000 230
160 85 1000 163
160 0 1000 85
86 0 160 1000
0 0 86 1000
503 929 522 1000
889 800 958 833
396 879 444 928
215 948 262 1000
889 934 934 1000
976 658 995 822
328 882 389 936
503 872 576 929
396 783 444 879
889 880 990 934
328 780 389 882
106 887 185 966
809 800 889 879
809 754 958 800
824 880 889 1000
106 806 207 887
396 560 435 783
396 378 444 560
503 751 576 872
215 848 328 948
716 880 824 1000
106 685 215 806
328 560 389 780
444 751 503 1000
583 880 716 1000
809 658 976 754
444 628 583 751
809 564 1000 658
752 564 809 880
752 489 1000 564
752 413 1000 489
707 413 752 880
646 413 707 880
583 413 646 880
444 413 583 628
444 357 1000 413
215 560 328 848
215 378 396 560
444 297 1000 357
444 236 1000 297
444 171 1000 236
215 171 444 378
215 104 1000 171
106 104 215 685
106 0 1000 104
0 0 106 1000
442 234 443 581
997 558 1000 770
997 337 1000 558
995 337 997 903
0 981 81 1000
119 922 162 981
726 987 922 1000
962 788 995 867
185 786 226 853
336 909 369 1000
817 879 862 964
942 788 962 999
726 964 930 987
185 686 233 786
336 853 425 909
185 575 233 686
233 917 311 996
942 663 995 788
817 813 918 879
0 922 119 981
942 523 995 663
942 337 995 523
233 793 330 917
425 234 442 983
726 813 817 964
638 813 726 1000
638 750 942 813
638 686 942 750
576 686 638 1000
124 575 185 914
336 619 425 853
576 627 942 686
509 627 576 1000
509 565 942 627
443 565 509 1000
336 234 425 619
443 493 942 565
443 418 942 493
443 337 942 418
443 260 1000 337
0 575 124 922
233 234 336 793
443 138 1000 260
443 0 1000 138
0 234 233 575
0 0 443 234
613 128 615 763
531 949 583 990
957 913 984 1000
748 683 778 783
210 988 493 999
421 598 447 727
755 818 778 968
684 836 712 992
308 718 421 759
506 547 531 749
501 759 531 941
712 818 755 953
531 803 584 949
778 901 864 998
748 361 778 683
362 884 467 988
615 836 684 1000
957 630 1000 913
447 547 506 759
615 706 712 836
447 392 531 547
887 758 946 978
308 598 421 718
308 497 447 598
308 392 447 497
778 758 887 901
712 361 748 818
362 759 501 884
584 128 613 914
778 630 957 758
778 521 1000 630
778 396 1000 521
778 269 1000 396
778 138 1000 269
778 0 1000 138
615 361 712 706
210 759 362 988
531 128 584 803
210 392 308 759
148 392 210 1000
148 275 531 392
148 128 531 275
615 0 778 361
148 0 615 128
80 0 148 1000
0 0 80 1000
