789 523 792 927
968 684 997 766
782 523 789 906
890 719 937 815
387 720 406 1000
615 696 766 739
278 856 337 970
766 523 782 956
387 648 514 720
837 719 890 915
837 602 946 719
615 611 766 696
837 479 947 602
575 611 615 964
968 184 999 684
575 523 766 611
536 523 575 1000
387 523 536 648
796 479 837 983
796 342 947 479
387 469 796 523
387 410 796 469
339 410 387 1000
339 342 796 410
339 289 968 342
278 289 339 856
225 289 278 1000
225 238 968 289
225 184 968 238
173 184 225 1000
173 130 1000 184
173 73 1000 130
106 73 173 1000
106 0 1000 73
0 0 106 1000
907 522 908 941
579 648 761 658
565 648 579 931
812 478 831 740
187 425 266 496
432 231 443 763
350 908 422 991
371 730 432 828
371 413 392 730
538 648 565 931
187 371 350 425
761 597 798 834
371 231 432 413
538 597 761 648
538 553 812 597
836 776 895 978
350 231 371 908
499 553 538 1000
836 522 907 776
925 577 977 924
187 231 350 371
925 228 992 577
499 478 812 553
499 403 836 478
154 231 187 1000
836 228 925 522
499 316 836 403
499 228 836 316
499 162 1000 228
499 65 1000 162
447 65 499 1000
154 65 447 231
154 0 1000 65
83 0 154 1000
0 0 83 1000
902 472 905 599
906 844 953 864
977 181 979 717
375 689 383 940
981 735 994 910
906 755 953 844
959 580 976 837
170 616 182 995
655 592 668 995
375 662 572 689
572 592 655 670
375 625 572 662
981 63 994 735
906 580 959 755
375 563 572 625
669 353 698 820
343 563 375 1000
343 495 572 563
170 495 343 616
170 440 572 495
572 353 669 592
124 440 170 1000
124 382 572 440
124 320 572 382
906 181 977 580
799 472 902 767
799 181 906 472
73 320 124 1000
73 242 572 320
73 164 572 242
572 181 799 353
572 63 981 181
73 63 572 164
73 0 1000 63
0 0 73 1000
828 321 835 326
595 315 770 326
411 737 859 742
939 656 982 708
400 737 411 981
569 981 802 1000
939 570 992 656
379 737 400 981
355 737 379 981
330 737 355 981
330 725 859 737
210 981 569 1000
896 674 933 859
939 431 1000 570
296 725 330 981
896 431 939 674
249 725 296 981
249 532 314 725
828 223 985 321
210 532 249 981
859 431 896 951
168 532 210 1000
168 503 859 532
595 223 828 315
168 467 859 503
582 326 1000 385
168 431 859 467
168 397 1000 431
168 326 582 397
168 223 595 326
168 165 1000 223
98 165 168 1000
98 85 1000 165
98 0 1000 85
0 0 98 1000
267 255 268 802
164 673 195 704
271 993 464 998
73 816 96 874
200 608 204 981
803 519 1000 535
338 430 435 486
97 673 164 763
97 608 200 673
206 745 243 934
338 387 522 430
562 592 803 629
419 904 519 993
803 469 1000 519
338 333 522 387
0 816 73 960
562 547 803 592
97 502 206 608
271 904 419 993
803 396 1000 469
206 505 267 745
206 255 267 505
522 547 562 1000
522 477 803 547
522 396 803 477
97 255 206 502
522 328 1000 396
522 255 1000 328
271 333 338 904
522 172 1000 255
271 172 522 333
0 255 97 816
271 93 1000 172
271 0 1000 93
0 0 271 255
996 324 999 466
996 0 999 324
566 795 577 920
566 436 577 795
376 515 566 537
145 702 228 767
853 426 876 701
746 517 799 670
853 108 882 426
355 515 376 1000
145 555 228 702
116 555 145 1000
746 282 805 517
81 555 116 1000
44 555 81 1000
355 436 566 515
703 282 746 734
355 345 577 436
44 488 355 555
44 417 355 488
44 345 355 417
44 302 577 345
660 282 703 844
577 627 650 971
577 282 660 627
0 302 44 1000
883 426 962 823
0 246 577 302
806 108 853 836
0 180 577 246
577 108 806 282
0 108 577 180
0 57 883 108
883 0 996 426
0 0 883 57
340 407 341 586
338 407 340 598
997 378 999 920
984 378 997 540
444 961 527 990
478 408 485 961
469 408 478 961
460 408 469 961
460 398 984 408
285 714 333 823
315 407 338 661
444 398 460 961
285 407 315 714
229 850 302 993
421 398 444 857
421 378 984 398
421 357 1000 378
421 333 1000 357
400 333 421 1000
373 333 400 1000
342 333 373 953
342 299 1000 333
342 265 1000 299
342 230 1000 265
342 195 1000 230
342 158 1000 195
342 121 1000 158
229 407 285 850
229 121 342 407
183 121 229 1000
128 121 183 1000
128 65 1000 121
64 65 128 1000
64 0 1000 65
0 0 64 1000
984 652 987 669
998 424 1000 537
998 131 1000 424
987 131 998 265
984 131 987 652
321 852 335 1000
883 854 992 877
447 494 634 527
669 750 701 1000
447 445 634 494
390 747 599 794
883 762 996 854
321 813 634 852
669 691 883 750
447 374 634 445
913 131 984 318
669 621 883 691
669 542 883 621
669 454 883 542
634 454 669 1000
883 131 913 762
634 369 883 454
390 374 447 747
634 264 883 369
321 374 390 813
321 264 634 374
264 264 321 1000
264 196 883 264
211 196 264 1000
156 196 211 1000
156 131 883 196
156 71 1000 131
156 0 1000 71
86 0 156 1000
0 0 86 1000
198 766 353 771
198 760 353 766
728 653 865 664
79 753 86 992
971 309 977 602
642 864 752 887
952 887 995 961
353 988 924 999
906 443 971 611
642 775 766 864
0 633 79 804
728 546 869 653
779 887 952 979
198 656 353 760
138 656 198 925
869 443 906 886
138 575 353 656
138 493 353 575
642 546 728 775
138 387 353 493
642 443 869 546
138 269 353 387
584 443 642 887
584 374 971 443
528 374 584 887
79 269 138 753
0 269 79 633
528 309 971 374
528 239 1000 309
528 152 1000 239
353 887 779 988
528 0 1000 152
443 0 528 887
353 0 443 887
0 0 353 269
937 648 948 701
952 814 956 995
212 469 428 478
510 901 574 972
921 648 937 961
550 469 570 750
854 745 880 986
854 513 883 745
630 818 761 872
212 434 428 469
212 392 428 434
212 347 428 392
510 818 630 901
952 568 993 814
952 321 993 568
921 321 952 648
781 765 827 998
192 347 212 1000
510 469 550 818
510 412 781 469
884 321 921 760
781 513 854 765
781 321 884 513
192 245 428 347
468 412 510 1000
468 321 781 412
468 267 1000 321
428 267 468 1000
151 245 192 960
428 212 1000 267
428 144 1000 212
428 75 1000 144
428 0 1000 75
151 0 428 245
0 0 151 1000
282 412 283 953
997 562 1000 887
997 223 1000 562
893 642 930 680
930 509 935 904
971 876 990 995
199 943 272 980
602 452 889 466
602 437 889 452
602 422 889 437
971 652 990 876
990 223 997 908
590 422 602 1000
576 422 590 1000
971 223 990 652
561 422 576 1000
282 363 461 412
561 394 889 422
561 360 889 394
930 223 971 509
540 360 561 1000
540 317 889 360
893 223 930 642
540 271 893 317
540 223 893 271
199 651 272 943
505 223 540 1000
463 223 505 1000
463 161 1000 223
282 161 463 363
199 161 282 651
145 161 199 1000
145 84 1000 161
145 0 1000 84
0 0 145 1000
682 962 683 981
774 827 795 829
360 950 371 987
659 962 682 993
478 199 480 572
466 372 469 655
475 199 478 778
449 372 466 528
371 427 378 918
126 721 140 1000
126 701 360 721
360 427 371 950
378 372 449 462
480 962 659 999
480 942 827 962
126 668 360 701
774 520 800 827
774 482 1000 520
126 629 360 668
97 629 126 1000
378 199 475 372
774 386 1000 482
97 545 360 629
774 278 1000 386
480 829 733 942
97 427 360 545
700 278 774 829
700 140 1000 278
627 140 700 829
627 0 1000 140
559 0 627 829
97 199 378 427
480 0 559 829
97 0 480 199
0 0 97 1000
