343 469 362 606
362 780 380 1000
362 752 633 780
811 658 968 708
362 720 633 752
778 658 811 1000
230 864 339 967
362 636 633 720
710 658 778 1000
362 534 633 636
710 558 1000 658
633 558 710 1000
230 469 343 864
362 362 633 534
633 427 1000 558
133 469 230 994
633 279 1000 427
633 117 1000 279
362 117 633 362
362 0 1000 117
133 0 362 469
0 0 133 1000
623 697 628 1000
368 868 391 949
623 680 916 697
318 868 368 975
916 588 983 724
623 634 916 680
623 588 916 634
623 552 1000 588
397 544 486 761
0 842 155 993
318 544 397 868
623 471 1000 552
179 544 318 797
179 440 538 544
0 609 167 842
179 296 538 440
623 327 1000 471
538 327 623 1000
538 179 1000 327
538 0 1000 179
179 0 538 296
0 0 179 609
997 587 1000 902
516 989 742 1000
576 624 585 979
576 615 997 624
516 979 955 989
326 478 355 697
576 587 997 615
246 594 325 746
115 594 246 730
576 542 1000 587
115 478 326 594
576 480 1000 542
516 480 576 979
516 413 1000 480
516 322 1000 413
447 322 516 1000
356 322 447 1000
356 221 1000 322
356 110 1000 221
115 110 356 478
115 0 1000 110
0 0 115 1000
954 368 1000 401
439 273 491 328
491 867 570 909
708 753 725 980
852 777 885 988
818 777 852 1000
781 777 818 1000
781 713 954 777
215 611 364 786
781 556 954 713
781 368 954 556
781 183 1000 368
708 183 781 753
364 273 439 836
655 183 708 1000
594 183 655 1000
215 273 364 611
132 273 215 956
594 0 1000 183
491 0 594 867
132 0 491 273
0 0 132 1000
996 507 999 733
996 0 999 507
330 506 341 855
522 704 761 752
470 704 522 1000
470 638 782 704
782 595 838 968
163 506 330 642
470 561 782 638
968 0 996 911
409 561 470 1000
871 0 968 278
342 561 409 1000
342 485 782 561
342 409 782 485
342 320 782 409
342 226 782 320
163 226 342 506
782 0 871 595
163 123 782 226
163 0 782 123
0 0 163 1000
347 728 355 825
844 770 1000 780
253 883 378 914
347 701 538 728
347 672 564 701
167 883 253 1000
798 770 844 1000
748 770 798 1000
653 770 748 1000
653 706 1000 770
653 625 1000 706
167 672 347 883
653 494 1000 625
167 556 564 672
167 433 564 556
653 344 1000 494
167 301 564 433
653 180 1000 344
564 180 653 1000
564 0 1000 180
167 0 564 301
0 0 167 1000
830 494 846 883
830 426 933 494
618 608 645 919
589 608 618 991
589 551 830 608
830 343 1000 426
557 551 589 1000
557 486 830 551
513 486 557 1000
513 414 830 486
471 414 513 1000
471 343 830 414
425 343 471 1000
376 343 425 1000
376 290 1000 343
320 290 376 1000
260 290 320 1000
260 220 1000 290
260 123 1000 220
151 123 260 1000
151 0 1000 123
0 0 151 1000
561 539 575 820
338 841 373 1000
813 796 844 1000
773 796 813 1000
740 727 904 780
338 788 561 841
338 717 561 788
740 644 970 727
740 548 1000 644
647 796 773 1000
740 417 1000 548
647 417 740 796
338 539 561 717
647 301 1000 417
577 301 647 1000
338 301 577 539
247 301 338 1000
143 301 247 1000
143 206 1000 301
143 106 1000 206
143 0 1000 106
0 0 143 1000
987 250 994 540
541 794 552 1000
987 0 998 250
732 476 941 530
349 568 455 687
751 734 918 815
473 794 541 1000
396 794 473 1000
294 794 396 1000
294 734 751 794
170 734 294 1000
349 476 732 568
170 687 939 734
170 476 349 687
91 476 170 1000
941 0 987 967
0 476 91 1000
0 404 941 476
0 324 941 404
0 235 941 324
0 134 941 235
0 0 941 134
921 785 964 813
509 891 529 1000
992 414 999 763
619 645 790 697
921 647 988 785
509 853 790 891
863 853 964 970
619 560 790 645
921 414 992 647
863 414 921 853
790 414 863 846
509 560 619 853
509 414 790 560
437 414 509 1000
437 330 1000 414
437 238 1000 330
437 130 1000 238
364 130 437 1000
364 0 1000 130
279 0 364 1000
177 0 279 1000
0 0 177 1000
631 620 640 945
548 981 845 992
576 945 748 974
631 598 897 620
971 431 990 894
604 598 631 945
576 598 604 945
548 598 576 981
548 563 897 598
548 519 897 563
548 475 971 519
510 475 548 1000
510 431 971 475
402 431 510 1000
402 322 1000 431
303 322 402 1000
303 225 1000 322
214 225 303 1000
214 113 1000 225
102 113 214 1000
102 0 1000 113
0 0 102 1000
568 937 639 940
387 937 568 942
645 498 653 781
966 517 985 702
645 469 859 498
387 908 658 937
645 425 859 469
104 948 661 973
590 425 645 781
590 352 859 425
590 278 859 352
417 278 590 445
387 781 644 908
348 278 417 781
859 517 966 890
259 278 348 781
104 781 387 948
859 0 986 517
104 278 259 781
104 166 859 278
0 166 104 1000
0 0 859 166
996 0 998 313
769 408 907 426
769 379 907 408
485 914 566 967
907 531 950 642
707 690 775 793
599 690 707 821
234 914 485 985
0 914 234 1000
698 379 769 690
0 882 733 914
966 0 996 787
599 379 698 690
907 0 966 531
460 379 599 634
460 291 907 379
0 828 733 882
333 291 460 828
333 151 907 291
200 151 333 828
0 151 200 828
0 0 907 151
461 479 463 988
458 479 461 858
441 479 458 622
777 867 813 1000
441 332 494 479
777 821 1000 867
827 372 928 482
827 305 1000 372
777 736 1000 821
827 169 1000 305
683 736 777 1000
683 641 1000 736
752 169 827 641
314 708 441 988
752 0 1000 169
683 0 752 641
314 332 441 708
183 332 314 910
591 0 683 1000
494 0 591 1000
183 0 494 332
0 0 183 1000
675 786 680 799
675 469 681 786
667 469 675 800
817 474 1000 506
817 438 1000 474
650 469 667 890
650 400 807 469
817 374 1000 438
817 294 1000 374
650 294 817 400
650 224 1000 294
607 224 650 887
333 369 408 808
560 224 607 1000
244 369 333 803
492 224 560 1000
492 103 1000 224
127 369 244 940
410 103 492 1000
127 103 410 369
127 0 1000 103
0 0 127 1000
851 640 1000 655
787 732 816 841
769 732 787 989
836 640 851 999
769 640 836 732
750 640 769 999
516 730 575 921
0 889 197 973
427 730 516 933
672 640 750 1000
0 748 199 889
672 530 1000 640
578 530 672 1000
578 422 1000 530
578 298 1000 422
427 298 578 730
328 298 427 1000
227 298 328 1000
227 204 1000 298
227 105 1000 204
227 0 1000 105
0 0 227 748
