367 655 372 792
132 657 169 781
803 862 838 1000
803 835 997 862
803 804 997 835
101 657 132 980
803 745 997 804
0 657 101 789
426 771 529 928
734 745 803 1000
734 678 997 745
426 583 529 771
373 583 426 988
266 655 367 888
373 448 554 583
734 581 997 678
373 303 554 448
734 475 997 581
666 475 734 1000
266 303 373 655
554 475 666 1000
181 303 266 1000
554 331 997 475
554 174 997 331
554 0 1000 174
181 0 554 303
0 0 181 657
764 943 823 950
627 743 687 792
577 943 764 966
900 675 962 792
253 943 577 966
818 675 900 792
894 792 997 909
169 969 727 1000
627 642 818 743
332 724 436 943
740 792 894 943
332 554 471 724
627 494 818 642
541 792 740 943
818 500 997 675
818 317 997 500
627 317 818 494
627 193 997 317
541 193 627 792
471 193 541 943
471 86 997 193
332 86 471 554
253 86 332 943
169 86 253 969
86 86 169 1000
0 86 86 1000
0 0 997 86
542 765 571 774
811 861 832 992
239 838 305 884
576 849 611 1000
762 861 811 1000
505 765 542 1000
762 751 852 861
931 661 1000 856
239 608 305 838
655 751 762 943
655 646 852 751
852 661 931 925
852 519 1000 661
655 519 852 646
576 519 655 849
576 455 1000 519
576 386 1000 455
576 314 1000 386
576 238 1000 314
505 238 576 765
126 608 239 949
505 151 1000 238
505 0 1000 151
409 0 505 1000
305 0 409 1000
126 0 305 608
0 0 126 1000
305 908 345 1000
638 789 763 830
860 896 912 1000
860 853 1000 896
638 721 769 789
860 781 1000 853
638 642 769 721
638 561 769 642
860 685 1000 781
583 561 638 887
499 887 710 974
860 513 1000 685
583 420 769 561
860 317 1000 513
817 317 860 1000
769 317 817 1000
305 583 414 908
499 420 583 887
499 262 769 420
769 115 1000 317
432 262 499 1000
432 115 769 262
432 0 1000 115
305 0 432 583
215 0 305 1000
116 0 215 1000
0 0 116 1000
949 403 952 439
546 960 739 962
954 349 985 399
817 670 846 818
612 459 699 540
815 818 888 975
546 892 739 960
817 591 1000 670
612 403 949 459
732 591 817 818
467 403 612 540
546 818 815 892
620 591 732 818
467 349 954 403
500 591 620 818
364 818 546 975
364 591 500 818
364 540 1000 591
292 540 364 1000
292 349 467 540
232 349 292 1000
232 297 1000 349
232 243 1000 297
125 243 232 1000
125 138 1000 243
125 0 1000 138
0 0 125 1000
539 556 572 561
500 981 873 982
819 459 844 520
539 549 971 556
963 671 975 1000
803 800 896 857
836 353 985 407
896 737 963 860
836 302 1000 353
539 520 906 549
739 302 836 459
539 459 819 520
739 228 1000 302
739 142 1000 228
639 800 803 939
500 800 639 981
649 142 739 459
327 800 500 1000
539 142 649 459
327 737 896 800
134 737 327 1000
417 142 539 561
134 671 963 737
134 561 1000 671
134 142 417 561
134 0 1000 142
0 0 134 1000
501 448 504 913
293 947 331 1000
454 781 497 850
627 822 695 891
598 822 627 1000
807 904 917 1000
192 778 293 909
454 448 501 781
504 822 598 1000
807 805 1000 904
695 805 807 1000
393 448 454 861
504 680 695 822
504 515 695 680
695 677 1000 805
695 547 1000 677
695 414 1000 547
695 269 1000 414
504 269 695 515
293 448 393 947
504 166 1000 269
293 166 504 448
192 166 293 778
192 88 1000 166
121 88 192 1000
121 0 1000 88
0 0 121 1000
94 998 425 1000
712 791 753 907
712 742 863 791
94 985 905 998
518 782 704 841
428 782 518 907
428 737 712 782
351 737 428 907
351 666 554 737
351 613 624 666
938 379 975 843
891 379 938 802
351 538 712 613
94 948 912 985
351 451 712 538
891 87 1000 379
94 907 914 948
351 342 712 451
712 399 863 742
712 87 891 399
251 342 351 907
251 219 712 342
251 87 712 219
251 0 1000 87
178 0 251 907
94 0 178 907
0 0 94 1000
700 740 849 758
887 701 988 755
887 648 1000 701
700 693 849 740
377 944 759 967
377 921 760 944
849 648 887 887
849 579 1000 648
231 921 377 1000
700 579 849 693
645 579 700 921
586 579 645 921
509 579 586 921
509 525 1000 579
509 464 1000 525
442 464 509 921
442 381 862 464
442 314 1000 381
379 314 442 921
379 244 1000 314
311 244 379 921
311 176 1000 244
311 92 1000 176
231 92 311 921
155 92 231 1000
155 0 1000 92
0 0 155 1000
553 977 641 1000
856 825 875 952
927 724 1000 778
595 820 655 917
553 820 595 977
897 519 914 969
927 615 1000 724
553 744 667 820
927 453 1000 615
856 519 897 825
553 624 667 744
667 520 705 903
474 624 553 819
927 220 1000 453
474 520 667 624
856 220 927 519
826 220 856 1000
474 385 715 520
765 220 826 780
715 220 765 1000
474 220 715 385
415 220 474 895
415 122 1000 220
330 122 415 1000
330 0 1000 122
200 0 330 1000
0 0 200 1000
850 502 989 543
628 789 935 810
783 859 1000 890
839 591 883 754
628 754 987 789
744 591 839 754
628 591 744 754
628 502 850 591
269 748 397 915
628 443 1000 502
408 956 965 996
628 382 1000 443
628 320 1000 382
628 246 1000 320
581 246 628 847
531 246 581 847
531 175 1000 246
408 859 783 956
466 175 531 859
466 88 1000 175
466 0 1000 88
269 387 400 748
408 0 466 859
269 0 408 387
214 0 269 1000
155 0 214 1000
0 0 155 1000
801 743 862 804
366 669 432 730
862 819 975 876
653 857 727 960
862 749 975 819
334 669 366 962
862 655 975 749
653 695 732 857
602 695 653 964
275 669 334 1000
537 695 602 1000
275 541 432 669
537 588 736 695
862 466 975 655
862 253 1000 466
801 253 862 743
760 253 801 1000
537 416 736 588
537 253 760 416
487 253 537 1000
432 253 487 1000
275 253 432 541
275 187 1000 253
275 117 1000 187
198 117 275 1000
198 0 1000 117
0 0 198 1000
996 101 997 940
546 904 569 1000
735 711 754 859
991 101 996 971
833 854 886 999
122 889 235 990
323 901 444 1000
754 776 833 928
684 711 735 1000
684 419 754 711
645 419 684 1000
122 670 235 889
961 101 991 982
546 619 643 904
472 619 546 1000
472 419 645 619
323 588 460 901
472 253 754 419
323 253 472 588
900 101 961 920
833 101 900 854
754 101 833 776
323 101 754 253
323 0 1000 101
253 0 323 1000
122 0 253 670
0 0 122 1000
504 466 506 735
977 659 985 970
254 838 285 1000
671 808 763 876
463 466 504 628
873 708 940 836
403 813 511 908
794 744 873 914
977 0 1000 659
570 808 671 1000
403 466 463 813
570 699 763 808
361 466 403 1000
570 598 794 699
511 598 570 1000
511 513 794 598
511 395 794 513
940 0 977 971
254 466 361 838
873 0 940 708
254 268 511 466
511 208 794 395
794 0 873 744
511 0 794 208
254 0 511 268
132 0 254 1000
0 0 132 1000
750 564 753 578
512 959 521 1000
373 981 423 1000
737 564 750 679
946 681 999 714
946 611 1000 681
722 564 737 995
753 882 830 1000
946 415 1000 611
373 761 434 981
753 808 946 882
373 614 512 761
753 699 946 808
753 577 946 699
661 564 722 956
595 564 661 995
753 415 946 577
512 564 595 959
512 415 753 564
512 335 1000 415
512 237 1000 335
373 237 512 614
263 237 373 1000
263 122 1000 237
150 122 263 1000
150 0 1000 122
0 0 150 1000
458 835 559 840
800 591 1000 609
783 591 800 804
783 573 1000 591
783 547 1000 573
783 517 1000 547
783 487 1000 517
755 487 783 804
714 487 755 740
714 431 1000 487
714 372 1000 431
458 644 552 835
675 372 714 860
616 372 675 860
616 287 1000 372
672 860 965 977
616 196 1000 287
559 196 616 860
458 196 559 644
388 196 458 860
305 860 672 999
388 109 1000 196
305 109 388 860
218 109 305 1000
218 0 1000 109
114 0 218 1000
0 0 114 1000
