814 931 990 972
701 931 814 998
330 931 701 998
582 788 951 931
582 657 1000 788
582 498 1000 657
582 326 1000 498
453 326 582 931
453 162 1000 326
330 162 453 931
330 0 1000 162
163 0 330 899
0 0 163 1000
583 727 698 774
889 602 1000 718
583 599 698 727
583 447 698 599
836 602 889 1000
516 447 583 1000
698 602 836 1000
387 447 516 1000
698 319 1000 602
698 0 1000 319
387 0 698 447
201 0 387 1000
0 0 201 1000
618 826 661 1000
618 767 917 826
935 518 999 865
618 647 935 767
618 518 935 647
335 685 505 948
618 348 1000 518
508 348 618 1000
508 186 1000 348
508 0 1000 186
335 0 508 685
178 0 335 1000
0 0 178 1000
474 787 620 822
429 787 474 984
782 786 920 1000
620 786 782 1000
620 651 1000 786
620 506 1000 651
620 360 1000 506
429 360 620 787
429 204 1000 360
317 204 429 1000
193 204 317 1000
193 0 1000 204
0 0 193 1000
575 774 616 954
840 729 1000 798
498 774 575 1000
387 774 498 1000
840 514 1000 729
387 663 727 774
727 514 840 901
236 663 387 1000
727 209 1000 514
236 462 727 663
236 209 727 462
236 0 1000 209
0 0 236 1000
