449 797 454 832
786 598 793 696
543 821 547 1000
442 395 444 788
457 200 480 265
306 517 395 538
454 200 457 961
870 667 877 1000
449 200 454 797
860 667 870 1000
592 640 611 821
444 200 449 969
860 634 1000 667
803 340 811 917
860 598 1000 634
395 778 442 887
860 552 1000 598
860 503 1000 552
860 448 1000 503
395 602 442 778
543 640 592 821
395 395 442 602
543 577 706 640
306 395 395 517
860 369 1000 448
107 803 168 990
287 395 306 1000
543 511 742 577
860 274 1000 369
287 302 444 395
742 598 786 935
245 529 286 892
543 436 742 511
742 340 803 598
287 200 444 302
543 340 742 436
543 274 860 340
186 529 245 984
543 205 1000 274
186 200 287 529
543 119 1000 205
107 200 186 803
480 119 543 1000
480 0 1000 119
107 0 480 200
0 0 107 913
802 868 969 879
716 897 742 1000
202 517 614 524
789 688 968 705
917 93 964 159
716 884 967 897
789 668 1000 688
760 668 789 831
676 289 890 312
802 831 945 868
582 189 776 220
662 884 716 1000
595 884 662 1000
390 313 844 332
706 668 760 831
202 505 941 517
647 668 706 831
647 640 1000 668
595 831 802 884
587 640 647 831
461 478 882 505
526 831 595 1000
821 93 917 224
518 640 587 831
829 332 993 429
676 230 951 289
427 831 526 1000
518 602 1000 640
427 602 518 831
461 435 953 478
372 602 427 1000
372 567 1000 602
582 93 821 189
390 230 676 313
316 567 372 1000
259 567 316 1000
390 93 582 230
181 567 259 1000
181 524 1000 567
461 332 829 435
88 524 181 1000
202 332 461 505
202 93 390 332
88 93 202 524
88 0 1000 93
0 0 88 1000
390 680 391 951
409 660 486 673
382 813 389 989
889 723 994 736
405 660 409 1000
889 710 994 723
171 607 176 884
994 554 999 954
486 993 832 1000
0 977 120 1000
148 607 171 766
394 660 405 1000
339 813 382 904
889 671 994 710
394 605 486 660
131 607 148 990
889 598 994 671
293 813 339 992
486 974 945 993
728 744 855 813
677 744 728 974
394 476 486 605
856 598 889 974
677 673 856 744
293 680 390 813
677 598 856 673
641 598 677 974
641 554 994 598
293 476 394 680
641 491 1000 554
641 423 1000 491
596 423 641 974
544 423 596 974
544 357 1000 423
544 290 1000 357
179 302 226 969
544 217 1000 290
486 217 544 974
0 607 131 977
293 217 486 476
227 217 293 1000
227 148 1000 217
0 302 179 607
227 76 1000 148
227 0 1000 76
0 0 227 302
568 292 570 849
686 513 892 520
608 186 610 919
933 74 935 988
605 186 608 958
491 724 528 793
879 761 892 960
995 0 1000 552
531 890 562 997
640 784 867 800
686 493 892 513
594 186 605 555
686 472 892 493
892 187 898 944
892 74 933 187
334 724 491 756
686 445 892 472
640 761 879 784
686 414 892 445
972 687 993 994
686 381 892 414
611 761 640 990
664 381 686 761
531 580 562 890
638 381 664 761
575 186 594 714
638 340 892 381
531 292 568 580
611 340 638 761
611 291 892 340
972 0 995 687
955 0 972 967
334 411 389 724
611 229 892 291
611 162 892 229
334 292 531 411
611 74 892 162
334 186 575 292
334 74 611 186
299 74 334 1000
248 74 299 1000
197 74 248 1000
144 74 197 1000
144 0 955 74
78 0 144 1000
0 0 78 1000
177 838 180 963
180 863 191 909
172 838 177 997
246 783 373 792
933 468 1000 488
379 637 383 986
373 637 379 986
180 629 191 863
616 923 657 1000
230 783 246 1000
230 758 373 783
749 737 856 773
522 589 551 740
922 468 933 889
522 473 563 589
83 838 172 914
449 682 477 933
373 543 449 637
563 202 574 884
749 672 888 737
192 758 230 1000
749 601 888 672
192 699 373 758
522 202 563 473
192 633 373 699
888 468 922 889
192 543 373 633
749 468 888 601
706 468 749 923
83 629 180 838
192 454 449 543
706 389 1000 468
192 354 449 454
706 296 1000 389
660 296 706 923
660 204 1000 296
449 202 522 682
660 100 1000 204
616 100 660 923
575 100 616 1000
192 202 449 354
192 100 575 202
192 50 1000 100
192 0 1000 50
83 0 192 629
0 0 83 1000
830 983 946 988
534 996 920 999
552 682 1000 685
552 679 1000 682
268 914 322 945
235 914 268 973
197 914 235 973
177 578 184 991
240 386 247 872
552 670 1000 679
534 983 830 996
346 281 353 833
197 885 334 914
534 670 552 983
534 656 1000 670
534 640 1000 656
354 653 377 980
334 281 346 924
154 578 177 932
222 386 240 877
534 620 1000 640
354 186 377 653
197 386 222 885
500 620 534 1000
464 620 500 1000
197 281 334 386
464 592 1000 620
197 186 354 281
464 562 1000 592
154 186 197 578
464 527 1000 562
464 484 1000 527
464 439 1000 484
421 439 464 1000
421 397 1000 439
421 350 1000 397
421 298 1000 350
421 242 1000 298
421 182 1000 242
421 117 1000 182
421 49 1000 117
378 49 421 1000
65 186 154 661
65 49 378 186
65 0 1000 49
0 0 65 1000
997 0 1000 176
824 598 829 749
974 240 997 284
861 502 932 525
301 662 307 1000
687 683 699 916
932 280 937 853
532 675 541 1000
301 638 448 662
980 733 997 960
532 650 687 675
532 622 687 650
974 0 997 240
687 534 730 683
301 593 448 638
751 779 824 876
282 593 301 1000
687 335 730 534
939 733 980 957
507 622 532 1000
257 593 282 1000
479 622 507 1000
479 564 687 622
257 524 448 593
751 598 824 779
479 495 687 564
257 447 448 524
861 280 932 502
479 415 687 495
448 415 479 1000
448 335 687 415
830 280 861 926
257 335 448 447
257 283 751 335
939 0 974 733
220 283 257 1000
220 225 751 283
830 0 939 280
180 225 220 1000
180 164 751 225
180 86 751 164
751 0 830 598
180 0 751 86
127 0 180 1000
71 0 127 1000
0 0 71 1000
871 381 874 625
985 367 990 584
948 925 979 966
519 493 593 520
79 738 98 852
401 632 508 653
360 556 367 928
401 602 508 632
388 602 401 985
107 932 201 993
388 557 519 602
805 657 834 860
805 516 852 657
874 737 903 984
854 381 871 854
787 516 805 973
990 82 1000 911
388 493 519 557
388 451 593 493
388 408 593 451
656 498 727 623
787 381 854 516
323 556 360 837
369 408 388 1000
220 462 245 971
656 381 787 498
369 337 593 408
625 381 656 988
369 252 593 337
593 381 625 1000
0 738 79 994
948 367 985 925
911 367 948 971
911 82 990 367
369 144 593 252
874 82 911 737
593 289 874 381
593 193 874 289
256 556 323 981
593 82 874 193
593 0 1000 82
256 144 369 556
256 0 593 144
107 462 220 932
107 0 256 462
0 0 107 738
807 780 810 999
807 531 810 780
805 531 807 952
872 518 999 529
744 531 805 556
326 434 331 741
610 847 681 871
737 531 744 874
538 289 545 633
880 808 989 837
872 491 999 518
860 491 872 808
309 434 326 701
724 531 737 936
463 776 504 936
724 454 810 531
707 454 724 879
832 808 880 981
479 469 526 648
832 491 860 808
832 431 999 491
832 370 999 431
479 289 538 469
810 370 832 1000
810 294 999 370
707 294 810 454
610 595 681 847
373 776 463 975
681 294 707 1000
610 294 681 595
578 294 610 1000
578 239 999 294
578 183 999 239
578 126 999 183
423 289 479 722
373 289 423 776
546 126 578 1000
373 126 546 289
164 781 331 977
331 126 373 1000
331 71 1000 126
331 0 1000 71
164 434 309 781
164 0 331 434
84 0 164 1000
0 0 84 1000
580 985 689 988
316 687 327 731
161 700 166 810
409 636 438 716
330 802 377 877
862 711 940 764
193 647 269 703
193 585 269 647
981 333 993 730
0 739 20 980
621 624 688 696
621 542 688 624
940 823 981 961
689 913 796 969
755 746 795 903
862 612 940 711
862 502 940 612
166 585 193 952
840 502 862 1000
689 746 755 913
269 687 316 974
409 162 438 636
689 641 840 746
166 420 269 585
580 542 621 985
940 333 981 823
689 502 840 641
689 418 940 502
83 700 161 971
689 333 940 418
580 333 689 542
545 333 580 1000
83 420 166 700
545 277 1000 333
377 162 409 971
0 420 83 739
545 216 1000 277
330 162 377 802
545 148 1000 216
269 162 330 687
545 75 1000 148
545 0 1000 75
493 0 545 1000
439 0 493 1000
0 162 269 420
0 0 439 162
291 871 292 984
288 672 291 786
283 865 290 939
211 837 272 861
278 672 288 845
512 868 541 988
304 508 314 939
730 641 987 659
291 508 304 871
134 907 241 965
730 616 987 641
134 865 283 907
730 591 987 616
730 565 987 591
987 457 1000 990
730 533 987 565
730 499 987 533
625 737 666 953
730 457 987 499
211 672 278 837
730 412 1000 457
709 412 730 1000
688 412 709 1000
666 412 688 1000
625 412 666 737
602 412 625 1000
577 412 602 1000
134 672 211 865
577 372 1000 412
549 372 577 1000
512 372 549 868
512 333 1000 372
512 293 1000 333
482 293 512 1000
482 249 1000 293
449 249 482 1000
415 249 449 1000
134 508 291 672
368 276 415 943
315 276 368 964
415 179 1000 249
134 276 315 508
415 102 1000 179
415 0 1000 102
134 0 415 276
0 0 134 1000
426 920 437 957
205 341 212 526
533 733 696 744
997 0 1000 550
533 722 696 733
994 0 997 701
426 623 437 920
696 757 885 778
533 697 696 722
164 589 205 697
696 729 885 757
533 661 696 697
696 694 885 729
533 612 696 661
696 648 885 694
696 600 885 648
61 641 122 792
696 546 885 600
164 341 205 589
533 546 696 612
533 513 885 546
426 513 533 623
426 483 885 513
397 483 426 1000
397 452 885 483
397 420 885 452
369 420 397 1000
338 420 369 1000
132 341 164 984
301 420 338 1000
61 341 132 641
301 381 885 420
964 0 994 809
301 336 885 381
261 336 301 1000
261 293 885 336
261 249 885 293
885 519 956 937
261 198 885 249
212 198 261 1000
212 138 885 198
885 0 964 519
212 70 885 138
212 0 885 70
61 0 212 341
0 0 61 1000
813 808 1000 812
464 167 467 485
462 167 464 744
196 487 199 876
857 437 1000 456
179 487 196 646
594 505 600 984
813 788 1000 808
857 409 1000 437
792 788 813 1000
726 356 744 705
792 757 1000 788
151 612 179 949
857 333 1000 409
660 813 761 921
792 699 1000 757
822 333 857 699
822 260 1000 333
792 260 822 699
692 356 726 765
660 356 692 813
635 356 660 955
635 260 792 356
535 505 594 767
282 337 313 849
498 505 535 957
635 214 1000 260
498 344 607 505
498 214 635 344
0 742 107 923
0 612 151 742
498 173 1000 214
199 656 278 922
313 572 372 936
0 487 179 612
467 173 498 956
467 125 1000 173
199 337 282 656
429 167 462 976
0 337 199 487
392 167 429 982
467 66 1000 125
313 167 392 572
467 0 1000 66
0 167 313 337
0 0 467 167
769 471 836 473
769 467 950 471
852 573 965 580
695 760 1000 763
682 573 852 580
956 311 980 370
695 754 1000 760
587 490 833 501
717 580 916 597
227 701 256 842
457 680 904 691
695 737 1000 754
682 542 853 573
227 517 256 701
587 473 934 490
668 737 695 1000
548 580 717 623
638 737 668 1000
607 737 638 1000
576 737 607 1000
682 501 890 542
538 737 576 1000
499 737 538 1000
548 501 682 580
454 737 499 1000
408 737 454 1000
408 716 1000 737
769 394 953 467
587 394 769 473
357 716 408 1000
305 716 357 1000
457 501 548 680
305 692 1000 716
696 311 956 382
305 501 457 692
305 394 587 501
305 311 696 394
257 311 305 1000
126 517 227 912
257 253 1000 311
257 190 1000 253
257 124 1000 190
126 124 257 517
126 65 1000 124
126 0 1000 65
0 0 126 1000
821 954 868 958
915 540 917 861
469 783 479 923
918 909 959 946
904 540 915 726
440 653 821 659
904 357 917 540
996 0 999 851
891 731 902 981
445 783 469 923
440 644 821 653
868 731 891 922
317 569 566 588
402 644 440 783
377 462 488 515
400 783 445 923
317 462 377 569
342 783 400 923
342 644 402 783
310 644 342 923
643 383 794 443
276 644 310 923
821 731 868 954
62 979 732 996
276 618 821 644
979 0 996 892
62 950 587 979
219 618 276 923
62 923 739 950
156 618 219 923
156 589 821 618
918 453 961 909
156 462 317 589
110 462 156 923
62 462 110 923
354 383 643 462
62 383 354 462
62 347 821 383
918 0 979 453
821 357 904 731
821 0 918 357
62 292 821 347
62 236 821 292
0 236 62 1000
0 134 821 236
0 0 821 134
522 661 523 972
985 353 998 396
230 435 232 892
998 0 999 947
985 261 998 353
102 907 211 924
211 583 228 724
371 746 522 762
211 435 230 583
371 725 522 746
985 0 998 261
876 477 937 541
978 0 985 591
834 273 845 686
959 726 978 966
525 738 546 1000
876 381 937 477
845 760 874 966
792 736 829 898
567 290 694 346
525 693 695 738
525 643 695 693
371 661 522 725
876 215 959 381
959 0 978 726
384 378 436 649
328 661 371 1000
525 290 567 643
328 378 384 661
876 0 959 215
328 285 525 378
792 273 834 736
525 171 695 290
328 171 525 285
756 273 792 926
845 0 876 760
756 0 845 273
328 99 695 171
695 475 756 950
695 0 756 475
328 0 695 99
284 0 328 1000
233 0 284 1000
102 435 211 907
102 0 233 435
0 0 102 1000
716 995 733 1000
776 803 805 809
944 540 955 557
665 439 667 573
883 619 944 628
669 982 710 998
471 668 646 680
471 651 646 668
826 77 833 574
819 77 826 612
883 540 944 619
883 473 956 540
471 622 646 651
812 77 819 958
805 77 812 983
471 582 646 622
852 473 883 721
669 786 712 982
449 582 471 1000
716 747 753 995
646 439 665 935
833 473 852 1000
449 530 646 582
146 737 199 948
716 438 753 747
82 737 146 970
669 438 716 786
833 370 1000 473
833 266 1000 370
449 439 646 530
833 144 1000 266
82 679 435 737
776 77 805 803
449 342 669 439
833 0 1000 144
449 225 669 342
82 604 449 679
82 520 449 604
82 434 449 520
82 335 449 434
669 77 776 438
82 225 449 335
82 155 669 225
82 77 669 155
82 0 833 77
0 0 82 1000
894 224 895 855
641 910 672 934
884 750 891 958
891 224 894 772
870 411 875 869
996 87 999 883
613 712 632 874
440 712 613 730
811 525 840 639
948 832 985 929
884 224 891 750
513 951 611 992
914 590 933 879
895 590 914 943
811 411 870 525
698 449 811 516
698 382 811 449
408 712 440 951
303 951 513 994
985 87 996 914
948 556 985 832
360 712 408 951
303 712 360 951
811 224 884 411
672 382 698 923
249 712 303 1000
948 87 985 556
641 341 672 910
249 666 641 712
249 619 641 666
249 571 641 619
249 517 641 571
672 224 811 382
202 517 249 1000
202 462 641 517
202 403 641 462
895 87 948 590
202 341 641 403
672 87 895 224
151 341 202 1000
151 265 672 341
151 187 672 265
151 87 672 187
83 87 151 1000
83 0 1000 87
0 0 83 1000
354 813 357 920
734 560 736 999
354 504 357 813
860 755 867 973
734 530 787 560
949 869 992 907
358 918 380 997
870 538 874 999
851 755 860 996
468 600 734 609
931 766 943 977
887 123 890 995
468 588 734 600
851 538 870 755
120 780 149 971
890 766 931 913
992 0 999 957
798 837 841 994
468 561 734 588
451 561 468 1000
451 530 734 561
451 504 798 530
358 655 394 918
874 123 887 857
851 123 874 538
433 375 450 956
451 468 798 504
411 375 433 968
191 504 354 586
949 539 992 869
358 375 411 655
451 420 798 468
191 375 358 504
949 0 992 539
451 351 798 420
120 375 191 780
120 287 451 375
451 246 798 351
798 123 851 837
120 165 451 287
451 123 798 246
890 0 949 766
451 0 890 123
120 0 451 165
63 0 120 1000
0 0 63 1000
121 634 122 903
994 522 996 666
994 196 996 522
991 196 994 773
304 929 329 1000
637 753 875 762
626 753 637 1000
918 581 931 893
984 196 991 783
139 429 150 843
875 770 918 902
971 196 984 663
943 839 996 966
97 634 121 915
626 725 875 753
598 725 626 1000
0 842 52 991
598 696 875 725
875 581 918 770
598 662 875 696
598 628 875 662
564 628 598 1000
330 372 361 838
304 372 330 929
564 581 875 628
263 372 304 747
522 581 564 1000
943 196 971 839
522 536 943 581
522 490 943 536
522 444 943 490
0 634 97 842
522 386 943 444
522 327 943 386
522 267 943 327
0 429 139 634
522 196 943 267
480 196 522 1000
436 196 480 1000
436 130 1000 196
263 130 436 372
263 73 1000 130
214 73 263 1000
151 73 214 1000
151 0 1000 73
0 0 151 429
960 774 961 985
947 579 960 608
835 297 992 301
997 464 1000 715
715 165 866 182
462 710 779 720
254 291 985 296
462 698 779 710
756 260 889 289
462 682 779 698
960 634 997 774
442 682 462 1000
960 464 997 634
442 660 779 682
417 660 442 1000
390 660 417 1000
820 655 933 737
820 579 947 655
390 634 779 660
362 634 390 1000
756 189 899 260
362 609 779 634
332 609 362 1000
298 609 332 1000
779 579 820 948
298 576 779 609
258 576 298 1000
210 576 258 1000
210 540 779 576
210 504 779 540
779 464 960 579
210 464 779 504
715 58 928 165
210 432 1000 464
210 400 1000 432
167 400 210 1000
114 400 167 1000
446 189 756 290
56 400 114 1000
446 58 715 189
56 356 1000 400
254 58 446 291
56 297 835 356
56 58 254 297
56 0 1000 58
0 0 56 1000
996 109 999 152
994 109 996 435
862 527 879 582
691 412 696 665
289 746 518 754
289 737 518 746
687 412 691 953
289 727 520 737
618 745 665 814
862 252 879 527
270 727 289 986
749 935 840 994
836 599 895 702
243 727 270 986
836 252 862 599
569 745 618 942
243 691 520 727
773 527 814 784
243 652 520 691
243 612 520 652
814 252 836 755
773 252 814 527
696 627 736 910
666 412 687 959
977 109 994 932
958 109 977 874
749 252 773 935
199 612 243 986
155 612 199 986
155 565 520 612
111 565 155 986
696 252 749 627
921 109 958 684
895 109 921 932
111 509 520 565
520 369 561 978
111 440 520 509
696 109 895 252
111 369 520 440
569 412 666 745
59 369 111 1000
0 369 59 1000
569 109 696 412
0 290 569 369
569 0 1000 109
0 0 569 290
284 659 313 660
476 516 637 522
243 881 284 905
354 993 581 998
902 398 905 826
136 993 354 1000
421 670 429 947
661 594 834 613
476 489 637 516
661 567 834 594
650 567 661 993
650 541 834 567
952 827 999 930
637 541 650 993
834 503 851 912
637 503 834 541
284 383 313 659
637 469 879 503
458 489 476 938
394 670 421 981
879 398 902 824
637 428 879 469
184 741 231 964
458 428 637 489
458 398 879 428
458 369 909 398
437 369 458 993
394 369 437 670
394 342 909 369
980 0 999 750
394 312 909 342
394 281 909 312
394 248 909 281
363 248 394 872
243 383 284 881
184 383 243 741
952 0 980 827
363 198 909 248
363 143 909 198
909 0 952 740
363 74 909 143
321 74 363 993
184 74 321 383
136 74 184 993
136 0 909 74
0 0 136 1000
670 993 683 1000
822 519 825 636
898 789 921 879
850 599 878 700
813 519 822 836
995 73 1000 646
825 732 878 801
941 816 978 946
313 642 670 658
714 842 863 881
746 519 813 614
988 73 995 994
921 208 939 575
898 501 921 789
898 208 921 501
313 622 670 642
670 962 896 993
850 343 881 599
825 343 850 732
313 594 670 622
881 208 898 845
313 561 670 594
285 561 313 1000
941 526 984 816
254 561 285 1000
746 343 825 519
254 527 670 561
223 527 254 1000
714 343 746 842
670 891 900 962
223 487 670 527
941 73 988 526
223 437 670 487
714 208 881 343
181 437 223 1000
181 387 670 437
137 387 181 1000
670 208 714 891
137 326 670 387
670 73 941 208
137 251 670 326
83 251 137 1000
83 165 670 251
83 73 670 165
83 0 1000 73
0 0 83 1000
950 723 973 724
507 514 616 521
509 982 857 985
907 933 950 959
950 669 973 723
686 988 872 995
218 982 509 987
592 612 611 769
218 976 861 982
869 474 900 602
987 594 1000 920
560 612 592 769
395 851 451 952
607 263 798 294
395 839 907 851
348 839 395 976
0 988 686 999
987 0 1000 594
291 839 348 976
573 263 607 514
414 585 773 610
500 612 560 769
218 839 291 976
974 0 987 771
907 669 950 933
869 149 906 474
432 612 500 839
507 263 573 514
359 612 432 839
275 612 359 839
816 149 869 536
414 526 774 585
414 263 507 526
162 612 275 839
331 263 414 612
247 263 331 612
247 206 816 263
247 149 816 206
0 839 218 988
170 149 247 612
0 612 162 839
85 149 170 612
0 149 85 612
0 101 907 149
907 0 974 669
0 0 907 101
219 767 272 768
948 754 949 995
333 898 376 905
643 556 646 1000
853 875 872 948
998 0 1000 735
380 244 385 658
979 737 996 926
415 554 626 572
272 922 331 985
626 755 643 985
890 218 897 819
415 532 626 554
163 802 204 937
948 556 977 754
626 349 643 755
643 520 853 556
80 802 163 892
643 478 853 520
415 480 626 532
872 218 890 831
643 419 853 478
853 218 872 875
333 596 376 898
415 415 626 480
643 353 853 419
415 349 626 415
979 0 998 737
272 653 331 922
333 244 380 596
948 0 979 556
643 266 853 353
386 349 415 1000
386 266 643 349
386 218 853 266
386 174 907 218
386 130 907 174
272 244 333 653
219 244 272 767
386 72 907 130
80 550 211 802
907 0 948 880
386 0 907 72
219 0 386 244
80 0 219 550
0 0 80 1000
257 750 259 875
743 919 759 992
769 534 900 544
257 263 260 750
929 954 1000 977
900 420 906 883
178 636 191 891
552 665 730 686
503 957 631 986
769 505 900 534
214 809 237 982
238 736 257 949
238 520 257 736
191 809 214 990
238 263 257 520
531 665 552 957
339 461 422 536
531 631 730 665
943 47 954 874
275 870 414 946
531 576 730 631
769 420 900 505
531 519 743 576
929 47 943 954
743 420 769 919
531 447 743 519
531 370 743 447
503 370 531 957
906 47 929 854
503 267 743 370
191 263 238 809
94 636 178 947
275 461 339 870
275 282 426 461
465 267 503 1000
743 247 906 420
465 155 743 267
743 47 906 247
426 155 465 1000
426 47 743 155
275 47 426 282
94 263 191 636
94 47 275 263
94 0 1000 47
47 0 94 1000
0 0 47 1000
938 878 949 926
726 784 763 830
348 588 357 989
642 761 671 881
348 572 574 588
726 551 744 784
348 553 574 572
348 531 574 553
949 821 977 1000
574 918 650 991
938 348 949 878
348 504 574 531
0 831 41 993
711 887 779 988
763 330 778 853
726 330 763 551
711 330 726 887
330 504 348 989
711 276 878 330
642 541 685 761
330 464 574 504
311 464 330 989
292 464 311 989
292 427 574 464
292 390 574 427
642 355 703 541
292 342 574 390
267 342 292 989
909 348 938 970
239 342 267 989
978 0 997 994
878 348 909 964
239 283 574 342
239 219 574 283
210 219 239 992
949 0 978 821
878 0 949 348
0 576 97 831
166 219 210 1000
166 133 574 219
574 355 642 918
113 133 166 1000
711 0 878 276
574 0 711 355
113 0 574 133
0 0 113 576
527 635 624 650
982 891 999 980
634 811 645 957
624 611 630 922
527 611 624 635
982 736 999 891
709 653 728 799
518 611 527 928
326 631 475 651
634 514 645 811
312 631 326 873
518 572 634 611
787 377 799 808
756 594 784 805
312 592 477 631
756 377 787 594
499 572 518 931
477 572 499 931
280 592 312 873
477 514 634 572
982 0 999 736
709 377 756 653
945 614 982 979
709 282 858 377
709 195 874 282
280 514 477 592
280 469 645 514
280 415 645 469
280 361 645 415
280 304 645 361
945 0 982 614
247 304 280 1000
214 304 247 1000
176 304 214 1000
176 242 645 304
874 466 933 964
176 172 645 242
176 102 645 172
874 0 945 466
136 102 176 1000
645 812 872 982
645 195 709 812
645 0 874 195
136 0 645 102
71 0 136 1000
0 0 71 1000
579 997 771 999
265 997 579 999
608 839 626 940
265 992 778 997
581 839 608 940
430 809 457 922
795 539 1000 555
795 521 1000 539
265 985 777 992
777 521 795 753
777 496 1000 521
265 975 858 985
581 704 628 839
781 870 962 906
229 723 254 994
777 464 1000 496
377 735 430 879
777 416 1000 464
777 364 1000 416
634 870 781 949
745 364 777 753
711 364 745 753
430 360 460 809
634 797 821 870
673 364 711 753
158 723 229 950
265 949 906 975
634 364 673 797
581 364 634 704
548 364 581 949
377 360 430 735
158 522 261 723
548 315 1000 364
548 262 1000 315
548 205 1000 262
548 145 1000 205
514 145 548 949
316 360 377 912
465 145 514 949
465 66 1000 145
316 66 465 360
265 66 316 949
265 0 1000 66
158 0 265 522
96 0 158 1000
0 0 96 1000
341 420 536 425
617 102 620 454
725 441 732 667
341 405 536 420
756 828 780 967
611 102 617 719
330 405 341 778
319 405 330 778
267 939 410 970
319 377 536 405
784 521 809 802
267 902 492 939
319 338 536 377
756 521 784 828
300 338 319 794
756 485 1000 521
558 522 595 762
300 300 536 338
704 441 725 874
558 325 611 522
756 437 1000 485
558 102 611 325
167 684 208 976
300 248 536 300
536 811 603 996
267 852 518 902
756 384 1000 437
300 191 536 248
756 328 1000 384
733 328 756 1000
536 102 558 811
733 251 1000 328
733 171 1000 251
733 90 1000 171
267 191 300 852
267 102 536 191
654 441 704 950
654 90 733 441
654 0 1000 90
620 0 654 1000
267 0 620 102
228 0 267 1000
167 0 228 684
122 0 167 1000
72 0 122 1000
0 0 72 1000
107 944 166 945
193 302 196 336
174 609 175 998
107 933 174 944
947 796 958 925
947 652 958 796
186 685 193 931
186 302 193 685
728 760 765 851
533 509 548 871
812 450 921 504
533 470 693 509
517 470 533 871
0 649 53 775
499 470 517 871
693 356 706 966
499 424 693 470
921 652 947 999
483 424 499 1000
921 339 958 652
812 337 921 450
921 168 994 339
460 424 483 1000
460 356 693 424
434 356 460 1000
408 356 434 1000
765 577 811 944
812 168 921 337
408 298 728 356
381 298 408 1000
765 168 812 577
107 609 174 933
728 168 765 760
381 233 728 298
107 302 186 609
349 233 381 1000
349 168 728 233
317 168 349 1000
317 126 1000 168
280 126 317 1000
242 126 280 1000
0 302 107 649
197 126 242 1000
197 73 1000 126
197 0 1000 73
0 0 197 302
221 897 222 994
420 964 437 984
356 602 363 826
437 848 453 999
398 785 416 924
774 483 1000 496
162 897 221 953
345 602 356 954
223 861 284 939
774 458 1000 483
398 452 417 785
758 458 774 879
758 428 1000 458
325 602 345 981
758 395 1000 428
602 966 893 995
162 758 223 897
742 395 758 936
437 324 454 848
742 358 1000 395
725 358 742 936
725 321 1000 358
602 936 939 966
420 324 437 964
325 452 398 602
702 321 725 936
455 175 474 932
73 795 158 994
702 255 1000 321
702 185 1000 255
673 185 702 936
284 452 325 981
223 452 284 861
223 324 420 452
638 185 673 936
162 324 223 758
602 185 638 936
602 112 1000 185
569 112 602 1000
535 112 569 1000
162 175 455 324
474 112 535 1000
73 175 162 795
474 0 1000 112
73 0 474 175
0 0 73 1000
873 994 970 997
996 484 997 815
444 142 445 645
998 97 1000 456
979 868 996 922
441 142 444 764
873 969 970 994
141 952 259 989
673 897 729 1000
610 897 673 1000
240 689 265 952
979 484 996 868
979 97 998 484
970 97 979 924
610 866 851 897
352 843 449 927
240 611 352 689
610 827 851 866
197 611 240 856
610 779 851 827
197 530 352 611
925 526 962 878
197 443 352 530
610 720 851 779
556 720 610 1000
197 333 352 443
556 666 873 720
556 601 873 666
873 526 925 969
556 526 873 601
500 526 556 1000
400 142 441 791
500 468 970 526
500 410 970 468
500 348 970 410
352 142 400 843
500 274 970 348
141 333 197 952
500 195 970 274
141 142 352 333
449 195 500 1000
70 142 141 786
449 97 970 195
449 0 1000 97
70 0 449 142
0 0 70 1000
201 913 202 986
981 510 984 618
981 332 984 510
437 645 443 992
914 561 975 600
628 715 638 962
188 680 207 845
613 715 628 962
985 103 996 676
613 670 784 715
508 962 801 989
613 618 784 670
98 913 201 999
587 618 613 962
784 514 807 936
587 566 784 618
587 514 784 566
563 514 587 962
563 475 846 514
532 475 563 850
508 475 532 962
437 475 508 645
437 445 846 475
412 445 437 1000
887 722 1000 851
385 445 412 1000
385 412 846 445
359 412 385 1000
914 332 981 561
914 103 985 332
887 103 914 722
359 375 846 412
98 680 188 913
846 103 887 631
359 326 846 375
359 271 846 326
359 215 846 271
359 159 846 215
359 103 846 159
359 55 1000 103
359 0 1000 55
323 0 359 1000
264 0 323 882
207 0 264 1000
98 0 207 680
0 0 98 1000
643 706 656 707
189 411 190 770
745 760 747 999
551 507 558 627
186 411 189 760
328 686 343 843
920 623 1000 664
305 686 328 844
745 723 848 760
472 683 543 738
920 571 1000 623
600 781 643 885
660 350 671 858
745 665 848 723
643 350 660 706
672 770 703 999
305 619 472 686
322 844 406 981
242 844 322 1000
885 571 920 938
885 453 1000 571
472 507 551 683
854 453 885 953
854 344 1000 453
854 231 1000 344
745 312 793 665
0 869 137 995
600 350 643 781
305 507 472 619
854 98 1000 231
242 507 305 844
139 411 186 892
242 434 559 507
745 98 854 312
745 0 1000 98
559 350 600 981
242 350 559 434
715 0 745 1000
242 273 672 350
672 0 715 770
242 187 672 273
193 187 242 1000
193 99 672 187
193 0 672 99
0 411 139 869
0 0 193 411
681 354 688 552
311 666 342 732
497 872 519 1000
348 737 371 865
982 662 995 901
275 941 342 989
497 850 681 872
929 851 972 951
553 617 681 657
553 576 681 617
251 630 270 915
553 533 681 576
348 250 363 737
825 747 928 823
525 533 553 840
497 533 525 850
477 533 497 1000
929 662 982 851
451 533 477 1000
772 747 825 986
772 662 929 747
204 630 251 942
772 596 999 662
311 250 348 666
772 527 1000 596
737 527 772 1000
412 533 451 1000
412 457 681 533
275 250 311 941
737 427 1000 527
204 250 275 630
412 354 681 457
688 427 737 1000
688 337 1000 427
412 245 688 354
688 240 1000 337
371 245 412 1000
688 130 1000 240
371 130 688 245
371 65 1000 130
371 0 1000 65
204 0 371 250
159 0 204 1000
111 0 159 1000
63 0 111 1000
0 0 63 1000
873 626 982 627
995 806 1000 850
486 666 529 673
540 140 541 727
537 140 540 411
801 577 804 928
868 626 873 1000
831 859 850 996
995 127 1000 806
529 140 537 733
854 589 867 995
262 724 282 1000
541 761 565 994
831 589 854 859
868 567 995 626
235 724 262 1000
868 508 995 567
200 724 235 1000
868 431 995 508
200 678 437 724
868 340 995 431
164 678 200 1000
805 389 831 838
868 245 995 340
120 678 164 1000
868 127 995 245
120 629 437 678
831 127 868 589
120 575 437 629
692 753 799 921
120 523 486 575
692 577 801 753
120 465 486 523
692 389 805 577
120 405 486 465
120 345 486 405
486 140 529 666
120 250 486 345
692 127 831 389
541 352 636 761
692 0 1000 127
65 250 120 1000
65 140 486 250
541 0 692 352
0 140 65 1000
0 0 541 140
