996 216 999 566
906 798 965 826
873 798 906 869
617 866 660 1000
883 889 955 990
778 889 883 1000
511 866 617 1000
511 805 778 866
511 743 778 805
511 680 778 743
970 216 996 863
372 801 482 958
511 575 778 680
372 575 511 801
372 470 778 575
372 350 778 470
287 350 372 1000
873 216 970 798
778 216 873 889
287 216 778 350
287 116 1000 216
287 0 1000 116
192 0 287 1000
0 0 192 1000
978 100 991 170
970 100 978 239
835 954 966 997
581 954 835 1000
731 190 882 273
307 954 581 1000
721 714 937 803
731 100 970 190
721 624 1000 714
598 857 980 924
582 100 731 273
598 624 721 857
598 533 1000 624
510 533 598 954
411 533 510 954
307 533 411 954
307 465 1000 533
217 465 307 1000
217 374 1000 465
94 374 217 1000
94 273 919 374
94 100 582 273
94 0 1000 100
0 0 94 1000
447 996 953 999
354 906 404 979
307 906 354 985
419 533 438 892
820 753 884 868
218 906 307 1000
820 704 1000 753
388 533 419 821
764 704 820 868
764 652 1000 704
837 868 976 956
764 600 1000 652
447 965 979 996
764 501 1000 600
662 501 764 868
447 868 837 965
556 501 662 868
447 501 556 868
218 533 388 906
447 369 1000 501
447 218 1000 369
447 0 1000 218
218 0 447 533
0 0 218 1000
406 953 434 1000
585 794 626 882
917 855 959 1000
513 822 551 1000
406 869 513 953
853 855 917 1000
513 649 570 822
585 461 626 794
744 855 853 1000
744 782 1000 855
744 706 1000 782
406 649 513 869
639 706 744 1000
639 613 1000 706
406 461 585 649
255 662 394 977
639 489 1000 613
639 339 1000 489
639 122 1000 339
406 122 639 461
255 122 406 662
255 0 1000 122
131 0 255 1000
0 0 131 1000
997 121 999 299
994 121 997 999
989 121 994 855
369 837 466 889
982 121 989 964
966 258 978 905
194 731 241 1000
717 864 837 971
125 731 194 1000
125 620 298 731
717 747 944 864
369 557 466 837
298 557 369 980
717 605 966 747
717 423 966 605
635 423 717 1000
635 258 966 423
560 258 635 1000
479 258 560 1000
479 121 982 258
298 121 479 557
298 0 1000 121
125 0 298 620
0 0 125 1000
906 929 966 970
733 919 790 972
979 672 992 973
906 844 979 929
474 880 533 994
842 844 906 1000
474 800 609 880
474 714 609 800
474 605 609 714
428 605 474 994
842 672 979 844
842 501 1000 672
733 661 840 919
842 269 1000 501
609 661 733 974
609 474 842 661
609 269 842 474
428 269 609 605
343 269 428 1000
255 269 343 1000
137 269 255 1000
137 158 1000 269
137 0 1000 158
0 0 137 1000
920 834 981 843
595 844 603 977
693 846 782 893
877 649 920 772
646 497 669 844
535 844 595 977
981 140 999 747
843 649 877 1000
604 497 646 844
843 441 920 649
782 441 843 828
535 497 604 844
479 497 535 977
418 497 479 977
693 441 782 846
920 140 981 834
418 294 693 497
330 294 418 977
236 294 330 1000
693 140 920 441
236 140 693 294
131 140 236 1000
131 0 1000 140
0 0 131 1000
799 967 948 977
713 967 799 996
740 533 797 581
740 518 933 533
924 809 957 948
878 809 924 967
740 480 933 518
878 744 1000 809
815 744 878 967
713 744 815 967
713 647 1000 744
628 647 713 996
538 647 628 1000
424 647 538 1000
300 647 424 1000
166 647 300 1000
166 581 1000 647
166 480 740 581
166 407 1000 480
166 331 1000 407
166 245 1000 331
166 147 1000 245
166 0 1000 147
0 0 166 1000
753 568 797 614
905 901 1000 954
540 732 791 755
905 833 1000 901
803 688 904 765
803 637 960 688
856 833 905 1000
670 568 753 678
803 571 960 637
960 274 997 622
670 385 797 568
711 833 856 1000
532 833 711 1000
532 769 1000 833
388 769 532 1000
540 385 670 732
540 213 803 385
803 274 960 571
803 0 1000 274
540 0 803 213
388 0 540 769
270 0 388 1000
143 0 270 962
0 0 143 1000
0 975 9 992
991 425 998 649
851 533 888 621
821 533 851 733
199 786 349 833
755 867 824 1000
952 425 991 682
149 786 199 1000
755 821 1000 867
821 425 952 533
149 709 349 786
658 821 755 1000
149 605 349 709
658 733 1000 821
685 425 821 733
149 339 349 605
457 733 658 1000
685 241 1000 425
685 0 1000 241
580 0 685 733
457 0 580 733
0 339 149 975
349 0 457 1000
0 0 349 339
934 803 993 982
865 750 934 931
535 722 599 928
934 597 1000 803
535 508 599 722
807 750 865 1000
416 769 525 919
336 769 416 1000
807 597 934 750
758 597 807 1000
758 504 1000 597
712 504 758 1000
599 727 690 996
712 417 1000 504
712 301 1000 417
599 301 712 727
336 508 535 769
336 301 599 508
336 209 1000 301
249 209 336 1000
249 115 1000 209
249 0 1000 115
139 0 249 1000
0 0 139 1000
804 977 813 980
909 521 976 522
411 977 804 980
830 899 873 942
844 326 888 442
823 521 909 624
830 844 1000 899
844 231 1000 326
683 844 830 977
683 773 1000 844
683 700 1000 773
585 700 683 977
585 628 1000 700
498 628 585 977
411 628 498 977
326 628 411 1000
326 521 823 628
206 521 326 1000
563 231 844 436
206 442 1000 521
206 231 563 442
206 133 1000 231
206 0 1000 133
0 0 206 1000
779 709 802 838
927 810 948 1000
913 582 1000 634
820 810 927 880
870 582 913 775
870 511 1000 582
696 709 779 847
629 709 696 948
870 371 1000 511
820 371 870 810
629 545 810 709
629 371 820 545
576 371 629 1000
371 713 498 997
508 371 576 1000
371 371 508 713
371 283 1000 371
371 188 1000 283
292 188 371 1000
292 93 1000 188
217 93 292 1000
138 93 217 1000
138 0 1000 93
0 0 138 1000
986 340 991 597
930 687 989 727
756 491 802 563
931 749 948 959
816 687 930 730
816 640 1000 687
663 563 874 640
772 809 931 919
756 414 986 491
415 563 663 640
659 809 772 1000
610 414 756 563
542 809 659 1000
542 749 931 809
415 414 610 563
397 749 542 1000
236 749 397 1000
415 340 986 414
415 257 992 340
236 640 816 749
236 257 415 640
236 158 1000 257
236 0 1000 158
0 0 236 1000
654 363 985 365
565 363 654 374
916 868 947 946
855 868 916 981
916 375 1000 494
683 831 746 1000
611 831 683 1000
855 703 956 868
778 488 909 644
482 831 611 1000
482 767 855 831
482 703 855 767
482 656 1000 703
384 656 482 1000
429 488 778 629
226 656 384 1000
429 375 916 488
226 375 429 656
565 224 984 363
130 375 226 1000
130 224 565 375
130 121 1000 224
130 0 1000 121
0 0 130 1000
319 854 327 1000
906 588 1000 606
662 921 705 1000
456 710 479 934
933 804 992 910
874 588 906 804
319 795 456 854
874 519 1000 588
319 710 456 795
874 347 1000 519
319 559 482 710
662 804 933 921
790 347 874 804
319 264 482 559
253 264 319 1000
175 264 253 1000
662 347 790 804
662 154 1000 347
573 154 662 952
482 154 573 1000
482 0 1000 154
175 0 482 264
86 0 175 943
0 0 86 1000
930 808 1000 829
532 961 773 972
787 788 818 897
930 719 1000 808
612 897 724 961
720 788 787 897
930 602 1000 719
930 478 1000 602
612 788 720 897
532 788 612 961
448 788 532 1000
448 737 930 788
448 682 930 737
448 625 930 682
369 625 448 1000
277 625 369 1000
277 558 930 625
277 478 930 558
152 478 277 1000
152 391 1000 478
152 290 1000 391
152 170 1000 290
152 0 1000 170
0 0 152 1000
638 984 760 997
944 773 1000 837
861 925 940 973
752 812 823 948
352 883 461 984
861 773 944 925
861 672 1000 773
861 523 969 672
823 523 861 984
752 523 823 812
704 523 752 984
352 676 461 883
638 523 704 984
573 523 638 1000
491 523 573 1000
491 439 1000 523
491 347 1000 439
491 247 1000 347
352 247 491 676
352 154 1000 247
278 154 352 1000
169 154 278 1000
169 0 1000 154
0 0 169 1000
400 643 487 647
391 643 400 820
166 940 435 948
548 782 626 813
888 901 935 998
789 901 888 1000
487 782 548 1000
312 643 391 820
166 890 449 940
789 824 1000 901
213 643 312 820
0 890 166 1000
626 824 789 1000
626 745 1000 824
0 820 461 890
213 468 487 643
213 263 487 468
626 591 1000 745
626 413 1000 591
626 222 1000 413
626 0 1000 222
487 0 626 782
0 263 213 820
0 0 487 263
956 747 1000 784
895 756 956 859
523 727 583 838
956 564 1000 747
631 850 740 947
956 314 1000 564
763 751 852 889
452 727 523 1000
631 701 763 850
631 539 763 701
583 539 631 1000
452 539 583 727
895 314 956 756
852 314 895 962
452 447 763 539
763 314 852 751
452 314 763 447
452 224 1000 314
366 224 452 1000
366 117 1000 224
366 0 1000 117
258 0 366 1000
135 0 258 1000
0 0 135 1000
945 334 982 491
878 764 985 840
891 334 945 491
835 491 921 597
857 874 1000 955
814 334 891 491
878 597 985 764
629 491 835 597
656 874 857 1000
783 597 878 874
440 874 656 1000
684 597 783 874
629 334 814 491
578 597 684 874
507 334 629 597
440 597 578 874
315 597 440 1000
315 334 507 597
232 334 315 1000
232 231 1000 334
232 127 1000 231
232 0 1000 127
128 0 232 1000
0 0 128 1000
849 825 960 850
960 717 992 830
660 969 857 999
960 551 1000 717
849 734 960 825
781 734 849 910
660 910 888 969
781 654 960 734
781 551 960 654
728 551 781 910
660 551 728 910
660 440 1000 551
660 325 1000 440
601 325 660 1000
541 325 601 1000
541 232 1000 325
484 232 541 1000
405 232 484 889
335 232 405 1000
335 127 1000 232
253 127 335 1000
161 127 253 1000
161 0 1000 127
0 0 161 1000
997 658 999 983
938 749 997 767
800 490 957 498
769 490 800 570
506 954 706 971
938 658 997 749
506 931 934 954
769 417 922 490
637 417 769 570
637 359 1000 417
730 752 901 883
637 274 1000 359
506 752 730 931
489 274 637 570
321 752 506 1000
311 274 489 570
99 752 321 1000
311 191 1000 274
99 658 938 752
99 570 1000 658
99 191 311 570
99 98 1000 191
99 0 1000 98
0 0 99 1000
130 997 378 1000
585 832 626 888
490 644 500 961
348 890 490 917
890 678 974 726
348 841 490 890
291 841 348 997
839 678 890 905
585 427 626 832
776 678 839 1000
711 678 776 1000
711 593 974 678
527 427 585 906
711 472 974 593
291 644 490 841
629 472 711 1000
629 332 1000 472
629 191 1000 332
130 644 291 997
629 0 1000 191
130 427 527 644
130 221 629 427
130 0 629 221
0 0 130 1000
989 0 994 513
841 877 954 941
109 897 196 980
643 829 734 971
954 587 1000 888
539 829 643 1000
539 736 734 829
460 736 539 1000
460 654 734 736
460 549 734 654
389 549 460 1000
841 587 954 877
734 587 841 929
826 321 979 584
389 425 734 549
301 425 389 1000
826 0 989 321
734 0 826 587
301 285 734 425
301 144 734 285
301 0 734 144
222 0 301 850
109 0 222 897
0 0 109 1000
