715 880 719 1000
916 675 989 688
701 764 832 773
701 729 832 764
804 828 837 995
916 586 989 675
655 880 715 1000
837 887 915 988
701 660 832 729
556 880 655 1000
916 417 989 586
625 660 701 828
431 880 556 1000
916 228 1000 417
522 660 625 828
522 599 837 660
431 828 804 880
431 599 522 828
879 228 916 827
431 537 837 599
837 228 879 887
431 465 837 537
376 465 431 1000
376 399 837 465
376 318 837 399
376 228 837 318
316 228 376 1000
249 228 316 1000
180 228 249 1000
180 153 1000 228
105 153 180 1000
105 78 1000 153
105 0 1000 78
0 0 105 1000
878 594 888 665
707 968 736 997
863 594 878 665
426 992 703 1000
863 566 1000 594
901 855 998 915
426 968 707 992
901 784 1000 855
440 876 617 917
796 566 863 677
426 951 901 968
901 677 1000 784
669 566 796 677
426 919 901 951
228 919 426 1000
669 465 869 566
669 402 1000 465
440 813 789 876
669 329 1000 402
586 329 669 677
586 253 1000 329
510 253 586 677
440 738 901 813
510 174 1000 253
228 738 440 919
228 677 901 738
423 174 510 677
92 677 228 1000
323 174 423 677
222 174 323 677
222 100 1000 174
92 100 222 677
92 0 1000 100
0 0 92 1000
999 341 1000 898
659 967 730 975
996 761 999 960
996 341 999 761
870 900 959 937
870 860 959 900
959 731 996 830
959 624 996 731
243 912 353 955
788 802 855 921
959 341 996 624
959 0 1000 341
659 754 730 967
788 495 842 802
581 754 659 993
870 591 942 860
497 754 581 1000
743 495 788 1000
400 754 497 1000
400 679 743 754
243 715 380 912
400 577 743 679
400 471 743 577
243 471 400 715
243 390 743 471
173 390 243 1000
173 312 743 390
173 233 743 312
870 0 959 591
743 0 870 495
87 233 173 1000
87 131 743 233
0 131 87 1000
0 0 743 131
423 851 495 863
136 990 339 1000
743 537 870 553
910 473 963 524
921 578 1000 658
880 781 987 844
842 863 964 924
880 700 1000 781
682 863 842 924
654 924 892 965
836 578 921 700
743 473 910 537
136 977 989 990
797 700 880 851
728 578 836 700
599 578 728 700
743 405 984 473
671 700 797 851
599 405 743 578
506 405 599 700
136 924 654 977
403 405 506 700
403 353 1000 405
136 863 682 924
423 700 671 851
276 353 403 700
136 700 423 863
136 353 276 700
136 292 1000 353
136 230 1000 292
136 158 1000 230
136 84 1000 158
136 0 1000 84
0 0 136 1000
933 795 977 806
297 980 331 997
347 720 433 735
501 984 724 1000
194 872 297 914
769 725 824 807
132 779 158 1000
297 873 354 980
692 725 769 807
194 800 297 872
91 779 132 1000
764 854 867 951
933 580 992 795
347 554 433 720
692 664 933 725
501 951 944 984
581 854 764 951
347 326 433 554
581 807 1000 854
692 580 933 664
581 580 692 807
297 326 347 873
581 505 1000 580
581 428 1000 505
501 428 581 951
501 340 1000 428
194 326 297 800
501 235 1000 340
501 119 1000 235
433 119 501 1000
433 0 1000 119
194 0 433 326
91 0 194 779
0 0 91 1000
898 494 900 541
898 410 905 494
887 410 898 608
609 891 719 917
792 929 846 982
792 889 905 929
837 723 874 880
609 830 719 891
562 830 609 1000
509 830 562 1000
509 781 719 830
191 767 304 896
837 410 887 723
931 619 977 968
931 330 1000 619
411 781 509 1000
792 410 837 889
191 621 340 767
931 0 1000 330
411 698 719 781
905 0 931 1000
411 593 719 698
411 481 719 593
411 367 719 481
348 367 411 1000
191 367 348 621
191 291 719 367
126 291 191 1000
792 0 905 410
126 210 719 291
126 115 719 210
719 0 792 918
126 0 719 115
0 0 126 1000
598 962 681 976
695 118 697 744
948 827 991 889
991 388 1000 821
299 733 563 749
484 697 658 724
658 480 695 657
871 827 948 940
762 940 991 980
598 827 681 962
871 730 991 827
658 118 695 480
507 827 598 1000
871 593 991 730
576 468 649 697
388 827 507 1000
484 468 576 697
399 468 484 733
388 749 700 827
399 373 658 468
288 749 388 1000
399 272 658 373
762 593 871 940
113 749 288 1000
299 272 399 733
762 388 991 593
762 179 1000 388
700 179 762 1000
700 0 1000 179
299 118 658 272
206 118 299 749
113 118 206 749
113 0 700 118
0 0 113 1000
655 714 868 719
353 931 394 962
962 643 999 711
655 697 900 714
163 921 294 966
736 929 873 974
887 899 974 1000
887 818 1000 899
353 678 394 931
163 839 294 921
887 721 1000 818
759 549 932 625
294 678 353 931
163 724 294 839
294 537 402 678
294 395 402 537
736 826 887 929
736 721 887 826
759 480 992 549
655 643 962 697
655 480 759 643
664 721 736 1000
559 480 655 721
578 721 664 1000
491 721 578 1000
402 721 491 1000
402 480 559 721
163 395 294 724
402 380 1000 480
402 276 1000 380
402 147 1000 276
402 0 1000 147
163 0 402 395
0 0 163 1000
485 616 487 700
472 616 485 658
645 953 660 994
307 932 338 1000
763 566 768 990
316 760 401 801
645 923 763 953
401 861 472 926
931 852 983 1000
190 932 307 1000
316 643 401 760
645 819 763 923
838 852 931 1000
190 866 401 932
566 819 645 1000
838 752 1000 852
401 616 472 861
401 364 487 616
566 703 763 819
838 607 1000 752
838 459 1000 607
566 566 763 703
190 643 316 866
108 643 190 1000
838 274 1000 459
487 566 566 1000
487 426 769 566
769 274 838 1000
769 0 1000 274
487 142 769 426
108 364 401 643
108 142 487 364
108 0 769 142
0 0 108 1000
559 650 562 812
478 850 500 929
548 650 559 842
906 856 936 953
938 876 997 935
867 856 906 970
455 929 533 1000
679 970 913 1000
571 828 617 1000
661 255 679 822
337 850 478 929
938 695 1000 876
736 831 867 954
938 434 1000 695
337 762 548 850
188 929 455 1000
632 255 661 941
736 672 867 831
337 650 548 762
337 529 571 650
264 529 337 929
867 434 938 856
264 430 571 529
736 434 867 672
571 255 632 828
736 297 1000 434
188 430 264 929
679 297 736 970
679 94 1000 297
188 255 571 430
188 94 679 255
98 94 188 1000
98 0 1000 94
0 0 98 1000
821 819 839 924
734 704 789 755
674 399 955 413
927 597 986 667
757 956 954 978
872 597 927 704
756 819 821 924
927 775 980 919
757 924 1000 956
664 819 756 924
600 924 757 1000
544 819 664 924
412 924 600 1000
734 597 872 704
734 541 1000 597
734 484 1000 541
674 484 734 755
544 775 927 819
609 484 674 767
412 775 544 924
609 426 1000 484
302 775 412 1000
674 317 987 399
515 426 609 775
418 426 515 775
302 426 418 775
302 317 674 426
302 252 1000 317
236 252 302 1000
236 186 1000 252
236 98 1000 186
236 0 1000 98
128 0 236 1000
0 0 128 1000
974 589 979 600
997 812 999 857
997 712 999 812
672 931 684 1000
954 860 966 973
643 931 672 1000
991 208 999 567
643 902 761 931
643 861 761 902
643 816 761 861
954 712 997 860
974 208 991 589
879 829 926 970
824 829 879 1000
586 816 643 1000
761 829 824 1000
943 208 974 574
836 415 933 570
504 816 586 1000
402 816 504 1000
836 208 943 415
761 712 954 829
402 743 761 816
761 601 1000 712
836 0 1000 208
402 647 761 743
304 647 402 1000
204 647 304 1000
204 583 761 647
761 0 836 601
204 378 761 583
0 378 204 1000
0 203 761 378
0 0 761 203
