998 535 1000 784
499 660 502 971
889 746 894 939
998 0 1000 535
567 117 570 805
308 804 364 850
671 881 703 1000
671 826 772 881
519 423 532 870
633 826 671 1000
470 660 499 924
502 423 519 928
633 764 781 826
553 117 567 890
534 117 553 745
423 660 470 919
941 482 974 861
570 764 633 1000
198 804 308 971
198 692 364 804
137 692 198 1000
423 423 502 660
979 0 998 1000
894 482 941 891
570 651 781 764
137 584 364 692
570 530 781 651
781 746 889 987
781 482 894 746
570 383 781 530
781 321 979 482
364 423 423 977
781 136 979 321
137 423 364 584
137 329 534 423
137 225 534 329
137 117 534 225
570 136 781 383
570 0 979 136
71 117 137 1000
71 0 570 117
0 0 71 1000
997 237 1000 410
994 237 997 499
701 721 768 737
659 791 772 801
772 367 786 553
867 714 929 765
957 496 994 634
576 963 839 984
857 833 929 927
867 599 929 714
867 478 929 599
701 607 768 721
786 623 827 819
701 480 772 607
302 984 879 1000
957 237 994 496
957 0 1000 237
867 278 929 478
659 480 701 791
839 278 867 833
929 709 988 983
609 480 659 833
786 278 839 623
609 367 772 480
929 0 957 709
565 367 609 833
515 367 565 833
515 278 786 367
469 278 515 833
422 278 469 833
422 218 929 278
422 150 929 218
576 833 857 963
366 150 422 833
302 833 576 984
302 150 366 833
248 150 302 1000
190 150 248 1000
190 83 929 150
190 0 929 83
111 0 190 1000
0 0 111 1000
513 997 644 999
303 657 305 887
223 657 226 917
337 880 404 917
978 821 997 981
564 780 595 888
106 954 327 971
748 902 787 1000
866 913 924 986
866 864 955 913
0 954 106 1000
955 702 972 999
955 449 978 702
305 724 334 943
487 780 564 888
748 831 866 902
513 888 603 997
866 735 955 864
404 888 513 1000
305 215 331 724
978 0 997 821
655 831 748 1000
487 669 655 780
226 657 303 928
655 715 866 831
866 449 955 735
487 515 655 669
655 590 866 715
655 449 866 590
404 515 487 888
655 354 978 449
226 215 305 657
87 657 223 928
404 354 655 515
404 279 978 354
404 195 978 279
404 110 978 195
337 110 404 880
87 215 226 657
0 215 87 954
337 0 978 110
0 0 337 215
931 669 935 862
875 447 880 771
687 466 698 660
919 669 931 868
571 849 588 1000
907 669 919 898
687 166 698 466
880 955 962 996
743 796 814 855
968 324 1000 459
954 324 968 833
699 910 878 960
846 447 875 891
481 849 571 1000
481 780 678 849
743 601 816 796
481 709 687 780
743 447 846 601
907 324 954 669
481 629 687 709
880 324 907 955
481 544 687 629
880 170 1000 324
440 544 481 1000
699 447 743 910
699 326 880 447
390 544 440 1000
336 544 390 1000
279 544 336 1000
279 480 687 544
279 413 687 480
699 170 880 326
230 413 279 1000
699 66 1000 170
230 333 687 413
230 248 687 333
178 248 230 1000
178 166 687 248
178 66 699 166
178 0 1000 66
106 0 178 1000
0 0 106 1000
998 330 1000 586
438 910 475 934
548 598 557 747
966 609 971 957
993 330 998 963
771 872 844 920
377 836 420 932
377 757 430 836
738 872 771 999
475 846 512 962
738 829 844 872
707 829 738 1000
528 598 548 875
269 970 562 989
512 598 528 947
707 775 844 829
667 775 707 1000
976 330 993 868
475 598 512 846
667 720 844 775
438 598 475 910
844 636 886 919
438 491 562 598
617 720 667 1000
377 491 438 757
377 402 562 491
617 636 844 720
562 636 617 1000
893 609 966 889
337 402 377 970
893 330 976 609
562 559 893 636
337 287 562 402
562 450 893 559
562 330 893 450
269 287 337 970
562 221 1000 330
562 112 1000 221
269 112 562 287
269 0 1000 112
163 0 269 1000
0 0 163 1000
289 788 291 794
289 537 291 788
844 735 851 995
477 469 484 971
769 901 844 952
683 480 694 874
448 822 477 974
925 893 1000 955
381 838 448 924
695 901 769 1000
852 893 925 1000
577 663 630 810
695 847 844 901
852 837 1000 893
852 781 1000 837
541 663 577 902
484 943 675 990
852 719 1000 781
448 469 477 822
642 480 683 812
852 626 1000 719
695 735 844 847
695 626 852 735
541 480 642 663
695 560 1000 626
695 494 1000 560
695 427 1000 494
381 469 448 838
381 227 484 469
695 344 1000 427
484 480 541 943
484 344 695 480
484 283 1000 344
200 537 289 952
484 203 1000 283
101 537 200 994
484 106 1000 203
484 0 1000 106
298 227 381 930
101 227 298 537
101 0 484 227
0 0 101 1000
980 573 999 635
235 880 249 969
636 990 847 996
925 745 962 782
630 702 636 973
925 688 966 745
282 608 297 889
851 748 878 915
966 573 980 942
297 797 327 994
297 558 327 797
297 315 327 558
569 854 624 993
569 702 630 854
966 295 1000 573
851 611 925 748
816 611 851 915
816 496 925 611
235 608 282 880
782 496 816 915
636 942 967 990
744 496 782 915
925 295 966 688
744 396 925 496
744 295 925 396
713 295 744 942
676 295 713 942
636 295 676 942
569 295 636 702
569 230 1000 295
569 161 1000 230
533 161 569 1000
492 161 533 1000
443 161 492 1000
116 608 235 975
443 82 1000 161
443 0 1000 82
116 315 297 608
389 0 443 1000
327 0 389 1000
116 0 327 315
0 0 116 1000
998 0 999 463
997 0 998 907
358 979 449 998
573 834 606 891
830 934 870 983
780 983 991 994
358 954 485 979
652 940 706 1000
943 623 967 775
830 881 943 934
512 440 523 985
896 688 943 823
652 882 780 940
943 313 967 623
523 834 573 991
358 888 489 954
987 0 997 947
358 823 507 888
652 788 780 882
652 689 780 788
830 688 896 881
358 708 507 823
652 548 780 689
967 0 987 967
606 548 652 1000
606 424 780 548
358 560 507 708
260 721 357 985
159 721 260 992
159 560 358 721
523 424 606 834
523 285 780 424
159 440 512 560
830 313 943 688
830 0 967 313
159 310 523 440
780 0 830 983
82 310 159 1000
82 165 523 310
0 165 82 1000
523 0 780 285
0 0 523 165
986 699 991 704
178 904 191 948
326 877 339 976
579 911 638 938
265 925 294 989
883 775 926 836
500 909 579 947
294 877 326 990
638 879 699 961
191 925 265 1000
353 697 379 951
861 925 949 1000
95 904 178 986
579 791 638 911
883 699 986 775
500 802 579 909
638 712 699 879
353 298 379 697
95 791 191 904
699 925 861 1000
500 607 579 802
883 527 992 699
0 791 95 1000
294 529 353 877
813 527 883 836
813 409 1000 527
699 836 960 925
754 409 813 836
754 295 1000 409
699 295 754 836
699 196 1000 295
638 196 699 712
579 196 638 791
579 107 1000 196
500 107 579 607
191 529 294 925
453 107 500 1000
0 529 191 791
379 107 453 1000
379 0 1000 107
0 298 353 529
0 0 379 298
786 983 794 996
215 996 972 997
959 901 1000 946
762 612 785 769
737 612 762 769
716 257 985 272
712 612 737 835
634 960 944 979
681 612 712 835
648 612 681 835
215 983 786 996
605 612 648 835
215 960 634 983
605 575 872 612
561 575 605 835
517 575 561 835
517 536 872 575
403 835 938 864
955 438 996 824
463 536 517 835
657 901 959 960
463 490 872 536
872 438 955 679
463 438 872 490
403 438 463 835
215 901 657 960
341 438 403 864
215 864 950 901
275 438 341 864
275 397 1000 438
275 355 1000 397
215 355 275 864
165 355 215 1000
165 316 1000 355
165 257 716 316
552 168 926 257
165 168 552 257
165 124 1000 168
118 124 165 1000
118 69 1000 124
118 0 1000 69
0 0 118 1000
989 950 1000 971
830 893 838 986
292 908 375 920
678 701 739 725
972 735 983 911
654 701 678 801
801 893 830 986
286 727 317 836
577 932 659 985
591 701 654 801
909 282 921 895
205 908 292 1000
989 186 1000 950
801 803 902 893
577 874 742 932
591 630 742 701
205 843 375 908
801 693 902 803
577 801 742 874
286 572 365 727
922 735 972 986
591 538 742 630
496 801 577 1000
801 507 909 693
205 572 286 843
152 572 205 1000
152 466 375 572
496 538 591 801
152 344 375 466
742 507 801 986
496 403 742 538
438 403 496 1000
98 344 152 1000
922 186 989 735
742 282 909 507
375 403 438 1000
375 282 742 403
375 186 922 282
375 95 1000 186
98 95 375 344
98 0 1000 95
0 0 98 1000
505 995 589 1000
632 997 879 1000
213 995 505 1000
482 946 570 965
533 612 549 739
903 847 1000 869
632 984 820 997
885 847 903 984
774 766 839 847
938 429 999 529
938 324 1000 429
836 847 885 984
213 966 512 995
449 612 533 739
449 552 632 612
482 839 586 946
901 324 938 649
695 614 762 825
482 739 631 839
410 739 482 966
449 459 632 552
329 739 410 966
844 324 901 655
381 459 449 739
844 194 1000 324
774 661 971 766
301 459 381 739
301 384 632 459
213 739 329 966
632 847 836 984
301 297 632 384
774 194 844 661
301 198 632 297
695 194 774 614
632 194 695 847
632 74 1000 194
213 198 301 739
213 74 632 198
142 74 213 967
69 74 142 1000
69 0 1000 74
0 0 69 1000
63 980 80 999
333 782 349 963
283 538 296 821
814 903 865 992
814 819 894 903
182 711 283 786
932 703 975 879
296 744 331 973
182 629 283 711
765 819 814 998
715 819 765 1000
386 489 404 992
182 538 283 629
894 703 932 986
364 489 386 998
650 819 715 1000
63 907 224 980
148 538 182 907
650 763 894 819
148 444 296 538
364 168 411 489
577 763 650 1000
108 444 148 907
108 344 296 444
577 703 894 763
333 168 364 782
296 168 333 744
63 344 108 907
577 634 1000 703
577 553 1000 634
491 553 577 1000
491 475 1000 553
63 168 296 344
412 475 491 1000
412 402 1000 475
412 329 1000 402
412 253 1000 329
412 177 1000 253
412 93 1000 177
412 0 1000 93
63 0 412 168
0 0 63 1000
994 440 999 736
714 980 872 991
146 641 151 996
220 847 251 943
291 632 313 782
53 856 103 946
714 951 874 980
187 943 279 1000
883 880 944 972
821 778 864 926
220 756 291 847
780 778 821 951
0 856 53 995
220 632 291 756
220 534 313 632
714 778 780 951
883 692 944 880
714 708 883 778
714 634 883 708
187 534 220 943
187 423 313 534
103 641 146 997
954 440 994 873
883 440 954 692
660 634 714 993
151 423 187 1000
660 539 883 634
660 440 883 539
0 641 103 856
660 369 1000 440
614 369 660 1000
0 423 151 641
559 369 614 1000
502 369 559 1000
502 296 1000 369
449 296 502 1000
378 296 449 1000
378 200 1000 296
378 102 1000 200
378 0 1000 102
313 0 378 1000
0 0 313 423
219 969 245 998
179 969 219 1000
941 917 1000 954
582 819 601 951
64 933 106 1000
401 947 462 1000
900 917 941 1000
382 633 393 963
0 933 64 1000
842 917 900 1000
262 697 285 908
179 899 252 969
582 594 605 819
401 906 552 947
179 823 262 899
293 819 352 944
842 869 1000 917
401 846 552 906
842 811 1000 869
842 748 1000 811
801 748 842 1000
179 697 262 823
352 633 382 982
293 633 352 819
552 594 582 983
293 501 401 633
801 676 1000 748
745 676 801 1000
745 575 1000 676
677 575 745 1000
677 481 1000 575
612 481 677 1000
612 394 1000 481
401 594 552 846
401 394 612 594
0 697 179 933
401 312 1000 394
401 224 1000 312
401 130 1000 224
0 501 293 697
401 0 1000 130
0 0 401 501
