977 854 1000 953
827 517 834 1000
923 955 1000 1000
923 854 977 955
797 610 821 927
757 698 797 982
621 906 757 990
834 833 923 979
923 679 1000 854
621 798 757 906
546 798 621 1000
923 407 1000 679
546 698 757 798
546 610 797 698
546 517 827 610
487 517 546 1000
834 407 923 833
487 407 834 517
388 407 487 1000
388 289 1000 407
388 157 1000 289
284 157 388 1000
284 0 1000 157
153 0 284 1000
0 0 153 1000
126 832 157 999
389 945 504 1000
746 943 947 1000
414 749 504 882
157 945 389 1000
251 769 400 858
947 590 988 943
414 585 504 749
746 853 947 943
0 832 126 999
157 882 504 945
746 735 947 853
647 735 746 1000
251 585 414 769
251 464 504 585
504 735 647 1000
251 305 504 464
157 305 251 882
504 590 947 735
504 455 1000 590
504 316 1000 455
504 161 1000 316
504 0 1000 161
157 0 504 305
0 0 157 832
417 666 464 682
889 965 964 982
970 612 1000 785
832 785 1000 838
160 968 449 1000
417 446 467 666
889 840 1000 965
539 696 606 976
160 895 439 968
758 840 889 1000
467 696 539 1000
832 612 970 785
832 451 1000 612
758 451 832 840
277 717 456 895
277 446 417 717
686 451 758 1000
606 451 686 1000
606 323 1000 451
160 446 277 895
606 182 1000 323
606 0 1000 182
467 0 606 696
160 0 467 446
0 0 160 1000
532 749 574 846
947 866 1000 949
486 749 532 846
947 756 1000 866
810 901 947 996
258 914 575 963
595 632 647 963
0 963 533 1000
810 756 947 901
810 649 1000 756
749 649 810 996
258 846 575 914
258 749 486 846
749 536 1000 649
749 413 1000 536
258 632 595 749
137 632 258 963
749 239 1000 413
0 632 137 963
0 528 647 632
647 239 749 996
647 0 1000 239
0 392 647 528
0 214 647 392
0 0 647 214
951 888 970 955
697 992 938 998
838 973 934 992
838 955 1000 973
838 888 951 955
838 839 1000 888
783 839 838 992
783 800 1000 839
783 709 1000 800
697 709 783 992
610 709 697 1000
610 642 1000 709
610 568 1000 642
610 479 1000 568
526 479 610 1000
441 479 526 1000
441 391 1000 479
351 391 441 1000
260 391 351 1000
260 310 1000 391
173 310 260 1000
173 229 1000 310
173 141 1000 229
173 0 1000 141
0 0 173 1000
812 980 834 999
931 915 968 963
904 915 931 1000
360 923 408 1000
510 465 524 792
439 885 510 987
812 747 846 980
187 950 352 1000
968 283 1000 840
904 513 968 915
705 747 812 1000
846 513 904 1000
589 747 705 1000
439 465 510 885
589 630 846 747
589 513 846 630
360 465 439 923
589 407 968 513
589 283 968 407
589 157 1000 283
524 157 589 1000
187 465 360 950
187 157 524 465
187 0 1000 157
0 0 187 1000
974 943 997 989
943 943 974 1000
744 963 816 1000
811 796 842 898
744 868 811 928
811 652 842 796
842 926 943 989
943 825 1000 943
549 963 744 1000
811 364 842 652
943 620 1000 825
842 801 943 926
842 675 943 801
943 126 1000 620
744 364 811 868
657 364 744 963
842 126 943 675
549 364 657 963
549 126 842 364
464 126 549 1000
375 126 464 990
257 126 375 1000
138 126 257 1000
138 0 1000 126
0 0 138 1000
841 955 901 960
203 871 229 1000
746 968 972 1000
841 854 938 955
938 631 972 930
102 871 203 1000
395 672 451 974
972 229 1000 963
841 631 938 854
308 672 395 1000
308 466 451 672
746 631 841 968
645 631 746 1000
229 466 308 976
645 491 972 631
552 491 645 1000
102 466 229 871
102 313 451 466
552 361 972 491
451 361 552 1000
451 229 972 361
451 102 1000 229
102 102 451 313
102 0 1000 102
0 0 102 1000
978 873 1000 917
956 872 978 995
942 653 956 996
619 973 846 999
990 182 1000 810
956 566 978 872
978 182 990 873
904 653 942 1000
108 785 192 1000
619 887 846 973
846 653 904 1000
0 785 108 1000
619 778 846 887
619 653 846 778
619 566 956 653
542 566 619 1000
542 478 978 566
455 478 542 1000
455 384 978 478
455 285 978 384
455 182 978 285
354 182 455 1000
197 182 354 1000
197 0 1000 182
0 0 197 785
297 991 518 998
741 710 760 888
741 468 760 710
945 738 986 867
610 922 723 983
986 0 1000 1000
866 818 945 1000
472 839 610 991
831 245 866 934
610 729 741 922
472 638 610 839
945 0 986 738
377 638 472 991
610 468 741 729
377 468 610 638
297 468 377 991
297 358 760 468
760 245 831 977
297 245 760 358
297 145 866 245
866 0 945 818
208 145 297 1000
115 145 208 1000
115 0 866 145
0 0 115 1000
543 706 616 754
957 847 1000 939
589 754 616 1000
370 614 411 897
272 897 399 996
543 527 616 706
530 754 589 1000
653 939 988 1000
616 360 653 959
728 745 864 926
957 262 1000 847
423 754 530 1000
423 527 543 754
272 614 370 897
423 360 616 527
877 464 956 897
272 360 423 614
728 464 877 745
728 262 957 464
653 262 728 939
272 205 653 360
653 0 1000 262
150 205 272 1000
0 205 150 1000
0 0 653 205
960 902 1000 914
523 947 564 973
473 947 523 1000
791 882 838 978
250 928 313 1000
473 871 569 947
712 882 791 1000
838 902 960 1000
569 882 712 1000
473 669 569 871
838 754 1000 902
400 669 473 1000
400 524 569 669
400 378 569 524
347 378 400 1000
569 754 838 882
569 645 1000 754
250 378 347 928
569 518 1000 645
148 378 250 1000
569 330 1000 518
569 131 1000 330
148 131 569 378
148 0 1000 131
0 0 148 1000
969 712 976 716
888 948 1000 1000
881 712 969 785
925 829 1000 948
755 659 999 712
462 909 836 948
755 588 965 659
462 874 925 909
755 520 1000 588
755 443 1000 520
462 829 925 874
462 785 1000 829
656 443 755 712
656 365 1000 443
562 365 656 712
145 948 888 999
562 277 1000 365
468 277 562 712
145 785 462 948
145 712 881 785
468 155 1000 277
322 155 468 712
145 155 322 712
145 0 1000 155
0 0 145 1000
993 494 995 835
871 985 998 996
465 969 609 1000
556 863 609 969
556 736 609 863
768 843 871 990
768 683 871 843
703 683 768 990
465 736 556 969
380 736 465 1000
930 494 993 925
380 614 609 736
609 683 703 990
871 494 930 985
871 263 1000 494
609 567 871 683
609 442 871 567
380 442 609 614
380 356 871 442
380 263 871 356
380 154 1000 263
297 154 380 1000
202 154 297 1000
202 0 1000 154
0 0 202 1000
738 863 767 916
402 886 425 964
738 804 774 863
590 952 651 989
774 970 976 1000
666 935 774 995
342 886 402 1000
425 952 590 1000
342 783 425 886
881 876 982 968
666 804 738 935
232 783 342 1000
881 611 1000 876
232 609 425 783
425 804 666 952
774 611 881 970
425 684 774 804
774 399 1000 611
425 529 774 684
774 133 1000 399
425 336 774 529
425 133 774 336
425 0 1000 133
232 0 425 609
0 0 232 1000
509 946 526 999
419 895 432 996
368 947 416 999
903 945 964 996
552 841 587 944
439 946 509 999
419 679 439 895
964 804 1000 950
249 947 368 1000
249 900 416 947
249 851 416 900
903 804 964 945
439 841 552 946
838 804 903 1000
729 804 838 1000
0 851 249 1000
729 622 1000 804
588 622 729 1000
588 485 1000 622
588 312 1000 485
0 679 419 851
439 312 588 841
439 156 1000 312
439 0 1000 156
0 0 439 679
675 850 684 861
740 866 767 1000
675 803 767 850
651 866 740 966
675 692 767 803
937 743 1000 953
540 866 651 1000
879 743 937 1000
675 504 767 692
395 866 540 1000
767 743 879 1000
582 504 675 866
767 597 1000 743
487 504 582 866
767 436 1000 597
487 357 767 504
767 245 1000 436
395 357 487 866
318 357 395 1000
318 245 767 357
242 245 318 1000
242 167 1000 245
162 167 242 1000
162 0 1000 167
0 0 162 1000
183 970 228 993
285 819 322 931
378 823 411 1000
729 941 830 1000
729 845 830 941
322 823 378 1000
830 907 941 1000
183 819 285 970
580 845 729 1000
830 755 1000 907
580 739 830 845
830 599 1000 755
580 617 830 739
830 408 1000 599
830 217 1000 408
477 617 580 1000
477 503 830 617
477 372 830 503
477 217 830 372
477 110 1000 217
411 110 477 1000
322 110 411 823
322 0 1000 110
183 0 322 819
0 0 183 1000
853 994 937 997
853 953 1000 994
642 820 683 1000
641 641 683 820
827 807 984 863
368 937 523 1000
853 863 1000 953
368 848 523 937
641 189 683 641
260 754 368 943
523 820 642 1000
683 863 853 1000
368 665 523 848
141 754 260 1000
141 595 368 754
827 555 984 807
368 371 523 665
827 282 1000 555
827 0 1000 282
141 371 368 595
523 189 641 820
0 371 141 1000
0 189 523 371
683 0 827 863
0 0 683 189
972 939 1000 982
282 966 359 989
901 939 972 990
479 925 580 988
365 877 479 938
901 855 1000 939
817 855 901 998
365 766 479 877
365 626 479 766
817 754 1000 855
817 645 1000 754
739 645 817 998
660 645 739 1000
580 645 660 1000
282 626 365 966
580 572 1000 645
580 484 1000 572
580 381 1000 484
580 249 1000 381
479 249 580 925
282 249 479 626
158 249 282 1000
158 128 1000 249
158 0 1000 128
0 0 158 1000
555 966 565 1000
342 352 349 936
686 803 712 1000
0 957 191 1000
191 912 342 979
712 639 750 1000
277 641 342 912
874 815 1000 966
555 803 686 966
750 815 874 1000
191 641 277 912
750 717 1000 815
750 616 1000 717
555 639 712 803
481 639 555 1000
750 485 1000 616
191 352 342 641
349 639 481 1000
750 283 1000 485
349 474 750 639
349 283 750 474
349 165 1000 283
349 0 1000 165
0 352 191 957
0 0 349 352
862 906 881 982
884 972 969 1000
468 973 596 1000
816 906 862 1000
953 779 1000 905
468 926 596 973
816 810 884 906
363 926 468 1000
884 779 953 972
739 810 816 1000
884 636 1000 779
363 815 596 926
596 810 739 1000
363 686 596 815
884 222 1000 636
596 637 884 810
596 444 884 637
363 444 596 686
363 333 884 444
363 222 884 333
363 117 1000 222
363 0 1000 117
279 0 363 1000
181 0 279 1000
0 0 181 1000
636 923 773 936
814 981 963 1000
967 381 1000 481
516 897 740 916
320 923 636 938
867 322 984 381
814 926 963 981
865 381 967 481
971 481 1000 905
867 218 1000 322
516 839 787 897
814 783 971 926
167 938 769 1000
441 381 865 481
516 682 814 839
320 682 516 923
814 481 971 783
320 585 814 682
167 585 320 938
167 481 814 585
441 218 867 381
167 218 441 481
167 128 1000 218
167 0 1000 128
0 0 167 1000
298 877 304 984
738 953 792 994
561 946 650 1000
561 819 631 946
198 877 298 1000
829 898 961 1000
738 777 829 953
892 708 993 890
198 728 329 877
650 777 738 1000
892 525 1000 708
650 663 829 777
829 525 892 898
650 525 829 663
561 525 650 819
504 525 561 1000
427 525 504 1000
427 429 1000 525
329 429 427 1000
329 336 1000 429
329 231 1000 336
329 123 1000 231
329 0 1000 123
198 0 329 728
0 0 198 1000
508 862 527 976
938 940 991 993
458 788 514 862
126 970 353 997
938 831 998 940
458 651 541 788
649 791 738 962
353 862 508 1000
805 831 938 1000
541 791 649 1000
342 651 458 862
126 862 353 970
805 693 998 831
541 613 738 791
805 462 998 693
126 651 342 862
805 217 998 462
126 529 541 651
738 217 805 1000
126 384 541 529
0 384 126 1000
541 217 738 613
0 238 541 384
541 0 998 217
0 0 541 238
476 857 494 924
340 807 347 999
462 857 476 1000
835 962 1000 988
790 813 835 999
655 479 684 810
355 895 462 1000
684 813 790 1000
835 822 1000 962
462 296 505 857
198 807 340 1000
505 810 684 1000
835 571 979 822
684 571 835 813
684 432 1000 571
684 292 1000 432
505 479 655 810
684 128 1000 292
505 128 684 479
505 0 1000 128
355 296 462 895
198 296 355 807
198 0 505 296
106 0 198 1000
0 0 106 1000
816 565 995 585
932 821 1000 999
88 975 587 1000
517 764 582 975
355 565 816 595
825 402 945 565
817 821 932 1000
410 764 517 975
817 694 1000 821
636 402 825 565
257 764 410 975
704 694 817 1000
587 694 704 1000
88 764 257 975
88 685 587 764
587 595 1000 694
88 595 587 685
355 402 636 565
88 402 355 595
88 338 1000 402
88 263 1000 338
88 181 1000 263
88 91 1000 181
88 0 1000 91
0 0 88 1000
896 981 920 1000
382 970 415 1000
976 848 999 935
939 883 976 951
803 781 885 822
810 944 896 1000
701 944 810 994
803 651 896 781
382 876 513 970
896 513 939 981
976 0 1000 848
701 824 896 944
382 696 513 876
939 0 976 883
513 824 701 1000
513 651 803 824
513 513 896 651
513 377 939 513
513 240 939 377
382 240 513 696
382 122 939 240
382 0 939 122
268 0 382 1000
137 0 268 1000
0 0 137 1000
743 966 783 995
761 916 807 944
722 916 761 966
974 828 1000 965
878 948 948 1000
610 966 743 1000
722 835 807 916
974 530 1000 828
722 733 807 835
878 819 967 948
807 819 878 1000
807 740 974 819
807 636 974 740
807 530 974 636
610 733 722 966
610 530 807 733
506 530 610 1000
401 530 506 1000
296 530 401 1000
296 458 1000 530
296 362 1000 458
296 265 1000 362
296 149 1000 265
296 0 1000 149
0 0 296 1000
898 944 977 964
898 917 977 944
898 885 977 917
898 843 977 885
714 965 848 996
863 734 892 921
714 914 863 965
977 401 1000 845
494 806 597 1000
714 734 863 914
342 806 494 1000
342 690 597 806
597 734 714 997
898 401 977 843
898 0 991 401
342 527 597 690
597 584 898 734
244 527 342 1000
597 372 898 584
244 339 597 527
597 138 898 372
244 138 597 339
129 138 244 1000
129 0 898 138
0 0 129 1000
360 909 400 970
400 901 459 970
400 840 473 901
207 909 360 970
111 970 464 997
892 867 1000 986
473 401 503 923
718 876 886 1000
207 801 400 909
892 637 1000 867
503 876 718 1000
207 663 400 801
503 804 892 876
503 722 892 804
400 401 473 840
503 637 892 722
207 401 400 663
503 529 1000 637
111 401 207 970
111 236 503 401
503 364 1000 529
0 236 111 1000
503 184 1000 364
503 0 1000 184
0 0 503 236
365 963 470 1000
977 764 1000 1000
918 899 977 1000
468 346 487 789
170 898 335 957
873 614 918 911
0 963 365 1000
487 927 702 1000
363 789 487 929
977 0 1000 764
820 614 873 1000
487 848 756 927
820 370 918 614
170 774 363 898
487 722 756 848
756 370 820 1000
487 559 756 722
363 346 468 789
487 370 756 559
918 0 977 899
487 192 918 370
170 346 363 774
487 0 918 192
0 346 170 963
0 0 487 346
811 668 815 931
821 968 997 1000
319 537 337 944
179 907 282 1000
894 856 998 968
894 729 1000 856
0 896 167 980
0 816 179 896
282 537 319 946
821 729 894 968
674 835 810 974
674 668 811 835
821 565 1000 729
582 668 674 1000
821 369 1000 565
582 515 821 668
179 537 282 907
821 152 1000 369
582 347 821 515
582 152 821 347
0 537 179 816
582 0 1000 152
516 0 582 1000
337 0 516 1000
0 0 337 537
993 762 998 961
993 444 998 762
993 0 1000 444
668 913 733 1000
410 808 473 960
965 500 993 991
833 769 904 979
668 780 792 913
322 808 410 1000
833 528 904 769
668 632 792 780
792 528 833 1000
601 632 668 1000
904 500 965 916
792 280 904 528
601 462 792 632
601 280 792 462
601 153 904 280
904 0 993 500
540 153 601 1000
473 153 540 1000
473 0 904 153
322 0 473 808
194 0 322 1000
0 0 194 1000
991 804 998 896
348 967 419 1000
257 910 298 978
348 924 436 967
758 967 966 1000
348 835 436 924
119 910 257 1000
758 900 981 967
348 658 436 835
298 658 348 1000
758 804 991 900
758 701 1000 804
639 701 758 1000
639 582 1000 701
119 658 298 910
119 506 436 658
639 427 1000 582
119 327 436 506
530 427 639 1000
530 292 1000 427
530 154 1000 292
530 0 1000 154
436 0 530 1000
119 0 436 327
0 0 119 1000
989 787 992 880
918 743 1000 782
790 932 849 1000
185 964 409 1000
505 644 618 775
839 551 918 745
317 723 409 948
700 621 839 787
858 787 989 983
409 932 790 1000
918 390 1000 743
700 396 839 621
185 723 317 964
918 0 1000 390
185 558 409 723
93 558 185 1000
839 0 918 551
93 407 409 558
0 407 93 1000
700 0 839 396
618 0 700 787
409 787 858 932
505 0 618 644
409 0 505 787
0 0 409 407
962 780 972 977
137 996 730 1000
919 896 962 959
840 894 919 941
919 780 962 896
840 826 919 894
919 675 978 780
978 369 998 860
770 826 840 977
699 826 770 977
619 826 699 977
137 977 971 996
919 369 978 675
919 144 1000 369
619 716 919 826
456 716 619 977
456 601 919 716
456 455 919 601
456 304 919 455
350 304 456 977
350 144 919 304
350 0 1000 144
246 0 350 977
137 0 246 977
0 0 137 1000
399 985 651 1000
886 882 983 969
897 749 983 851
922 195 983 374
983 0 1000 1000
726 749 897 870
806 195 922 374
666 882 886 985
726 659 983 749
662 195 806 374
399 882 666 985
492 195 662 374
561 659 726 870
399 659 561 882
399 586 948 659
399 515 983 586
311 515 399 1000
213 515 311 1000
105 515 213 1000
105 448 983 515
105 374 983 448
105 195 492 374
0 195 105 1000
0 107 983 195
0 0 983 107
151 959 188 978
0 982 268 1000
288 729 331 917
875 846 948 968
949 720 1000 939
151 875 288 959
288 441 331 729
792 846 875 1000
151 765 288 875
151 627 288 765
792 720 949 846
719 720 792 1000
644 720 719 1000
151 441 288 627
644 642 1000 720
644 558 1000 642
644 467 1000 558
644 340 1000 467
566 340 644 1000
566 191 1000 340
0 441 151 982
566 0 1000 191
459 0 566 1000
331 0 459 1000
0 0 331 441
472 346 473 959
911 881 1000 987
313 904 417 1000
810 851 911 954
911 763 1000 881
198 904 313 1000
911 635 1000 763
449 346 472 949
198 822 437 904
198 736 449 822
810 635 911 851
198 643 449 736
741 635 810 1000
198 531 449 643
657 635 741 1000
657 526 1000 635
562 526 657 1000
198 346 449 531
562 406 1000 526
562 276 1000 406
562 140 1000 276
562 0 1000 140
479 0 562 1000
198 0 479 346
0 0 198 1000
811 940 842 953
811 917 852 940
811 877 864 917
866 858 941 1000
703 877 811 1000
356 758 451 999
866 684 1000 858
703 732 866 877
258 758 356 1000
703 566 866 732
866 414 1000 684
258 568 451 758
606 566 703 1000
866 88 1000 414
606 388 866 566
530 388 606 1000
451 388 530 1000
451 267 866 388
258 267 451 568
176 267 258 1000
93 267 176 1000
93 183 866 267
93 88 866 183
93 0 1000 88
0 0 93 1000
