213 577 530 591
213 532 562 577
213 474 562 532
722 294 1000 546
562 294 722 1000
562 0 1000 294
213 0 562 474
0 0 213 1000
829 649 926 805
313 906 506 1000
829 445 1000 649
656 445 829 663
545 445 656 906
313 445 545 906
313 0 1000 445
0 0 313 1000
699 454 720 821
699 395 1000 454
699 225 1000 395
699 0 1000 225
587 0 699 821
459 0 587 821
292 0 459 1000
0 0 292 1000
763 349 797 372
572 597 596 1000
572 546 1000 597
486 546 572 1000
291 546 486 1000
291 349 763 546
291 0 1000 349
0 0 291 1000
673 435 714 610
673 325 1000 435
619 325 673 1000
522 325 619 1000
416 325 522 1000
281 325 416 1000
281 0 1000 325
0 0 281 1000
388 707 737 767
836 147 1000 474
388 550 737 707
388 375 737 550
737 147 836 808
388 147 737 375
388 0 1000 147
0 0 388 1000
983 0 996 515
702 280 768 561
734 639 885 885
565 280 702 561
468 639 734 1000
0 639 468 1000
0 280 565 639
0 0 983 280
668 624 734 1000
337 492 452 1000
668 404 1000 624
668 168 1000 404
337 168 668 492
206 168 337 1000
206 0 1000 168
0 0 206 1000
964 0 995 490
540 408 899 469
467 408 540 804
467 332 964 408
398 332 467 1000
311 332 398 1000
311 0 964 332
0 0 311 1000
726 346 948 399
438 525 1000 585
338 525 438 1000
338 346 726 525
338 226 1000 346
338 0 1000 226
169 0 338 1000
0 0 169 1000
274 833 480 1000
738 719 899 1000
854 0 1000 342
738 0 854 719
631 0 738 1000
274 330 577 833
0 330 274 1000
0 0 631 330
610 801 851 901
610 717 1000 801
458 717 610 1000
254 717 458 1000
254 526 576 717
254 290 1000 526
254 0 1000 290
0 0 254 1000
838 233 1000 250
755 233 838 915
755 0 1000 233
344 384 480 845
179 384 344 1000
622 0 755 997
179 0 622 384
0 0 179 1000
452 578 832 609
351 578 452 909
351 493 832 578
263 493 351 1000
263 314 832 493
832 0 963 895
263 0 832 314
0 0 263 708
715 539 731 1000
675 539 715 1000
557 539 675 1000
432 539 557 1000
432 387 1000 539
280 387 432 1000
280 0 1000 387
0 0 280 1000
515 337 916 350
962 193 973 767
939 193 962 648
916 193 939 885
515 193 916 337
434 193 515 1000
434 0 1000 193
0 0 434 1000
823 904 856 977
351 793 823 844
351 736 823 793
823 405 929 904
823 0 1000 405
0 736 351 1000
0 413 823 736
0 0 823 413
576 499 629 924
576 409 1000 499
576 316 1000 409
576 217 1000 316
469 217 576 677
360 217 469 672
360 0 1000 217
0 0 360 1000
564 418 667 837
564 310 1000 418
564 154 1000 310
418 154 564 837
295 154 418 1000
157 154 295 1000
157 0 1000 154
0 0 157 1000
780 289 1000 310
673 554 770 667
673 289 780 554
673 194 1000 289
673 0 1000 194
0 749 541 976
0 418 673 749
0 0 673 418
918 319 989 681
805 319 918 755
720 319 805 1000
720 0 1000 319
521 0 720 550
390 0 521 856
234 0 390 1000
0 0 234 1000
655 506 755 705
655 298 852 506
559 298 655 829
395 829 986 996
559 0 1000 298
395 0 559 829
202 0 395 1000
0 0 202 1000
641 253 688 365
641 233 1000 253
610 233 641 1000
417 573 565 994
417 233 610 573
417 0 1000 233
267 0 417 1000
0 0 267 1000
811 345 1000 410
518 573 587 1000
811 0 1000 345
518 322 811 573
400 322 518 1000
210 322 400 1000
0 322 210 1000
0 0 811 322
613 649 692 780
613 622 1000 649
613 444 1000 622
457 444 613 1000
457 255 1000 444
213 255 457 1000
213 0 1000 255
0 0 213 1000
613 680 614 873
613 594 1000 680
223 649 491 786
613 470 1000 594
0 649 223 956
613 0 1000 470
0 350 613 649
0 0 613 350
542 490 797 503
542 247 797 490
797 387 977 806
797 0 1000 387
408 247 542 1000
224 247 408 1000
0 247 224 1000
0 0 797 247
288 707 318 1000
288 600 549 707
201 600 288 1000
201 532 998 600
201 433 998 532
201 222 1000 433
201 0 1000 222
0 0 201 1000
663 622 702 1000
663 550 1000 622
663 470 1000 550
663 268 1000 470
663 0 1000 268
539 0 663 1000
397 0 539 1000
0 0 397 1000
386 808 805 887
386 617 626 808
805 300 887 869
386 466 805 617
386 300 805 466
272 300 386 1000
272 0 1000 300
0 0 272 1000
602 437 703 878
602 313 995 437
502 313 602 1000
398 313 502 1000
398 171 995 313
262 171 398 1000
262 0 995 171
0 0 262 1000
562 346 741 634
562 177 1000 346
379 177 562 634
400 634 826 831
160 634 400 1000
160 177 379 634
160 0 1000 177
0 0 160 1000
562 739 595 792
562 694 1000 739
562 554 1000 694
346 554 562 1000
346 394 1000 554
346 206 1000 394
346 0 1000 206
0 0 346 1000
572 607 591 907
441 607 572 799
441 441 598 607
441 391 1000 441
441 321 1000 391
309 321 441 1000
309 0 1000 321
0 0 309 1000
925 0 986 1
401 678 823 691
248 678 401 955
248 594 823 678
823 0 925 661
248 373 823 594
0 373 248 1000
0 0 823 373
671 714 745 1000
0 610 184 1000
671 431 1000 714
501 431 671 1000
501 218 1000 431
359 218 501 1000
359 0 1000 218
0 0 359 610
576 503 599 1000
576 438 913 503
487 438 576 1000
487 339 1000 438
487 192 1000 339
356 192 487 807
356 0 1000 192
0 0 356 1000
0 721 283 831
809 244 898 619
670 244 809 627
534 863 961 1000
534 244 670 863
283 244 534 750
283 0 1000 244
0 0 283 721
750 661 818 944
929 463 996 860
750 463 929 661
557 584 747 835
750 0 945 463
557 0 750 584
352 0 557 1000
0 0 352 1000
499 438 638 533
441 438 499 1000
441 332 1000 438
336 332 441 1000
336 185 1000 332
156 185 336 1000
156 0 1000 185
0 0 156 1000
0 928 126 971
786 411 837 1000
786 225 1000 411
786 0 1000 225
239 650 606 794
239 395 786 650
239 0 786 395
0 0 239 928
642 516 853 553
642 449 1000 516
551 449 642 1000
418 449 551 1000
418 306 1000 449
292 306 418 1000
292 0 1000 306
0 0 292 1000
572 720 772 731
504 720 572 1000
504 637 805 720
504 480 1000 637
504 264 1000 480
240 264 504 1000
240 0 1000 264
0 0 240 1000
922 0 981 699
552 188 779 393
869 0 922 910
552 0 869 188
447 0 552 1000
329 0 447 1000
166 0 329 876
0 0 166 1000
477 710 863 719
290 710 477 1000
0 710 290 1000
0 547 598 710
0 417 863 547
863 0 1000 933
0 226 863 417
0 0 863 226
775 481 1000 551
666 481 775 659
666 373 1000 481
861 0 992 276
666 0 861 373
515 0 666 930
335 0 515 1000
0 0 335 1000
726 530 778 837
203 550 480 728
599 530 726 1000
599 232 880 530
480 232 599 1000
480 0 1000 232
203 0 480 550
0 0 203 1000
225 551 253 1000
133 551 225 1000
566 552 715 1000
133 305 566 551
566 304 1000 552
566 0 1000 304
133 0 566 305
0 0 133 1000
479 896 526 899
451 896 479 925
451 729 487 896
398 729 451 1000
398 448 507 729
398 251 1000 448
398 0 1000 251
0 0 398 1000
