646 778 683 805
684 528 716 1000
505 778 646 975
684 232 1000 528
505 232 684 778
356 232 505 1000
356 0 1000 232
0 0 356 1000
531 304 582 383
491 641 585 1000
267 641 491 1000
267 304 531 641
267 180 1000 304
267 0 1000 180
135 0 267 1000
0 0 135 1000
762 984 995 990
315 658 340 1000
283 658 315 1000
762 923 999 984
283 520 666 658
762 0 1000 923
283 0 762 520
0 0 283 1000
627 568 676 591
550 765 569 1000
495 765 550 1000
495 568 627 765
351 568 495 1000
351 303 1000 568
351 0 1000 303
0 0 351 1000
519 751 648 967
519 668 856 751
519 584 968 668
400 584 519 967
400 498 1000 584
400 289 1000 498
400 0 1000 289
0 0 400 1000
201 796 217 1000
201 777 643 796
983 0 1000 849
0 777 201 1000
643 576 816 1000
0 576 643 777
0 372 983 576
0 0 983 372
555 467 734 710
734 512 1000 795
397 467 555 1000
734 154 1000 512
397 154 734 467
260 154 397 960
260 0 1000 154
0 0 260 1000
496 801 553 992
307 801 496 1000
307 741 938 801
307 604 766 741
307 436 1000 604
307 252 1000 436
307 0 1000 252
0 0 307 830
763 971 816 983
299 609 562 660
763 501 822 971
677 501 763 1000
0 609 299 1000
677 0 1000 501
0 332 677 609
0 0 677 332
777 561 782 950
777 475 844 561
734 475 777 1000
423 513 734 663
734 0 1000 475
423 0 734 513
214 0 423 1000
0 0 214 1000
568 541 579 942
487 541 568 942
413 541 487 1000
413 471 1000 541
222 471 413 1000
222 263 1000 471
222 0 1000 263
0 0 222 1000
717 357 1000 392
717 287 1000 357
717 186 1000 287
717 0 1000 186
657 0 717 1000
517 0 657 1000
339 0 517 1000
0 0 339 1000
738 696 1000 829
616 696 738 1000
616 493 1000 696
616 249 1000 493
616 0 1000 249
435 0 616 572
212 0 435 871
0 0 212 1000
651 451 1000 463
596 451 651 1000
596 332 1000 451
596 195 1000 332
596 0 1000 195
502 0 596 1000
378 0 502 1000
0 0 378 1000
803 400 842 1000
753 400 803 1000
417 555 753 686
417 381 753 555
753 0 1000 400
250 381 417 1000
250 0 753 381
0 0 250 1000
483 634 494 830
622 410 1000 469
483 410 622 634
345 410 483 1000
345 285 1000 410
345 144 1000 285
345 0 1000 144
0 0 345 1000
357 563 992 574
357 522 681 563
357 463 916 522
357 389 992 463
235 389 357 1000
235 283 992 389
235 0 992 283
0 0 235 1000
841 971 971 976
383 971 841 976
383 868 448 971
383 798 1000 868
383 654 1000 798
383 359 1000 654
383 0 1000 359
0 0 383 796
376 714 391 1000
461 457 862 491
261 714 376 1000
261 457 461 714
261 350 1000 457
261 224 1000 350
261 0 1000 224
0 0 261 1000
554 740 699 986
554 547 845 740
414 547 554 986
414 420 994 547
233 420 414 1000
233 234 1000 420
233 0 1000 234
0 0 233 1000
408 421 719 533
347 421 408 1000
868 320 975 680
347 320 868 421
347 235 1000 320
208 235 347 1000
208 0 1000 235
0 0 208 1000
331 690 384 825
524 418 614 1000
524 300 978 418
331 300 524 690
331 165 978 300
208 165 331 1000
208 0 1000 165
0 0 208 1000
647 597 828 637
828 392 895 760
647 392 828 597
519 392 647 1000
519 198 1000 392
519 0 1000 198
301 0 519 1000
0 0 301 1000
848 243 1000 269
419 553 676 703
780 243 848 1000
780 0 1000 243
419 287 780 553
211 287 419 1000
211 0 780 287
0 0 211 779
556 591 1000 668
556 502 1000 591
457 502 556 1000
457 360 1000 502
457 214 1000 360
278 214 457 1000
278 0 1000 214
0 0 278 1000
592 300 702 578
482 751 981 818
592 211 1000 300
482 578 922 751
186 578 482 1000
186 211 592 578
186 0 1000 211
0 0 186 1000
214 526 273 708
214 356 507 526
626 379 1000 551
507 379 626 1000
507 206 1000 379
507 0 1000 206
214 0 507 356
0 0 214 1000
972 0 977 824
744 522 883 571
581 555 744 728
883 0 972 588
744 0 883 522
581 0 744 555
348 0 581 1000
0 0 348 1000
691 575 991 687
500 575 691 926
500 412 991 575
500 249 991 412
379 249 500 926
231 249 379 926
231 0 1000 249
0 0 231 1000
140 650 443 678
624 884 777 963
140 596 443 650
0 596 140 1000
624 587 815 884
624 0 858 587
443 0 624 1000
0 0 443 596
644 557 747 718
644 498 1000 557
546 498 644 1000
546 324 1000 498
425 324 546 1000
272 324 425 1000
272 0 1000 324
0 0 272 1000
794 336 846 967
333 637 482 888
597 336 794 612
597 181 1000 336
506 181 597 1000
506 0 1000 181
333 0 506 637
0 0 333 1000
791 698 928 738
791 526 928 698
791 229 1000 526
550 229 791 663
401 229 550 1000
245 229 401 1000
245 0 1000 229
0 0 245 1000
493 623 686 678
787 173 827 772
493 493 686 623
787 0 1000 173
690 0 787 827
493 0 690 493
355 0 493 1000
0 0 355 1000
910 0 993 13
494 498 567 1000
834 0 910 727
283 498 494 788
721 0 834 646
632 0 721 829
283 0 632 498
0 0 283 776
