122 997 168 1000
740 301 754 428
607 469 747 482
857 211 956 240
122 986 469 997
947 492 1000 588
857 132 932 211
607 452 957 469
607 428 990 452
721 777 947 839
122 959 699 986
357 428 607 492
608 301 740 428
626 777 721 959
520 777 626 959
393 777 520 959
393 728 947 777
357 301 608 428
357 241 1000 301
393 653 947 728
393 573 947 653
246 573 393 959
246 492 947 573
122 492 246 959
122 241 357 492
122 132 857 241
122 0 1000 132
0 0 122 1000
989 280 992 834
211 881 243 1000
373 534 385 871
684 676 865 701
728 862 790 1000
728 800 911 862
684 615 893 676
684 558 911 615
658 800 728 1000
684 494 911 558
658 733 911 800
601 494 684 733
958 280 989 945
579 733 658 1000
503 494 601 733
489 733 579 1000
390 733 489 1000
390 494 503 733
911 280 958 983
390 387 911 494
390 280 911 387
211 534 373 881
390 184 1000 280
211 184 390 534
211 103 1000 184
120 103 211 1000
120 0 1000 103
0 0 120 1000
194 394 197 861
664 926 721 956
485 926 664 956
883 507 964 574
883 437 1000 507
865 777 1000 853
620 956 897 994
0 850 80 1000
763 777 865 914
199 956 620 992
736 437 883 586
584 777 763 914
571 437 736 586
584 714 1000 777
584 649 1000 714
485 649 584 926
131 394 194 981
353 649 485 956
199 649 353 956
199 586 1000 649
199 437 571 586
0 394 131 850
199 358 1000 437
199 279 1000 358
199 189 1000 279
199 97 1000 189
199 0 1000 97
0 0 199 394
811 286 820 389
73 998 623 1000
73 995 712 998
779 389 847 492
915 492 998 596
898 753 1000 875
801 492 915 617
777 153 902 286
777 75 1000 153
376 223 754 270
619 492 801 617
801 753 898 995
407 492 619 617
801 617 1000 753
709 617 801 995
610 617 709 995
407 389 779 492
505 617 610 995
407 286 811 389
379 617 505 995
251 617 379 995
251 286 407 617
376 75 777 223
162 286 251 995
73 286 162 995
73 75 376 286
73 0 1000 75
0 0 73 1000
333 860 438 877
924 813 934 994
912 813 924 1000
223 473 257 654
563 688 672 748
0 907 73 1000
533 840 589 1000
257 860 333 1000
751 807 822 957
751 636 834 807
834 813 912 1000
563 557 678 688
438 840 533 1000
257 757 438 860
834 657 1000 813
834 497 1000 657
834 333 1000 497
834 130 1000 333
438 557 563 840
257 557 438 757
257 458 678 557
751 130 834 636
257 327 678 458
678 130 751 967
257 130 678 327
257 0 1000 130
0 473 223 907
0 0 257 473
781 815 878 829
620 835 635 1000
885 630 900 871
341 928 396 995
748 815 781 1000
583 835 620 1000
541 835 583 1000
341 828 414 928
541 784 748 835
541 728 748 784
541 666 748 728
541 601 748 666
921 457 962 802
468 601 541 845
417 601 468 1000
341 530 414 828
748 630 885 815
417 517 748 601
748 457 921 630
748 322 981 457
417 421 748 517
417 322 748 421
417 264 1000 322
417 195 1000 264
160 530 341 934
417 0 1000 195
160 0 417 530
0 0 160 1000
633 997 805 1000
941 543 958 800
633 977 940 997
353 890 426 977
607 652 631 923
634 934 875 972
607 285 634 652
154 977 633 1000
634 881 903 934
965 98 1000 602
413 650 546 793
634 819 941 881
413 493 546 650
634 745 941 819
353 493 413 890
634 648 941 745
634 543 941 648
634 442 965 543
634 338 965 442
546 285 607 892
634 221 965 338
353 285 546 493
634 98 965 221
353 98 634 285
283 98 353 977
283 0 1000 98
154 0 283 977
0 0 154 1000
801 486 974 496
864 736 893 838
209 754 224 1000
843 736 864 1000
801 457 1000 486
843 692 1000 736
179 754 209 1000
179 698 377 754
801 387 1000 457
797 692 843 1000
745 387 801 692
726 692 797 1000
94 698 179 1000
638 692 726 1000
94 602 377 698
745 247 1000 387
745 105 1000 247
512 692 638 1000
94 463 377 602
674 105 745 692
593 105 674 692
512 105 593 692
450 105 512 1000
94 235 377 463
377 105 450 1000
377 0 1000 105
94 0 377 235
0 0 94 1000
442 997 452 1000
423 584 436 709
822 684 841 846
822 665 1000 684
593 936 960 961
593 906 960 936
822 602 1000 665
767 602 822 846
767 540 1000 602
593 846 960 906
442 846 593 997
686 540 767 846
602 540 686 846
602 473 1000 540
527 473 602 846
442 473 527 846
315 584 423 931
442 399 1000 473
442 324 1000 399
442 248 1000 324
315 248 442 584
315 179 1000 248
315 102 1000 179
252 102 315 1000
182 102 252 1000
99 102 182 1000
99 0 1000 102
0 0 99 1000
660 959 893 960
626 757 633 888
849 874 935 887
898 677 915 874
890 888 999 921
587 757 626 888
587 714 760 757
532 714 587 888
849 677 898 874
849 612 1000 677
660 888 890 959
532 610 760 714
849 428 1000 612
429 610 532 888
429 514 760 610
760 428 849 827
760 269 1000 428
429 395 760 514
429 269 760 395
267 888 660 995
352 269 429 888
267 269 352 888
185 269 267 1000
99 269 185 1000
99 186 1000 269
99 98 1000 186
99 0 1000 98
0 0 99 1000
515 937 522 984
99 988 556 989
642 551 679 567
966 405 1000 603
966 179 1000 405
597 704 640 884
415 633 515 785
369 633 415 982
846 808 947 973
318 633 369 988
515 704 597 937
318 534 515 633
515 551 642 704
515 426 683 551
318 426 515 534
265 426 318 870
265 357 683 426
846 375 920 808
683 675 815 946
191 357 265 988
683 375 846 675
191 249 683 357
683 179 966 375
683 0 1000 179
99 249 191 988
0 249 99 1000
0 127 683 249
0 0 683 127
972 784 995 785
972 571 995 784
901 786 968 882
932 888 1000 997
838 888 932 1000
657 879 757 1000
348 685 401 934
901 571 972 786
657 794 838 879
462 538 517 875
657 690 838 794
415 538 462 939
838 571 901 888
415 335 521 538
657 571 838 690
348 335 415 685
289 335 348 857
657 479 1000 571
657 367 1000 479
228 335 289 996
657 237 1000 367
598 237 657 1000
521 237 598 1000
521 106 1000 237
228 106 521 335
228 0 1000 106
119 0 228 1000
0 0 119 1000
995 0 998 578
993 0 995 937
208 988 485 999
675 930 783 961
676 845 734 928
757 690 800 817
600 845 676 928
707 690 757 817
651 690 707 817
982 0 993 827
471 845 600 928
651 634 929 690
574 634 651 845
471 634 574 845
208 930 675 988
471 563 929 634
368 563 471 930
368 494 929 563
368 423 929 494
368 338 929 423
368 251 929 338
294 251 368 930
929 0 982 968
294 157 929 251
208 157 294 930
120 157 208 1000
0 157 120 1000
0 0 929 157
250 968 287 982
216 968 250 991
934 799 1000 824
330 881 409 914
815 938 895 1000
107 885 157 1000
409 572 444 756
409 315 444 572
216 809 287 968
599 938 815 1000
797 799 934 938
216 577 330 809
599 799 797 938
599 730 1000 799
107 577 216 885
599 637 1000 730
599 540 1000 637
599 438 1000 540
526 438 599 1000
526 345 1000 438
330 315 409 881
444 345 526 1000
107 315 330 577
444 222 1000 345
444 88 1000 222
107 88 444 315
107 0 1000 88
0 0 107 1000
292 734 379 748
440 627 463 696
543 986 962 998
96 877 152 1000
851 834 898 986
292 647 379 734
440 230 463 627
871 390 923 619
636 499 793 578
636 404 793 499
851 733 1000 834
235 647 292 918
760 733 851 986
871 154 978 390
235 469 379 647
654 733 760 986
809 154 871 619
654 619 1000 733
543 619 654 986
636 154 809 404
379 230 440 949
636 0 1000 154
96 469 235 877
543 0 636 619
96 230 379 469
463 0 543 1000
96 0 463 230
0 0 96 1000
603 577 940 578
525 577 603 619
808 895 987 917
637 978 908 994
755 895 808 978
230 820 357 861
230 772 357 820
849 364 891 537
637 895 755 978
361 677 392 995
799 364 849 577
530 895 637 1000
230 677 361 772
799 284 1000 364
730 284 799 577
530 836 884 895
399 836 530 1000
230 545 397 677
645 284 730 577
158 545 230 1000
525 284 645 577
399 733 1000 836
525 147 1000 284
399 619 1000 733
525 0 1000 147
399 0 525 619
158 0 399 545
0 0 158 1000
990 622 997 720
979 622 990 757
438 970 721 980
968 622 979 938
732 784 912 806
732 759 912 784
519 760 548 970
519 731 732 760
200 620 232 871
732 714 912 759
732 664 912 714
732 587 912 664
968 96 999 622
438 731 519 970
438 659 732 731
109 620 200 973
732 404 912 587
438 539 732 659
732 203 912 404
912 96 968 979
438 356 732 539
349 356 438 1000
349 203 732 356
349 96 912 203
349 0 1000 96
276 0 349 931
109 0 276 620
0 0 109 1000
582 368 587 794
332 569 361 692
756 929 823 996
414 819 459 1000
332 260 363 569
590 200 626 653
756 792 877 929
756 715 1000 792
756 637 1000 715
703 637 756 1000
414 606 511 819
523 368 582 764
414 368 523 606
134 670 247 900
271 260 332 735
703 531 1000 637
363 368 414 1000
703 408 1000 531
363 200 590 368
626 408 703 1000
626 275 1000 408
626 138 1000 275
626 0 1000 138
363 0 626 200
134 260 271 670
134 0 363 260
71 0 134 1000
0 0 71 1000
161 813 181 1000
161 743 269 813
365 444 408 636
120 743 161 1000
331 444 365 793
120 657 269 743
749 893 906 978
306 444 331 1000
749 802 976 893
749 711 1000 802
120 504 269 657
306 228 413 444
660 711 749 982
269 228 306 910
660 629 1000 711
580 629 660 982
580 557 1000 629
506 557 580 1000
506 480 1000 557
120 228 269 504
413 480 506 1000
413 396 1000 480
413 309 1000 396
413 212 1000 309
413 111 1000 212
413 0 1000 111
120 0 413 228
0 0 120 1000
185 740 190 783
633 998 934 1000
271 852 384 889
463 719 504 843
463 588 504 719
633 969 896 998
463 397 503 588
633 919 1000 969
797 762 918 919
95 740 185 967
633 762 797 919
633 691 1000 762
633 615 1000 691
633 538 1000 615
633 454 1000 538
564 454 633 1000
564 364 1000 454
564 271 1000 364
564 176 1000 271
384 397 463 928
504 176 564 1000
271 397 384 852
271 176 504 397
196 176 271 1000
196 92 1000 176
196 0 1000 92
95 0 196 740
0 0 95 1000
666 509 683 742
873 585 900 778
485 597 666 629
485 561 666 597
518 977 945 994
834 585 873 778
834 531 1000 585
834 476 1000 531
485 509 666 561
518 930 877 977
783 476 834 823
718 476 783 823
518 878 961 930
485 403 718 509
518 823 997 878
366 823 518 1000
718 375 1000 476
718 262 1000 375
485 262 718 403
485 195 1000 262
428 195 485 823
428 122 1000 195
366 122 428 823
259 122 366 694
187 122 259 1000
115 122 187 1000
115 0 1000 122
0 0 115 1000
293 832 354 856
750 903 853 923
619 934 684 993
984 448 993 935
619 900 750 934
853 812 941 904
853 686 941 812
853 559 941 686
390 334 409 977
196 832 293 968
113 832 196 1000
113 770 359 832
359 334 390 982
941 448 984 954
0 770 113 1000
0 692 359 770
0 595 359 692
750 559 853 903
619 559 750 900
510 559 619 979
0 465 359 595
0 334 359 465
510 448 941 559
510 343 1000 448
419 343 510 1000
419 232 1000 343
419 0 1000 232
0 0 419 334
520 991 753 996
771 740 810 855
727 740 771 855
747 944 900 987
251 517 292 681
639 740 727 855
520 944 747 991
951 374 978 795
639 643 757 740
639 598 909 643
588 598 639 855
588 554 909 598
588 502 909 554
588 446 909 502
520 855 748 944
909 374 951 877
520 446 588 855
520 374 909 446
459 374 520 869
459 310 1000 374
459 233 1000 310
391 233 459 1000
113 517 251 936
391 127 1000 233
294 127 391 1000
294 0 1000 127
113 0 294 517
0 0 113 1000
730 540 733 871
592 742 597 1000
974 704 985 859
592 714 714 742
833 877 972 909
903 704 974 770
575 714 592 1000
575 677 714 714
714 540 730 923
833 704 903 877
775 704 833 1000
775 621 998 704
575 540 714 677
522 540 575 912
775 510 998 621
775 399 1000 510
733 399 775 1000
522 399 733 540
459 399 522 1000
396 399 459 1000
396 319 1000 399
396 237 1000 319
316 237 396 1000
316 133 1000 237
229 133 316 1000
133 133 229 1000
133 0 1000 133
0 0 133 1000
897 715 902 808
153 882 158 989
833 808 865 875
906 875 1000 905
806 705 889 751
110 882 153 991
760 705 806 808
110 817 211 882
897 553 1000 715
772 875 906 1000
631 875 772 1000
479 875 631 1000
315 875 479 1000
760 553 897 705
760 449 1000 553
669 449 760 808
577 449 669 808
315 808 833 875
659 292 976 429
449 449 577 808
315 449 449 808
211 449 315 1000
211 292 659 449
211 202 1000 292
211 102 1000 202
211 0 1000 102
110 0 211 817
0 0 110 1000
905 837 943 946
964 594 1000 741
193 949 342 991
728 856 779 987
288 866 401 940
336 639 409 781
0 893 151 963
288 639 336 866
640 856 728 987
640 766 789 856
905 594 964 837
905 438 1000 594
288 510 409 639
640 636 789 766
862 438 905 924
538 636 640 995
789 438 862 961
193 510 288 949
193 289 409 510
538 438 789 636
538 330 1000 438
538 221 1000 330
473 221 538 1000
473 116 1000 221
409 116 473 1000
409 0 1000 116
0 289 193 893
0 0 409 289
997 346 1000 381
900 514 952 519
966 428 985 467
900 473 941 514
966 346 997 428
799 767 831 999
900 346 966 473
547 432 802 473
547 396 840 432
799 705 1000 767
755 705 799 999
745 243 891 344
547 346 900 396
687 705 755 999
617 705 687 999
536 705 617 999
455 705 536 999
362 705 455 999
362 656 1000 705
267 656 362 999
267 585 927 656
267 519 1000 585
267 346 547 519
185 346 267 999
185 243 745 346
185 160 1000 243
185 0 1000 160
0 0 185 1000
388 990 710 997
612 603 643 695
952 835 998 906
735 929 921 972
571 603 612 804
841 658 990 714
460 804 701 839
291 679 388 776
190 679 291 779
770 658 841 835
571 487 701 603
701 835 952 918
388 929 735 990
770 560 1000 658
770 461 1000 560
770 336 1000 461
701 336 770 835
460 487 571 804
460 336 701 487
460 268 1000 336
460 186 1000 268
388 186 460 929
388 98 1000 186
388 0 1000 98
291 0 388 679
190 0 291 679
118 0 190 1000
0 0 118 1000
997 461 998 928
997 234 1000 461
889 611 997 638
626 792 798 820
871 611 889 922
366 756 439 857
587 792 626 1000
545 792 587 1000
798 922 950 983
834 611 871 872
798 611 834 922
615 529 796 609
798 537 997 611
798 449 997 537
545 529 615 792
499 529 545 1000
499 447 798 529
499 358 798 447
449 358 499 1000
798 234 997 449
449 234 798 358
366 234 449 756
301 234 366 1000
213 234 301 1000
213 136 1000 234
120 136 213 1000
120 0 1000 136
0 0 120 1000
304 985 321 990
942 399 1000 427
938 399 942 808
516 987 717 998
516 980 872 987
0 981 167 999
304 741 321 985
69 748 96 959
712 766 755 923
712 725 905 766
0 748 69 981
516 936 913 980
712 595 905 725
712 479 938 595
641 479 712 863
579 479 641 936
579 399 938 479
173 741 304 969
579 312 1000 399
579 209 1000 312
516 209 579 936
516 113 1000 209
463 113 516 1000
463 0 1000 113
395 0 463 1000
322 0 395 1000
173 0 322 741
0 0 173 748
990 794 992 858
455 499 459 762
455 486 557 499
823 794 990 802
455 431 557 486
792 794 823 1000
437 431 455 850
307 872 450 925
751 794 792 1000
751 756 1000 794
407 431 437 850
174 872 307 973
751 701 1000 756
751 639 1000 701
706 639 751 1000
351 431 407 850
351 301 557 431
628 639 706 1000
628 560 1000 639
557 560 628 1000
557 486 1000 560
557 390 1000 486
557 286 1000 390
557 148 1000 286
557 0 1000 148
174 301 351 872
174 0 557 301
0 0 174 1000
451 756 564 771
451 726 564 756
298 909 345 998
131 944 280 990
726 824 912 866
912 751 959 919
675 824 726 1000
619 824 675 1000
912 582 985 751
619 775 912 824
131 846 288 944
619 720 912 775
619 654 912 720
619 582 912 654
131 649 263 846
619 513 1000 582
564 513 619 1000
564 449 1000 513
298 302 354 909
564 358 1000 449
564 229 1000 358
451 229 564 726
131 302 298 649
372 229 451 1000
372 115 1000 229
372 0 1000 115
131 0 372 302
0 0 131 874
770 857 780 1000
283 784 312 836
932 923 973 993
728 857 770 1000
932 654 964 923
726 486 790 637
728 810 932 857
660 486 726 637
590 486 660 637
658 810 728 1000
590 446 932 486
658 759 932 810
658 689 932 759
485 446 590 637
593 689 658 1000
176 784 283 994
508 689 593 1000
414 689 508 1000
315 689 414 1000
315 637 932 689
315 446 485 637
932 148 999 654
315 373 932 446
315 279 932 373
315 148 932 279
315 0 1000 148
176 0 315 784
0 0 176 1000
316 743 329 967
297 743 316 905
925 911 966 993
297 718 436 743
799 631 956 657
987 270 999 643
686 968 843 997
925 847 998 911
799 601 968 631
686 937 886 968
297 666 436 718
968 270 987 785
739 601 799 847
739 513 968 601
686 847 925 937
739 400 968 513
739 270 968 400
686 270 739 847
610 408 681 945
686 114 1000 270
513 408 610 924
513 114 686 408
436 114 513 1000
297 114 436 666
194 114 297 972
194 0 1000 114
102 0 194 1000
0 0 102 1000
937 911 998 931
271 810 289 967
780 933 864 1000
877 844 920 983
237 810 271 1000
198 810 237 1000
780 844 877 933
310 538 351 779
643 808 696 995
142 810 198 1000
643 691 756 808
238 538 310 810
238 443 503 538
780 645 929 844
937 397 998 911
142 443 238 810
73 443 142 1000
780 397 937 645
643 397 780 691
643 278 1000 397
73 341 503 443
643 155 1000 278
0 341 73 1000
643 0 1000 155
0 225 503 341
581 0 643 1000
503 0 581 1000
0 0 503 225
881 682 941 713
394 794 755 801
965 427 1000 503
881 525 905 682
579 974 958 984
652 633 769 704
758 715 924 794
579 933 928 974
579 896 978 933
579 843 858 896
466 843 579 1000
466 808 1000 843
652 525 881 633
317 808 466 1000
394 715 758 794
652 427 965 525
527 427 652 715
527 348 1000 427
394 348 527 715
394 265 1000 348
394 179 1000 265
394 89 1000 179
317 89 394 808
254 89 317 1000
254 0 1000 89
179 0 254 1000
100 0 179 1000
0 0 100 1000
504 989 530 1000
734 612 1000 615
981 483 998 541
302 679 979 684
649 612 734 679
670 886 833 923
902 483 981 599
835 814 889 1000
791 483 902 612
504 886 670 989
639 483 791 612
486 483 639 612
302 612 649 679
504 814 835 886
486 431 1000 483
504 756 965 814
504 694 1000 756
302 431 486 612
386 694 504 1000
265 694 386 1000
139 694 265 1000
139 431 302 694
139 376 1000 431
139 311 1000 376
139 243 1000 311
139 130 1000 243
139 0 1000 130
0 0 139 896
226 796 271 836
570 869 588 1000
542 869 570 1000
339 657 463 736
0 822 107 918
645 891 824 961
741 662 799 885
226 907 391 1000
226 657 339 796
226 836 456 907
107 836 226 1000
107 657 226 836
645 662 741 891
824 788 933 999
933 424 1000 959
107 556 463 657
107 452 463 556
0 452 107 822
824 424 933 788
645 424 824 662
542 424 645 869
0 333 463 452
542 292 1000 424
0 194 463 333
542 145 1000 292
463 145 542 1000
463 0 1000 145
0 0 463 194
767 660 808 678
401 593 435 654
482 623 489 976
401 473 435 593
721 935 794 995
767 504 811 660
336 632 366 903
482 313 521 623
811 867 965 956
124 892 281 992
287 632 336 963
721 504 767 935
811 745 1000 867
811 612 1000 745
660 504 721 964
435 313 482 985
811 433 1000 612
811 230 1000 433
660 230 811 504
124 632 287 892
124 473 401 632
600 230 660 1000
124 313 435 473
600 105 1000 230
521 105 600 1000
124 105 521 313
124 0 1000 105
0 0 124 1000
242 767 243 996
992 0 995 578
841 880 878 946
619 856 722 928
696 717 794 826
619 717 696 856
619 669 841 717
619 615 841 669
577 615 619 928
577 563 841 615
577 503 841 563
537 503 577 928
919 291 992 554
919 0 992 291
468 928 815 999
537 408 841 503
115 767 242 997
537 301 841 408
882 0 919 950
841 0 882 880
537 155 841 301
468 155 537 928
468 0 841 155
405 0 468 1000
337 0 405 1000
246 0 337 1000
115 0 246 767
0 0 115 1000
768 989 947 995
862 761 874 857
274 928 308 999
648 781 672 894
431 980 712 992
768 958 888 989
648 709 731 781
431 958 768 980
375 736 428 889
862 678 1000 761
791 678 862 857
791 590 1000 678
791 498 1000 590
274 736 375 928
731 498 791 857
731 413 1000 498
648 413 731 709
648 343 1000 413
431 905 908 958
648 258 1000 343
591 258 648 905
532 258 591 905
431 258 532 905
431 141 1000 258
431 0 1000 141
274 0 431 736
157 0 274 1000
0 0 157 1000
543 584 546 620
472 584 543 670
751 843 791 1000
338 835 564 872
751 785 937 843
960 348 994 727
419 584 472 830
937 348 960 995
751 703 937 785
692 703 751 1000
633 703 692 1000
564 703 633 1000
564 645 937 703
564 578 937 645
419 386 546 584
564 510 937 578
564 436 937 510
564 348 937 436
564 264 1000 348
338 386 419 835
564 180 1000 264
271 386 338 941
271 180 564 386
271 96 1000 180
271 0 1000 96
194 0 271 1000
91 0 194 793
0 0 91 1000
980 889 994 992
680 356 686 633
176 934 237 963
237 740 256 880
897 887 958 985
0 837 127 899
980 470 999 889
176 740 237 934
897 740 980 887
545 840 630 989
127 740 176 1000
823 740 897 1000
424 840 545 1000
823 577 980 740
424 739 687 840
759 577 823 1000
687 577 759 1000
687 470 980 577
556 356 680 687
687 309 1000 470
424 356 556 739
687 123 1000 309
424 123 687 356
344 123 424 1000
344 0 1000 123
258 0 344 1000
127 0 258 740
0 0 127 837
