517 946 520 993
832 724 833 975
480 946 517 984
551 929 664 950
409 861 480 921
523 777 546 977
883 890 937 1000
551 874 664 929
480 780 521 946
759 867 832 965
523 484 551 777
551 797 664 874
300 897 401 994
759 724 832 867
883 796 1000 890
551 700 664 797
883 698 1000 796
480 484 523 780
710 724 759 987
710 621 837 724
480 290 551 484
883 561 1000 698
300 731 401 897
551 538 664 700
837 561 883 1000
551 356 664 538
837 426 1000 561
710 426 837 621
664 426 710 1000
664 343 1000 426
664 258 1000 343
664 173 1000 258
664 80 1000 173
551 80 664 356
409 290 480 861
300 290 409 731
300 80 551 290
240 80 300 1000
240 0 1000 80
179 0 240 1000
114 0 179 1000
0 0 114 1000
520 782 522 790
163 998 191 1000
555 870 668 883
513 782 520 993
815 897 833 1000
673 949 720 988
555 854 673 870
815 879 966 897
555 802 673 854
815 837 966 879
522 802 555 1000
815 792 966 837
413 575 478 678
966 731 1000 960
522 746 673 802
769 792 815 1000
522 671 673 746
163 944 374 998
769 731 966 792
440 782 513 950
328 692 485 775
522 581 673 671
769 661 1000 731
413 376 496 575
769 575 1000 661
769 486 1000 575
413 169 516 376
720 486 769 1000
720 394 1000 486
673 394 720 949
673 296 1000 394
522 296 673 581
522 203 1000 296
328 169 413 692
255 169 328 778
163 782 440 944
522 102 1000 203
522 0 1000 102
163 169 255 782
163 0 522 169
87 0 163 1000
0 0 87 1000
732 988 829 999
338 852 372 898
438 914 505 950
235 951 299 1000
372 969 489 1000
509 705 529 893
852 823 882 963
882 868 925 968
686 851 732 949
975 562 1000 751
810 695 842 858
925 881 1000 958
197 749 221 1000
686 719 732 851
882 719 925 868
509 310 529 705
852 487 882 823
732 876 835 988
338 442 372 852
975 0 1000 562
959 0 975 881
732 695 810 876
732 566 852 695
625 719 686 974
625 566 732 719
625 487 852 566
625 404 882 487
108 749 197 1000
625 296 882 404
925 0 959 881
882 0 925 719
575 296 625 1000
438 310 509 914
372 310 438 969
575 148 882 296
575 0 882 148
529 0 575 1000
372 0 529 310
235 442 338 951
235 0 372 442
108 0 235 749
0 0 108 1000
970 962 977 964
834 962 970 964
553 962 834 964
94 964 116 1000
913 500 987 511
890 855 905 939
928 659 977 700
695 967 830 1000
900 716 937 843
256 814 293 951
813 659 928 706
793 855 890 939
813 613 1000 659
413 967 695 1000
256 672 323 814
829 500 913 613
553 939 994 962
666 855 793 939
730 500 829 613
730 453 987 500
791 716 900 843
730 392 1000 453
730 331 1000 392
669 331 730 613
666 716 791 855
669 277 1000 331
256 393 323 672
669 216 1000 277
615 216 669 613
615 157 1000 216
615 91 1000 157
553 716 666 939
553 613 813 716
195 393 256 885
615 0 1000 91
553 0 615 613
94 393 195 964
489 0 553 967
413 0 489 967
323 0 413 1000
94 0 323 393
0 0 94 1000
368 506 371 511
538 791 544 957
811 884 838 945
858 804 877 918
983 708 997 919
538 768 664 791
811 804 858 884
787 804 811 997
787 755 894 804
349 506 368 796
498 957 639 998
894 827 943 994
538 696 664 768
258 873 371 965
894 708 983 827
538 608 664 696
894 578 1000 708
498 608 538 957
459 608 498 1000
411 608 459 1000
787 578 894 755
742 578 787 1000
411 530 664 608
742 501 1000 578
411 451 664 530
742 418 1000 501
371 451 411 1000
704 418 742 1000
371 372 664 451
664 418 704 1000
664 341 1000 418
664 262 1000 341
371 262 664 372
258 506 349 873
371 200 1000 262
371 137 1000 200
258 137 371 506
258 75 1000 137
198 75 258 1000
198 0 1000 75
124 0 198 1000
0 0 124 1000
490 455 492 841
981 885 1000 996
476 688 489 927
320 895 363 991
645 926 757 968
720 789 770 884
543 968 700 1000
814 943 927 1000
237 875 320 959
868 786 955 885
814 885 981 943
645 789 720 926
868 705 1000 786
645 697 770 789
868 611 1000 705
595 697 645 968
868 506 1000 611
543 697 595 968
423 688 476 964
423 455 490 688
543 623 770 697
320 484 363 895
814 506 868 885
770 506 814 1000
543 506 770 623
543 447 1000 506
543 384 1000 447
495 384 543 1000
495 323 1000 384
495 261 1000 323
364 455 423 999
237 484 320 875
495 196 1000 261
364 196 495 455
237 196 364 484
237 144 1000 196
190 144 237 1000
142 144 190 1000
81 144 142 1000
81 76 1000 144
81 0 1000 76
0 0 81 1000
520 728 523 986
824 718 830 913
579 988 755 999
824 698 1000 718
501 728 520 968
267 904 331 977
464 728 501 886
427 728 464 923
390 728 427 923
390 670 524 728
267 791 338 904
824 649 1000 698
579 965 964 988
390 596 524 670
677 913 947 950
778 649 824 913
356 596 390 1000
778 582 1000 649
732 582 778 913
267 596 356 791
220 596 267 980
677 582 732 913
629 582 677 965
220 532 524 596
176 532 220 1000
629 524 1000 582
176 460 524 532
629 456 1000 524
176 387 524 460
579 456 629 965
176 308 524 387
135 308 176 1000
579 372 1000 456
579 272 1000 372
135 196 524 308
579 164 1000 272
524 164 579 1000
524 66 1000 164
135 66 524 196
79 66 135 1000
79 0 1000 66
0 0 79 1000
825 993 982 996
240 998 922 1000
874 845 963 863
240 993 825 998
862 381 943 428
975 551 998 731
734 703 945 723
874 797 963 845
344 476 911 487
737 435 938 476
835 920 1000 973
862 302 977 381
790 797 874 910
703 920 835 993
788 302 862 435
541 920 703 993
680 302 788 435
734 634 945 703
680 254 1000 302
344 435 737 476
589 254 680 435
626 797 790 910
626 742 963 797
484 254 589 435
734 551 975 634
626 551 734 742
240 920 541 993
344 254 484 435
555 551 626 920
555 487 1000 551
488 487 555 920
408 487 488 920
326 487 408 920
240 487 326 920
155 487 240 1000
155 254 344 487
155 197 1000 254
155 138 1000 197
155 71 1000 138
155 0 1000 71
79 0 155 1000
0 0 79 1000
744 612 883 613
457 612 744 615
991 646 998 785
756 539 844 556
954 868 997 915
931 868 954 964
888 508 917 599
803 810 931 833
973 646 991 843
784 810 803 1000
784 785 931 810
765 785 784 1000
888 387 925 508
765 753 931 785
653 539 756 610
732 753 765 1000
732 708 931 753
696 708 732 1000
696 661 931 708
661 661 696 1000
973 167 1000 646
621 661 661 1000
457 539 653 612
574 661 621 1000
525 661 574 1000
473 661 525 1000
473 616 931 661
457 460 765 539
399 616 473 1000
931 167 973 868
457 387 888 460
314 616 399 1000
314 387 457 616
314 332 931 387
314 254 931 332
314 167 931 254
314 86 1000 167
314 0 1000 86
250 0 314 1000
169 0 250 1000
85 0 169 1000
0 0 85 1000
558 543 942 548
814 496 928 519
819 919 902 954
931 891 1000 933
789 857 859 904
776 919 819 1000
931 837 1000 891
789 810 902 857
704 919 776 1000
931 751 1000 837
734 810 789 919
625 919 704 1000
675 810 734 919
675 780 902 810
902 751 931 990
625 780 675 919
625 751 902 780
591 751 625 1000
558 520 957 543
591 725 1000 751
591 688 983 725
814 413 998 496
529 688 591 1000
529 642 1000 688
467 642 529 1000
467 598 1000 642
467 550 1000 598
408 550 467 1000
348 550 408 1000
558 413 814 520
348 413 558 550
297 413 348 1000
239 413 297 1000
239 368 1000 413
490 292 969 366
171 368 239 1000
490 189 980 292
171 189 490 368
171 96 1000 189
171 0 1000 96
86 0 171 1000
0 0 86 1000
273 539 274 958
515 770 534 804
384 977 438 1000
307 284 310 772
912 922 1000 953
870 922 912 1000
481 774 505 967
515 507 534 770
313 855 384 964
535 883 644 964
114 858 227 939
744 922 870 1000
114 768 227 858
60 768 114 982
283 429 306 976
60 690 227 768
606 240 632 811
744 843 952 922
744 778 1000 843
744 712 1000 778
744 636 1000 712
384 774 481 977
569 240 606 774
227 539 273 972
535 240 569 883
744 547 1000 636
692 547 744 1000
692 466 1000 547
60 539 227 690
692 381 1000 466
0 539 60 982
692 289 1000 381
0 429 283 539
384 507 515 774
692 171 1000 289
644 171 692 1000
384 240 535 507
313 240 384 855
0 284 307 429
644 0 1000 171
313 0 644 240
0 0 313 284
684 882 745 895
866 959 993 968
671 882 684 983
305 369 312 618
985 186 1000 377
301 706 312 989
789 881 866 927
960 749 991 904
238 559 279 706
789 802 866 881
608 882 671 983
547 882 608 989
270 706 301 932
746 802 789 1000
547 838 746 882
746 721 866 802
233 706 270 986
238 369 305 559
960 186 985 749
184 706 233 1000
547 765 746 838
746 593 866 721
547 682 746 765
746 448 866 593
746 300 866 448
184 369 238 706
155 369 184 1000
483 682 547 989
483 602 746 682
917 186 960 813
104 369 155 1000
483 455 746 602
866 186 917 959
483 300 746 455
483 186 866 300
426 186 483 1000
426 104 1000 186
373 104 426 1000
315 104 373 1000
315 0 1000 104
104 0 315 369
0 0 104 1000
632 910 685 939
855 746 872 855
573 696 593 807
835 774 847 973
728 945 834 988
995 0 1000 1000
390 847 427 993
390 686 427 847
685 755 727 904
728 879 835 945
872 796 931 927
632 758 685 910
427 923 556 1000
855 131 872 746
728 774 835 879
728 672 855 774
502 696 573 901
978 0 995 883
427 696 502 923
728 523 855 672
307 686 390 946
236 686 307 993
427 556 593 696
728 335 855 523
236 556 427 686
236 485 593 556
236 413 593 485
728 131 855 335
685 131 728 755
236 326 593 413
236 234 593 326
632 131 685 758
593 131 632 990
184 234 236 1000
184 131 593 234
931 0 978 963
184 65 872 131
872 0 931 796
133 65 184 1000
133 0 872 65
82 0 133 1000
0 0 82 1000
996 190 999 359
983 494 994 550
994 190 996 573
500 690 507 856
310 778 323 970
755 823 774 960
530 440 535 985
755 794 865 823
489 690 500 991
983 190 994 494
908 889 967 993
273 778 310 964
458 690 489 988
908 780 1000 889
507 440 530 890
424 690 458 1000
755 697 865 794
908 653 1000 780
386 690 424 1000
344 690 386 1000
952 190 983 631
701 697 755 968
650 697 701 1000
344 594 507 690
594 697 650 1000
535 697 594 1000
535 638 865 697
908 190 952 653
344 440 507 594
535 551 865 638
535 458 865 551
535 364 865 458
865 190 908 984
535 259 865 364
344 259 535 440
344 190 865 259
273 190 344 778
198 190 273 1000
198 107 1000 190
109 107 198 1000
109 0 1000 107
0 0 109 1000
545 531 546 640
799 955 836 1000
994 206 997 924
83 610 103 723
210 992 544 999
528 649 555 812
941 847 994 935
192 497 206 984
545 146 563 531
563 850 624 1000
267 878 526 919
352 570 499 649
0 813 83 953
941 615 994 847
799 848 941 955
352 490 543 570
693 848 799 1000
0 610 83 813
352 394 545 490
693 769 941 848
352 288 545 394
693 683 941 769
941 206 994 615
624 683 693 1000
624 609 941 683
624 533 941 609
210 919 554 992
389 649 528 836
352 146 545 288
267 649 389 878
624 433 941 533
624 326 941 433
624 206 941 326
563 206 624 850
267 146 352 649
563 107 1000 206
103 497 192 984
210 146 267 919
563 0 1000 107
210 0 563 146
103 0 210 497
0 0 103 610
