359 262 603 264
896 408 966 427
571 505 676 542
956 111 997 218
663 408 896 427
473 572 1000 582
473 505 571 572
458 505 473 1000
458 491 1000 505
458 477 1000 491
440 477 458 1000
421 477 440 1000
622 218 969 250
397 477 421 1000
371 477 397 1000
371 455 1000 477
345 455 371 1000
318 455 345 1000
288 455 318 1000
288 408 663 455
244 408 288 1000
198 408 244 1000
152 408 198 1000
152 375 1000 408
152 342 1000 375
108 342 152 1000
108 309 1000 342
62 309 108 1000
622 111 956 218
62 268 1000 309
359 111 622 262
62 111 359 268
62 61 1000 111
62 0 1000 61
0 0 62 1000
463 734 470 741
191 902 244 907
353 433 412 456
504 134 507 952
414 941 481 979
244 818 327 852
463 324 474 734
690 392 698 1000
434 324 463 498
989 330 999 961
676 392 690 1000
676 364 989 392
676 330 989 364
676 292 1000 330
414 324 434 941
676 253 1000 292
579 253 676 385
579 221 1000 253
487 134 504 929
414 134 487 324
561 221 579 1000
542 221 561 1000
542 186 1000 221
353 134 414 433
542 143 1000 186
507 143 542 1000
244 437 327 818
244 134 353 437
507 72 1000 143
507 0 1000 72
244 0 507 134
191 0 244 902
135 0 191 1000
72 0 135 1000
0 0 72 1000
981 527 992 534
99 983 230 994
981 376 992 527
99 946 163 983
581 463 586 1000
476 491 549 530
310 754 333 882
961 531 969 940
993 192 1000 796
573 463 581 1000
573 442 830 463
573 419 830 442
476 419 573 491
476 396 830 419
99 885 230 946
938 531 961 910
830 821 894 978
476 366 830 396
250 754 310 965
909 531 938 972
476 321 830 366
476 271 830 321
830 531 909 821
830 376 981 531
442 271 476 1000
405 271 442 1000
830 192 993 376
363 271 405 1000
363 192 830 271
99 636 250 885
363 116 1000 192
363 0 1000 116
250 0 363 754
99 0 250 636
0 0 99 1000
950 368 987 377
987 306 993 389
933 918 994 941
705 985 961 992
424 985 705 992
702 175 718 302
770 801 919 817
987 113 1000 306
695 390 733 497
950 253 987 368
950 113 987 253
638 390 695 497
725 801 770 968
725 747 933 801
332 497 956 516
592 175 702 302
653 747 725 974
933 638 994 918
578 747 653 985
494 747 578 985
494 695 933 747
494 638 933 695
494 588 1000 638
451 175 592 368
424 588 494 985
451 113 950 175
424 534 1000 588
332 390 638 497
332 113 451 390
334 534 424 1000
229 534 334 1000
101 534 229 1000
101 113 332 534
101 0 1000 113
0 0 101 1000
982 860 999 920
432 535 781 539
300 996 800 999
432 528 788 535
977 314 982 829
958 314 977 490
701 953 780 996
879 314 958 365
421 528 432 953
795 741 854 838
421 505 788 528
982 187 996 860
399 505 421 953
795 535 856 741
879 187 982 314
399 471 788 505
399 431 788 471
369 431 399 953
112 644 183 867
338 431 369 953
338 395 795 431
300 953 701 996
856 187 879 943
338 355 795 395
795 187 856 535
338 307 795 355
338 250 795 307
338 187 795 250
338 142 1000 187
300 142 338 953
300 92 1000 142
0 644 112 975
300 0 1000 92
193 0 300 1000
0 0 193 644
231 981 282 1000
793 786 799 997
495 586 619 609
122 698 231 728
912 561 1000 603
666 798 695 934
899 561 912 936
231 740 271 981
306 217 349 442
122 606 231 698
495 423 571 586
899 405 1000 561
527 798 666 913
495 360 755 423
695 613 748 928
402 798 527 935
864 405 899 936
402 730 695 798
495 280 755 360
864 249 1000 405
495 192 755 280
864 73 1000 249
836 73 864 936
793 73 836 786
402 613 695 730
755 73 793 1000
402 192 495 613
231 217 306 740
402 73 755 192
122 217 231 606
402 0 1000 73
355 0 402 1000
122 0 355 217
55 0 122 800
0 0 55 1000
199 588 200 967
263 301 266 713
260 301 263 967
407 757 430 937
376 433 389 834
99 723 119 986
604 638 620 1000
357 433 376 785
465 136 478 661
170 588 199 850
99 588 170 723
575 638 604 1000
575 600 888 638
69 588 99 989
450 136 465 959
575 555 888 600
304 433 357 706
575 499 888 555
575 440 888 499
575 378 888 440
69 428 208 588
575 306 888 378
575 249 1000 306
69 301 260 428
407 136 450 757
575 180 1000 249
304 136 407 433
268 136 304 999
69 136 268 301
575 99 1000 180
536 99 575 1000
536 0 1000 99
488 0 536 1000
69 0 488 136
0 0 69 1000
582 988 587 999
183 871 186 974
654 453 667 645
849 469 1000 487
774 810 800 971
318 648 338 911
543 800 584 943
849 428 1000 469
774 783 1000 810
582 971 961 988
590 801 721 853
623 453 654 719
623 356 732 453
186 971 582 1000
89 871 183 998
318 505 438 648
774 699 1000 783
318 343 438 505
623 170 732 356
774 428 849 699
590 170 623 801
774 333 1000 428
736 333 774 971
736 231 1000 333
736 125 1000 231
543 170 590 800
259 343 318 863
736 0 1000 125
543 0 736 170
495 0 543 971
438 0 495 971
259 0 438 343
186 0 259 971
89 0 186 871
0 0 89 1000
514 640 537 716
416 424 423 978
332 706 351 937
514 528 557 640
455 777 480 976
659 494 945 513
403 424 416 844
659 472 945 494
659 449 945 472
646 449 659 1000
628 449 646 1000
628 417 945 449
486 528 514 911
486 372 557 528
628 381 945 417
285 706 332 959
455 372 486 777
628 346 1000 381
628 303 1000 346
628 258 1000 303
356 424 403 830
455 258 628 372
285 424 356 706
455 218 1000 258
455 178 1000 218
424 178 455 926
285 178 424 424
285 128 1000 178
240 128 285 1000
187 128 240 934
187 66 1000 128
125 66 187 1000
62 66 125 1000
62 0 1000 66
0 0 62 1000
977 883 1000 892
738 611 850 619
584 694 599 1000
850 555 879 739
565 694 584 1000
420 712 473 832
420 613 487 712
933 468 952 822
565 653 738 694
850 468 933 555
565 611 738 653
953 370 970 915
977 242 992 883
850 370 953 468
565 565 850 611
565 516 850 565
565 466 850 516
106 828 257 921
850 242 977 370
565 408 850 466
532 408 565 1000
532 322 850 408
491 322 532 1000
491 242 850 322
491 183 1000 242
420 183 491 613
420 130 1000 183
381 130 420 1000
381 70 1000 130
106 606 273 828
340 70 381 1000
340 0 1000 70
279 0 340 1000
106 0 279 606
0 0 106 1000
137 753 154 824
137 670 154 753
767 766 778 933
685 456 691 965
988 0 995 494
413 778 544 815
981 0 988 712
724 766 767 889
685 287 722 456
544 771 574 1000
413 719 544 778
544 707 685 771
544 639 685 707
413 639 544 719
413 594 685 639
0 773 64 984
945 310 977 741
0 670 137 773
377 594 413 1000
332 594 377 1000
832 679 900 986
905 310 945 941
832 310 905 679
264 594 332 1000
785 310 832 895
724 310 785 766
724 184 981 310
264 498 685 594
264 395 685 498
264 287 685 395
724 0 981 184
264 175 724 287
167 175 264 1000
167 0 724 175
0 0 167 670
408 686 410 703
191 908 196 933
288 983 389 988
191 829 198 908
408 319 410 686
390 617 397 793
397 319 408 457
390 319 397 617
191 348 198 829
87 856 131 939
613 481 1000 495
613 466 1000 481
352 564 370 983
595 466 613 1000
566 466 595 1000
566 428 1000 466
566 383 1000 428
532 383 566 1000
495 383 532 1000
495 336 1000 383
148 348 191 913
495 287 1000 336
288 564 352 983
199 564 288 870
455 287 495 1000
87 348 148 856
455 229 1000 287
410 229 455 1000
410 169 1000 229
410 93 1000 169
199 319 390 564
0 348 87 941
410 0 1000 93
199 0 410 319
0 0 199 348
762 990 793 993
779 907 802 918
762 983 940 990
826 612 1000 621
444 994 794 999
818 612 826 942
444 983 762 994
587 706 608 897
818 585 1000 612
804 585 818 942
804 552 1000 585
587 629 724 706
779 437 802 907
444 942 719 983
587 525 760 629
233 310 265 879
804 454 1000 552
538 525 587 942
804 349 1000 454
538 437 779 525
491 437 538 942
491 349 804 437
444 349 491 942
444 296 1000 349
444 240 1000 296
403 240 444 1000
403 187 1000 240
364 187 403 1000
364 127 1000 187
364 64 1000 127
364 0 1000 64
233 0 364 310
189 0 233 1000
136 0 189 1000
0 0 136 1000
657 753 665 994
240 944 305 987
906 714 935 825
202 926 422 943
338 855 535 876
736 649 825 704
78 944 240 991
336 502 367 771
657 649 736 753
202 855 338 926
972 134 993 643
78 855 202 944
657 597 896 649
336 454 599 502
935 533 964 973
935 134 972 533
287 454 336 771
657 531 896 597
78 822 557 855
906 134 935 714
287 391 599 454
234 391 287 771
78 771 577 822
599 531 657 1000
234 306 599 391
599 427 906 531
162 306 234 771
599 306 906 427
162 212 599 306
162 112 599 212
599 134 906 306
599 0 1000 134
78 112 162 771
78 0 599 112
0 0 78 1000
542 696 931 697
603 689 787 694
259 909 768 911
685 405 992 415
661 405 685 662
661 386 992 405
661 362 992 386
661 336 992 362
661 308 992 336
603 662 962 689
632 308 661 662
632 276 1000 308
632 243 1000 276
603 243 632 662
552 862 823 907
575 243 603 696
259 862 552 909
575 209 1000 243
259 835 836 862
542 209 575 696
542 173 1000 209
515 173 542 835
156 538 228 795
478 173 515 835
441 173 478 835
399 173 441 835
399 126 1000 173
358 126 399 835
315 126 358 835
315 66 1000 126
259 66 315 835
156 66 259 538
85 66 156 885
85 0 1000 66
0 0 85 1000
822 300 944 311
110 997 712 1000
430 317 869 322
439 416 1000 421
688 906 927 919
430 416 439 769
762 863 845 906
418 416 430 769
404 416 418 863
430 300 822 317
388 416 404 863
586 197 903 224
110 985 879 997
388 906 688 943
388 397 1000 416
360 397 388 863
360 376 1000 397
332 376 360 863
302 376 332 863
430 197 586 300
302 352 1000 376
302 328 1000 352
302 197 430 328
275 197 302 863
246 197 275 863
110 906 388 985
246 163 1000 197
208 163 246 863
110 863 762 906
208 124 1000 163
166 124 208 863
110 124 166 863
110 68 1000 124
110 0 1000 68
0 0 110 1000
301 315 303 773
840 830 869 888
982 761 999 882
112 715 215 748
744 558 840 612
727 558 744 895
950 502 969 817
288 315 301 813
982 0 991 761
469 741 505 940
727 494 840 558
429 741 469 1000
429 682 612 741
429 613 612 682
392 613 429 1000
691 494 727 895
352 613 392 1000
612 741 679 994
352 537 612 613
840 237 876 830
305 537 352 1000
305 459 612 537
885 502 950 903
305 344 612 459
305 220 612 344
691 237 840 494
612 237 691 741
215 315 288 877
112 315 215 715
612 75 885 237
305 75 612 220
112 75 305 315
885 0 982 502
112 0 885 75
0 0 112 1000
974 661 987 905
572 873 613 954
153 504 523 516
744 354 917 379
673 617 710 738
153 491 523 504
142 491 153 1000
937 580 966 779
130 491 142 1000
712 662 735 957
712 418 741 662
974 229 991 661
641 617 673 858
744 307 935 354
130 467 523 491
130 440 523 467
130 409 523 440
937 229 974 580
107 409 130 1000
641 418 712 617
744 229 937 307
107 368 523 409
107 326 523 368
78 326 107 1000
641 229 744 418
615 229 641 998
39 326 78 1000
0 326 39 1000
572 229 615 873
572 161 1000 229
0 249 523 326
523 161 572 1000
0 154 523 249
523 0 1000 161
0 0 523 154
922 980 970 993
463 997 966 999
733 634 741 773
994 422 999 771
927 654 952 763
733 612 927 634
764 807 789 980
733 586 927 612
733 558 927 586
463 980 922 997
715 807 764 980
243 525 302 685
651 807 715 980
676 558 733 807
927 422 994 654
381 350 416 807
676 492 927 558
676 422 927 492
676 366 1000 422
629 366 676 807
629 304 1000 366
576 304 629 807
522 304 576 807
522 236 1000 304
463 807 651 980
463 236 522 807
463 168 1000 236
417 168 463 1000
154 525 243 956
154 350 381 525
417 85 1000 168
154 85 417 350
154 0 1000 85
79 0 154 1000
0 0 79 1000
962 251 965 331
962 0 965 251
903 329 956 368
292 778 308 951
800 503 830 612
634 710 660 937
851 431 994 490
634 624 735 710
572 937 735 994
292 267 315 778
735 839 962 907
735 767 1000 839
735 695 1000 767
572 624 634 937
903 0 962 329
520 624 572 1000
735 613 1000 695
851 0 903 431
192 553 250 950
455 624 520 1000
455 535 735 624
800 0 851 503
393 535 455 1000
119 553 192 958
316 535 393 1000
316 446 735 535
735 0 800 613
316 345 735 446
316 243 735 345
316 125 735 243
119 267 292 553
316 0 735 125
119 0 316 267
58 0 119 918
0 0 58 1000
983 473 994 657
676 542 983 550
352 521 359 888
153 825 190 941
323 761 346 980
676 525 983 542
323 521 352 761
676 499 983 525
676 473 983 499
153 598 190 825
676 444 1000 473
676 413 1000 444
676 381 1000 413
514 319 531 923
359 490 380 989
122 598 153 999
655 381 676 1000
490 319 514 996
655 327 1000 381
627 327 655 1000
599 327 627 1000
599 277 1000 327
599 226 1000 277
599 172 1000 226
359 319 490 490
359 217 598 319
599 106 1000 172
262 521 323 956
262 217 359 521
262 106 599 217
262 53 1000 106
195 53 262 645
195 0 1000 53
122 0 195 598
0 0 122 1000
994 173 999 234
513 474 515 997
411 524 424 653
513 306 524 474
566 383 957 390
218 964 307 1000
957 808 974 1000
399 902 433 999
566 374 957 383
426 411 445 784
500 306 513 909
566 350 957 374
328 524 411 650
218 902 399 964
548 350 566 1000
295 524 328 883
295 411 426 524
548 312 957 350
525 312 548 1000
525 274 957 312
254 411 295 836
218 411 254 902
447 306 500 696
525 221 957 274
957 173 994 808
218 306 447 411
218 221 525 306
218 173 957 221
218 122 1000 173
172 122 218 1000
172 61 1000 122
172 0 1000 61
120 0 172 1000
62 0 120 1000
0 0 62 1000
335 928 348 980
896 292 999 306
541 727 548 1000
129 732 302 748
116 732 129 995
541 708 748 727
855 684 896 798
94 732 116 1000
520 708 541 1000
94 704 335 732
496 708 520 1000
772 956 986 993
335 312 348 928
94 658 335 704
496 660 748 708
455 660 496 1000
855 292 896 684
94 586 335 658
455 596 748 660
818 292 855 812
772 829 934 956
818 175 999 292
455 516 748 596
455 427 748 516
455 339 772 427
818 0 999 175
455 227 772 339
772 0 818 829
404 227 455 1000
351 227 404 1000
351 117 772 227
351 0 772 117
94 312 335 586
94 0 351 312
0 0 94 1000
385 472 461 477
383 654 790 657
986 278 999 441
537 856 558 986
643 683 667 856
615 683 643 856
579 683 615 856
537 683 579 856
383 640 940 654
816 205 947 270
508 683 537 986
164 986 887 999
651 426 981 455
489 477 605 566
508 658 1000 683
469 658 508 986
429 658 469 986
389 658 429 986
651 383 982 426
343 658 389 986
296 658 343 986
383 477 489 640
232 658 296 986
385 383 651 472
385 342 980 383
232 477 383 658
164 477 232 986
385 278 986 342
164 278 385 477
102 278 164 1000
102 205 816 278
102 140 1000 205
102 73 1000 140
102 0 1000 73
0 0 102 1000
