595 993 708 998
372 962 392 999
616 742 624 993
299 962 372 999
978 469 992 738
595 742 616 993
299 853 355 962
965 469 978 972
595 688 743 742
536 688 595 1000
299 734 466 853
743 735 922 847
299 611 466 734
299 486 466 611
924 469 965 992
466 688 536 1000
466 609 743 688
466 497 743 609
743 469 924 735
743 269 1000 469
466 277 743 497
743 0 1000 269
466 0 743 277
299 0 466 486
217 0 299 1000
131 0 217 1000
0 0 131 1000
997 212 1000 293
990 212 997 367
633 989 790 1000
977 212 990 368
276 929 503 941
973 212 977 913
661 687 973 706
661 666 973 687
661 640 973 666
633 640 661 989
633 611 973 640
633 572 973 611
276 802 381 929
276 359 309 802
576 572 633 1000
237 359 276 1000
576 500 973 572
185 359 237 1000
576 415 973 500
516 415 576 1000
516 320 973 415
516 212 973 320
516 105 1000 212
185 105 516 359
185 0 1000 105
94 0 185 1000
0 0 94 1000
532 952 551 993
728 683 1000 691
728 670 1000 683
464 284 469 993
532 875 591 952
407 524 420 874
451 284 464 832
728 640 1000 670
698 640 728 1000
698 590 1000 640
698 535 1000 590
240 789 407 891
698 469 1000 535
650 469 698 1000
599 469 650 1000
599 391 1000 469
599 303 1000 391
599 204 1000 303
240 524 407 789
532 204 599 875
532 105 1000 204
532 0 1000 105
240 284 451 524
469 0 532 1000
240 0 469 284
137 0 240 1000
0 0 137 1000
805 845 888 893
252 715 274 1000
252 667 401 715
113 693 244 765
805 725 902 845
113 579 252 693
738 725 805 964
0 561 73 784
252 546 401 667
738 637 944 725
113 447 252 579
252 414 401 546
680 637 738 1000
252 252 401 414
613 637 680 1000
613 560 944 637
113 252 252 447
613 472 944 560
556 472 613 1000
494 472 556 1000
0 252 113 561
494 401 1000 472
494 268 1000 401
401 268 494 1000
401 149 1000 268
401 0 1000 149
0 0 401 252
100 992 263 993
721 771 722 998
0 996 263 999
739 652 758 735
100 949 209 992
0 949 100 996
540 810 568 1000
885 551 982 617
540 771 721 810
540 734 739 771
512 734 540 1000
860 551 885 924
860 465 1000 551
512 652 739 734
512 576 763 652
816 465 860 986
763 465 816 929
512 465 763 576
459 465 512 1000
459 395 1000 465
459 324 1000 395
388 324 459 1000
0 760 263 949
388 194 1000 324
269 194 388 1000
269 0 1000 194
0 0 269 760
990 241 997 302
997 126 999 407
990 126 997 241
923 924 966 962
982 126 990 859
525 675 550 916
248 442 291 602
525 653 923 675
923 683 966 924
181 442 248 634
525 611 923 653
525 568 923 611
480 568 525 1000
480 507 923 568
480 443 923 507
480 379 923 443
480 314 923 379
923 126 982 683
113 442 181 965
425 314 480 1000
425 236 923 314
370 236 425 1000
310 236 370 1000
310 126 923 236
310 0 1000 126
113 0 310 442
0 0 113 1000
62 962 126 981
781 667 786 996
640 377 643 926
86 823 101 962
62 823 86 962
611 731 628 980
761 667 781 996
761 634 1000 667
558 599 599 797
738 634 761 996
0 823 62 986
611 377 640 731
558 377 611 599
0 783 449 823
449 377 558 563
0 724 449 783
738 523 1000 634
738 383 1000 523
449 147 643 377
0 619 449 724
0 509 449 619
643 383 738 996
643 203 1000 383
0 356 449 509
643 0 1000 203
0 147 449 356
0 0 643 147
960 720 962 798
998 103 999 594
996 103 998 417
992 103 996 644
804 743 905 778
931 720 960 862
985 103 992 966
670 751 804 824
613 751 670 948
613 676 804 751
962 103 985 822
613 575 804 676
931 103 962 720
561 575 613 948
804 535 905 743
490 575 561 948
490 485 804 575
490 375 804 485
418 375 490 1000
418 244 804 375
804 103 931 535
343 244 418 1000
343 103 804 244
343 0 1000 103
256 0 343 1000
159 0 256 1000
0 0 159 1000
989 686 1000 816
610 882 627 989
989 364 1000 686
906 665 923 914
511 511 583 632
508 699 579 823
508 632 659 699
399 882 610 941
399 823 635 882
835 665 906 885
411 632 508 823
835 459 928 665
511 319 620 511
928 364 989 793
928 0 1000 364
762 459 835 864
762 276 928 459
411 319 511 632
411 192 659 319
359 192 411 823
293 192 359 823
141 823 399 996
659 276 762 943
659 0 928 276
141 192 293 823
0 192 141 1000
0 0 659 192
990 558 993 564
993 0 995 394
278 941 300 978
990 0 993 558
0 817 103 836
624 554 835 574
835 469 878 609
316 544 333 941
556 870 635 1000
451 870 556 1000
278 544 316 941
624 469 835 554
234 544 278 983
180 544 234 1000
624 382 931 469
624 283 931 382
180 429 451 544
451 787 885 870
624 164 931 283
180 275 451 429
931 0 990 767
624 0 931 164
545 0 624 787
451 0 545 787
180 0 451 275
103 0 180 1000
0 0 103 817
904 479 908 946
893 479 904 831
911 215 918 926
331 425 480 470
799 711 834 908
840 744 889 917
840 479 893 744
331 374 614 425
702 624 758 937
300 374 331 978
840 215 911 479
799 215 840 711
956 72 997 623
300 290 614 374
763 215 799 958
763 72 956 215
300 191 614 290
258 191 300 978
702 72 763 624
660 72 702 1000
207 191 258 978
614 72 660 1000
149 191 207 1000
73 191 149 1000
73 72 614 191
73 0 1000 72
0 0 73 1000
517 930 555 997
655 836 695 925
655 821 1000 836
696 687 1000 715
668 502 981 535
559 821 655 930
899 329 1000 433
351 930 517 997
346 502 668 545
696 637 1000 687
574 637 696 821
451 637 574 821
351 821 559 930
451 594 1000 637
216 821 351 1000
341 594 451 821
216 594 341 821
616 329 899 439
216 552 1000 594
346 329 616 502
100 552 216 1000
100 329 346 552
100 258 933 329
100 182 1000 258
100 104 1000 182
100 0 1000 104
0 0 100 1000
0 802 191 806
657 699 667 856
640 699 657 858
622 959 800 990
640 674 897 699
978 217 991 843
830 858 981 913
215 428 262 635
283 959 622 990
193 428 215 1000
640 625 897 674
640 578 917 625
917 630 978 851
560 578 640 858
917 217 978 630
460 578 560 858
460 505 917 578
460 420 917 505
460 319 917 420
460 217 917 319
283 858 830 959
371 217 460 858
371 119 1000 217
283 119 371 858
0 428 193 802
283 0 1000 119
0 0 283 428
919 612 927 811
840 612 919 693
70 930 174 997
302 587 463 638
70 893 454 930
840 513 989 612
302 491 463 587
786 513 840 839
302 360 463 491
786 414 1000 513
249 360 302 804
729 414 786 839
670 414 729 839
194 360 249 893
136 360 194 893
693 839 976 949
589 414 670 839
463 839 693 996
136 240 463 360
589 317 1000 414
589 216 1000 317
70 240 136 893
589 110 1000 216
589 0 1000 110
0 240 70 1000
463 0 589 839
0 0 463 240
90 998 293 1000
715 539 735 670
609 880 671 951
90 981 460 998
500 880 609 959
739 265 824 427
651 265 739 427
651 224 1000 265
715 473 944 539
294 880 500 959
651 176 1000 224
629 473 715 670
629 427 1000 473
571 176 651 427
90 880 294 981
517 786 805 875
534 427 629 713
461 176 571 427
421 427 534 713
517 713 984 786
230 427 421 713
230 176 461 427
230 96 1000 176
90 713 517 880
90 96 230 713
90 0 1000 96
0 0 90 1000
544 841 549 920
982 542 999 590
431 936 534 966
766 738 778 1000
0 804 18 997
956 542 982 835
928 542 956 859
431 841 544 936
724 738 766 1000
670 738 724 1000
670 683 928 738
670 610 928 683
617 610 670 1000
617 542 928 610
617 478 1000 542
344 391 411 757
292 391 344 948
617 386 1000 478
558 386 617 1000
558 299 1000 386
558 208 1000 299
558 114 1000 208
191 391 292 872
558 0 1000 114
0 391 191 804
431 0 558 841
0 0 431 391
592 483 597 633
369 995 527 1000
752 758 772 954
369 772 388 995
655 954 918 971
752 727 1000 758
970 125 987 583
569 483 592 941
369 717 569 772
320 717 369 1000
857 125 970 273
244 717 320 1000
655 727 752 954
244 644 569 717
814 125 857 685
169 644 244 1000
89 644 169 1000
764 125 814 702
764 0 1000 125
721 0 764 720
89 574 569 644
0 574 89 1000
655 0 721 727
0 483 569 574
599 0 655 1000
0 254 599 483
0 0 599 254
529 906 823 919
983 320 994 703
529 896 974 906
860 520 889 699
964 320 983 641
583 548 860 571
461 896 529 1000
583 520 860 548
697 717 936 750
191 536 225 993
301 896 461 1000
583 465 897 520
301 867 974 896
583 388 897 465
897 320 964 686
503 388 583 717
418 388 503 717
418 320 897 388
301 806 847 867
301 717 697 806
301 320 418 717
229 320 301 1000
229 227 1000 320
0 536 191 948
229 120 1000 227
229 0 1000 120
0 0 229 536
562 989 684 1000
242 744 255 883
0 967 137 982
993 327 999 770
764 624 993 648
318 700 559 723
764 594 993 624
281 700 318 1000
764 542 993 594
562 958 963 989
242 382 279 744
281 649 562 700
281 593 562 649
715 542 764 958
281 516 562 593
644 542 715 958
281 405 562 516
139 382 242 691
644 445 993 542
644 327 993 445
562 327 644 958
562 202 1000 327
281 202 562 405
281 107 1000 202
281 0 1000 107
0 382 139 967
0 0 281 382
357 967 745 970
357 960 736 967
189 992 728 999
843 415 1000 465
724 795 803 922
189 973 860 992
764 692 993 749
589 590 732 692
759 415 843 590
602 795 724 922
357 922 848 960
398 590 589 692
621 415 759 590
621 334 1000 415
357 795 602 922
621 231 1000 334
512 231 621 590
398 231 512 590
357 692 764 795
305 231 398 692
189 692 357 973
189 231 305 692
189 159 1000 231
189 83 1000 159
189 0 1000 83
118 0 189 1000
0 0 118 1000
987 499 992 529
938 832 947 999
724 621 987 637
724 603 987 621
695 603 724 773
660 603 695 773
291 900 465 953
660 572 987 603
608 572 660 773
291 877 938 900
531 773 894 814
222 773 531 832
115 877 291 1000
608 499 987 572
608 426 1000 499
608 340 1000 426
529 340 608 773
115 832 938 877
440 340 529 773
336 340 440 773
222 340 336 773
222 263 1000 340
115 263 222 832
115 182 1000 263
115 94 1000 182
115 0 1000 94
0 0 115 1000
994 412 999 732
545 668 554 979
545 648 696 668
438 315 444 836
735 658 898 690
981 412 994 915
898 784 969 881
146 620 309 663
309 922 415 995
545 594 699 648
735 581 898 658
545 502 699 594
699 581 735 1000
502 502 545 1000
396 315 438 872
502 366 699 502
898 412 981 784
699 412 898 581
699 299 1000 412
699 186 1000 299
502 186 699 366
502 96 1000 186
502 0 1000 96
309 315 396 922
309 0 502 315
146 0 309 620
0 0 146 1000
695 462 697 750
707 413 852 425
707 396 852 413
697 396 707 902
424 967 654 990
546 505 562 888
677 930 970 951
546 462 695 505
852 356 923 448
852 248 931 356
424 930 677 967
546 396 697 462
525 396 546 902
424 910 993 930
501 396 525 902
501 355 852 396
473 355 501 902
473 308 852 355
473 248 852 308
473 196 1000 248
473 141 1000 196
424 141 473 910
365 141 424 1000
255 141 365 1000
137 141 255 1000
137 0 1000 141
0 0 137 1000
997 411 1000 679
990 411 997 650
615 906 634 995
857 510 966 528
615 575 625 906
849 510 857 943
839 510 849 943
839 466 990 510
839 411 990 466
682 404 789 485
839 349 1000 411
839 285 1000 349
682 285 839 404
615 285 682 575
615 228 1000 285
562 228 615 714
523 228 562 1000
484 228 523 1000
484 164 1000 228
434 164 484 1000
380 164 434 1000
380 91 1000 164
380 0 1000 91
315 0 380 1000
244 0 315 1000
139 0 244 1000
0 0 139 975
877 142 878 969
464 718 705 723
590 724 598 975
477 975 790 986
464 701 745 718
570 724 590 975
547 724 570 975
975 0 999 431
464 664 780 701
464 537 560 664
860 142 877 980
378 537 464 724
477 724 547 975
378 493 860 537
384 724 477 1000
378 431 860 493
257 724 384 1000
257 431 378 724
179 431 257 1000
179 362 860 431
179 293 860 362
179 221 860 293
109 221 179 1000
109 142 860 221
878 0 975 910
109 0 878 142
0 0 109 1000
996 186 998 575
893 442 900 608
568 899 634 930
513 930 612 959
991 186 996 929
984 186 991 911
901 646 974 751
177 930 513 959
459 344 680 392
428 344 459 697
177 899 568 930
901 481 984 646
383 344 428 697
177 864 668 899
744 670 883 806
383 264 680 344
901 186 984 481
383 156 680 264
744 442 893 670
311 156 383 697
744 186 901 442
680 186 744 1000
680 0 1000 186
177 697 611 864
177 156 311 697
177 0 680 156
0 0 177 1000
794 697 799 701
735 697 794 705
808 720 887 750
719 697 735 980
808 608 887 720
617 690 719 804
373 838 452 1000
373 772 572 838
572 690 617 1000
572 587 719 690
373 694 572 772
934 257 981 621
373 587 572 694
373 525 719 587
326 525 373 1000
887 257 934 730
276 525 326 1000
276 466 719 525
808 257 887 608
719 257 808 697
719 98 1000 257
150 466 276 1000
150 347 719 466
150 225 719 347
150 98 719 225
150 0 1000 98
0 0 150 1000
591 945 628 956
198 675 279 718
410 807 541 860
198 575 279 675
857 753 1000 849
198 402 279 575
785 753 857 952
710 753 785 952
644 753 710 1000
410 671 541 807
591 524 638 945
644 685 1000 753
644 612 1000 685
410 524 591 671
410 378 644 524
644 513 1000 612
410 217 644 378
644 401 1000 513
644 286 1000 401
351 217 410 920
644 165 1000 286
100 402 198 911
644 0 1000 165
351 0 644 217
279 0 351 1000
100 0 279 402
0 0 100 1000
810 834 853 838
988 868 992 995
477 407 490 718
883 636 1000 681
359 826 442 908
853 636 883 868
661 683 698 895
810 636 853 834
795 868 988 919
766 636 810 868
766 588 1000 636
456 407 477 978
699 868 795 999
590 683 661 874
766 501 1000 588
699 501 766 868
699 418 1000 501
590 418 699 683
0 908 331 999
590 328 1000 418
0 745 238 908
359 407 456 826
491 328 590 1000
491 180 1000 328
491 0 1000 180
0 407 359 745
0 0 491 407
411 205 416 565
691 555 699 912
392 850 411 996
290 811 331 886
691 523 930 555
691 490 930 523
691 453 930 490
151 811 290 876
942 415 973 709
691 415 942 453
691 380 1000 415
392 205 411 850
664 380 691 912
502 912 769 973
664 309 1000 380
0 741 137 938
615 309 664 912
564 309 615 912
564 222 1000 309
564 125 1000 222
502 125 564 912
151 532 332 811
419 125 502 984
419 0 1000 125
151 205 392 532
0 205 151 741
0 0 419 205
719 997 761 1000
795 824 808 947
808 450 815 689
928 664 959 779
989 96 994 851
312 628 652 640
928 318 959 664
279 628 312 1000
719 824 795 997
279 581 652 628
885 318 928 776
279 526 652 581
279 471 652 526
832 318 885 739
236 471 279 1000
189 471 236 1000
719 450 808 824
832 96 989 318
189 394 652 471
189 317 652 394
719 96 832 450
189 225 652 317
652 96 719 891
189 96 652 225
189 0 1000 96
105 0 189 1000
0 0 105 1000
218 553 289 589
730 711 750 932
431 769 688 789
431 745 688 769
730 658 915 711
431 705 688 745
688 658 730 932
431 659 688 705
171 553 218 805
135 553 171 912
688 592 915 658
375 659 431 932
688 520 915 592
375 600 688 659
965 205 1000 746
688 401 915 520
915 205 965 798
375 496 688 600
298 932 847 993
375 371 688 496
688 205 915 401
375 205 688 371
375 121 1000 205
298 121 375 932
298 0 1000 121
135 0 298 553
0 0 135 1000
991 514 994 615
515 832 650 839
494 832 515 1000
860 628 913 772
650 941 933 968
440 832 494 1000
860 514 991 628
440 752 650 832
860 389 1000 514
810 389 860 790
440 637 650 752
440 515 650 637
650 832 892 941
744 389 810 790
440 384 650 515
394 384 440 1000
333 384 394 865
333 270 650 384
650 389 744 832
650 251 1000 389
650 110 1000 251
333 110 650 270
266 110 333 1000
188 110 266 1000
188 0 1000 110
97 0 188 1000
0 0 97 1000
318 689 337 751
806 516 809 925
524 926 595 950
806 492 957 516
318 490 337 689
524 828 595 926
791 492 806 1000
771 492 791 1000
674 492 771 627
674 443 957 492
674 392 957 443
417 583 473 876
183 891 340 997
633 392 674 832
595 392 633 1000
957 99 1000 667
595 308 957 392
524 308 595 828
524 210 957 308
524 99 957 210
417 99 524 583
183 490 318 891
356 99 417 1000
183 99 356 490
92 99 183 1000
92 0 1000 99
0 0 92 1000
988 302 992 801
983 302 988 838
976 302 983 707
531 548 541 834
287 975 484 994
874 477 956 526
531 517 670 548
822 548 847 901
853 477 874 968
956 302 976 909
486 517 531 834
853 302 956 477
733 548 822 755
376 704 465 913
670 548 733 901
287 704 376 975
670 403 853 548
853 120 1000 302
287 517 486 704
287 403 670 517
287 321 853 403
287 227 853 321
206 227 287 1000
206 120 853 227
119 120 206 1000
119 0 1000 120
0 0 119 1000
582 433 587 695
767 648 964 659
588 595 603 1000
0 917 84 1000
545 752 580 981
767 590 964 648
588 530 767 595
394 773 453 971
545 433 582 752
964 507 993 952
508 433 545 808
588 451 767 530
767 507 964 590
588 352 767 451
767 406 1000 507
767 300 1000 406
461 433 508 984
767 165 1000 300
588 165 767 352
461 165 588 433
394 165 461 773
323 165 394 855
323 89 1000 165
263 89 323 1000
263 0 1000 89
193 0 263 1000
0 0 193 917
154 476 580 478
688 650 959 663
620 117 967 144
154 459 764 476
344 407 915 434
688 547 847 650
620 69 967 117
344 379 961 407
601 749 672 1000
688 478 965 547
344 332 755 379
609 478 688 749
967 0 994 823
511 749 601 1000
520 478 609 749
154 332 344 459
496 69 620 332
378 749 511 1000
361 69 496 332
377 478 520 749
209 749 378 1000
209 478 377 749
113 478 209 1000
154 69 361 332
0 478 113 1000
0 69 154 478
0 0 967 69
948 840 953 843
321 914 344 925
889 840 948 940
321 531 343 914
531 655 806 687
498 655 531 1000
274 531 321 792
458 655 498 1000
458 609 806 655
237 531 274 971
458 559 806 609
458 507 806 559
458 452 806 507
154 531 237 779
968 0 999 871
404 452 458 1000
404 375 806 452
345 375 404 1000
345 284 806 375
154 284 345 531
154 205 806 284
154 121 806 205
87 121 154 971
889 0 968 840
806 0 889 930
87 0 806 121
0 0 87 1000
334 480 339 611
875 634 880 833
606 841 673 890
853 634 875 833
803 854 982 888
756 854 803 1000
677 854 756 1000
207 575 286 721
207 480 334 575
792 634 853 833
792 575 1000 634
792 481 1000 575
734 481 792 834
734 393 1000 481
677 393 734 854
113 817 290 974
436 698 545 957
113 480 207 817
677 277 1000 393
677 159 1000 277
606 159 677 841
545 159 606 1000
436 159 545 698
436 0 1000 159
340 0 436 1000
113 0 340 480
0 0 113 1000
472 882 478 995
882 748 890 939
523 683 752 695
986 687 999 923
500 683 523 882
472 683 500 882
919 349 942 614
0 952 181 996
986 0 999 687
438 683 472 1000
967 0 986 606
810 748 882 945
381 683 438 1000
312 683 381 1000
0 825 208 952
211 683 312 1000
211 625 810 683
211 557 810 625
211 486 810 557
211 414 810 486
810 349 919 748
211 341 810 414
211 263 810 341
211 183 810 263
810 0 967 349
211 0 810 183
0 0 211 825
615 999 886 1000
615 976 744 999
709 827 744 976
666 827 709 976
960 386 991 605
615 827 666 976
615 802 964 827
561 802 615 1000
492 802 561 1000
492 765 1000 802
853 386 960 561
492 727 1000 765
418 727 492 1000
420 478 714 549
335 727 418 1000
335 685 1000 727
420 386 853 478
335 615 1000 685
211 615 335 1000
211 386 420 615
211 323 1000 386
211 246 1000 323
129 246 211 1000
129 174 1000 246
129 94 1000 174
129 0 1000 94
0 0 129 1000
831 678 833 955
487 415 546 448
230 973 340 996
620 678 831 694
487 356 546 415
839 608 851 987
469 356 487 765
620 635 839 678
441 356 469 819
230 835 343 973
839 470 1000 608
620 528 839 635
404 356 441 997
839 319 1000 470
568 528 620 1000
839 158 1000 319
568 432 839 528
230 542 322 835
357 356 404 997
568 305 839 432
568 158 839 305
357 158 568 356
230 158 357 542
230 83 1000 158
230 0 1000 83
116 0 230 1000
0 0 116 1000
811 510 822 766
842 970 947 999
380 958 493 989
800 510 811 956
842 467 853 970
842 426 981 467
842 384 981 426
981 220 998 715
587 559 614 918
842 307 981 384
561 559 587 1000
561 510 800 559
842 220 981 307
380 627 430 958
842 112 1000 220
822 112 842 1000
822 0 1000 112
380 510 561 627
380 447 822 510
380 377 822 447
380 283 822 377
380 156 822 283
313 156 380 1000
215 156 313 1000
215 0 822 156
112 0 215 1000
0 0 112 1000
876 796 973 806
761 825 769 998
994 369 1000 818
443 704 504 814
302 725 361 839
973 369 994 872
369 580 443 783
612 805 690 998
876 636 973 796
443 470 514 704
612 624 723 805
172 725 302 924
876 369 973 636
834 369 876 1000
172 580 369 725
172 470 443 580
113 470 172 1000
761 369 834 825
113 382 514 470
612 369 761 624
612 270 1000 369
113 274 514 382
612 152 1000 270
612 0 1000 152
514 0 612 1000
113 0 514 274
0 0 113 1000
148 744 431 757
608 512 620 865
471 871 535 942
127 744 148 1000
852 502 983 553
127 716 431 744
85 716 127 1000
817 502 852 849
85 677 431 716
770 502 817 791
620 343 641 990
541 512 608 863
471 512 541 871
471 343 620 512
431 343 471 1000
770 382 999 502
85 580 431 677
431 159 643 343
770 204 999 382
85 458 431 580
0 458 85 1000
770 0 999 204
0 335 431 458
709 0 770 968
643 0 709 1000
0 159 431 335
0 0 643 159
599 604 601 799
599 247 601 604
570 640 599 678
492 726 533 836
784 719 805 1000
122 690 152 1000
784 667 1000 719
784 614 1000 667
570 247 599 640
431 726 492 973
122 619 344 690
73 619 122 1000
431 587 570 726
784 519 1000 614
784 424 1000 519
742 424 784 1000
742 316 1000 424
344 513 427 858
73 513 344 619
742 199 1000 316
0 513 73 1000
697 199 742 1000
431 247 570 587
697 0 1000 199
601 0 697 1000
0 247 431 513
0 0 601 247
877 982 986 983
817 804 854 841
304 995 899 1000
627 585 641 835
487 835 687 866
433 954 782 975
304 982 877 995
560 585 627 825
884 510 991 673
817 510 884 804
560 486 770 585
817 387 1000 510
770 387 817 882
487 486 560 835
770 273 1000 387
433 890 864 954
487 385 770 486
487 273 770 385
433 273 487 890
362 273 433 743
304 273 362 982
222 273 304 1000
222 195 1000 273
222 115 1000 195
146 115 222 1000
146 0 1000 115
0 0 146 1000
560 468 893 473
807 743 817 994
560 457 809 468
423 457 560 480
316 776 344 967
316 763 807 776
423 444 960 457
657 581 935 610
657 541 968 581
316 736 807 763
316 703 807 736
316 661 807 703
807 612 974 743
674 287 951 371
316 612 807 661
316 541 657 612
257 541 316 1000
257 480 719 541
189 480 257 1000
423 287 674 444
189 287 423 480
189 225 1000 287
124 225 189 1000
124 153 1000 225
124 77 1000 153
124 0 1000 77
0 0 124 1000
254 906 315 933
689 721 696 1000
254 823 310 906
318 699 589 720
981 335 1000 736
318 661 589 699
650 721 689 1000
318 619 589 661
650 676 981 721
650 627 981 676
121 823 254 960
318 543 589 619
318 465 589 543
650 559 981 627
318 381 589 465
650 488 981 559
650 412 981 488
650 335 981 412
650 255 1000 335
650 169 1000 255
121 402 240 823
589 169 650 1000
318 169 589 381
318 77 1000 169
121 77 318 402
121 0 1000 77
0 0 121 1000
