866 742 868 868
795 880 854 906
963 675 994 726
957 675 963 982
0 917 24 996
54 769 191 784
856 742 866 969
756 492 857 527
630 860 658 1000
868 683 883 954
593 860 630 1000
720 492 756 685
54 708 191 769
795 742 856 880
526 860 593 1000
54 640 191 708
666 492 720 685
610 492 666 685
526 804 795 860
54 516 191 640
516 492 610 685
422 804 526 1000
0 516 54 917
422 742 795 804
0 393 191 516
422 685 868 742
957 85 1000 675
326 685 422 1000
326 492 516 685
326 424 868 492
326 350 868 424
261 350 326 1000
261 266 868 350
868 85 957 683
261 174 868 266
191 174 261 1000
191 85 868 174
191 0 1000 85
0 0 191 393
994 101 997 819
930 169 933 921
739 580 909 596
917 405 923 896
346 674 384 753
917 169 930 405
512 983 901 992
197 818 219 1000
739 550 909 580
250 757 387 800
305 345 474 390
715 550 739 870
250 674 346 757
642 870 883 910
305 284 474 345
305 217 474 284
512 870 642 983
667 550 715 870
616 550 667 870
560 550 616 870
560 497 909 550
560 435 917 497
560 371 917 435
966 101 994 940
512 371 560 870
250 217 305 674
512 308 917 371
935 101 966 923
474 308 512 1000
474 239 917 308
474 169 917 239
474 101 935 169
197 217 250 818
197 101 474 217
197 54 1000 101
152 54 197 1000
106 54 152 1000
106 0 1000 54
0 0 106 1000
450 861 455 1000
883 464 1000 478
481 869 500 971
875 464 883 727
504 489 509 950
379 425 408 540
748 468 765 727
592 927 660 994
592 915 981 927
875 414 1000 464
718 873 933 904
875 354 1000 414
481 489 504 869
718 742 790 873
662 742 718 915
450 489 481 861
592 742 662 915
541 742 592 1000
748 354 875 468
705 354 748 727
409 489 450 894
705 295 1000 354
663 295 705 742
663 237 1000 295
624 237 663 742
584 237 624 742
584 185 1000 237
541 185 584 742
510 185 541 1000
409 185 510 489
409 131 1000 185
278 425 379 741
409 69 1000 131
278 69 409 425
227 69 278 1000
172 69 227 1000
116 69 172 1000
116 0 1000 69
0 0 116 1000
452 752 457 910
602 750 633 781
658 367 660 923
391 806 452 832
391 752 452 806
209 828 238 995
784 745 957 775
639 665 658 950
639 367 658 665
760 745 784 1000
733 745 760 1000
501 513 524 852
733 703 1000 745
733 657 1000 703
602 367 639 750
501 367 602 513
733 595 1000 657
692 595 733 1000
692 533 1000 595
692 468 1000 533
692 401 1000 468
692 334 1000 401
660 334 692 1000
458 367 501 873
660 266 1000 334
391 367 458 752
391 266 660 367
350 266 391 1000
350 217 1000 266
309 217 350 1000
309 168 1000 217
268 168 309 1000
268 120 1000 168
268 63 1000 120
209 63 268 828
159 63 209 1000
106 63 159 1000
106 0 1000 63
0 0 106 1000
251 975 294 976
611 749 682 750
137 855 216 856
220 889 229 996
474 402 686 415
806 571 816 980
0 958 111 999
437 749 611 778
458 402 474 749
601 780 682 869
437 402 458 749
437 372 686 402
787 571 806 980
437 331 686 372
251 741 298 975
548 869 664 966
756 571 787 946
756 521 989 571
220 348 250 889
369 869 548 966
756 447 1000 521
756 367 1000 447
756 286 1000 367
369 780 601 869
727 286 756 1000
727 209 1000 286
727 125 1000 209
369 331 437 780
369 231 686 331
686 125 727 903
0 707 130 958
369 125 686 231
369 68 1000 125
137 348 220 855
369 0 1000 68
322 0 369 1000
0 348 137 707
251 0 322 741
0 0 251 348
920 845 961 848
981 444 1000 460
961 604 963 993
920 815 961 845
981 361 1000 444
867 279 870 918
727 793 740 1000
276 929 574 944
973 361 981 980
582 300 593 823
829 438 860 624
963 361 973 1000
604 179 615 799
431 728 532 800
727 718 824 793
155 929 276 1000
920 604 961 815
560 300 582 863
963 0 1000 361
431 597 534 728
666 718 727 1000
366 597 431 877
666 592 829 718
290 597 366 877
290 516 560 597
155 877 574 929
229 516 290 877
666 438 829 592
920 0 963 604
616 438 666 1000
229 415 560 516
229 300 560 415
616 279 867 438
155 300 229 877
873 0 920 960
155 179 604 300
616 0 873 279
155 0 616 179
0 0 155 1000
756 898 772 1000
410 885 427 992
260 879 294 992
410 658 427 885
410 423 427 658
410 142 427 423
498 917 588 1000
331 761 410 894
260 719 331 879
756 799 883 898
498 847 678 917
54 758 109 999
331 590 410 761
883 777 986 914
883 644 1000 777
54 604 155 758
498 753 678 847
427 753 498 1000
756 644 883 799
427 672 678 753
756 554 1000 644
163 649 252 901
427 589 704 672
704 554 756 1000
427 495 704 589
704 459 1000 554
427 390 704 495
704 357 1000 459
704 247 1000 357
331 142 410 590
427 247 704 390
260 142 331 719
427 172 1000 247
427 92 1000 172
163 142 260 649
54 142 163 604
427 0 1000 92
54 0 427 142
0 0 54 1000
