902 892 904 953
232 883 339 958
733 892 902 953
703 735 779 892
101 834 228 975
531 892 733 1000
531 735 703 892
531 646 841 735
531 583 1000 646
531 514 1000 583
531 427 1000 514
232 515 345 883
101 515 232 834
0 515 101 935
456 427 531 1000
456 341 1000 427
456 241 1000 341
456 131 1000 241
367 131 456 941
367 0 1000 131
0 0 367 515
859 715 956 757
978 326 991 721
230 939 627 957
859 639 956 715
105 939 230 1000
692 770 859 851
956 326 978 969
435 734 523 931
692 641 859 770
859 326 956 639
692 425 859 641
246 734 435 931
859 0 1000 326
246 617 655 734
246 476 692 617
105 476 246 939
692 0 859 425
105 346 692 476
105 173 692 346
105 0 692 173
0 0 105 1000
908 589 911 661
906 589 908 900
913 971 993 1000
397 716 866 728
397 703 866 716
866 589 906 962
397 662 866 703
397 601 721 662
939 0 976 643
913 0 939 971
397 544 866 601
866 0 913 589
397 467 866 544
325 467 397 1000
325 392 866 467
325 272 866 392
325 146 866 272
325 0 866 146
245 0 325 1000
124 0 245 1000
0 0 124 1000
197 997 246 1000
497 923 902 930
696 497 979 509
497 882 616 923
682 497 696 882
682 473 1000 497
0 770 157 818
657 473 682 882
619 473 657 882
197 970 840 997
559 473 619 882
497 473 559 882
497 410 1000 473
497 343 1000 410
414 343 497 970
414 241 1000 343
414 131 1000 241
309 131 414 970
197 131 309 970
197 0 1000 131
0 0 197 770
430 509 436 862
666 667 713 741
228 971 905 978
963 0 969 859
666 511 733 667
389 509 430 862
609 924 975 971
228 924 609 971
772 426 873 618
666 281 755 511
772 280 963 426
389 395 666 509
389 281 666 395
329 281 389 863
228 863 987 924
329 174 772 281
772 0 963 280
329 0 772 174
228 0 329 863
119 0 228 1000
0 0 119 1000
797 979 924 986
797 960 893 979
295 819 396 855
727 697 742 968
594 608 608 955
836 529 1000 631
797 529 836 960
666 697 727 987
666 529 797 697
666 449 1000 529
481 608 594 848
612 449 666 1000
612 369 1000 449
612 254 1000 369
481 254 612 608
481 161 1000 254
398 161 481 854
295 161 398 819
214 161 295 1000
214 0 1000 161
0 0 214 1000
662 637 664 638
621 637 662 651
518 637 621 703
667 818 723 1000
518 543 667 637
770 484 820 818
720 484 770 818
720 421 1000 484
720 357 1000 421
667 357 720 818
518 357 667 543
518 293 1000 357
469 293 518 1000
415 293 469 1000
415 214 1000 293
415 126 1000 214
336 126 415 1000
336 0 1000 126
249 0 336 1000
144 0 249 1000
0 0 144 1000
963 489 992 554
408 658 964 663
702 202 722 489
702 177 1000 202
408 639 908 658
702 142 1000 177
872 724 925 970
513 724 872 772
640 142 702 489
415 724 513 1000
556 142 640 489
408 560 849 639
287 724 415 1000
287 665 930 724
408 489 963 560
136 665 287 1000
408 142 556 489
284 142 408 665
136 142 284 665
136 0 1000 142
0 0 136 1000
365 953 594 961
474 624 646 637
457 624 474 953
420 624 457 953
982 98 999 857
420 557 646 624
420 486 646 557
843 561 914 793
365 486 420 953
308 486 365 1000
699 237 760 779
237 486 308 1000
646 237 699 940
237 394 646 486
237 237 646 394
843 98 982 561
760 98 843 968
237 98 760 237
237 0 1000 98
134 0 237 798
0 0 134 1000
505 366 513 581
537 986 745 999
842 581 992 622
902 298 952 561
620 729 675 986
404 581 842 628
537 729 620 986
453 729 537 1000
364 729 453 1000
364 687 971 729
364 645 1000 687
505 298 902 366
404 298 505 581
288 298 404 645
241 645 364 1000
112 645 241 1000
112 298 288 645
112 210 1000 298
112 109 1000 210
112 0 1000 109
0 0 112 1000
707 655 716 1000
983 454 1000 855
707 629 983 655
56 546 223 614
505 630 546 939
667 629 707 1000
667 580 983 629
667 530 983 580
277 737 366 919
630 530 667 1000
0 546 56 967
630 454 983 530
630 377 1000 454
416 630 505 983
630 280 1000 377
630 166 1000 280
565 166 630 1000
416 166 565 630
416 0 1000 166
277 0 416 737
0 0 277 546
342 815 347 933
342 405 347 815
526 930 567 990
663 436 668 1000
526 819 573 930
663 383 854 436
313 405 342 984
854 268 883 940
526 469 585 819
225 640 304 907
663 268 854 383
526 268 663 469
526 208 1000 268
116 640 225 989
526 124 1000 208
116 405 313 640
526 0 1000 124
466 0 526 1000
357 0 466 729
116 0 357 405
0 0 116 1000
820 611 825 886
689 683 820 699
995 0 999 929
443 701 469 1000
689 611 820 683
443 609 582 701
826 310 854 923
396 609 443 1000
341 609 396 1000
582 462 689 785
341 462 582 609
689 310 826 611
341 315 689 462
341 159 689 315
274 159 341 1000
912 0 995 721
198 159 274 1000
689 0 912 310
198 0 689 159
103 0 198 1000
0 0 103 1000
418 219 431 354
797 746 830 1000
746 746 797 1000
746 693 1000 746
687 693 746 1000
687 614 1000 693
608 614 687 1000
526 614 608 1000
526 535 963 614
526 458 1000 535
450 458 526 1000
450 376 1000 458
450 294 1000 376
189 439 368 697
450 208 1000 294
189 219 418 439
450 113 1000 208
113 219 189 920
450 0 1000 113
113 0 450 219
0 0 113 1000
482 878 485 971
888 423 890 696
482 485 489 878
505 501 619 609
505 348 619 501
169 789 280 952
169 730 482 789
505 180 619 348
169 661 482 730
169 591 482 661
619 567 768 729
169 485 482 591
96 485 169 1000
619 423 888 567
890 178 973 789
96 358 505 485
619 178 890 423
619 0 1000 178
96 180 505 358
96 0 619 180
0 0 96 1000
985 552 987 879
982 552 985 788
290 778 308 905
982 0 987 552
977 0 982 634
589 719 818 747
843 563 940 656
216 778 290 915
818 563 843 1000
818 488 977 563
818 399 977 488
589 554 818 719
216 617 487 778
487 554 589 1000
216 428 487 617
487 399 818 554
487 270 977 399
487 133 977 270
216 133 487 428
216 0 977 133
0 0 216 1000
773 499 924 508
980 368 985 854
773 468 924 499
402 883 445 999
970 368 980 955
541 319 638 413
402 598 469 883
773 368 970 468
732 368 773 1000
732 270 1000 368
732 169 1000 270
491 319 541 978
491 169 732 319
402 169 491 598
402 90 1000 169
346 90 402 1000
346 0 1000 90
285 0 346 1000
222 0 285 1000
114 0 222 1000
0 0 114 1000
508 391 518 978
710 700 734 1000
489 391 508 880
677 700 710 1000
639 700 677 1000
639 644 1000 700
298 818 455 970
639 574 1000 644
639 497 1000 574
581 497 639 1000
581 418 1000 497
581 336 1000 418
298 613 479 818
298 391 489 613
581 228 1000 336
298 228 581 391
207 228 298 1000
207 118 1000 228
105 118 207 1000
105 0 1000 118
0 0 105 1000
426 965 575 973
932 0 1000 58
681 770 752 866
187 965 426 996
339 683 375 965
299 683 339 965
681 608 752 770
681 528 862 608
299 619 608 683
885 0 932 444
681 408 885 528
681 264 885 408
299 478 608 619
608 264 681 1000
187 478 299 965
187 337 608 478
187 177 608 337
608 0 885 264
187 0 608 177
98 0 187 1000
0 0 98 1000
679 416 956 422
679 393 830 416
632 544 647 1000
388 393 679 424
632 514 1000 544
632 484 1000 514
638 107 983 154
600 484 632 1000
565 484 600 1000
388 346 864 393
565 424 1000 484
520 107 638 340
513 424 565 1000
388 107 520 346
457 424 513 1000
354 424 457 1000
233 424 354 1000
106 424 233 1000
106 107 388 424
106 0 1000 107
0 0 106 1000
762 631 809 682
317 667 589 678
308 667 317 1000
308 645 589 667
719 631 762 881
308 603 589 645
719 586 1000 631
719 516 1000 586
308 512 589 603
308 419 589 512
660 516 719 1000
660 425 1000 516
308 289 589 419
660 303 1000 425
660 157 1000 303
660 0 1000 157
589 0 660 1000
308 0 589 289
214 0 308 1000
109 0 214 1000
0 0 109 1000
907 489 917 843
641 549 778 579
888 489 907 801
888 427 997 489
641 507 822 549
641 472 888 507
559 950 807 987
607 472 641 765
752 843 874 940
607 427 888 472
607 389 1000 427
559 843 752 950
607 334 1000 389
559 334 607 843
559 248 1000 334
559 146 1000 248
464 146 559 1000
359 146 464 1000
359 0 1000 146
205 0 359 1000
0 0 205 1000
642 343 979 347
642 282 712 343
937 407 980 626
651 567 696 796
913 407 937 994
469 282 642 407
472 808 586 1000
651 477 913 567
469 228 1000 282
270 808 472 1000
528 477 651 808
400 477 528 808
270 477 400 808
270 407 913 477
185 407 270 1000
185 228 469 407
185 160 1000 228
185 85 1000 160
185 0 1000 85
112 0 185 1000
0 0 112 1000
951 904 953 971
707 900 725 973
951 432 956 904
812 954 943 985
707 658 726 900
812 515 824 954
296 419 320 658
812 432 951 515
812 360 1000 432
296 389 751 419
244 732 337 1000
812 212 1000 360
88 732 244 1000
88 658 707 732
751 212 812 985
751 0 1000 212
88 389 296 658
88 302 751 389
0 302 88 1000
0 163 751 302
0 0 751 163
580 393 587 504
719 607 762 715
802 932 903 980
719 494 802 607
588 601 719 687
588 494 719 601
802 565 849 932
389 864 538 996
588 391 802 494
389 607 487 864
588 261 802 391
588 118 802 261
802 315 933 565
389 393 580 607
802 0 975 315
389 118 588 393
319 118 389 1000
234 118 319 1000
149 118 234 1000
149 0 802 118
0 0 149 999
522 509 536 913
502 509 522 913
702 913 871 960
337 558 366 834
985 92 998 825
502 468 933 509
502 424 933 468
450 913 702 996
502 369 933 424
502 311 933 369
502 252 933 311
450 252 502 913
337 252 450 558
933 92 985 861
121 536 270 816
272 252 337 1000
272 173 933 252
272 92 933 173
272 0 1000 92
121 0 272 536
0 0 121 1000
144 894 155 995
536 870 555 997
648 591 882 614
514 370 531 713
471 370 514 625
452 370 471 992
919 366 998 602
648 489 887 591
536 802 1000 870
648 366 919 489
536 728 1000 802
648 266 1000 366
144 616 293 894
536 631 1000 728
648 134 1000 266
648 0 1000 134
536 0 648 631
295 370 452 920
295 0 536 370
144 0 295 616
0 0 144 1000
601 487 619 906
807 253 818 965
284 688 511 740
925 391 986 607
710 253 807 457
284 600 511 688
284 512 547 600
284 423 547 512
601 253 710 487
925 0 996 391
226 423 284 1000
818 402 901 838
547 253 601 1000
818 0 925 402
149 423 226 1000
149 294 547 423
75 294 149 1000
0 294 75 1000
0 187 547 294
547 0 818 253
0 0 547 187
691 742 739 809
672 742 691 1000
777 663 947 704
568 625 919 648
666 344 726 625
588 742 672 1000
501 742 588 1000
399 742 501 1000
568 344 666 625
274 742 399 1000
462 344 568 661
462 275 1000 344
88 742 274 1000
462 180 1000 275
350 180 462 663
88 663 777 742
350 94 1000 180
222 94 350 663
88 94 222 663
88 0 1000 94
0 0 88 1000
468 897 491 908
308 345 313 482
0 712 128 719
468 843 497 897
654 642 1000 656
401 843 468 945
654 597 1000 642
255 345 308 669
609 597 654 1000
562 597 609 1000
562 527 1000 597
562 454 1000 527
562 379 1000 454
502 379 562 1000
502 269 1000 379
401 269 502 843
313 269 401 1000
313 144 1000 269
0 345 255 712
313 0 1000 144
0 0 313 345
858 440 861 656
109 646 117 995
851 440 858 907
547 676 560 1000
0 646 109 694
841 440 851 997
0 595 227 646
547 630 804 676
547 560 804 630
547 485 804 560
841 117 912 440
493 485 547 1000
804 117 841 1000
410 485 493 1000
306 485 410 1000
306 375 804 485
306 264 804 375
227 264 306 1000
227 117 804 264
227 0 1000 117
0 0 227 595
