443 989 600 1000
757 671 1000 703
506 580 579 692
714 671 757 940
476 580 506 989
668 671 714 940
443 580 476 989
443 509 668 580
668 621 1000 671
397 509 443 1000
668 540 1000 621
397 407 668 509
668 455 1000 540
668 364 1000 455
668 273 1000 364
397 273 668 407
342 273 397 1000
342 211 1000 273
342 146 1000 211
283 146 342 1000
223 146 283 1000
223 79 1000 146
223 0 1000 79
158 0 223 1000
85 0 158 1000
0 0 85 1000
754 406 875 409
421 406 754 409
776 628 999 637
915 853 998 900
751 670 815 743
825 225 906 338
421 369 721 406
799 853 915 984
668 853 799 984
701 764 900 851
421 338 998 369
516 853 668 984
405 670 751 743
776 471 961 628
600 471 776 650
259 853 516 984
405 471 600 670
259 764 701 853
259 471 405 764
421 225 825 338
259 409 1000 471
421 116 890 225
105 409 259 1000
105 116 421 409
105 0 1000 116
0 0 105 1000
322 985 786 987
971 921 997 980
694 494 779 514
322 982 943 985
906 547 914 920
874 534 897 683
906 493 995 547
574 584 694 628
834 534 874 697
545 584 574 921
906 380 1000 493
545 494 694 584
779 534 834 811
779 380 906 534
486 494 545 921
486 380 779 494
416 380 486 921
322 921 971 982
322 380 416 921
322 293 1000 380
237 293 322 1000
237 200 1000 293
135 200 237 1000
135 105 1000 200
135 0 1000 105
0 0 135 1000
0 991 344 998
710 794 811 828
647 928 758 995
534 608 635 705
0 968 440 991
754 338 811 548
867 806 998 909
590 794 710 928
365 608 534 705
867 657 998 806
590 705 811 794
365 541 724 608
867 467 998 657
475 705 590 928
0 928 647 968
867 236 998 467
365 449 754 541
300 705 475 928
811 236 867 969
365 338 754 449
811 0 1000 236
201 338 365 705
0 705 300 928
0 338 201 705
0 173 811 338
0 0 811 173
988 239 990 775
220 575 232 934
854 819 889 986
0 958 193 998
574 699 633 899
710 817 854 911
760 523 854 674
159 575 220 834
957 239 988 771
760 330 854 523
933 239 957 1000
471 699 574 892
398 699 471 1000
710 330 760 817
398 598 660 699
660 330 710 1000
398 452 660 598
328 452 398 1000
854 239 933 819
241 452 328 1000
241 330 660 452
241 239 854 330
241 159 1000 239
0 575 159 958
241 0 1000 159
0 0 241 575
864 807 1000 839
528 166 537 669
436 669 502 752
335 869 396 1000
819 807 864 986
335 825 548 869
819 753 1000 807
777 753 819 986
485 166 528 510
212 753 493 820
224 825 335 1000
99 825 224 1000
436 166 485 669
653 753 777 1000
653 655 1000 753
653 514 1000 655
548 514 653 1000
548 395 1000 514
548 274 1000 395
333 166 436 700
548 139 1000 274
548 0 1000 139
212 166 333 753
99 166 212 825
99 0 548 166
0 0 99 1000
906 510 935 542
531 783 544 994
946 600 963 794
975 571 988 922
531 744 738 783
833 510 906 645
809 510 833 959
531 685 738 744
975 0 1000 571
531 615 738 685
776 510 809 959
776 416 946 510
946 0 975 600
479 615 531 1000
738 416 776 1000
479 510 738 615
738 270 946 416
479 382 738 510
425 382 479 1000
425 270 738 382
372 270 425 1000
372 152 946 270
263 152 372 1000
263 0 946 152
131 0 263 1000
0 0 131 1000
384 996 778 999
384 991 936 996
978 620 991 980
741 781 794 885
554 757 741 792
554 721 741 757
523 721 554 991
794 420 809 977
271 824 372 909
839 739 966 869
839 620 978 739
460 721 523 991
839 511 1000 620
460 657 741 721
839 399 1000 511
741 420 794 781
839 265 1000 399
460 542 741 657
460 420 741 542
460 265 839 420
460 136 1000 265
460 0 1000 136
384 0 460 991
271 0 384 824
175 0 271 1000
0 0 175 1000
112 987 150 998
942 403 1000 433
942 341 1000 403
112 974 447 987
738 612 781 740
398 943 634 974
112 943 398 974
942 187 1000 341
785 732 934 799
942 0 1000 187
538 668 669 782
785 625 942 732
738 162 781 612
432 668 538 943
785 416 942 625
310 668 432 943
310 572 669 668
216 572 310 943
216 488 669 572
669 162 738 763
216 356 669 488
112 356 216 943
785 0 942 416
112 162 669 356
112 0 785 162
0 0 112 1000
749 683 754 1000
0 947 98 1000
0 838 54 947
749 650 960 683
289 838 343 975
749 620 1000 650
726 620 749 1000
372 661 401 973
701 620 726 1000
701 573 1000 620
667 573 701 1000
503 423 540 838
0 752 193 838
667 503 1000 573
617 503 667 1000
617 426 1000 503
617 346 1000 426
372 423 503 661
289 423 372 838
617 248 1000 346
560 248 617 1000
289 248 560 423
289 130 1000 248
289 0 1000 130
193 0 289 1000
0 0 193 752
615 830 788 838
995 0 998 694
856 686 929 733
534 474 545 992
856 610 932 686
615 789 788 830
515 474 534 901
472 474 515 713
788 636 827 913
335 680 472 813
856 335 932 610
615 636 788 789
335 474 472 680
615 506 856 636
274 474 335 1000
208 474 274 1000
615 335 856 506
127 474 208 1000
615 194 932 335
127 367 546 474
127 237 546 367
932 0 995 971
615 0 932 194
546 0 615 1000
127 0 546 237
0 0 127 1000
966 476 985 559
785 857 814 964
648 857 785 885
897 860 932 991
956 476 966 975
648 830 897 857
985 205 996 850
956 205 985 476
648 794 897 830
436 964 767 992
897 579 939 860
648 742 897 794
587 742 648 964
505 742 587 964
505 671 780 742
436 671 505 964
436 624 897 671
897 205 956 579
436 571 897 624
436 507 897 571
436 359 897 507
436 205 897 359
338 205 436 1000
187 205 338 1000
187 0 1000 205
0 0 187 1000
707 326 712 701
204 799 224 990
881 824 934 905
952 616 1000 755
826 824 881 975
952 425 1000 616
563 842 702 913
204 610 285 799
563 717 707 842
719 824 826 1000
154 610 204 1000
719 732 952 824
563 538 707 717
719 609 952 732
496 538 563 1000
719 425 952 609
719 268 1000 425
496 326 707 538
719 103 1000 268
496 103 719 326
496 0 1000 103
435 0 496 1000
362 0 435 1000
285 0 362 1000
154 0 285 610
0 0 154 1000
732 775 737 984
321 723 380 753
498 689 517 961
321 627 380 723
0 903 101 965
498 378 521 689
0 825 109 903
677 775 732 984
677 739 1000 775
677 691 1000 739
242 627 321 861
677 631 1000 691
463 378 498 991
612 631 677 984
522 631 612 984
139 627 242 949
522 557 1000 631
522 479 1000 557
522 398 1000 479
380 378 463 850
522 285 1000 398
139 378 380 627
522 131 1000 285
139 131 522 378
139 0 1000 131
0 0 139 825
596 953 614 994
375 762 554 768
839 616 847 1000
375 730 554 762
929 696 960 898
839 541 929 616
375 680 554 730
330 680 375 953
245 953 596 994
107 595 166 854
756 541 839 728
929 185 960 696
330 606 618 680
756 404 929 541
330 514 618 606
0 595 107 940
245 514 330 953
756 185 929 404
245 392 618 514
698 185 756 1000
618 185 698 1000
618 0 1000 185
245 201 618 392
245 0 618 201
167 0 245 1000
0 0 167 595
795 493 992 505
744 740 1000 773
556 563 785 605
97 841 184 972
676 740 744 938
426 938 732 985
600 740 676 938
516 740 600 938
556 493 795 563
516 705 1000 740
225 380 308 623
426 705 516 938
426 661 1000 705
556 434 995 493
426 434 556 661
426 380 1000 434
374 380 426 1000
374 322 1000 380
320 322 374 1000
320 254 1000 322
320 169 1000 254
320 83 1000 169
97 380 225 841
97 83 320 380
97 0 1000 83
0 0 97 1000
320 924 351 982
916 510 935 793
403 761 462 878
645 823 698 985
645 786 916 823
975 100 1000 519
403 627 486 761
320 699 379 924
563 786 645 985
563 737 916 786
563 678 916 737
563 596 916 678
403 293 492 627
563 510 916 596
499 510 563 1000
938 100 975 984
320 293 403 699
499 428 938 510
499 325 938 428
181 641 314 1000
181 293 320 641
499 213 938 325
499 100 938 213
499 0 1000 100
0 293 181 883
0 0 499 293
170 668 253 684
658 785 887 807
309 348 322 921
905 627 972 748
976 496 999 857
905 496 976 627
658 721 887 785
598 721 658 992
170 513 277 668
598 658 905 721
170 348 309 513
133 348 170 1000
526 658 598 1000
526 584 905 658
526 496 905 584
526 421 1000 496
526 346 1000 421
526 248 1000 346
459 248 526 984
393 248 459 1000
326 248 393 1000
326 168 1000 248
326 87 1000 168
326 0 1000 87
133 0 326 348
0 0 133 1000
463 997 527 1000
874 588 1000 615
857 588 874 843
718 758 825 800
857 523 1000 588
463 728 501 997
676 704 714 987
463 671 676 728
676 368 717 704
857 421 1000 523
463 588 676 671
857 272 1000 421
463 485 676 588
857 116 1000 272
413 485 463 1000
718 522 845 758
413 368 676 485
413 266 718 368
357 266 413 1000
299 266 357 1000
718 116 857 522
299 116 718 266
220 116 299 1000
220 0 1000 116
110 0 220 1000
0 0 110 1000
398 727 401 943
398 299 403 727
371 505 384 772
190 913 246 998
900 787 1000 867
385 299 398 953
677 683 923 728
190 849 371 913
102 849 190 998
619 910 900 963
923 389 965 748
409 910 619 1000
923 0 1000 389
677 539 923 683
102 716 371 849
514 539 677 787
514 440 923 539
514 313 923 440
102 505 371 716
514 172 923 313
102 299 385 505
409 787 900 910
514 0 923 172
409 0 514 787
102 0 409 299
0 0 102 1000
560 687 579 705
637 952 663 999
637 945 860 952
806 874 834 945
703 684 735 874
905 668 1000 754
703 622 852 684
870 668 905 1000
637 874 806 945
500 687 560 968
431 687 500 1000
703 492 870 622
870 485 1000 668
431 478 580 687
703 305 870 492
870 243 1000 485
870 0 1000 243
637 305 703 874
580 305 637 1000
580 159 870 305
431 159 580 478
431 0 870 159
361 0 431 1000
288 0 361 1000
175 0 288 1000
0 0 175 1000
493 335 496 901
721 689 736 1000
169 905 230 984
721 660 1000 689
335 377 354 810
721 617 1000 660
663 617 721 1000
663 544 1000 617
282 377 335 841
603 544 663 1000
544 544 603 1000
362 569 475 813
544 481 1000 544
362 335 493 569
544 412 1000 481
544 339 1000 412
544 258 1000 339
544 176 1000 258
544 91 1000 176
544 0 1000 91
501 0 544 1000
362 0 501 335
169 377 282 905
169 0 362 377
90 0 169 1000
0 0 90 1000
359 988 671 993
942 560 969 643
836 821 1000 842
182 842 213 1000
795 821 836 988
103 879 170 998
182 765 359 842
799 560 942 657
795 719 1000 821
799 436 990 560
182 630 359 765
698 436 799 719
678 719 795 988
182 450 359 630
698 327 1000 436
552 719 678 988
103 450 182 879
595 327 698 719
486 327 595 719
0 450 103 954
359 719 552 988
0 291 359 450
486 167 1000 327
486 0 1000 167
359 0 486 719
0 0 359 291
523 712 528 717
288 639 305 883
833 885 919 974
766 885 833 1000
843 684 882 885
695 885 766 1000
796 684 843 885
606 885 695 1000
796 624 1000 684
742 624 796 885
742 560 1000 624
678 560 742 885
125 787 276 930
125 639 288 787
678 472 1000 560
392 712 523 968
678 362 1000 472
678 244 1000 362
606 244 678 885
531 244 606 1000
392 244 531 712
392 128 1000 244
392 0 1000 128
306 0 392 1000
125 0 306 639
0 0 125 1000
359 984 440 997
928 665 945 731
928 569 945 665
195 984 359 997
259 749 486 764
259 733 486 749
229 733 259 984
195 733 229 984
855 569 928 704
142 733 195 1000
818 569 855 953
142 674 489 733
489 773 600 984
735 569 818 887
673 569 735 1000
142 586 489 674
142 488 489 586
673 453 1000 569
602 453 673 1000
142 372 489 488
602 310 1000 453
602 135 1000 310
489 135 602 773
142 135 489 372
142 0 1000 135
0 0 142 1000
937 753 974 865
704 812 748 921
864 527 1000 563
633 618 703 753
614 812 704 921
619 921 870 962
290 982 897 999
864 440 1000 527
633 563 864 618
633 506 864 563
573 506 633 753
505 506 573 753
290 921 619 982
505 440 864 506
290 812 614 921
505 366 1000 440
290 753 937 812
402 366 505 753
402 292 1000 366
0 635 170 906
290 292 402 753
290 219 1000 292
199 219 290 1000
199 118 1000 219
199 0 1000 118
0 0 199 635
681 934 694 951
711 988 925 999
704 187 709 686
681 532 694 934
409 808 615 846
681 187 704 532
662 187 681 846
860 799 943 957
775 799 860 972
775 722 968 799
968 0 999 562
409 716 615 808
775 572 968 722
615 187 662 837
409 561 615 716
775 401 968 572
330 561 409 1000
250 561 330 1000
711 401 775 988
711 242 968 401
124 561 250 1000
711 0 968 242
124 403 615 561
124 187 615 403
124 0 711 187
0 0 124 1000
733 840 757 1000
933 367 952 637
443 804 477 1000
986 0 998 613
878 792 1000 853
402 804 443 1000
677 840 733 1000
774 675 847 805
151 812 324 871
679 675 774 840
878 659 1000 792
151 711 324 812
563 840 677 1000
933 0 986 367
402 655 563 804
679 543 878 675
324 655 402 1000
679 379 878 543
878 0 933 659
563 379 679 840
324 379 563 655
324 256 878 379
151 256 324 711
151 135 878 256
151 0 878 135
0 0 151 1000
296 874 409 881
853 131 855 570
943 811 990 830
750 846 817 922
750 734 821 846
975 0 988 640
601 734 750 839
518 756 597 959
187 757 294 938
601 646 853 734
601 546 853 646
601 444 853 546
518 444 601 756
943 0 975 811
518 359 853 444
472 359 518 1000
296 387 364 874
410 359 472 1000
187 387 296 757
410 245 853 359
410 131 853 245
187 131 410 387
864 0 943 897
187 0 864 131
93 0 187 1000
0 0 93 1000
136 986 271 997
343 723 372 825
698 807 997 830
284 723 343 878
225 723 284 900
225 653 399 723
624 807 698 1000
182 653 225 986
182 585 399 653
624 759 997 807
624 710 997 759
136 585 182 986
624 653 1000 710
624 580 1000 653
548 580 624 1000
136 464 399 585
468 580 548 1000
468 514 1000 580
468 436 1000 514
468 357 1000 436
399 357 468 1000
399 270 1000 357
399 160 1000 270
399 0 1000 160
136 0 399 464
0 0 136 1000
992 771 994 880
694 715 825 731
422 789 438 982
975 771 992 978
957 771 975 994
422 761 589 789
422 731 595 761
422 675 595 731
595 548 648 748
422 613 595 675
422 548 595 613
887 454 930 750
858 454 887 901
825 454 858 941
422 486 694 548
957 227 994 771
694 454 825 715
331 486 422 1000
331 350 694 486
694 227 957 454
225 350 331 1000
694 0 1000 227
117 350 225 1000
117 187 694 350
117 0 694 187
0 0 117 1000
313 981 660 985
297 785 308 959
313 974 628 981
256 785 297 848
502 789 523 938
0 982 307 992
476 789 502 938
476 752 680 789
476 711 680 752
852 693 901 926
852 604 1000 693
401 711 476 938
852 468 1000 604
811 468 852 995
770 468 811 1000
313 711 401 974
770 364 1000 468
0 785 256 982
313 566 680 711
680 364 770 1000
313 368 680 566
680 131 1000 364
313 131 680 368
313 0 1000 131
0 466 313 785
0 0 313 466
432 677 437 852
563 661 748 675
409 677 432 797
962 571 999 735
925 571 962 805
884 571 925 828
563 594 748 661
563 526 748 594
258 677 409 767
837 571 884 930
837 439 1000 571
797 439 837 1000
498 526 563 879
797 307 1000 439
498 417 748 526
748 307 797 1000
498 272 748 417
437 272 498 966
258 417 437 677
748 96 1000 307
437 96 748 272
258 96 437 417
189 96 258 1000
94 96 189 1000
94 0 1000 96
0 0 94 1000
984 848 995 967
731 902 790 969
147 826 175 1000
256 889 306 1000
558 892 611 999
984 257 995 848
731 789 792 902
731 644 821 789
558 812 731 892
256 814 464 889
256 730 464 814
256 631 464 730
147 631 256 826
853 659 956 895
147 545 464 631
558 644 731 812
558 522 821 644
147 437 464 545
464 522 558 1000
464 393 853 522
853 257 984 659
464 257 853 393
464 132 1000 257
147 132 464 437
147 0 1000 132
0 0 147 1000
994 274 999 724
849 838 976 885
669 702 770 776
307 859 480 907
849 767 976 838
669 628 793 702
976 274 994 797
669 541 793 628
307 793 480 859
849 668 976 767
849 551 976 668
307 639 480 793
565 541 669 850
307 438 480 639
849 274 976 551
565 378 793 541
565 207 793 378
480 850 793 980
849 0 1000 274
480 207 565 850
793 0 849 977
480 0 793 207
307 0 480 438
214 0 307 1000
108 0 214 1000
0 0 108 1000
575 778 580 810
363 860 381 901
273 905 287 1000
549 778 575 891
755 802 906 824
906 669 1000 725
446 557 472 905
906 532 1000 669
549 292 580 778
673 802 755 1000
906 358 1000 532
673 722 906 802
673 631 906 722
446 292 549 557
673 511 906 631
673 358 906 511
673 243 1000 358
673 124 1000 243
673 0 1000 124
631 0 673 1000
363 292 446 860
580 0 631 1000
273 292 363 905
273 0 580 292
147 0 273 1000
0 0 147 1000
376 951 377 994
441 568 477 892
279 850 374 999
932 675 985 967
859 619 932 925
775 687 854 989
697 687 775 1000
618 687 697 1000
376 568 441 951
279 568 376 850
98 712 229 926
98 530 255 712
932 133 985 675
279 421 477 568
618 566 859 687
618 435 859 566
279 243 477 421
859 133 932 619
618 285 859 435
618 133 859 285
98 243 279 530
554 133 618 1000
477 133 554 1000
477 0 1000 133
98 0 477 243
0 0 98 1000
842 606 849 930
825 606 842 833
120 591 401 611
97 591 120 965
676 856 791 935
97 556 401 591
72 556 97 1000
936 632 995 819
589 958 936 995
40 556 72 1000
0 556 40 1000
869 632 936 945
0 502 401 556
0 441 401 502
0 376 401 441
869 389 996 632
676 606 825 856
676 389 869 606
589 389 676 958
0 224 401 376
488 389 589 996
488 264 1000 389
401 264 488 1000
401 141 1000 264
401 0 1000 141
0 0 401 224
860 502 949 522
389 964 810 970
201 759 389 792
172 759 201 1000
134 759 172 1000
134 721 389 759
860 382 961 502
799 382 860 592
740 382 799 646
77 721 134 1000
689 382 740 760
77 652 389 721
689 297 963 382
389 915 946 964
389 842 803 915
389 787 958 842
77 544 389 652
610 297 689 760
77 416 389 544
77 278 389 416
610 156 963 297
0 278 77 1000
511 156 610 787
511 0 1000 156
389 0 511 787
0 0 389 278
713 904 891 925
891 597 934 712
835 686 882 821
684 756 835 801
618 904 713 1000
513 904 618 1000
684 686 835 756
402 904 513 1000
964 0 995 469
684 613 891 686
934 661 993 948
684 528 891 613
635 528 684 904
934 0 964 661
580 528 635 904
514 528 580 904
891 0 934 597
245 678 402 942
514 416 891 528
514 297 891 416
402 297 514 904
402 130 891 297
245 130 402 678
140 130 245 1000
140 0 891 130
0 0 140 1000
796 860 806 1000
786 860 796 1000
632 735 645 917
622 735 632 998
425 706 466 816
745 860 786 1000
425 640 514 706
425 568 519 640
519 735 622 820
656 739 717 901
0 756 173 844
813 553 1000 639
745 783 1000 860
519 585 656 735
370 568 425 1000
813 422 1000 553
813 274 1000 422
745 274 813 783
656 274 745 739
656 113 1000 274
519 113 656 585
370 113 519 568
370 0 1000 113
281 0 370 1000
173 0 281 1000
0 0 173 756
352 428 355 853
992 241 994 932
518 722 615 746
985 241 992 695
855 919 961 990
677 624 703 919
896 540 985 630
873 540 896 919
873 429 985 540
832 429 873 742
250 716 338 913
615 919 855 998
790 429 832 919
677 429 790 624
129 716 250 955
677 326 985 429
615 326 677 919
518 326 615 722
518 241 985 326
518 126 1000 241
518 0 1000 126
129 428 352 716
453 0 518 1000
356 0 453 966
129 0 356 428
0 0 129 1000
468 992 469 999
436 992 468 999
370 992 436 999
722 965 1000 976
731 779 775 869
829 555 996 580
795 555 829 686
786 869 938 910
370 981 975 992
722 928 908 965
744 555 795 718
731 718 962 779
631 718 731 869
631 555 744 718
370 928 722 981
557 555 631 869
370 869 786 928
557 495 1000 555
557 411 1000 495
557 306 1000 411
473 306 557 869
473 178 1000 306
370 178 473 869
200 178 370 1000
200 0 1000 178
0 0 200 1000
877 853 984 859
860 703 867 949
390 796 517 811
877 829 990 853
877 788 990 829
877 742 1000 788
793 703 860 811
390 737 517 796
517 731 644 803
793 558 877 703
877 638 1000 742
517 617 644 731
793 342 877 558
877 455 1000 638
517 429 644 617
877 232 1000 455
877 0 1000 232
390 429 517 737
390 176 644 429
310 176 390 1000
222 176 310 1000
644 342 793 871
644 0 877 342
123 176 222 1000
123 0 644 176
0 0 123 1000
964 692 983 825
752 781 814 826
964 611 1000 692
239 833 347 899
91 893 222 965
0 893 91 1000
935 611 964 958
690 781 752 972
239 708 347 833
626 781 690 1000
239 558 347 708
544 781 626 1000
876 611 935 984
814 611 876 1000
544 688 814 781
459 688 544 1000
347 688 459 1000
347 611 814 688
347 539 1000 611
347 450 881 539
347 370 1000 450
347 271 1000 370
347 162 1000 271
0 558 239 893
347 0 1000 162
0 0 347 558
956 390 999 401
740 443 947 450
833 138 845 289
449 456 838 461
449 443 740 456
806 794 1000 834
768 794 806 1000
865 301 966 385
768 756 1000 794
788 390 956 443
768 716 1000 756
768 671 1000 716
449 390 788 443
712 671 768 1000
653 671 712 1000
653 579 1000 671
449 301 865 390
548 579 653 1000
442 579 548 1000
310 579 442 1000
449 138 833 301
123 579 310 1000
123 475 1000 579
123 138 449 475
123 0 1000 138
0 0 123 1000
900 908 912 991
883 912 900 985
900 787 913 908
900 736 937 787
883 736 900 912
866 736 883 1000
747 316 1000 338
828 93 862 316
866 668 1000 736
638 316 747 465
801 668 866 1000
450 316 638 465
687 668 801 1000
656 93 828 316
687 537 1000 668
597 537 687 1000
450 93 656 316
480 537 597 1000
300 93 450 466
355 537 480 1000
227 537 355 1000
90 537 227 1000
90 466 1000 537
90 93 300 466
90 0 1000 93
0 0 90 1000
966 550 974 783
989 381 996 651
636 877 806 894
549 877 636 1000
549 834 806 877
930 550 966 863
871 550 930 809
549 774 806 834
549 711 818 774
818 550 871 872
549 633 818 711
549 550 818 633
496 550 549 1000
442 550 496 1000
442 504 989 550
442 451 989 504
222 633 332 980
442 381 989 451
442 300 1000 381
442 213 1000 300
353 213 442 821
222 213 353 633
222 139 1000 213
125 139 222 1000
125 0 1000 139
0 0 125 1000
622 807 659 808
659 669 666 683
622 669 659 807
499 953 985 964
821 798 859 953
365 953 499 1000
821 751 1000 798
502 860 641 932
821 693 1000 751
758 693 821 953
758 613 1000 693
758 527 1000 613
669 527 758 761
502 669 622 860
669 426 1000 527
502 426 669 669
502 340 1000 426
431 340 502 953
431 261 1000 340
431 178 1000 261
431 89 1000 178
431 0 1000 89
365 0 431 953
255 0 365 1000
133 0 255 1000
0 0 133 1000
434 832 441 941
445 564 448 944
434 564 445 832
821 703 848 960
416 564 434 953
393 564 416 872
496 655 644 713
496 568 644 655
981 255 1000 956
496 477 644 568
310 564 393 731
763 703 821 960
763 598 981 703
496 306 644 477
763 461 981 598
449 306 496 978
704 461 763 1000
644 461 704 1000
644 364 981 461
310 306 449 564
644 255 981 364
243 306 310 1000
644 112 1000 255
243 112 644 306
243 0 1000 112
0 0 243 1000
