308 916 885 917
829 417 1000 466
308 857 698 916
774 417 829 848
481 505 565 857
774 284 1000 417
481 400 774 505
481 284 774 400
481 212 1000 284
481 120 1000 212
481 0 1000 120
396 0 481 857
308 0 396 857
221 0 308 1000
131 0 221 1000
0 0 131 776
475 360 954 366
887 630 952 677
657 701 695 997
586 701 657 997
475 287 818 360
484 701 586 997
475 228 1000 287
353 701 484 997
220 701 353 997
220 630 887 701
220 521 802 630
220 228 475 521
220 115 1000 228
220 0 1000 115
115 0 220 997
0 0 115 1000
0 858 45 967
696 355 713 729
622 548 659 787
674 355 696 1000
674 300 1000 355
571 548 622 957
571 300 674 548
533 300 571 1000
494 300 533 1000
494 241 1000 300
494 178 1000 241
0 707 223 858
494 0 1000 178
372 0 494 1000
229 0 372 1000
0 0 229 707
480 808 919 812
665 493 955 507
480 788 955 808
955 133 984 682
591 493 665 788
591 421 955 493
513 421 591 788
302 788 480 981
410 421 513 788
302 421 410 788
302 341 955 421
302 252 955 341
302 133 955 252
302 0 1000 133
156 0 302 1000
0 0 156 1000
796 669 821 898
443 503 581 562
796 625 1000 669
796 558 1000 625
796 473 1000 558
639 473 796 608
639 408 1000 473
639 309 1000 408
370 503 443 994
581 309 639 1000
370 309 581 503
284 309 370 1000
151 309 284 1000
151 167 1000 309
151 0 1000 167
0 0 151 1000
647 448 1000 467
647 419 1000 448
621 419 647 1000
358 700 509 820
621 362 1000 419
584 362 621 940
584 304 1000 362
584 228 1000 304
358 269 442 700
584 137 1000 228
272 269 358 882
516 137 584 1000
516 0 1000 137
163 269 272 907
163 0 516 269
0 0 163 1000
793 434 1000 463
779 734 803 1000
766 434 793 698
779 698 1000 734
766 391 1000 434
366 552 439 1000
656 698 779 1000
766 211 1000 391
656 211 766 698
547 211 656 717
366 211 547 552
366 110 1000 211
366 0 1000 110
257 0 366 1000
145 0 257 1000
0 0 145 1000
968 180 999 455
771 599 968 658
228 922 482 993
725 599 771 1000
434 213 478 652
725 490 968 599
659 490 725 1000
659 366 968 490
595 366 659 1000
337 213 434 824
595 180 968 366
595 0 1000 180
228 213 337 922
228 0 595 213
145 0 228 1000
0 0 145 1000
964 757 967 950
0 619 3 1000
964 595 971 757
0 611 313 619
707 595 964 611
0 596 313 611
707 560 1000 595
0 562 313 596
707 519 1000 560
707 459 1000 519
707 243 1000 459
611 243 707 1000
460 243 611 765
460 0 1000 243
313 0 460 1000
0 0 313 562
964 0 1000 70
898 653 935 1000
567 793 758 886
567 697 758 793
502 697 567 1000
391 697 502 1000
267 697 391 1000
898 0 964 653
267 590 758 697
267 490 801 590
142 490 267 1000
801 0 898 832
142 349 801 490
142 175 801 349
142 0 801 175
0 0 142 1000
362 998 376 1000
362 927 367 998
593 420 616 691
784 482 1000 556
480 420 593 578
740 482 784 931
421 420 480 796
362 420 421 927
643 482 740 931
643 323 1000 482
643 130 1000 323
362 130 643 420
267 130 362 1000
140 130 267 900
140 0 1000 130
0 0 140 1000
780 545 977 563
266 750 345 925
748 545 780 1000
748 484 1000 545
549 446 578 993
480 441 523 900
748 382 1000 484
433 441 480 995
748 237 1000 382
549 237 748 446
266 441 433 750
266 237 549 441
266 156 1000 237
136 156 266 1000
136 0 1000 156
0 0 136 1000
399 674 444 771
971 241 982 759
399 652 898 674
399 622 898 652
399 580 898 622
898 241 971 541
399 514 898 580
399 447 898 514
399 352 898 447
399 241 898 352
399 138 1000 241
327 138 399 1000
250 138 327 1000
146 138 250 1000
146 0 1000 138
0 0 146 1000
986 491 991 969
897 341 976 409
522 557 535 1000
958 491 986 994
897 198 998 341
899 491 958 749
452 557 522 1000
378 557 452 1000
544 311 782 448
378 491 899 557
544 198 897 311
293 491 378 1000
175 491 293 1000
175 198 544 491
175 0 1000 198
0 0 175 1000
458 946 685 959
498 633 538 946
458 633 498 946
458 596 922 633
415 596 458 1000
415 543 838 596
356 543 415 1000
356 482 1000 543
356 395 1000 482
247 395 356 1000
247 307 1000 395
151 307 247 1000
151 215 1000 307
151 114 1000 215
151 0 1000 114
0 0 151 1000
434 648 658 673
664 926 975 951
400 648 434 926
345 648 400 926
243 926 664 981
757 477 956 648
345 536 658 648
757 299 1000 477
345 345 658 536
658 299 757 926
658 103 1000 299
345 103 658 345
243 103 345 926
146 103 243 1000
146 0 1000 103
0 0 146 1000
305 981 823 992
305 962 746 981
536 540 578 763
468 540 536 763
617 763 932 816
379 836 978 864
379 763 617 836
379 540 468 763
379 495 1000 540
305 495 379 962
305 419 1000 495
305 324 1000 419
199 324 305 1000
199 192 1000 324
199 0 1000 192
0 0 199 1000
663 669 670 888
556 669 663 780
935 223 1000 565
477 669 556 969
756 520 913 718
377 669 477 1000
273 669 377 1000
273 568 670 669
154 568 273 1000
756 223 935 520
756 0 1000 223
701 0 756 1000
0 568 154 1000
0 467 701 568
0 264 701 467
0 0 701 264
499 666 566 744
585 756 614 1000
585 694 848 756
961 332 996 835
362 666 499 796
362 569 585 666
848 332 961 591
585 565 848 694
362 356 585 569
848 0 1000 332
585 299 848 565
585 0 848 299
362 0 585 356
276 0 362 1000
176 0 276 1000
0 0 176 1000
945 956 964 994
0 544 9 1000
233 362 240 950
988 394 999 874
945 394 988 956
619 624 703 991
514 624 619 1000
0 362 233 544
514 516 945 624
514 394 945 516
425 394 514 1000
313 394 425 1000
313 280 1000 394
313 158 1000 280
313 0 1000 158
0 0 313 362
924 570 929 904
589 499 716 520
589 455 733 499
589 369 733 455
733 570 924 676
733 462 930 570
482 369 589 581
733 360 1000 462
733 249 1000 360
482 249 733 369
482 139 1000 249
255 576 395 997
255 139 482 576
255 0 1000 139
142 0 255 1000
0 0 142 1000
952 277 959 348
671 397 681 786
619 786 684 937
645 397 671 786
619 397 645 786
601 397 619 1000
579 397 601 1000
579 337 952 397
579 277 952 337
579 151 1000 277
503 151 579 1000
399 151 503 1000
399 0 1000 151
285 0 399 1000
166 0 285 1000
0 0 166 1000
803 275 996 276
779 987 852 1000
522 953 588 1000
522 850 605 953
779 928 968 987
779 275 803 928
522 401 562 850
779 141 1000 275
462 401 522 1000
462 276 779 401
462 141 779 276
402 141 462 1000
329 141 402 1000
329 0 1000 141
187 0 329 1000
0 0 187 1000
548 744 570 1000
510 744 548 1000
544 503 601 742
453 744 510 1000
453 503 544 744
453 441 1000 503
453 375 1000 441
395 375 453 1000
395 300 1000 375
395 207 1000 300
317 207 395 1000
231 207 317 1000
133 207 231 1000
133 111 1000 207
133 0 1000 111
0 0 133 1000
485 828 844 830
735 518 1000 536
766 387 993 409
485 799 947 828
655 518 735 799
570 518 655 799
485 518 570 799
146 878 589 939
397 518 485 830
397 387 766 518
268 387 397 830
146 387 268 878
146 288 1000 387
146 161 911 288
146 0 1000 161
0 0 146 1000
985 615 992 726
996 476 999 903
985 476 996 615
774 694 881 748
523 514 774 561
523 461 774 514
937 476 985 997
774 476 937 694
774 316 1000 476
523 316 774 461
455 316 523 1000
455 187 1000 316
327 187 455 1000
164 187 327 1000
164 0 1000 187
0 0 164 1000
693 703 696 1000
0 959 73 1000
675 703 693 1000
675 672 944 703
675 618 944 672
675 560 992 618
633 560 675 1000
633 488 992 560
633 414 992 488
231 730 419 927
560 414 633 947
0 730 231 959
560 286 1000 414
463 286 560 943
463 0 1000 286
0 0 463 730
622 563 692 644
465 771 622 832
831 663 871 940
465 688 622 771
465 563 622 688
465 463 692 563
410 463 465 1000
692 663 831 885
345 463 410 1000
271 463 345 1000
692 449 963 663
692 170 1000 449
271 170 692 463
271 0 1000 170
144 0 271 1000
0 0 144 1000
597 454 821 503
214 684 299 925
416 496 553 651
597 352 821 454
948 196 985 876
416 352 597 496
821 547 900 892
345 352 416 829
214 352 345 684
821 196 948 547
214 275 821 352
214 196 821 275
137 196 214 1000
137 106 1000 196
137 0 1000 106
0 0 137 1000
460 449 469 456
584 557 599 820
499 820 583 917
499 557 584 820
460 382 850 449
460 299 782 382
412 557 499 958
331 557 412 1000
460 193 927 299
187 557 331 1000
187 474 1000 557
187 193 460 474
187 97 1000 193
187 0 1000 97
97 0 187 1000
0 0 97 1000
574 813 576 944
574 715 581 813
706 557 1000 567
706 539 1000 557
706 504 1000 539
676 504 706 1000
574 301 611 715
676 418 1000 504
495 301 574 655
676 300 1000 418
676 168 1000 300
676 0 1000 168
495 0 676 301
392 0 495 854
278 0 392 1000
0 0 278 1000
599 648 1000 661
661 919 974 938
541 415 625 578
446 415 541 648
515 648 599 919
288 919 661 990
404 648 515 919
288 648 404 919
288 415 446 648
195 415 288 1000
195 346 1000 415
195 209 639 346
116 209 195 1000
116 107 1000 209
116 0 1000 107
0 0 116 1000
564 704 923 740
564 660 923 704
517 660 564 1000
517 612 923 660
923 557 976 957
462 612 517 1000
462 557 923 612
462 480 1000 557
380 480 462 1000
284 480 380 1000
188 480 284 1000
188 416 1000 480
188 321 1000 416
188 208 1000 321
188 0 1000 208
0 0 188 1000
992 267 997 755
931 506 950 715
931 267 992 506
904 267 931 950
573 589 800 679
573 525 904 589
573 456 904 525
573 363 904 456
573 267 904 363
520 267 573 1000
453 267 520 1000
453 139 1000 267
369 139 453 1000
369 0 1000 139
259 0 369 1000
0 0 259 1000
755 737 1000 747
737 737 755 988
352 732 441 819
501 590 562 843
656 737 737 988
352 590 501 732
656 664 1000 737
352 399 564 590
656 536 1000 664
257 399 352 1000
656 358 1000 536
656 139 1000 358
564 139 656 1000
257 139 564 399
257 0 1000 139
0 0 257 1000
647 838 714 886
89 667 123 1000
718 597 825 717
926 372 963 746
867 372 926 797
89 594 509 667
718 372 867 597
0 594 89 1000
718 235 1000 372
0 518 509 594
647 235 718 838
0 408 509 518
647 0 1000 235
0 235 541 408
541 0 647 1000
0 0 541 235
73 656 347 666
73 638 347 656
844 639 873 880
73 605 347 638
984 0 996 769
567 639 844 679
962 0 984 937
0 605 73 1000
458 639 567 1000
901 0 962 820
0 391 347 605
458 462 901 639
458 242 901 462
458 0 901 242
347 0 458 1000
0 0 347 391
640 753 1000 770
285 748 346 955
640 716 1000 753
588 716 640 985
588 679 1000 716
285 469 356 748
509 679 588 1000
154 469 285 671
509 553 1000 679
509 419 1000 553
395 419 509 1000
395 309 1000 419
395 173 1000 309
395 0 1000 173
154 0 395 469
0 0 154 1000
736 757 801 896
358 704 411 949
358 668 736 704
736 541 867 757
736 421 1000 541
245 668 358 949
736 290 1000 421
137 668 245 1000
736 131 1000 290
137 592 736 668
137 506 736 592
137 406 736 506
137 301 736 406
137 131 736 301
137 0 1000 131
0 0 137 1000
468 636 617 644
901 285 954 467
901 122 1000 285
818 507 866 928
468 513 656 636
410 513 468 1000
818 122 901 507
410 333 656 513
327 333 410 1000
739 122 818 876
235 333 327 1000
656 122 739 1000
235 122 656 333
235 0 1000 122
128 0 235 1000
0 0 128 1000
245 988 488 991
960 0 964 911
245 975 553 988
481 418 592 505
458 418 481 975
751 637 960 729
751 512 960 637
691 512 751 1000
691 367 960 512
691 220 960 367
355 418 458 923
691 0 960 220
245 418 355 975
592 0 691 1000
245 0 592 418
0 0 245 1000
213 837 282 1000
802 593 1000 655
134 837 213 1000
759 593 802 960
134 801 637 837
134 759 637 801
759 439 1000 593
134 684 637 759
759 269 1000 439
681 269 759 960
134 563 637 684
134 447 681 563
681 0 1000 269
134 244 681 447
134 0 681 244
0 0 134 1000
748 491 756 664
69 732 106 862
785 765 1000 822
0 732 69 1000
698 765 785 1000
698 664 1000 765
588 664 698 1000
470 664 588 1000
470 491 748 664
470 398 1000 491
470 290 1000 398
470 141 1000 290
368 141 470 1000
368 0 1000 141
239 0 368 1000
0 0 239 732
390 569 397 750
283 831 303 958
320 958 471 976
216 958 320 995
283 704 318 831
690 701 706 1000
283 569 390 704
216 569 283 958
690 540 1000 701
690 365 1000 540
586 365 690 1000
586 176 1000 365
473 176 586 1000
216 176 473 569
216 0 1000 176
0 0 216 1000
210 874 355 911
912 432 929 759
235 501 324 581
210 501 235 874
629 635 660 1000
629 575 912 635
629 504 912 575
629 432 912 504
152 501 210 932
562 432 629 1000
562 341 1000 432
562 188 1000 341
562 0 1000 188
429 0 562 1000
152 0 429 501
0 0 152 1000
429 646 492 653
498 376 1000 385
498 743 610 814
820 654 983 742
429 615 896 646
429 376 498 615
429 320 1000 376
332 743 498 954
429 246 1000 320
332 654 820 743
286 246 429 654
149 654 332 1000
286 151 1000 246
149 151 286 654
149 0 1000 151
0 0 149 1000
