877 756 1000 761
632 773 770 794
877 728 1000 756
254 823 421 847
598 773 632 1000
192 954 388 997
192 911 421 954
832 728 877 1000
598 699 770 773
832 582 1000 728
513 699 598 1000
770 582 832 1000
513 594 770 699
331 380 402 793
254 380 331 823
254 184 436 380
770 424 1000 582
513 424 770 594
436 424 513 1000
436 344 1000 424
192 184 254 911
436 263 1000 344
436 181 1000 263
436 91 1000 181
436 0 1000 91
119 184 192 897
119 0 436 184
0 0 119 1000
124 822 303 831
595 898 869 905
838 719 915 762
838 612 878 719
838 556 927 612
89 822 124 1000
89 792 307 822
729 838 918 879
776 556 838 767
729 767 918 838
699 556 776 767
595 767 729 898
0 792 89 1000
699 486 1000 556
307 963 936 1000
411 767 595 919
307 919 950 963
0 686 307 792
699 370 1000 486
0 560 307 686
566 370 699 767
0 364 307 560
411 370 566 767
411 258 1000 370
411 131 1000 258
411 0 1000 131
307 0 411 919
0 0 307 364
888 131 997 143
661 888 706 925
824 694 1000 708
661 637 671 888
246 632 253 991
611 987 909 998
824 674 1000 694
516 705 557 843
824 640 1000 674
824 591 1000 640
824 541 1000 591
349 729 398 920
798 541 824 929
563 315 610 549
661 541 798 637
432 886 595 974
516 315 563 705
661 484 1000 541
611 929 990 987
775 131 888 420
661 131 775 484
661 0 1000 131
611 0 661 929
432 315 516 886
432 0 611 315
349 0 432 729
246 0 349 632
0 0 246 1000
936 951 949 986
949 605 956 691
998 0 999 857
983 688 996 796
996 0 998 799
414 305 445 376
936 605 949 951
919 605 936 997
533 695 558 1000
414 198 485 305
686 119 836 172
505 695 533 1000
983 0 996 688
960 0 983 720
414 119 686 198
919 0 960 605
407 695 505 1000
304 695 407 1000
304 639 919 695
189 639 304 1000
189 580 919 639
189 515 919 580
189 447 919 515
189 376 919 447
100 376 189 1000
0 376 100 1000
0 119 414 376
0 0 919 119
965 839 966 976
994 330 999 488
634 758 908 765
908 627 914 964
615 758 634 1000
615 736 908 758
615 712 908 736
615 677 908 712
615 627 908 677
965 330 994 839
615 578 965 627
615 527 965 578
615 467 965 527
615 403 965 467
544 403 615 745
544 330 965 403
544 248 1000 330
493 248 544 1000
284 577 387 948
441 248 493 1000
441 176 1000 248
441 103 1000 176
391 103 441 1000
284 103 391 577
219 103 284 1000
150 103 219 1000
150 0 1000 103
0 0 150 1000
333 404 336 933
782 734 810 925
782 653 865 734
757 582 776 941
141 632 304 680
903 359 922 834
141 569 304 632
141 504 304 569
879 359 903 858
648 582 757 697
304 404 333 926
467 582 648 672
141 404 304 504
467 527 782 582
467 470 782 527
433 470 467 1000
782 359 879 653
433 384 782 470
384 384 433 1000
384 305 782 384
384 219 782 305
340 219 384 1000
141 219 340 404
931 0 998 562
782 0 931 359
141 124 782 219
141 0 782 124
0 0 141 1000
982 986 984 999
855 859 860 959
886 833 929 856
466 774 718 798
718 642 855 733
982 231 999 986
718 548 855 642
466 709 718 774
929 231 982 559
718 378 855 548
466 613 718 709
886 231 929 833
886 0 999 231
392 613 466 966
855 0 886 859
315 613 392 966
315 539 718 613
242 539 315 1000
242 467 718 539
177 467 242 1000
101 467 177 1000
101 391 718 467
718 0 855 378
101 303 718 391
101 210 718 303
101 108 718 210
101 0 718 108
0 0 101 1000
924 547 925 978
428 718 568 742
415 718 428 1000
235 759 415 781
218 759 235 1000
415 684 568 718
415 649 568 684
188 759 218 1000
979 182 994 681
660 714 817 777
660 638 817 714
853 547 924 732
415 531 568 649
942 182 979 677
415 405 568 531
660 506 817 638
188 530 279 759
660 397 853 506
188 405 415 530
188 324 568 405
853 182 942 547
135 324 188 1000
660 182 853 397
135 199 568 324
568 182 660 1000
568 0 1000 182
135 0 568 199
0 0 135 1000
330 952 353 969
401 222 404 461
651 608 661 878
631 608 651 878
330 570 353 952
631 577 998 608
631 546 998 577
591 546 631 878
591 507 1000 546
526 932 866 979
134 596 217 805
526 878 959 932
134 447 291 596
85 447 134 946
330 222 401 570
591 446 1000 507
591 381 1000 446
293 222 330 999
591 291 1000 381
526 291 591 878
526 204 1000 291
526 115 1000 204
0 447 85 946
475 115 526 1000
409 115 475 1000
0 222 293 447
409 0 1000 115
0 0 409 222
314 993 479 1000
772 782 786 1000
265 714 491 733
314 814 339 993
314 795 565 814
749 782 772 1000
314 773 565 795
354 551 490 592
749 759 1000 782
314 733 565 773
749 707 1000 759
265 551 354 714
265 490 512 551
232 733 314 1000
668 707 749 1000
265 388 565 490
116 733 232 1000
668 609 1000 707
265 272 565 388
565 609 668 1000
565 510 1000 609
565 395 1000 510
565 255 1000 395
565 98 1000 255
116 272 265 733
116 98 565 272
116 0 1000 98
0 0 116 1000
944 992 985 998
519 713 538 770
944 723 954 992
904 664 929 975
614 624 693 728
693 857 904 903
693 810 904 857
583 624 614 961
466 713 519 986
583 490 693 624
693 740 904 810
693 664 904 740
545 490 583 969
545 358 693 490
944 198 985 723
693 577 944 664
693 465 944 577
466 358 545 713
693 340 944 465
693 198 944 340
466 198 693 358
466 118 1000 198
398 118 466 1000
323 118 398 1000
323 0 1000 118
242 0 323 1000
155 0 242 1000
0 0 155 1000
995 546 1000 757
971 254 975 841
995 0 1000 546
426 598 459 714
353 598 426 714
673 396 756 529
353 563 732 598
761 714 844 929
528 764 725 856
447 764 528 1000
923 515 970 963
339 764 447 1000
231 764 339 1000
231 714 754 764
864 515 923 969
136 714 231 1000
864 254 971 515
136 563 353 714
336 396 673 494
864 0 995 254
136 396 336 563
136 339 761 396
136 282 761 339
83 282 136 1000
83 182 761 282
0 182 83 1000
761 0 864 714
0 0 761 182
979 853 983 990
520 200 522 912
697 873 715 1000
882 716 897 1000
697 846 882 873
882 634 979 716
396 680 425 986
632 846 697 1000
283 792 348 955
283 680 396 792
632 792 882 846
979 180 999 853
206 680 283 1000
632 691 882 792
523 691 632 1000
90 680 206 1000
523 582 882 691
90 563 437 680
90 440 437 563
882 180 979 634
523 457 882 582
523 328 882 457
523 180 882 328
437 200 520 848
90 200 437 440
523 0 1000 180
90 0 523 200
0 0 90 1000
