995 842 1000 912
896 566 923 675
929 894 986 947
695 955 794 1000
833 894 929 947
770 675 866 745
705 894 833 955
774 745 887 842
770 566 896 675
364 955 695 997
364 894 705 955
616 566 770 745
364 842 995 894
364 745 774 842
364 566 616 745
364 492 1000 566
364 404 1000 492
243 404 364 1000
243 306 1000 404
243 161 1000 306
243 0 1000 161
0 0 243 1000
470 989 485 1000
537 695 607 738
936 899 990 996
879 899 936 1000
879 811 1000 899
804 811 879 1000
470 695 537 989
804 676 1000 811
695 676 804 1000
695 557 1000 676
607 557 695 1000
607 446 1000 557
607 320 1000 446
470 320 607 695
470 214 1000 320
396 214 470 1000
321 214 396 1000
243 214 321 1000
243 128 1000 214
243 0 1000 128
128 0 243 1000
0 0 128 1000
903 225 920 244
454 923 497 1000
808 225 903 285
454 872 591 923
921 653 992 754
454 797 599 872
851 653 921 844
808 128 1000 225
783 854 930 1000
851 487 1000 653
599 854 783 1000
454 583 599 797
370 583 454 1000
711 487 851 854
711 285 1000 487
599 285 711 854
370 285 599 583
270 285 370 1000
123 285 270 1000
123 128 808 285
123 0 1000 128
0 0 123 1000
825 941 857 972
416 784 486 832
697 941 825 1000
416 578 486 784
843 696 980 832
762 696 843 941
762 604 1000 696
697 604 762 941
337 578 416 864
697 495 1000 604
628 495 697 1000
552 495 628 1000
552 407 1000 495
552 319 1000 407
486 319 552 1000
486 224 1000 319
337 224 486 578
337 124 1000 224
240 124 337 1000
128 124 240 1000
128 0 1000 124
0 0 128 1000
858 823 898 936
496 771 599 818
455 771 496 911
366 911 599 949
455 708 599 771
858 725 967 823
455 604 599 708
227 754 340 963
765 725 858 1000
366 604 455 911
765 589 1000 725
765 442 1000 589
366 433 599 604
678 442 765 1000
678 273 1000 442
599 273 678 1000
599 112 1000 273
366 112 599 433
227 112 366 754
118 112 227 1000
118 0 1000 112
0 0 118 1000
320 993 346 1000
921 787 941 1000
391 778 418 1000
780 897 893 957
391 696 493 778
780 822 907 897
722 822 780 1000
921 618 1000 787
722 720 921 822
722 618 921 720
320 696 391 993
655 618 722 1000
655 536 1000 618
579 536 655 1000
493 536 579 1000
493 453 1000 536
493 340 1000 453
493 200 1000 340
493 0 1000 200
320 0 493 696
179 0 320 1000
0 0 179 1000
996 335 998 729
727 967 875 1000
943 557 996 744
860 621 943 742
860 486 943 621
943 335 996 557
640 634 781 761
943 0 1000 335
640 530 851 634
727 854 928 967
727 761 1000 854
617 761 727 1000
640 383 851 530
640 214 860 383
860 0 943 486
414 761 617 1000
523 214 640 761
523 0 860 214
414 0 523 761
301 0 414 1000
158 0 301 1000
0 0 158 1000
964 885 995 917
498 980 768 993
964 759 1000 885
808 553 829 789
829 862 877 1000
964 568 1000 759
498 954 769 980
769 553 808 1000
829 655 920 862
920 568 964 1000
498 847 728 954
829 382 920 655
920 138 1000 568
498 718 769 847
498 553 769 718
498 382 829 553
388 382 498 1000
277 382 388 1000
277 263 920 382
277 138 920 263
277 0 1000 138
0 0 277 1000
733 767 752 874
463 952 530 997
840 714 881 839
983 0 1000 539
463 826 563 952
881 839 982 976
653 767 733 1000
756 839 881 1000
947 0 983 823
840 403 947 714
244 826 463 1000
244 700 563 826
244 573 563 700
840 0 947 403
244 381 563 573
133 381 244 1000
756 0 840 839
133 206 563 381
653 0 756 767
563 0 653 1000
0 206 133 1000
0 0 563 206
924 655 973 708
727 885 778 1000
973 396 1000 711
727 777 834 885
656 777 727 946
870 655 924 896
656 676 870 777
870 396 973 655
656 545 870 676
870 164 1000 396
589 545 656 1000
520 545 589 1000
435 545 520 1000
344 545 435 1000
344 465 870 545
344 383 870 465
344 282 870 383
251 282 344 1000
251 164 870 282
145 164 251 1000
145 0 1000 164
0 0 145 1000
257 995 483 1000
873 241 930 318
694 857 966 874
878 750 987 796
850 901 958 995
706 241 873 318
702 901 850 995
549 901 702 995
694 750 878 857
549 750 694 901
706 161 999 241
549 659 1000 750
549 552 1000 659
549 426 1000 552
444 426 549 995
444 318 1000 426
355 318 444 995
257 318 355 995
156 318 257 1000
156 161 706 318
156 0 1000 161
0 0 156 1000
350 923 372 1000
292 923 350 1000
939 793 998 912
865 600 965 710
292 823 429 923
863 793 939 1000
642 600 865 686
292 665 429 823
739 793 863 1000
642 521 1000 600
595 793 739 1000
642 427 1000 521
429 793 595 1000
642 328 1000 427
642 226 1000 328
642 117 1000 226
429 710 998 793
538 117 642 710
429 117 538 710
429 0 1000 117
292 0 429 665
0 0 292 1000
582 881 587 1000
573 881 582 1000
995 421 1000 960
860 540 871 889
573 862 819 881
539 862 573 1000
819 540 860 713
539 834 819 862
964 421 995 812
440 834 539 1000
918 421 964 962
871 421 918 979
440 747 819 834
440 659 819 747
440 540 819 659
440 421 871 540
440 326 1000 421
347 326 440 1000
213 326 347 1000
213 165 1000 326
213 0 1000 165
0 0 213 1000
620 927 640 970
541 927 620 974
476 927 541 988
838 816 1000 870
244 745 379 848
244 660 409 745
476 822 669 927
838 679 1000 816
0 855 255 1000
476 628 669 822
244 416 409 660
838 419 1000 679
476 402 669 628
757 419 838 1000
669 419 757 1000
669 262 1000 419
669 103 1000 262
476 103 669 402
409 103 476 1000
409 0 1000 103
0 416 244 855
0 0 409 416
137 994 305 999
137 990 414 994
456 777 497 835
456 699 503 777
551 856 610 965
503 856 551 1000
283 874 407 941
892 756 1000 913
137 941 490 990
771 756 892 1000
283 699 456 874
634 756 771 1000
283 529 503 699
634 633 1000 756
283 324 503 529
634 494 1000 633
634 258 1000 494
137 324 283 941
0 324 137 1000
634 0 1000 258
503 0 634 856
0 0 503 324
987 409 1000 588
602 684 720 740
716 903 816 976
968 409 987 834
716 816 844 903
630 816 716 1000
630 740 844 816
566 740 630 1000
602 613 837 684
494 740 566 1000
413 740 494 1000
413 613 602 740
915 409 968 986
844 409 915 916
413 511 844 613
413 409 844 511
315 409 413 1000
315 319 1000 409
315 216 1000 319
190 216 315 1000
190 0 1000 216
0 0 190 1000
996 307 998 438
985 307 996 612
785 636 798 934
148 965 292 994
985 0 1000 307
678 856 785 903
871 469 887 852
474 796 583 964
678 636 785 856
605 636 678 1000
798 469 871 889
605 469 798 636
474 469 605 796
148 694 310 965
474 355 887 469
401 355 474 1000
401 243 887 355
315 243 401 1000
148 243 315 694
887 0 985 907
0 243 148 1000
0 0 887 243
894 980 943 982
846 980 894 983
823 980 846 987
674 980 823 987
929 462 1000 516
198 903 325 1000
325 813 403 986
674 905 1000 980
325 570 437 813
674 815 1000 905
734 462 929 619
734 329 1000 462
198 570 325 903
437 815 674 1000
581 329 734 619
437 733 1000 815
581 195 1000 329
437 619 1000 733
581 0 1000 195
437 0 581 619
198 0 437 570
0 0 198 1000
590 867 609 1000
590 845 753 867
309 843 351 1000
309 801 472 843
472 815 585 892
909 810 976 998
828 810 909 1000
472 662 590 815
590 711 753 845
828 657 1000 810
472 373 590 662
828 416 1000 657
753 416 828 1000
590 416 753 711
590 266 1000 416
590 115 1000 266
309 373 472 801
309 115 590 373
208 115 309 1000
105 115 208 1000
105 0 1000 115
0 0 105 1000
