712 664 1000 758
712 567 1000 664
712 447 1000 567
617 447 712 908
617 316 1000 447
528 316 617 1000
438 316 528 1000
316 316 438 1000
316 169 1000 316
316 0 1000 169
158 0 316 1000
0 0 158 1000
823 713 936 773
742 589 780 996
936 397 1000 717
676 589 742 996
594 589 676 996
823 397 936 713
594 397 823 589
491 397 594 996
491 222 1000 397
362 222 491 1000
362 0 1000 222
0 0 362 1000
893 821 994 839
652 814 694 995
652 776 893 814
652 712 893 776
446 575 652 698
446 344 652 575
652 483 893 712
893 0 986 821
652 0 893 483
173 344 446 937
173 0 652 344
0 0 173 1000
963 659 993 738
963 382 993 659
176 586 198 1000
669 773 877 1000
0 586 176 1000
313 773 669 1000
706 382 963 720
466 382 706 773
466 202 1000 382
466 0 1000 202
313 0 466 773
0 0 313 586
97 784 210 1000
785 651 860 1000
97 706 439 784
785 524 1000 651
0 706 97 1000
785 326 1000 524
0 580 439 706
0 344 439 580
588 326 785 934
588 0 1000 326
449 0 588 1000
0 0 449 344
809 729 940 786
605 800 645 1000
605 729 809 800
605 621 994 729
493 621 605 1000
493 489 1000 621
493 348 1000 489
380 348 493 1000
380 174 1000 348
242 174 380 1000
242 0 1000 174
0 0 242 1000
549 864 748 902
549 810 760 864
866 491 913 940
549 636 760 810
549 461 760 636
760 491 866 940
760 278 1000 491
760 0 1000 278
549 0 760 461
443 0 549 1000
262 0 443 1000
0 0 262 1000
705 914 734 981
705 907 999 914
556 724 705 747
705 744 838 907
705 623 1000 744
705 475 1000 623
705 280 1000 475
556 280 705 724
429 280 556 951
223 280 429 1000
223 0 1000 280
0 0 223 1000
527 856 789 927
164 927 704 968
164 856 527 927
164 821 941 856
941 0 984 900
516 521 853 651
164 720 839 821
164 521 516 720
0 521 164 1000
0 414 941 521
0 209 941 414
0 0 941 209
682 628 1000 658
682 582 1000 628
597 582 682 1000
597 468 1000 582
510 468 597 1000
510 313 1000 468
510 157 1000 313
259 492 438 961
259 157 510 492
135 157 259 1000
135 0 1000 157
0 0 135 1000
679 800 1000 808
566 833 649 925
618 502 677 717
566 502 618 833
507 502 566 932
507 352 679 502
444 352 507 1000
679 441 1000 800
246 352 444 1000
679 0 1000 441
246 0 679 352
0 0 246 1000
513 794 514 907
434 794 513 880
953 0 960 981
314 794 434 984
912 0 953 757
314 647 593 794
180 647 314 984
0 647 180 984
768 0 912 1000
0 356 593 647
593 0 768 1000
0 0 593 356
0 981 82 994
735 470 1000 479
686 470 735 1000
601 470 686 1000
601 327 1000 470
601 152 1000 327
496 152 601 1000
389 152 496 1000
389 0 1000 152
273 0 389 1000
151 0 273 1000
0 0 151 981
727 947 968 989
819 629 934 947
482 370 624 651
311 759 624 892
819 337 976 629
819 0 983 337
311 370 482 759
727 0 819 947
624 0 727 1000
311 0 624 370
160 0 311 969
0 0 160 1000
843 708 863 985
712 708 843 885
712 579 997 708
603 579 712 959
495 579 603 1000
495 457 997 579
356 457 495 1000
356 332 997 457
212 332 356 1000
212 175 1000 332
212 0 1000 175
0 0 212 1000
639 549 811 583
811 369 848 889
848 570 1000 704
848 426 1000 570
848 199 1000 426
504 549 639 908
504 369 811 549
325 369 504 840
325 199 848 369
186 199 325 1000
186 0 1000 199
0 0 186 1000
600 840 659 1000
251 647 461 776
600 758 1000 840
251 469 461 647
600 652 1000 758
461 652 600 1000
461 535 1000 652
461 383 1000 535
461 216 1000 383
0 469 251 851
461 0 1000 216
0 0 461 469
307 966 345 989
307 955 816 966
648 538 1000 570
611 538 648 870
611 500 1000 538
509 500 611 870
307 870 816 955
509 383 1000 500
307 383 509 870
307 193 1000 383
307 0 1000 193
0 0 307 946
715 532 718 1000
469 955 562 992
469 882 541 955
715 466 1000 532
715 387 1000 466
618 387 715 947
469 387 618 882
469 174 1000 387
318 174 469 1000
167 174 318 1000
167 0 1000 174
0 0 167 1000
