270 747 281 793
233 747 270 761
333 632 346 808
644 843 793 871
214 747 233 987
834 825 1000 864
644 797 793 843
333 361 365 632
834 760 1000 825
644 720 793 797
834 680 1000 760
834 589 1000 680
793 589 834 999
644 589 793 720
584 589 644 1000
281 361 333 852
214 361 281 747
584 509 1000 589
514 509 584 1000
514 436 1000 509
143 361 214 947
514 337 1000 436
514 234 1000 337
440 234 514 1000
440 132 1000 234
440 0 1000 132
366 0 440 1000
143 0 366 361
0 0 143 1000
317 998 791 1000
642 709 666 810
317 993 824 998
317 989 978 993
642 678 739 709
870 581 1000 616
870 539 1000 581
823 811 942 878
642 533 739 678
817 539 870 811
678 900 895 967
817 447 1000 539
817 325 1000 447
769 325 817 811
642 325 769 533
317 900 678 989
642 235 1000 325
583 235 642 811
522 235 583 811
522 158 1000 235
463 158 522 811
402 158 463 811
402 84 1000 158
317 811 823 900
402 0 1000 84
317 0 402 811
226 0 317 1000
125 0 226 1000
0 0 125 1000
331 766 333 850
986 873 997 950
574 809 597 893
597 690 609 901
574 690 597 809
986 364 994 873
817 788 896 923
759 788 817 1000
519 690 574 922
224 766 331 920
957 364 986 965
224 592 333 766
759 628 896 788
519 483 646 690
459 483 519 922
401 483 459 1000
401 354 646 483
896 364 957 936
759 364 896 628
759 206 1000 364
333 354 401 1000
759 0 1000 206
333 188 646 354
704 0 759 1000
646 0 704 1000
333 0 646 188
224 0 333 592
121 0 224 870
0 0 121 1000
532 995 589 998
529 638 531 912
532 892 544 995
793 857 824 968
486 638 529 794
300 750 367 871
793 814 1000 857
263 750 300 1000
486 291 519 638
793 734 1000 814
185 750 263 1000
705 734 793 968
185 656 408 750
705 659 1000 734
705 574 1000 659
705 480 1000 574
185 528 408 656
705 381 1000 480
653 381 705 968
603 381 653 1000
603 302 1000 381
603 213 1000 302
603 113 1000 213
424 291 486 982
532 113 603 892
185 291 424 528
185 113 532 291
185 0 1000 113
0 0 185 1000
113 987 240 998
965 276 972 814
785 871 929 900
113 980 900 987
540 753 575 980
646 839 714 980
619 378 643 821
646 755 785 839
785 743 929 871
976 0 999 831
646 580 785 755
929 276 965 953
785 572 929 743
785 379 929 572
646 379 785 580
646 276 929 379
540 378 619 753
479 378 540 873
646 183 976 276
479 183 646 378
433 183 479 980
433 103 976 183
377 103 433 980
321 103 377 980
258 103 321 980
190 103 258 980
113 103 190 980
113 0 976 103
0 0 113 1000
349 653 380 698
940 910 996 981
564 983 856 1000
99 969 270 1000
903 826 972 910
380 880 430 1000
349 402 380 653
903 730 1000 826
843 730 903 910
317 402 349 749
843 622 1000 730
459 213 490 987
564 910 940 983
99 845 340 969
843 402 1000 622
775 402 843 910
701 402 775 910
701 267 1000 402
634 267 701 887
216 402 317 815
564 267 634 910
564 158 1000 267
99 402 216 845
380 213 459 880
99 213 380 402
496 158 564 1000
496 0 1000 158
99 0 496 213
0 0 99 1000
784 507 986 510
255 700 639 703
835 704 856 787
802 704 835 787
474 886 517 970
836 949 937 990
500 666 660 700
784 440 875 507
762 895 943 942
876 510 1000 582
784 396 1000 440
762 842 996 895
517 949 836 996
784 287 1000 396
517 842 762 949
517 787 1000 842
619 510 876 630
120 886 474 975
619 287 784 510
120 787 517 886
500 287 619 666
369 287 500 700
369 201 1000 287
120 704 802 787
255 201 369 700
120 201 255 704
120 101 1000 201
120 0 1000 101
0 0 120 1000
709 869 711 927
996 733 999 987
416 847 486 862
996 219 999 733
976 656 988 895
860 576 868 943
313 858 344 1000
887 830 976 887
416 737 486 847
645 869 709 996
711 876 860 949
562 869 645 1000
887 656 976 830
711 741 860 876
416 433 486 737
711 576 860 741
562 640 687 869
711 348 887 576
562 348 711 640
313 433 416 858
887 219 996 656
486 348 562 1000
486 219 887 348
486 115 1000 219
313 115 486 433
224 115 313 1000
130 115 224 1000
130 0 1000 115
0 0 130 1000
972 326 991 355
315 801 507 804
842 679 863 758
926 805 1000 835
951 326 972 567
674 935 796 1000
740 679 842 758
573 637 880 678
674 867 926 935
894 326 951 637
315 758 764 801
831 326 894 637
525 867 674 1000
766 326 831 637
691 326 766 637
525 805 926 867
382 805 525 1000
213 805 382 1000
315 679 740 758
573 326 691 637
447 326 573 679
315 326 447 679
213 326 315 805
138 326 213 1000
138 265 1000 326
138 187 1000 265
138 105 1000 187
138 0 1000 105
0 0 138 1000
398 390 400 676
872 430 999 441
799 901 824 1000
812 567 871 673
736 567 812 673
799 859 1000 901
799 816 1000 859
651 567 736 673
742 816 799 1000
367 390 398 760
236 682 333 803
651 533 1000 567
333 390 367 787
742 741 1000 816
651 430 872 533
651 741 742 1000
651 351 1000 430
236 390 333 682
530 741 651 1000
651 260 1000 351
400 741 530 1000
651 149 1000 260
400 673 1000 741
123 390 236 852
524 149 651 673
524 0 1000 149
400 0 524 673
123 0 400 390
0 0 123 1000
263 990 390 992
351 833 390 855
202 937 261 954
716 953 783 972
123 937 202 1000
886 909 1000 956
603 907 661 1000
886 856 1000 909
0 937 123 1000
603 820 716 907
716 806 783 953
216 506 253 789
813 856 886 1000
263 833 351 990
813 764 1000 856
813 669 1000 764
813 562 1000 669
716 562 813 806
716 467 1000 562
716 348 1000 467
603 348 716 820
498 348 603 1000
390 348 498 1000
390 231 1000 348
263 231 390 833
263 116 1000 231
263 0 1000 116
0 506 216 937
0 0 263 506
915 710 919 943
500 720 507 878
915 608 934 710
418 790 485 820
489 720 500 939
977 850 1000 974
695 685 853 704
418 720 489 790
681 851 730 958
896 608 915 971
695 629 853 685
977 445 1000 850
616 851 681 1000
853 608 896 851
695 553 853 629
507 851 616 1000
942 445 977 986
942 0 1000 445
296 720 418 1000
695 328 853 553
296 540 507 720
610 328 695 851
507 328 610 851
853 0 942 608
507 154 853 328
296 154 507 540
296 0 853 154
167 0 296 1000
0 0 167 1000
931 648 990 666
308 818 387 854
931 594 1000 648
610 677 681 762
874 827 918 990
256 818 308 1000
681 396 708 749
610 529 681 677
874 594 931 827
572 529 610 960
827 594 874 990
531 529 572 1000
488 529 531 1000
387 418 429 927
827 461 1000 594
827 328 1000 461
488 396 681 529
827 179 1000 328
429 396 488 1000
773 179 827 990
429 222 710 396
710 179 773 990
710 0 1000 179
256 418 387 818
429 0 710 222
256 0 429 418
181 0 256 1000
98 0 181 957
0 0 98 1000
595 753 662 767
538 950 717 958
934 766 1000 809
309 919 362 1000
309 891 538 919
863 891 929 994
309 860 538 891
863 766 934 891
709 303 727 902
309 811 538 860
309 731 538 811
231 731 309 1000
771 199 812 850
863 565 1000 766
863 351 1000 565
662 303 709 940
595 303 662 753
728 199 771 959
231 618 538 731
863 91 1000 351
538 303 595 950
231 475 538 618
812 91 863 1000
231 303 538 475
151 303 231 1000
151 199 728 303
151 91 812 199
151 0 1000 91
0 0 151 1000
977 900 982 919
994 0 996 529
772 818 855 848
772 753 855 818
234 801 335 869
623 924 750 997
895 610 938 850
855 610 895 917
623 828 762 924
977 0 994 900
359 806 541 924
623 681 772 828
105 801 234 1000
359 656 541 806
359 505 541 656
105 678 346 801
944 0 977 919
0 678 105 1000
623 452 772 681
359 299 541 505
0 563 359 678
0 439 359 563
0 299 359 439
855 0 944 610
772 0 855 753
623 0 772 452
0 158 541 299
541 0 623 1000
0 0 541 158
679 522 681 699
865 765 869 1000
865 756 1000 765
865 735 1000 756
374 585 392 854
374 494 457 585
545 738 642 822
295 812 344 991
506 738 545 985
815 735 865 1000
506 645 679 738
744 735 815 1000
744 654 1000 735
506 522 679 645
458 522 506 985
295 494 374 812
744 552 1000 654
681 552 744 1000
681 451 1000 552
681 332 1000 451
458 332 681 522
458 245 1000 332
458 150 1000 245
295 150 458 494
227 150 295 1000
227 74 1000 150
163 74 227 1000
163 0 1000 74
0 0 163 1000
389 946 426 983
679 986 829 999
595 848 674 884
319 946 389 987
908 844 1000 879
908 803 1000 844
884 803 908 986
840 803 884 986
319 882 456 946
840 732 1000 803
319 803 468 882
595 647 674 848
540 647 595 1000
319 656 468 803
840 589 1000 732
840 425 1000 589
792 425 840 986
792 295 1000 425
733 295 792 795
679 295 733 986
540 295 679 647
468 295 540 1000
319 295 468 656
319 207 1000 295
319 113 1000 207
319 0 1000 113
222 0 319 1000
119 0 222 1000
0 0 119 1000
142 995 307 1000
513 470 530 616
615 912 674 967
847 860 954 901
955 480 992 618
809 860 847 997
273 662 382 722
743 860 809 997
674 860 743 997
955 170 992 480
674 811 955 860
382 603 445 826
674 753 955 811
382 470 513 603
674 685 955 753
273 470 382 662
674 579 955 685
273 356 543 470
674 466 955 579
142 875 425 995
273 216 543 356
674 320 955 466
674 170 955 320
615 170 674 912
543 170 615 1000
543 0 1000 170
142 216 273 875
142 0 543 216
0 0 142 1000
940 723 946 992
334 946 406 987
929 723 940 1000
783 836 802 1000
917 422 928 930
406 762 496 834
342 567 406 678
179 946 334 993
70 767 179 851
929 529 1000 723
692 836 783 1000
406 579 496 762
929 266 1000 529
70 534 175 767
406 294 496 579
692 710 903 836
264 567 342 916
179 567 264 946
0 534 70 997
570 710 692 1000
570 570 917 710
570 422 917 570
570 266 929 422
570 130 1000 266
179 294 406 567
496 130 570 1000
496 0 1000 130
179 0 496 294
0 0 179 534
