718 554 801 701
718 436 945 554
718 269 945 436
635 269 718 1000
521 269 635 1000
521 0 1000 269
0 0 521 1000
481 758 711 895
481 656 1000 758
481 526 1000 656
481 378 1000 526
481 223 1000 378
481 0 1000 223
0 0 481 1000
647 705 777 1000
647 507 1000 705
503 507 647 1000
358 507 503 1000
358 337 1000 507
358 0 1000 337
0 0 358 1000
651 783 656 932
494 783 651 1000
494 639 1000 783
271 639 494 1000
271 333 1000 639
271 0 1000 333
0 0 271 1000
968 0 1000 647
692 373 810 822
587 373 692 1000
389 373 587 1000
810 0 968 827
389 0 810 373
0 0 389 1000
914 318 977 511
811 318 914 624
277 808 679 1000
277 625 1000 808
277 318 811 625
277 0 1000 318
0 0 277 1000
