984 323 996 364
948 323 984 366
969 250 1000 323
881 976 990 1000
828 420 985 439
983 491 1000 683
452 439 878 447
659 667 868 690
548 763 993 774
820 212 979 250
790 584 867 667
870 626 983 690
881 906 990 976
846 690 970 763
828 366 1000 420
551 212 820 250
659 584 790 667
753 906 881 1000
659 366 828 439
753 856 1000 906
665 856 753 1000
665 816 1000 856
452 366 659 439
870 491 983 626
567 816 665 1000
466 816 567 1000
659 491 870 584
452 323 948 366
548 690 846 763
346 816 466 1000
548 491 659 690
346 774 1000 816
450 491 548 774
212 774 346 1000
551 141 990 212
331 491 450 774
212 491 331 774
212 447 1000 491
452 250 969 323
212 250 452 447
145 250 212 1000
77 250 145 1000
77 141 551 250
77 82 979 141
77 0 1000 82
0 0 77 1000
238 988 429 996
917 470 929 741
766 734 917 757
115 637 127 954
886 571 917 720
628 986 969 1000
0 954 124 1000
930 852 991 979
238 950 443 988
972 368 1000 653
329 849 443 926
238 849 329 950
825 571 886 726
766 571 825 734
44 805 111 952
846 852 930 979
765 852 846 986
238 794 443 849
765 802 1000 852
44 637 115 805
700 802 765 986
175 794 238 1000
700 757 1000 802
0 637 44 954
175 739 443 794
766 470 917 571
929 368 972 726
175 680 443 739
175 619 443 680
628 757 700 986
766 368 929 470
720 368 766 757
175 543 443 619
175 445 443 543
127 445 175 1000
127 353 443 445
628 368 720 757
127 233 443 353
628 262 1000 368
574 262 628 1000
516 262 574 1000
516 159 1000 262
0 233 127 637
443 159 516 1000
443 0 1000 159
0 0 443 233
568 867 679 869
703 796 936 799
703 793 950 796
866 869 1000 888
926 931 1000 977
940 735 1000 793
919 314 1000 357
312 481 1000 487
790 977 1000 1000
939 487 990 596
940 636 1000 735
760 931 926 977
919 218 1000 314
568 846 965 867
369 869 866 888
766 428 954 481
854 487 939 636
672 557 851 628
465 931 760 977
816 218 919 357
167 977 790 1000
835 636 940 793
766 357 1000 428
457 557 672 636
692 218 816 357
614 357 766 481
568 799 983 846
703 636 835 793
445 357 614 481
465 888 965 931
568 636 703 799
471 636 568 869
369 636 471 869
167 888 465 977
457 487 854 557
253 636 369 888
253 487 457 636
445 218 692 357
167 487 253 888
312 218 445 481
167 218 312 487
167 171 1000 218
167 87 1000 171
82 87 167 1000
82 0 1000 87
0 0 82 1000
318 911 355 924
996 626 999 794
986 757 993 858
223 551 233 697
412 755 453 811
966 757 986 894
395 543 412 794
130 762 233 811
947 894 996 1000
453 553 479 784
390 924 479 999
870 894 947 1000
363 543 395 806
453 168 479 553
251 924 390 1000
323 543 363 811
233 662 317 799
233 530 323 662
870 757 966 894
58 924 251 1000
318 811 469 911
233 353 323 530
801 757 870 1000
731 757 801 1000
731 692 996 757
673 692 731 1000
130 551 223 762
130 353 233 551
412 168 453 755
587 692 673 1000
587 626 996 692
587 560 1000 626
58 811 318 924
587 486 1000 560
587 409 1000 486
587 330 1000 409
323 168 412 543
130 168 323 353
587 221 1000 330
587 112 1000 221
58 168 130 811
0 168 58 1000
532 112 587 1000
532 0 1000 112
479 0 532 1000
0 0 479 168
809 974 850 1000
549 956 632 969
691 963 721 1000
997 335 1000 732
918 954 1000 970
795 850 808 962
691 924 742 963
375 879 410 1000
848 897 908 968
549 903 632 956
632 924 691 1000
848 821 918 897
328 879 375 1000
632 867 742 924
549 823 632 903
742 850 795 978
956 750 991 949
742 736 809 850
848 700 918 821
632 783 742 867
848 555 918 700
632 667 742 783
549 667 632 823
549 597 742 667
513 597 549 1000
474 597 513 1000
809 555 848 974
956 335 997 750
474 523 742 597
328 670 425 879
474 443 742 523
918 335 956 954
809 335 918 555
474 347 742 443
742 335 809 736
742 229 1000 335
429 347 474 1000
429 229 742 347
328 229 429 670
328 162 1000 229
328 91 1000 162
266 91 328 1000
266 0 1000 91
190 0 266 1000
101 0 190 1000
0 0 101 1000
856 683 858 787
996 531 999 837
965 837 996 880
898 888 959 911
996 107 1000 531
815 908 856 982
931 936 990 1000
767 630 858 678
858 936 931 1000
767 577 858 630
692 912 778 994
898 766 959 888
767 477 858 577
692 837 815 912
815 683 856 908
722 477 767 683
626 837 692 994
669 477 722 672
559 837 626 994
608 477 669 683
559 783 815 837
898 514 959 766
608 402 858 477
467 783 559 1000
536 402 608 683
363 783 467 1000
965 107 996 837
445 402 536 683
244 783 363 1000
349 402 445 683
898 107 965 514
244 733 815 783
244 683 815 733
244 402 349 683
858 107 898 936
244 345 858 402
244 286 858 345
244 226 858 286
244 164 858 226
197 164 244 1000
149 164 197 1000
149 107 858 164
149 55 1000 107
149 0 1000 55
98 0 149 1000
0 0 98 1000
846 983 959 984
434 757 532 759
993 634 1000 730
601 694 644 717
647 979 754 994
434 745 613 757
928 917 967 983
601 625 647 694
565 924 644 996
576 759 646 845
565 845 644 924
964 634 993 880
540 625 601 745
486 759 576 845
540 549 647 625
506 845 565 1000
369 759 486 845
928 634 964 917
540 452 647 549
439 845 506 1000
497 452 540 745
357 845 439 1000
887 634 928 944
271 845 357 1000
846 634 887 983
803 634 846 1000
167 845 271 1000
803 548 1000 634
434 452 497 745
760 548 803 1000
369 452 434 759
760 455 1000 548
369 363 647 452
760 351 1000 455
313 363 369 845
254 363 313 845
760 185 1000 351
760 0 1000 185
647 527 760 979
254 232 647 363
167 232 254 845
647 0 760 527
87 232 167 1000
0 232 87 1000
0 127 647 232
0 0 647 127
900 226 901 455
288 975 361 988
288 961 371 975
835 886 866 944
866 834 889 973
346 750 371 907
609 947 685 1000
942 694 960 952
994 80 1000 901
971 726 994 997
960 422 971 1000
889 226 900 982
465 699 500 945
693 913 798 1000
609 829 693 947
550 829 609 1000
901 694 942 980
693 827 835 913
288 750 346 961
693 737 835 827
421 699 465 992
866 226 889 834
550 730 693 829
971 80 994 726
693 632 835 737
901 422 960 694
550 604 693 730
901 159 971 422
693 499 835 632
500 604 550 1000
500 499 693 604
835 226 866 886
500 433 835 499
500 354 835 433
421 354 500 699
371 354 421 1000
288 354 371 750
288 291 835 354
288 226 835 291
288 159 901 226
288 80 971 159
226 80 288 1000
226 0 1000 80
159 0 226 1000
88 0 159 1000
0 0 88 1000
213 321 216 637
813 371 816 847
53 975 156 1000
995 402 1000 1000
689 964 816 1000
797 643 813 960
160 876 207 999
911 871 972 976
505 944 635 1000
588 759 671 858
816 767 863 958
911 704 972 871
53 876 156 975
322 944 505 1000
53 779 160 876
976 402 995 949
160 631 207 876
588 619 689 759
863 704 911 1000
526 619 588 858
863 562 972 704
459 619 526 858
459 549 689 619
160 321 213 631
740 643 797 960
863 402 976 562
399 549 459 858
863 265 1000 402
740 371 813 643
399 479 689 549
863 66 1000 265
399 379 689 479
322 858 671 944
689 371 740 964
816 66 863 767
322 379 399 858
322 275 689 379
689 66 816 371
268 275 322 1000
268 171 689 275
268 66 689 171
216 66 268 1000
53 321 160 779
216 0 1000 66
53 0 216 321
0 0 53 1000
660 787 669 957
591 904 610 999
834 506 839 949
708 897 734 994
480 886 518 956
929 110 934 857
934 905 993 996
807 791 834 1000
874 803 927 912
840 912 929 984
518 904 591 1000
745 614 764 982
993 0 1000 1000
415 886 480 1000
874 659 927 803
619 787 660 974
767 791 807 1000
934 761 993 905
339 886 415 1000
339 836 518 886
708 614 745 897
339 771 518 836
518 787 619 904
518 706 669 787
339 699 518 771
518 609 669 706
339 609 518 699
874 341 927 659
339 552 669 609
767 506 834 791
840 341 874 912
840 110 929 341
339 489 669 552
339 421 669 489
339 353 669 421
767 110 840 506
708 110 767 614
669 110 708 1000
284 353 339 1000
934 0 993 761
208 353 284 1000
208 244 669 353
208 110 669 244
123 110 208 1000
123 0 934 110
0 0 123 1000
653 851 655 923
853 947 872 995
800 979 850 998
625 807 654 842
675 784 684 983
896 962 957 993
884 792 896 970
550 815 625 851
753 873 800 964
655 784 675 1000
550 753 625 815
853 789 884 947
884 340 896 792
600 851 653 962
338 975 612 1000
957 808 999 974
625 574 655 807
800 807 853 979
853 481 884 789
452 753 550 851
517 851 600 975
655 387 684 784
957 522 999 808
452 669 625 753
390 851 517 975
452 574 625 669
390 574 452 851
800 481 853 807
753 481 800 873
753 340 884 481
722 340 753 1000
338 574 390 975
685 340 722 1000
896 522 957 962
338 485 655 574
338 387 655 485
338 295 685 387
896 161 999 522
685 161 896 340
338 161 685 295
338 81 1000 161
338 0 1000 81
280 0 338 1000
202 0 280 1000
112 0 202 1000
0 0 112 1000
998 682 1000 851
430 987 481 1000
682 236 684 955
503 944 535 1000
167 953 240 1000
424 375 430 1000
383 905 424 1000
684 951 791 1000
823 566 841 990
791 706 823 978
878 879 961 985
0 886 91 1000
645 698 682 988
961 682 998 988
562 839 641 985
430 822 503 987
167 781 240 953
684 832 791 951
430 637 503 822
684 706 791 832
878 682 961 879
562 631 641 839
878 546 1000 682
841 546 878 995
0 712 97 886
645 236 682 698
684 566 823 706
684 439 841 566
841 420 1000 546
383 375 424 905
684 286 841 439
841 266 1000 420
340 375 383 949
841 104 1000 266
293 375 340 966
684 104 841 286
684 0 1000 104
562 236 645 631
503 236 562 944
503 0 684 236
430 0 503 637
293 0 430 375
240 0 293 1000
167 0 240 781
103 0 167 1000
0 0 103 712
845 900 996 903
313 918 335 968
910 780 940 852
963 907 1000 974
723 848 802 881
466 900 845 907
335 804 357 971
971 727 1000 868
191 917 252 986
124 919 191 987
416 990 901 1000
252 918 313 1000
723 801 832 848
832 780 910 881
854 907 963 990
466 881 944 900
971 367 1000 727
335 280 357 804
124 739 191 919
191 709 252 917
252 750 335 918
832 636 940 780
940 367 971 881
252 541 335 750
723 636 832 801
642 636 723 881
642 569 940 636
252 280 335 541
567 569 642 881
567 502 940 569
567 435 940 502
567 367 940 435
567 308 1000 367
191 280 252 709
567 246 1000 308
521 246 567 881
124 280 191 739
416 907 854 990
521 167 1000 246
521 84 1000 167
466 84 521 881
466 0 1000 84
416 0 466 907
357 0 416 1000
124 0 357 280
0 0 124 1000
251 846 262 962
930 963 976 1000
991 703 1000 896
155 910 198 952
869 931 930 997
230 672 251 900
251 400 262 846
509 829 550 975
991 0 1000 703
930 839 991 963
155 723 198 910
742 931 869 998
198 672 230 979
443 829 509 994
115 723 155 994
742 872 930 931
372 829 443 994
71 723 115 1000
742 804 930 872
372 756 550 829
71 620 198 723
742 732 930 804
372 677 550 756
198 400 251 672
688 732 742 1000
323 677 372 994
688 666 930 732
323 603 550 677
930 557 991 839
630 666 688 1000
323 504 550 603
630 573 930 666
71 400 198 620
323 377 550 504
930 0 991 557
550 573 630 1000
550 482 930 573
550 382 930 482
550 281 930 382
550 152 930 281
323 152 550 377
262 152 323 1000
262 73 930 152
71 73 262 400
71 0 930 73
0 0 71 1000
592 977 609 979
66 959 81 962
777 783 788 882
595 979 702 991
789 906 818 975
997 0 1000 933
0 962 85 1000
420 979 595 1000
841 798 875 922
718 915 777 989
66 841 127 959
592 917 718 977
965 727 993 1000
718 783 777 915
66 705 127 841
789 593 818 906
592 835 718 917
965 376 996 727
592 748 718 835
841 431 873 798
819 431 841 1000
718 593 789 783
532 748 592 979
532 668 718 748
480 668 532 979
718 431 819 593
0 705 66 962
718 316 875 431
420 668 480 979
420 603 718 668
364 603 420 1000
918 376 965 963
364 523 718 603
364 441 718 523
311 441 364 1000
918 0 997 376
875 0 918 956
311 337 718 441
311 232 718 337
255 232 311 1000
718 0 875 316
255 121 718 232
255 0 718 121
193 0 255 1000
127 0 193 1000
0 0 127 705
909 767 918 786
789 941 875 943
419 983 515 988
327 983 419 1000
451 871 483 944
968 658 999 735
462 717 490 809
417 871 451 947
525 723 554 878
869 943 964 996
224 924 327 976
462 524 490 717
909 658 968 767
224 861 327 924
327 947 518 983
741 943 869 1000
490 723 525 934
909 573 1000 658
490 573 554 723
224 766 327 861
554 943 741 1000
855 573 909 786
490 334 554 573
417 524 462 871
224 610 327 766
855 460 1000 573
377 524 417 947
798 460 855 786
735 460 798 786
735 381 1000 460
377 334 490 524
680 381 735 786
680 294 1000 381
680 202 1000 294
789 786 980 941
327 334 377 947
554 786 789 943
680 85 1000 202
624 85 680 786
554 85 624 786
327 85 554 334
327 0 1000 85
224 0 327 610
158 0 224 1000
79 0 158 1000
0 0 79 1000
282 780 285 784
456 905 457 964
912 899 915 1000
938 944 991 955
991 831 999 980
456 876 499 905
897 899 912 1000
879 899 897 1000
396 969 472 1000
562 354 575 714
991 244 1000 831
323 452 336 955
707 927 798 1000
528 841 575 1000
850 589 879 996
456 602 499 876
879 694 938 899
707 805 807 927
707 679 807 805
665 679 707 1000
616 679 665 1000
807 589 850 962
528 354 562 841
616 589 807 679
616 522 879 589
938 611 991 944
499 354 528 992
286 452 323 959
938 244 991 611
185 780 282 984
616 439 879 522
616 356 879 439
396 602 456 969
396 354 499 602
879 244 938 694
616 244 879 356
575 244 616 1000
185 452 286 780
575 164 1000 244
575 82 1000 164
396 82 575 354
336 82 396 1000
185 82 336 452
185 0 1000 82
95 0 185 1000
0 0 95 1000
999 277 1000 554
379 909 396 966
379 824 397 909
957 847 1000 883
860 651 913 684
992 277 999 532
247 856 270 955
560 991 850 1000
397 543 407 1000
89 920 147 1000
957 720 1000 847
913 625 992 709
0 903 89 991
652 893 957 920
867 920 990 991
913 513 992 625
181 856 247 993
89 808 181 920
897 720 957 893
89 683 181 808
822 720 897 893
742 720 822 893
652 720 742 893
270 824 379 985
913 277 992 513
0 683 89 903
860 277 913 651
813 277 860 720
560 920 867 991
762 277 813 720
708 277 762 720
652 277 708 720
607 277 652 920
560 277 607 920
516 277 560 1000
516 209 1000 277
516 139 1000 209
516 68 1000 139
479 68 516 1000
479 0 1000 68
270 543 397 824
270 276 407 543
181 276 270 856
409 0 479 1000
0 276 181 683
0 0 409 276
548 912 579 935
131 864 157 979
891 958 969 1000
537 822 579 903
0 970 131 1000
980 651 1000 904
308 971 499 1000
772 924 869 982
869 619 891 944
461 776 521 912
521 308 537 847
157 780 202 1000
131 464 157 864
891 839 980 958
0 889 131 970
537 509 579 822
772 787 869 924
358 776 461 912
308 912 548 971
537 155 579 509
358 683 521 776
772 619 869 787
358 583 521 683
891 651 980 839
891 495 1000 651
720 619 772 986
358 460 521 583
891 298 1000 495
662 619 720 1000
662 518 891 619
662 413 891 518
358 308 521 460
662 298 891 413
358 155 537 308
662 215 1000 298
662 107 1000 215
620 107 662 1000
308 155 358 912
620 0 1000 107
579 0 620 1000
308 0 579 155
264 0 308 1000
218 0 264 1000
157 0 218 780
0 464 131 889
0 0 157 464
968 183 977 244
571 997 905 999
945 250 984 291
962 556 1000 609
845 523 927 556
985 345 1000 537
756 610 944 626
784 798 982 816
501 610 756 626
863 944 956 997
845 456 930 523
781 456 845 556
863 888 1000 944
501 592 944 610
863 816 1000 888
679 456 781 556
930 345 985 538
802 816 863 997
679 403 891 456
729 816 802 997
656 816 729 997
679 345 930 403
784 727 990 798
571 816 656 997
603 345 679 556
501 556 962 592
538 250 945 291
474 816 571 1000
501 345 603 556
415 345 501 626
474 727 784 816
538 183 968 250
360 727 474 1000
304 345 415 626
360 678 1000 727
360 626 1000 678
258 626 360 1000
155 626 258 1000
155 345 304 626
155 292 1000 345
90 292 155 1000
90 183 538 292
90 127 1000 183
90 69 1000 127
90 0 1000 69
0 0 90 1000
672 992 832 1000
957 743 1000 792
163 994 514 1000
945 337 953 711
579 958 671 994
73 952 144 1000
144 795 163 1000
661 508 672 873
724 791 956 811
450 805 508 893
886 622 945 710
579 893 672 958
554 799 640 893
941 811 1000 958
982 0 1000 614
73 795 144 952
724 743 957 791
282 805 450 893
0 795 73 1000
554 660 661 799
282 738 511 805
282 670 511 738
554 508 661 660
886 337 945 622
554 362 672 508
282 583 511 670
827 811 941 990
953 0 982 718
886 0 953 337
511 362 554 893
282 483 511 583
852 0 886 743
282 362 511 483
672 811 827 992
769 370 849 729
769 0 852 370
221 362 282 893
221 290 672 362
724 0 769 743
221 205 672 290
163 893 579 994
672 0 724 811
221 106 672 205
163 106 221 893
163 0 672 106
0 0 163 795
939 853 941 889
792 963 799 1000
482 974 601 987
958 926 1000 985
601 966 695 1000
941 862 1000 922
888 853 939 926
392 954 582 974
560 841 601 944
702 845 732 999
481 776 554 841
985 405 1000 736
732 594 750 952
792 830 845 963
888 719 941 853
941 736 1000 862
171 974 482 999
845 926 958 1000
554 593 601 786
477 841 560 954
392 841 477 954
601 845 702 966
294 841 392 974
481 593 554 776
424 593 481 841
941 405 985 736
360 593 424 841
888 405 941 719
360 504 601 593
294 504 360 841
845 405 888 926
792 405 845 830
750 405 792 1000
294 420 601 504
750 289 1000 405
750 165 1000 289
601 594 732 845
294 291 601 420
236 291 294 974
171 291 236 974
99 291 171 1000
601 165 750 594
601 0 1000 165
0 291 99 1000
0 164 601 291
0 0 601 164
931 988 966 999
499 726 507 828
171 988 322 996
150 919 169 994
507 818 523 931
328 906 362 961
840 931 887 991
362 370 368 927
818 558 887 619
994 252 1000 1000
368 881 429 980
74 919 150 1000
171 929 310 988
466 726 499 995
840 737 887 931
328 609 362 906
931 821 992 988
507 128 523 818
818 390 887 558
368 689 429 881
74 786 171 919
931 610 994 821
789 737 840 1000
171 834 328 929
730 737 789 1000
887 610 931 1000
730 619 887 737
887 437 994 610
887 252 994 437
730 390 818 619
694 390 730 1000
466 128 507 726
694 252 887 390
429 128 466 944
694 140 1000 252
368 128 429 689
171 609 328 834
643 140 694 1000
171 370 362 609
171 128 368 370
586 140 643 1000
523 140 586 1000
74 128 171 786
0 128 74 1000
523 0 1000 140
0 0 523 128
771 927 792 982
792 963 828 1000
578 943 614 999
950 930 981 998
131 926 163 1000
646 939 689 1000
237 942 294 995
614 885 646 982
375 874 407 972
777 664 792 888
540 881 576 1000
913 854 950 994
792 847 840 963
689 927 771 1000
407 296 418 940
840 869 913 980
375 620 407 874
465 881 540 1000
578 617 614 943
131 546 163 926
981 217 1000 943
0 886 131 1000
614 405 646 885
792 399 840 847
840 569 913 869
950 217 981 930
689 664 777 927
913 217 950 854
840 217 913 569
689 399 792 664
689 217 840 399
298 620 375 993
465 617 578 881
646 217 689 939
465 405 614 617
465 217 646 405
298 296 407 620
418 217 465 1000
237 296 298 942
418 147 1000 217
418 76 1000 147
418 0 1000 76
0 546 131 886
237 0 418 296
163 0 237 1000
0 0 163 546
969 632 980 739
909 893 992 916
886 923 995 952
916 230 1000 277
991 277 1000 756
875 953 984 1000
794 600 877 664
877 464 908 654
918 632 969 756
909 808 1000 893
831 808 909 919
831 756 1000 808
775 756 831 919
618 953 875 991
794 464 877 600
739 464 794 677
701 756 775 919
682 464 739 677
624 756 701 919
621 464 682 677
621 415 918 464
563 415 621 677
526 756 624 919
424 756 526 923
292 923 886 952
563 366 918 415
503 366 563 677
362 715 855 756
362 677 903 715
433 366 503 677
292 756 424 923
362 366 433 677
148 953 618 1000
362 324 918 366
918 277 991 632
148 756 292 953
290 324 362 756
217 324 290 756
217 277 918 324
148 277 217 756
97 277 148 1000
97 230 916 277
97 164 1000 230
97 87 1000 164
97 0 1000 87
0 0 97 999
555 994 571 999
761 820 764 978
828 710 896 717
975 876 992 960
184 923 228 968
828 679 911 710
952 876 975 989
911 634 961 717
614 896 691 950
734 820 761 999
734 646 764 820
828 566 884 679
911 561 1000 634
614 801 691 896
828 456 911 566
867 876 952 989
71 906 178 999
911 446 1000 561
555 801 614 994
764 876 867 1000
911 287 1000 446
691 646 734 984
555 688 691 801
764 799 993 876
911 76 1000 287
493 688 555 1000
764 717 1000 799
425 688 493 1000
184 402 228 923
351 688 425 1000
351 616 691 688
351 533 691 616
287 533 351 1000
287 457 691 533
828 76 911 456
228 457 287 1000
228 387 691 457
764 76 828 717
691 76 764 646
228 290 691 387
228 193 691 290
228 76 691 193
71 402 184 906
228 0 1000 76
71 0 228 402
0 0 71 1000
705 997 932 998
947 950 1000 956
705 991 968 997
232 636 246 762
498 991 705 1000
95 948 156 993
184 919 246 976
909 854 963 942
874 701 995 746
963 746 1000 933
356 884 421 1000
748 950 947 991
928 534 995 660
356 763 426 884
806 854 909 941
318 763 356 1000
874 534 928 701
498 950 748 991
692 854 806 950
821 534 874 746
318 656 426 763
692 809 963 854
318 533 426 656
184 636 232 919
756 534 821 746
286 533 318 1000
692 746 963 809
756 459 995 534
246 533 286 1000
246 421 426 533
756 357 995 459
246 284 426 421
692 357 756 746
692 275 1000 357
95 636 184 948
649 275 692 950
602 275 649 950
602 189 1000 275
552 189 602 950
498 189 552 950
95 284 246 636
426 189 498 1000
426 87 1000 189
95 87 426 284
95 0 1000 87
0 0 95 1000
598 995 610 1000
137 989 300 990
87 989 137 1000
0 989 87 1000
855 918 899 945
88 830 157 867
899 235 905 922
905 913 958 999
598 902 647 995
281 707 313 851
994 0 1000 890
958 820 994 969
222 867 305 939
295 268 313 617
529 902 598 1000
749 918 855 1000
88 732 197 830
0 946 281 989
197 707 281 867
958 430 994 820
529 779 647 902
749 817 899 918
749 705 899 817
0 867 222 946
441 779 529 1000
749 567 899 705
441 676 647 779
374 676 441 1000
749 410 899 567
374 583 647 676
706 410 749 1000
905 430 958 913
374 483 647 583
374 362 647 483
374 239 647 362
706 235 899 410
905 0 994 430
197 268 295 707
313 239 374 1000
706 0 905 235
313 97 647 239
88 268 197 732
0 268 88 867
0 97 313 268
647 0 706 988
0 0 647 97
548 826 550 960
249 924 286 935
548 464 550 826
442 722 449 872
363 933 446 957
197 819 221 949
249 836 286 924
114 940 197 1000
310 964 449 1000
487 889 548 988
411 722 442 924
286 536 305 887
925 842 1000 944
487 728 548 889
925 708 1000 842
114 819 197 940
363 722 411 933
363 600 449 722
249 536 286 836
363 465 449 600
221 536 249 957
882 708 925 991
839 708 882 1000
487 464 548 728
449 464 487 1000
767 708 839 1000
449 260 552 464
767 616 1000 708
709 616 767 1000
709 530 1000 616
654 530 709 1000
310 465 363 964
310 260 449 465
654 442 1000 530
310 133 552 260
654 351 1000 442
605 351 654 1000
552 351 605 1000
552 274 1000 351
221 133 310 536
552 189 1000 274
552 95 1000 189
552 0 1000 95
221 0 552 133
114 0 221 819
0 0 114 1000
363 961 388 1000
522 995 933 1000
432 872 452 995
288 699 317 789
447 301 452 846
974 825 1000 936
298 790 320 964
937 825 974 930
423 411 431 902
79 954 192 989
288 549 317 699
273 790 298 1000
79 906 192 954
363 834 407 961
873 825 937 936
320 834 363 1000
432 301 447 872
230 790 273 997
770 936 982 995
873 717 1000 825
809 717 873 936
230 549 288 790
522 936 770 995
320 687 421 834
192 549 230 1000
79 736 192 906
809 612 1000 717
809 507 1000 612
761 507 809 936
712 507 761 936
79 549 192 736
651 507 712 936
320 411 423 687
651 419 1000 507
591 419 651 936
79 411 320 549
591 335 1000 419
79 301 432 411
79 196 452 301
522 335 591 936
522 233 1000 335
452 233 522 1000
452 117 1000 233
452 0 1000 117
79 0 452 196
0 0 79 1000
207 995 257 998
0 998 256 1000
0 995 207 998
797 990 937 1000
307 981 407 1000
680 873 898 883
292 743 307 904
959 789 988 873
245 871 292 937
420 729 437 918
463 990 797 1000
307 942 416 981
457 262 463 995
841 948 992 979
887 789 959 873
245 743 292 871
307 871 416 942
887 711 1000 789
203 743 245 964
0 964 306 995
841 883 992 948
819 711 887 873
149 743 203 964
819 634 1000 711
438 262 457 996
149 651 307 743
307 729 420 871
307 604 438 729
149 543 307 651
819 494 1000 634
87 543 149 964
750 494 819 873
680 494 750 873
680 397 1000 494
609 397 680 883
0 543 87 964
530 397 609 883
463 883 841 990
530 307 1000 397
530 213 1000 307
307 262 438 604
530 110 1000 213
530 0 1000 110
463 0 530 883
0 262 307 543
0 0 463 262
881 876 984 877
756 997 955 998
446 732 778 737
967 135 1000 219
911 887 986 929
639 454 895 469
895 696 995 738
881 836 990 876
756 976 995 997
853 929 986 970
896 385 975 469
742 887 911 929
448 976 756 999
875 135 967 247
875 589 995 678
881 738 1000 836
819 247 987 318
762 589 875 696
762 135 875 247
633 247 819 331
618 135 762 247
446 696 895 732
639 385 896 454
591 589 762 696
411 247 633 331
448 929 853 976
639 331 1000 385
742 738 881 887
618 80 1000 135
591 536 1000 589
624 738 742 929
476 331 639 469
591 469 1000 536
250 331 476 469
446 469 591 696
448 738 624 929
411 80 618 247
303 738 448 1000
303 469 446 738
230 469 303 1000
156 469 230 1000
250 80 411 331
79 469 156 1000
79 80 250 469
79 0 1000 80
0 0 79 1000
145 940 150 989
197 651 198 968
150 942 184 1000
807 840 904 862
993 405 1000 818
950 920 988 1000
292 736 313 928
240 929 298 1000
67 940 145 999
483 958 607 1000
937 693 979 818
979 405 993 836
204 712 230 969
807 769 913 840
843 920 950 1000
483 895 621 958
843 862 1000 920
240 736 292 929
698 769 807 862
204 369 240 712
483 798 621 895
150 651 197 942
743 862 843 1000
483 684 621 798
621 862 743 1000
698 693 937 769
424 684 483 1000
698 619 979 693
67 651 150 940
424 546 621 684
698 519 979 619
424 397 621 546
698 405 979 519
621 405 698 862
621 311 1000 405
621 217 1000 311
424 217 621 397
67 369 204 651
373 217 424 1000
373 153 1000 217
313 153 373 1000
313 78 1000 153
313 0 1000 78
240 0 313 736
67 0 240 369
0 0 67 1000
932 459 1000 476
884 747 944 770
722 478 932 489
786 644 816 733
885 417 932 478
967 684 1000 771
955 895 1000 975
954 268 994 369
740 644 786 733
273 478 722 488
810 417 885 478
967 542 1000 684
884 678 967 747
932 371 1000 459
553 733 763 771
872 268 954 371
860 895 955 1000
643 417 810 478
860 814 1000 895
884 542 967 678
742 268 872 371
742 208 1000 268
816 542 884 771
773 814 860 1000
553 644 740 733
673 814 773 1000
626 208 742 371
563 814 673 1000
493 208 626 371
273 417 643 478
432 814 563 1000
432 771 1000 814
553 542 816 644
432 542 553 771
273 371 932 417
353 542 432 1000
273 208 493 371
271 542 353 1000
271 489 1000 542
193 489 271 1000
110 489 193 1000
110 208 273 489
110 142 1000 208
110 75 1000 142
110 0 1000 75
0 0 110 1000
993 602 997 859
869 988 982 999
733 988 869 999
219 487 226 784
606 960 682 991
352 921 405 988
405 897 452 975
87 931 166 1000
166 881 219 991
853 904 924 988
705 737 733 962
938 865 1000 967
300 843 386 921
452 359 465 894
465 193 476 1000
679 554 733 736
606 860 705 960
226 921 352 1000
853 747 938 904
300 709 405 843
938 602 993 865
581 554 679 737
476 860 606 1000
775 747 853 988
300 524 405 709
581 426 733 554
166 487 219 881
775 602 938 747
775 493 1000 602
775 381 1000 493
405 359 452 897
733 381 775 988
733 282 1000 381
476 737 705 860
226 524 300 921
226 359 405 524
476 426 581 737
87 487 166 931
476 282 733 426
476 211 1000 282
226 193 465 359
87 193 226 487
476 113 1000 211
476 0 1000 113
87 0 476 193
0 0 87 1000
996 819 998 908
380 750 381 979
380 529 382 750
989 819 996 892
149 966 203 978
80 966 149 978
718 934 748 1000
989 637 1000 819
268 869 313 944
842 483 857 749
355 789 380 986
823 832 857 988
857 933 958 988
0 978 254 1000
478 943 585 1000
617 934 718 1000
989 0 1000 637
313 789 355 1000
768 832 823 1000
156 869 268 966
857 823 958 933
478 856 617 943
156 791 313 869
857 689 958 823
383 856 478 1000
156 697 313 791
857 532 958 689
313 529 380 789
383 780 617 856
857 331 958 532
80 697 156 966
383 687 617 780
0 697 80 978
383 585 617 687
383 482 617 585
768 483 842 832
958 0 989 991
383 343 617 482
857 0 958 331
617 661 768 934
768 0 857 483
0 529 313 697
0 343 383 529
617 0 768 661
0 172 617 343
0 0 617 172
156 952 157 995
992 393 995 661
992 242 1000 393
368 939 405 1000
816 631 857 690
687 691 854 707
768 712 848 747
961 864 989 1000
866 552 900 672
261 946 340 1000
816 542 866 631
979 242 992 626
261 897 368 946
587 712 768 742
866 359 900 552
901 864 961 1000
836 864 901 1000
836 801 1000 864
368 764 435 939
776 801 836 1000
712 801 776 1000
261 764 368 897
900 545 973 746
261 679 440 764
712 747 1000 801
261 590 440 679
217 590 261 1000
638 747 712 1000
687 542 816 691
217 491 440 590
900 242 979 545
539 747 638 1000
440 747 539 1000
687 359 866 542
217 333 440 491
587 359 687 712
587 242 900 359
510 242 587 747
510 160 1000 242
510 74 1000 160
440 74 510 747
217 74 440 333
217 0 1000 74
156 0 217 952
86 0 156 1000
0 0 86 1000
983 865 994 926
326 356 329 756
69 967 112 1000
478 845 496 946
298 913 329 979
820 875 845 971
148 944 231 974
456 792 475 924
785 875 820 1000
971 533 982 977
710 844 785 918
845 920 942 990
231 861 298 983
329 922 439 1000
69 851 148 967
558 947 737 1000
478 280 496 845
845 796 942 920
942 533 971 956
983 85 1000 865
785 646 845 875
845 651 942 796
298 356 326 913
558 844 710 947
329 792 456 922
942 85 983 533
558 756 785 844
845 397 942 651
558 646 785 756
558 556 845 646
496 556 558 1000
496 475 845 556
496 390 845 475
845 85 942 397
231 356 298 861
496 291 845 390
496 189 845 291
496 85 845 189
329 538 478 792
329 280 478 538
496 0 1000 85
329 0 496 280
148 356 231 944
148 0 329 356
69 0 148 851
0 0 69 1000
520 420 525 653
325 487 332 964
499 863 525 994
610 970 725 1000
797 916 841 1000
931 873 972 972
911 693 931 904
181 943 268 996
972 671 991 961
852 885 911 983
288 807 325 981
472 678 499 935
991 0 1000 917
797 759 852 916
499 420 520 863
442 678 472 1000
680 779 747 929
181 844 284 943
751 759 797 1000
852 693 911 885
406 678 442 1000
852 543 931 693
288 487 325 807
406 550 499 678
972 0 991 671
610 779 680 970
610 673 751 779
370 550 406 1000
559 673 610 1000
332 550 370 1000
559 582 751 673
559 487 751 582
559 383 751 487
525 383 559 1000
332 420 499 550
525 239 751 383
332 239 525 420
931 0 972 873
181 487 288 844
332 147 751 239
852 0 931 543
181 147 332 487
104 147 181 1000
751 0 852 759
104 0 751 147
0 0 104 1000
547 852 554 905
99 981 196 995
559 936 596 1000
496 707 512 874
451 934 512 980
683 930 732 1000
910 741 934 921
984 476 1000 791
176 802 208 960
208 847 250 970
512 852 547 1000
960 823 1000 968
208 701 250 847
754 952 913 999
873 741 910 952
683 815 754 930
960 476 984 823
208 490 250 701
825 741 873 952
451 707 496 934
934 476 960 1000
99 802 176 981
754 741 825 952
754 655 934 741
754 551 934 655
683 551 754 815
683 476 934 551
643 476 683 1000
643 407 1000 476
600 407 643 1000
600 342 1000 407
600 276 1000 342
559 276 600 936
512 276 559 852
512 217 1000 276
451 217 512 707
451 156 1000 217
99 490 208 802
451 88 1000 156
408 88 451 976
363 88 408 1000
315 88 363 1000
250 88 315 1000
99 88 250 490
99 0 1000 88
0 0 99 1000
215 722 217 823
421 284 423 429
217 965 264 1000
148 957 199 1000
317 831 334 968
148 919 215 957
148 872 215 919
655 876 696 953
217 882 256 965
628 876 655 1000
276 847 307 987
913 886 988 983
317 426 337 831
913 783 1000 886
628 747 699 876
148 722 215 872
110 722 148 1000
404 284 421 937
913 652 1000 783
576 747 628 1000
870 652 913 958
576 638 703 747
823 652 870 1000
823 559 1000 652
823 464 1000 559
337 717 404 974
276 426 317 847
784 464 823 1000
744 464 784 1000
703 464 744 1000
576 464 703 638
576 410 1000 464
536 410 576 1000
536 353 1000 410
536 296 1000 353
217 426 276 882
337 284 404 717
110 426 217 722
110 284 337 426
490 296 536 1000
490 200 1000 296
423 200 490 1000
423 106 1000 200
110 106 423 284
110 0 1000 106
0 0 110 1000
830 982 886 999
891 914 928 942
226 370 229 728
130 725 197 748
203 668 222 766
186 887 215 1000
932 894 979 975
693 726 765 781
979 763 1000 986
764 872 830 946
130 646 203 725
203 370 226 668
891 731 932 914
830 808 891 982
932 662 979 894
979 237 1000 763
78 887 186 1000
660 872 764 1000
693 618 830 726
660 781 830 872
596 618 693 781
587 781 660 1000
596 550 830 618
596 474 830 550
78 767 229 887
0 767 78 1000
500 781 587 1000
932 237 979 662
130 370 203 646
891 237 932 731
529 474 596 781
399 781 500 1000
529 390 830 474
462 390 529 781
462 314 830 390
399 314 462 781
351 314 399 1000
830 237 891 808
351 237 830 314
293 237 351 1000
0 370 130 767
293 160 1000 237
293 83 1000 160
293 0 1000 83
229 0 293 1000
0 0 229 370
756 884 769 887
647 920 669 925
894 986 1000 996
670 925 693 978
605 866 635 925
514 895 595 925
899 781 990 809
147 994 591 1000
846 741 898 809
647 850 700 920
949 809 1000 887
701 978 894 1000
352 895 514 925
147 983 670 994
605 689 647 866
846 596 899 741
899 696 1000 781
445 822 585 895
894 887 1000 986
445 746 605 822
647 612 700 850
899 564 1000 696
899 426 1000 564
352 746 445 895
756 809 949 884
899 272 1000 426
258 746 352 925
846 272 899 596
701 887 894 978
258 689 605 746
846 143 1000 272
846 0 1000 143
811 0 846 809
258 612 647 689
147 925 670 983
147 612 258 925
147 542 701 612
147 464 701 542
756 0 811 809
147 382 701 464
701 0 756 887
147 289 701 382
72 289 147 1000
72 203 701 289
0 203 72 1000
0 0 701 203
424 974 432 997
600 995 790 1000
907 949 930 1000
674 978 753 995
292 952 326 1000
353 775 370 908
944 916 1000 986
424 823 452 974
817 949 907 1000
353 490 370 775
438 254 451 698
158 754 189 973
189 912 282 1000
370 823 424 1000
944 734 1000 916
817 860 944 949
189 802 292 912
674 895 812 978
674 814 817 895
944 520 1000 734
817 757 944 860
600 814 674 995
817 650 944 757
600 750 817 814
600 681 817 750
548 681 600 1000
817 520 944 650
86 754 158 987
548 596 817 681
817 375 1000 520
292 490 353 952
548 486 817 596
548 375 817 486
548 308 1000 375
548 240 1000 308
548 171 1000 240
189 490 292 802
548 95 1000 171
370 254 438 823
189 254 370 490
500 95 548 1000
500 0 1000 95
452 0 500 1000
189 0 452 254
86 0 189 754
0 0 86 1000
