993 334 1000 336
885 242 886 691
572 952 643 961
940 596 993 623
993 0 1000 334
327 875 364 953
622 652 634 903
878 909 922 982
413 545 430 891
433 952 572 1000
509 852 622 911
819 504 885 611
773 909 878 982
244 875 327 994
940 409 993 596
622 129 643 652
509 747 622 852
244 777 367 875
773 853 996 909
509 631 622 747
181 777 244 1000
181 700 367 777
746 504 819 701
773 787 996 853
773 719 1000 787
129 700 181 1000
129 633 367 700
509 483 622 631
367 545 413 928
691 719 773 982
940 0 993 409
68 633 129 1000
897 0 940 570
0 633 68 1000
0 545 367 633
0 465 433 545
746 242 885 504
746 0 897 242
0 379 433 465
691 0 746 719
509 129 622 483
0 284 433 379
643 0 691 1000
433 129 509 952
0 129 433 284
0 0 643 129
428 270 429 901
765 540 768 764
217 900 237 1000
164 843 179 980
857 923 889 1000
146 843 164 1000
499 954 601 985
217 864 314 900
146 788 217 843
341 453 354 791
857 891 1000 923
417 270 428 693
746 540 765 838
649 814 696 938
217 799 314 864
116 788 146 1000
857 827 1000 891
802 827 857 1000
649 649 708 814
802 775 1000 827
546 772 637 903
802 712 1000 775
546 649 649 772
709 540 746 905
802 640 1000 712
314 453 341 976
802 566 1000 640
768 566 802 1000
546 540 709 649
546 459 768 540
768 471 1000 566
546 347 768 459
768 362 1000 471
768 243 1000 362
768 122 1000 243
499 347 546 954
499 240 768 347
499 122 768 240
217 453 314 799
116 453 217 788
357 270 417 931
116 270 357 453
429 122 499 1000
429 0 1000 122
116 0 429 270
0 0 116 1000
968 986 997 991
575 993 686 996
752 654 836 666
938 541 941 960
334 993 575 1000
795 751 824 812
773 851 792 958
773 812 836 851
139 588 156 736
836 863 907 914
968 826 997 986
954 186 967 631
836 780 907 863
725 812 773 961
644 654 752 751
83 715 126 967
649 812 725 962
907 541 938 927
555 812 649 962
555 751 795 812
484 751 555 962
334 962 828 993
484 654 644 751
484 609 836 654
0 715 83 908
438 609 484 962
907 186 954 541
390 609 438 962
0 588 139 715
836 506 907 780
334 609 390 962
334 566 836 609
968 100 999 826
334 521 836 566
836 186 907 506
334 473 836 521
285 473 334 1000
285 424 836 473
235 424 285 1000
235 358 836 424
235 272 836 358
235 186 836 272
235 100 968 186
235 0 1000 100
157 0 235 1000
0 0 157 588
259 906 262 908
137 574 139 856
118 848 137 889
696 840 978 845
868 727 883 840
259 312 262 906
39 821 52 995
772 952 963 968
252 312 259 824
39 769 118 821
118 574 137 848
813 727 868 840
755 727 813 840
327 985 766 1000
696 727 755 840
533 885 840 910
772 914 999 952
533 854 830 885
184 729 251 885
613 727 696 854
139 729 184 986
595 914 772 985
613 693 986 727
613 655 1000 693
39 574 118 769
533 655 613 854
0 574 39 995
139 581 252 729
533 614 1000 655
327 914 595 985
533 562 1000 614
459 562 533 914
459 509 1000 562
459 455 1000 509
139 312 252 581
0 312 139 574
459 387 1000 455
459 318 1000 387
396 318 459 914
396 255 1000 318
396 171 1000 255
327 171 396 914
327 84 1000 171
263 84 327 1000
263 0 1000 84
0 0 263 312
803 973 868 992
263 746 292 791
519 996 892 1000
633 923 939 928
980 573 991 735
361 778 398 853
782 930 1000 944
294 845 316 1000
361 688 402 778
919 650 980 711
118 769 174 839
174 851 204 982
294 766 361 845
95 769 118 1000
880 864 981 919
519 973 803 996
263 503 292 746
361 500 402 688
881 650 919 861
174 757 263 851
174 663 263 757
361 258 402 500
829 650 881 861
519 930 782 973
829 573 980 650
829 499 1000 573
790 499 829 864
174 503 263 663
633 864 880 923
790 424 1000 499
95 503 174 769
739 424 790 864
739 320 1000 424
739 211 1000 320
687 211 739 864
294 258 361 766
633 211 687 864
633 101 1000 211
580 101 633 930
95 258 294 503
519 101 580 930
460 101 519 997
460 0 1000 101
402 0 460 1000
95 0 402 258
0 0 95 1000
463 718 465 777
460 708 463 861
463 424 465 718
460 424 463 708
539 593 554 842
861 963 978 1000
724 485 756 641
895 865 959 947
363 826 406 947
716 963 861 1000
554 694 577 934
698 750 736 913
547 963 716 1000
445 424 460 887
554 454 583 694
691 485 724 696
547 947 990 963
514 593 539 910
756 865 895 929
554 177 589 454
691 331 756 485
363 669 434 826
756 813 1000 865
308 669 363 947
253 947 547 1000
651 331 691 750
756 743 1000 813
465 593 514 942
756 668 1000 743
756 589 1000 668
589 750 698 929
756 507 1000 589
756 417 1000 507
756 315 1000 417
756 210 1000 315
589 331 651 750
756 101 1000 210
308 424 445 669
465 177 554 593
589 101 756 331
308 177 465 424
589 0 1000 101
308 0 589 177
253 0 308 947
163 0 253 1000
0 0 163 999
720 859 728 925
999 0 1000 863
904 335 909 528
870 925 888 998
901 761 912 906
861 544 904 585
997 0 999 892
994 0 997 691
707 706 790 744
913 802 984 856
790 561 813 735
650 859 720 925
358 859 413 996
298 859 358 1000
298 789 419 859
861 335 904 544
984 0 994 967
913 638 984 802
707 561 790 706
707 446 814 561
230 789 298 1000
601 925 870 987
814 335 861 714
419 821 586 934
134 789 230 1000
814 114 913 335
419 695 598 821
419 562 601 695
650 761 901 859
134 689 419 789
419 402 601 562
134 585 419 689
60 585 134 1000
60 495 419 585
60 402 419 495
707 114 814 446
650 114 707 761
60 333 601 402
60 263 601 333
60 190 601 263
601 114 650 925
60 114 601 190
60 63 913 114
913 0 984 638
60 0 913 63
0 0 60 1000
549 958 767 960
996 658 999 841
762 336 776 414
646 570 729 583
996 0 999 658
724 336 762 414
639 486 796 506
848 963 961 993
859 897 962 950
767 800 829 897
279 570 646 589
802 470 865 590
767 760 962 800
724 299 962 336
802 414 962 470
698 760 767 897
724 257 962 299
985 0 996 920
623 760 698 897
654 257 724 414
623 722 962 760
569 257 654 414
279 533 638 570
623 682 962 722
479 257 569 414
623 634 962 682
479 223 962 257
279 486 639 533
549 897 859 958
549 634 623 897
488 634 549 963
488 590 962 634
263 963 848 1000
962 0 985 976
427 590 488 963
361 590 427 963
263 590 361 963
279 414 802 486
279 223 479 414
160 590 263 1000
160 223 279 590
160 166 962 223
79 166 160 1000
79 83 962 166
79 0 962 83
0 0 79 1000
