537 889 711 990
191 699 281 1000
675 417 868 704
0 699 191 1000
537 751 1000 889
675 217 1000 417
675 0 1000 217
537 0 675 751
367 0 537 1000
0 0 367 699
607 569 648 614
588 569 607 767
588 519 1000 569
467 519 588 1000
337 519 467 1000
201 519 337 1000
201 365 1000 519
201 190 1000 365
201 0 1000 190
0 0 201 1000
618 866 811 949
912 555 954 1000
390 866 618 1000
651 435 811 730
912 0 1000 555
0 866 390 1000
452 435 651 799
811 0 912 827
0 435 452 866
0 0 811 435
360 930 374 991
531 757 994 759
665 483 672 757
360 907 835 930
665 365 1000 483
665 234 1000 365
531 234 665 757
360 234 531 907
360 0 1000 234
0 0 360 1000
390 319 419 341
702 543 741 910
898 0 1000 534
576 543 702 1000
576 261 898 543
153 319 390 720
0 319 153 1000
419 261 576 1000
419 0 898 261
0 0 419 319
779 504 785 787
698 504 779 787
373 888 850 947
575 504 698 787
373 787 744 888
373 504 575 787
0 680 232 931
373 275 1000 504
373 0 1000 275
0 0 373 680
691 613 748 1000
691 523 1000 613
626 523 691 1000
537 523 626 1000
537 406 1000 523
433 406 537 1000
433 233 1000 406
293 233 433 1000
293 0 1000 233
0 0 293 1000
0 724 126 1000
506 702 658 1000
819 476 910 1000
819 186 1000 476
506 495 819 702
506 186 819 495
377 186 506 1000
227 186 377 1000
227 0 1000 186
0 0 227 724
639 619 830 725
551 619 639 1000
888 499 977 980
425 619 551 1000
888 0 997 499
425 458 888 619
425 286 888 458
425 0 888 286
272 0 425 1000
0 0 272 1000
607 668 622 1000
607 637 971 668
546 637 607 1000
484 637 546 1000
393 637 484 1000
393 498 886 637
393 342 1000 498
393 184 1000 342
393 0 1000 184
0 0 393 1000
711 568 1000 595
711 530 1000 568
669 530 711 865
621 530 669 865
621 482 1000 530
455 482 621 865
307 482 455 1000
307 277 1000 482
307 0 1000 277
0 0 307 1000
887 631 957 914
818 191 887 697
887 0 966 631
553 542 818 794
377 542 553 1000
187 542 377 1000
187 381 818 542
187 191 818 381
0 191 187 1000
0 0 887 191
422 660 643 815
422 504 701 660
701 552 900 821
189 815 504 1000
900 0 1000 715
189 504 422 815
189 353 701 504
701 0 900 552
0 353 189 1000
0 0 701 353
759 442 1000 458
681 717 748 919
578 717 681 871
759 371 1000 442
759 204 1000 371
578 204 759 717
461 204 578 1000
341 204 461 1000
341 0 1000 204
0 0 341 1000
528 584 1000 662
528 502 1000 584
528 402 1000 502
433 402 528 1000
329 402 433 1000
329 305 1000 402
329 187 1000 305
204 187 329 1000
204 0 1000 187
0 0 204 1000
