996 121 998 392
522 482 564 540
318 729 329 974
695 866 871 884
417 722 522 776
695 826 871 866
871 746 901 985
417 648 522 722
127 623 151 972
695 777 871 826
985 121 996 997
871 643 985 746
378 648 417 959
635 777 695 1000
871 518 985 643
330 648 378 959
564 777 635 1000
330 564 522 648
564 722 871 777
564 666 871 722
191 729 318 895
564 592 871 666
564 518 871 592
191 564 330 729
564 456 985 518
191 482 522 564
0 623 127 875
191 342 564 482
564 298 985 456
564 121 985 298
191 121 564 342
191 0 1000 121
0 0 191 623
201 821 202 874
296 318 307 562
914 688 924 959
561 688 914 704
539 965 793 988
273 318 296 582
539 688 561 965
539 674 1000 688
519 674 539 1000
519 660 1000 674
499 660 519 1000
103 821 201 894
745 619 990 656
499 619 745 660
458 619 499 1000
458 589 1000 619
415 589 458 1000
0 821 103 994
415 548 896 589
366 548 415 1000
366 506 1000 548
136 579 255 812
366 461 1000 506
136 318 273 579
366 402 1000 461
366 338 1000 402
366 272 1000 338
307 272 366 1000
307 197 1000 272
307 106 1000 197
0 318 136 821
307 0 1000 106
0 0 307 318
303 781 304 980
233 673 237 956
196 673 233 747
303 762 452 781
790 669 807 839
764 849 794 980
809 410 820 812
854 742 993 776
790 410 809 669
303 722 452 762
824 742 854 1000
549 790 730 839
549 739 730 790
303 659 452 722
824 681 1000 742
507 739 549 1000
764 410 790 849
303 564 452 659
303 434 452 564
730 410 764 981
824 500 1000 681
507 594 730 739
824 303 1000 500
824 99 1000 303
507 410 730 594
507 255 824 410
507 99 824 255
452 99 507 1000
303 99 452 434
196 99 303 673
109 99 196 1000
109 0 1000 99
0 0 109 1000
703 975 762 998
877 555 882 938
429 769 703 777
360 959 424 1000
360 942 530 959
404 769 429 942
993 107 998 991
703 908 776 975
893 743 976 803
893 220 907 743
360 769 404 942
360 743 703 769
982 107 993 946
893 107 982 220
360 712 703 743
893 0 1000 107
360 673 703 712
845 555 877 994
360 630 703 673
703 646 776 908
360 573 703 630
360 511 703 573
792 555 845 963
360 442 703 511
298 442 360 1000
298 314 703 442
219 314 298 1000
792 0 893 555
703 0 792 646
219 178 703 314
132 178 219 1000
132 0 703 178
0 0 132 1000
888 706 895 783
685 938 794 946
994 421 999 621
396 666 569 674
869 706 888 972
358 666 396 806
798 706 869 826
479 862 564 965
411 862 479 1000
798 604 896 706
569 427 599 764
358 616 569 666
965 421 994 830
411 806 627 862
939 421 965 924
358 551 569 616
685 657 735 938
896 421 939 896
798 385 896 604
288 806 411 1000
896 173 1000 421
358 427 569 551
288 427 358 806
238 427 288 1000
685 385 798 657
238 317 627 427
685 173 896 385
627 173 685 1000
238 173 627 317
238 87 1000 173
238 0 1000 87
166 0 238 1000
0 0 166 1000
996 311 999 389
492 522 715 528
772 764 802 837
736 764 772 837
729 657 791 746
761 442 817 563
973 311 996 608
950 311 973 690
577 955 908 985
599 764 736 837
346 955 577 1000
729 609 950 657
761 366 928 442
346 931 1000 955
492 447 715 522
596 609 729 746
471 609 596 764
492 366 761 447
471 563 950 609
346 890 960 931
346 837 828 890
337 563 471 764
173 837 346 1000
337 366 492 563
173 764 599 837
337 311 950 366
257 311 337 764
257 255 1000 311
173 255 257 764
173 198 1000 255
173 128 1000 198
173 0 1000 128
0 0 173 1000
995 374 996 943
929 868 958 900
0 686 97 703
798 946 925 969
107 670 120 1000
532 614 611 691
421 633 532 690
958 374 995 561
532 494 616 614
798 747 852 946
798 649 929 747
379 633 421 940
798 550 929 649
929 374 958 868
532 296 616 494
325 633 379 940
325 547 532 633
325 459 532 547
798 374 929 550
757 374 798 1000
269 459 325 946
713 374 757 1000
713 271 1000 374
667 271 713 1000
616 271 667 1000
269 296 532 459
269 167 616 296
616 142 1000 271
616 0 1000 142
269 0 616 167
210 0 269 1000
107 0 210 670
0 0 107 686
934 480 941 530
304 666 581 674
905 480 934 562
765 443 770 967
304 654 602 666
291 654 304 1000
941 786 969 983
602 767 661 924
778 480 905 562
291 616 602 654
941 405 972 786
778 405 941 480
0 882 115 989
291 572 602 616
602 535 661 767
778 337 1000 405
602 443 765 535
291 511 602 572
778 244 1000 337
291 443 602 511
291 396 778 443
81 551 152 874
291 347 778 396
291 297 778 347
291 244 778 297
0 551 81 882
254 244 291 1000
254 198 1000 244
254 141 1000 198
254 77 1000 141
254 0 1000 77
191 0 254 1000
0 0 191 551
276 613 278 698
177 480 178 911
174 480 177 804
714 675 721 1000
714 651 851 675
700 651 714 1000
217 845 265 954
700 598 881 651
667 598 700 1000
217 613 276 845
278 303 316 724
627 598 667 1000
583 598 627 1000
217 303 278 613
534 598 583 1000
0 676 86 933
127 480 174 996
179 303 217 956
0 480 127 676
534 524 881 598
179 188 409 303
940 437 993 944
881 437 940 937
534 437 881 524
468 437 534 1000
468 359 1000 437
468 280 1000 359
468 201 1000 280
468 115 1000 201
409 115 468 1000
0 188 179 480
409 0 1000 115
0 0 409 188
819 974 861 991
472 991 670 996
625 572 634 883
625 551 816 572
816 529 1000 556
472 974 819 991
625 516 816 551
816 487 1000 529
552 955 995 973
816 442 1000 487
625 442 816 516
552 918 951 955
588 442 625 918
588 397 1000 442
552 397 588 918
513 397 552 974
472 397 513 974
431 397 472 1000
431 353 1000 397
389 353 431 1000
346 353 389 1000
346 308 1000 353
346 263 1000 308
346 215 1000 263
346 166 1000 215
346 116 1000 166
245 419 314 910
346 62 1000 116
245 62 346 419
245 0 1000 62
190 0 245 1000
107 0 190 1000
0 0 107 1000
530 516 601 518
433 516 530 518
720 983 991 984
876 312 933 335
656 565 1000 570
433 493 606 516
637 565 656 880
433 336 471 493
708 239 793 312
560 936 784 965
573 312 876 335
147 983 720 996
606 565 637 880
573 239 708 312
565 565 606 880
521 565 565 880
433 239 573 336
477 565 521 880
408 565 477 880
560 880 949 936
322 565 408 880
322 520 1000 565
322 239 433 520
271 239 322 880
210 239 271 880
210 189 1000 239
147 880 560 983
147 189 210 880
147 131 1000 189
147 70 1000 131
147 0 1000 70
86 0 147 1000
0 0 86 1000
374 650 376 814
374 427 376 650
896 471 899 997
601 987 746 1000
609 554 849 563
995 345 1000 815
198 932 379 948
601 554 609 987
870 661 889 873
924 455 995 525
849 661 870 978
357 427 374 822
924 345 995 455
849 471 896 661
580 554 601 1000
250 427 357 521
580 513 849 554
198 870 379 932
580 471 849 513
545 471 580 1000
545 413 924 471
198 427 250 870
545 345 924 413
497 345 545 1000
497 281 1000 345
444 281 497 995
444 211 1000 281
444 111 1000 211
444 0 1000 111
379 0 444 1000
198 0 379 427
118 0 198 1000
0 0 118 1000
791 759 919 778
825 868 924 899
744 505 760 728
369 984 739 995
727 505 744 759
482 940 818 957
523 759 791 782
698 505 727 759
835 785 936 860
708 899 989 927
482 899 708 940
482 868 825 899
648 505 698 759
666 785 835 864
648 466 1000 505
482 785 666 868
589 466 648 759
523 466 589 759
458 466 523 785
369 785 482 984
458 406 1000 466
369 406 458 785
601 299 949 400
305 406 369 1000
240 406 305 1000
240 299 601 406
240 237 1000 299
176 237 240 1000
176 173 1000 237
176 87 1000 173
98 87 176 1000
98 0 1000 87
0 0 98 1000
987 914 998 917
848 562 849 963
998 520 1000 884
0 877 24 948
223 325 252 434
987 520 998 914
584 538 822 560
584 514 822 538
848 520 987 562
562 514 584 804
848 468 1000 520
562 480 822 514
464 804 795 831
182 325 223 550
848 396 1000 468
513 480 562 804
848 278 1000 396
513 421 822 480
822 278 848 1000
464 421 513 804
464 351 822 421
425 351 464 1000
0 608 102 877
425 278 822 351
425 226 1000 278
382 226 425 1000
322 226 382 1000
322 152 1000 226
322 77 1000 152
0 325 182 608
263 77 322 1000
263 0 1000 77
0 0 263 325
481 457 482 459
605 416 606 457
709 703 723 897
709 692 1000 703
250 985 644 996
250 962 440 985
481 416 605 457
720 262 787 351
671 692 709 897
671 664 1000 692
671 634 1000 664
624 634 671 897
624 597 1000 634
624 557 1000 597
567 557 624 909
567 509 1000 557
567 461 1000 509
481 369 961 416
510 461 567 909
481 262 720 369
446 461 510 909
378 461 446 909
306 461 378 909
250 909 869 962
306 262 481 461
250 262 306 909
250 205 1000 262
250 147 1000 205
250 81 1000 147
250 0 1000 81
187 0 250 1000
108 0 187 989
0 0 108 1000
890 965 933 967
999 116 1000 775
615 860 674 919
376 868 412 971
789 394 796 943
195 858 224 1000
779 394 789 951
376 740 423 868
615 796 779 860
935 466 964 914
376 603 477 740
94 730 167 942
195 758 376 858
615 682 779 796
376 418 477 603
971 116 999 817
195 634 376 758
890 466 935 965
615 544 779 682
376 158 477 418
195 444 376 634
821 466 890 969
538 544 615 1000
821 226 971 466
538 394 779 544
538 226 821 394
538 116 971 226
195 158 376 444
477 116 538 967
94 158 195 730
477 0 1000 116
94 0 477 158
0 0 94 1000
87 684 91 1000
265 481 269 930
527 760 765 773
71 684 87 1000
786 514 811 760
71 633 236 684
750 514 786 760
598 882 809 925
45 633 71 1000
750 475 1000 514
236 481 265 826
45 571 236 633
724 773 873 856
598 773 724 882
750 413 1000 475
702 413 750 760
654 413 702 760
45 481 236 571
602 413 654 760
442 936 927 979
0 481 45 1000
269 350 336 705
442 773 598 936
527 413 602 760
527 352 1000 413
527 279 1000 352
0 350 269 481
527 190 1000 279
527 96 1000 190
527 0 1000 96
442 0 527 773
337 0 442 1000
0 0 337 350
296 540 301 614
398 704 401 857
398 368 401 704
778 578 1000 583
778 570 1000 578
267 721 294 822
778 557 1000 570
778 538 1000 557
375 368 398 587
267 540 296 721
778 514 1000 538
778 477 1000 514
314 368 375 513
778 429 1000 477
401 508 428 905
401 462 658 508
225 540 267 823
753 429 778 1000
172 662 225 943
225 368 314 540
172 368 225 662
753 360 1000 429
401 376 658 462
401 280 658 376
709 360 753 1000
709 231 1000 360
658 231 709 1000
658 103 1000 231
401 103 658 280
172 103 401 368
100 103 172 1000
100 0 1000 103
0 0 100 1000
760 781 767 942
760 601 767 781
756 601 760 968
453 562 458 1000
453 538 578 562
648 341 655 866
837 526 878 645
292 602 389 672
437 538 453 1000
417 538 437 1000
879 404 932 580
250 602 292 835
879 318 1000 404
250 538 417 602
619 341 648 821
219 538 250 1000
778 526 837 856
778 318 879 526
778 220 1000 318
219 477 578 538
578 341 619 889
778 117 1000 220
219 413 578 477
778 0 1000 117
219 341 578 413
677 601 756 941
172 341 219 1000
106 341 172 1000
106 248 677 341
106 154 677 248
677 0 778 601
106 0 677 154
0 0 106 1000
927 975 950 996
793 702 860 720
950 876 969 950
503 349 506 865
880 849 927 897
927 876 950 975
573 688 700 711
369 628 428 690
428 448 489 521
316 745 369 846
489 349 503 966
733 702 793 851
733 640 880 702
733 571 880 640
369 448 428 628
700 571 733 1000
573 571 700 688
316 448 369 745
316 349 489 448
970 349 999 982
927 349 970 876
880 349 927 849
276 349 316 992
573 469 880 571
226 349 276 1000
507 469 573 1000
507 349 880 469
507 226 1000 349
507 99 1000 226
226 99 507 349
226 0 1000 99
116 0 226 1000
0 0 116 1000
304 943 318 986
376 756 381 948
241 617 244 996
442 391 449 604
442 261 455 391
304 873 371 943
645 547 856 579
245 873 304 986
645 512 856 547
645 460 856 512
618 460 645 909
618 422 1000 460
245 756 376 873
618 381 1000 422
585 381 618 909
245 618 382 756
138 617 241 828
543 381 585 909
498 381 543 909
498 332 1000 381
455 332 498 909
382 418 427 975
245 418 382 618
455 275 1000 332
245 261 442 418
455 209 1000 275
138 261 245 617
455 137 1000 209
138 137 455 261
138 85 1000 137
81 85 138 1000
81 0 1000 85
0 0 81 1000
431 736 433 830
780 769 1000 775
418 736 431 850
628 532 633 830
628 232 633 532
505 963 553 1000
761 769 780 1000
761 746 1000 769
0 726 157 762
434 870 501 998
615 232 628 905
761 706 1000 746
233 341 262 692
505 562 532 963
0 678 233 726
723 706 761 1000
0 625 233 678
723 659 1000 706
345 736 418 986
434 562 505 870
434 411 615 562
723 555 1000 659
723 449 1000 555
434 232 615 411
723 328 1000 449
656 328 723 1000
345 232 434 736
656 184 1000 328
656 0 1000 184
0 341 233 625
345 0 656 232
263 0 345 1000
0 0 263 341
251 941 294 973
489 748 497 977
572 722 603 854
871 516 1000 549
871 480 1000 516
144 878 215 984
702 616 723 989
677 616 702 1000
489 525 532 748
871 398 1000 480
572 367 603 722
428 728 481 946
677 552 871 616
489 367 572 525
677 475 871 552
644 475 677 1000
644 398 871 475
428 367 489 728
644 333 1000 398
644 264 1000 333
644 193 1000 264
607 193 644 896
251 415 304 941
428 193 607 367
428 133 1000 193
381 133 428 1000
325 133 381 1000
144 415 251 878
144 133 325 415
144 73 1000 133
72 73 144 1000
72 0 1000 73
0 0 72 1000
0 993 519 1000
983 460 994 804
731 384 738 954
255 602 488 620
432 884 492 955
718 384 731 804
718 337 840 384
901 611 916 994
255 574 488 602
964 460 983 819
255 550 557 574
706 337 718 954
941 460 964 907
222 550 255 884
222 514 557 550
222 478 557 514
188 478 222 884
941 170 994 460
148 478 188 884
840 611 901 935
148 428 557 478
91 428 148 884
91 366 557 428
91 301 557 366
91 231 557 301
557 629 673 976
557 337 706 629
840 170 941 611
0 884 432 993
557 170 840 337
0 231 91 884
557 0 1000 170
0 0 557 231
979 935 986 991
863 430 866 693
202 968 242 991
711 690 716 943
996 63 999 938
202 309 206 968
854 430 863 809
538 770 555 997
900 390 979 497
821 430 854 819
538 690 711 770
900 202 979 390
979 63 996 935
538 604 717 690
717 403 764 756
538 505 717 604
821 202 900 430
538 403 717 505
538 306 765 403
161 309 202 856
538 202 821 306
501 202 538 1000
501 134 979 202
458 134 501 934
416 134 458 1000
94 309 161 884
366 134 416 1000
366 63 979 134
318 63 366 1000
257 63 318 805
257 0 1000 63
94 0 257 309
0 0 94 1000
383 919 420 932
464 585 466 862
760 325 987 334
420 862 451 947
451 585 464 808
751 325 760 661
738 325 751 661
0 975 383 988
329 558 376 680
420 585 451 862
148 558 329 607
661 771 998 798
708 325 738 661
708 290 1000 325
148 514 383 558
573 771 661 898
521 771 573 1000
383 585 420 919
466 771 521 1000
111 514 148 975
708 228 1000 290
708 160 1000 228
466 728 952 771
653 160 708 661
594 160 653 661
594 81 1000 160
537 81 594 661
466 661 984 728
537 0 1000 81
466 0 537 661
383 0 466 585
0 514 111 975
0 0 383 514
986 713 997 982
412 491 420 930
617 845 660 930
799 730 883 798
799 655 883 730
986 125 997 713
975 125 986 744
660 789 799 839
799 563 883 655
660 723 799 789
799 449 883 563
911 641 958 849
660 566 738 723
958 125 975 892
660 449 799 566
660 366 883 449
911 125 958 641
660 246 911 366
660 125 911 246
510 416 583 839
617 125 660 845
510 125 617 416
510 59 1000 125
475 59 510 1000
422 59 475 697
333 491 412 944
333 59 422 491
291 59 333 1000
291 0 1000 59
230 0 291 1000
166 0 230 1000
102 0 166 1000
0 0 102 1000
997 343 999 512
763 664 767 977
759 664 763 995
575 721 726 735
917 806 946 926
575 694 726 721
744 664 759 1000
726 664 744 1000
341 407 360 832
954 710 991 941
323 407 341 930
210 589 241 938
954 343 997 710
726 562 882 664
917 343 954 806
575 562 726 694
575 496 882 562
210 407 323 589
882 343 917 950
575 422 882 496
575 343 882 422
530 343 575 1000
484 343 530 1000
484 271 1000 343
433 271 484 1000
433 197 1000 271
210 197 433 407
210 134 1000 197
210 68 1000 134
210 0 1000 68
148 0 210 1000
74 0 148 1000
0 0 74 1000
939 750 944 751
741 975 980 976
787 885 807 902
284 889 297 933
879 626 916 648
722 794 741 859
741 969 992 975
284 799 301 889
916 750 939 858
438 573 722 583
438 561 722 573
284 585 301 799
429 561 438 1000
945 145 952 837
722 522 741 794
153 585 284 627
741 902 895 969
429 522 722 561
787 604 841 885
916 145 945 750
879 145 916 626
848 145 879 732
382 522 429 1000
382 450 741 522
787 145 848 604
382 369 741 450
741 145 787 902
741 0 1000 145
382 213 741 369
310 213 382 1000
310 0 741 213
153 0 310 585
0 0 153 1000
806 209 866 246
856 871 886 984
856 790 909 871
351 386 729 405
521 800 561 1000
458 476 855 498
351 363 735 386
521 773 856 800
406 476 458 660
521 744 856 773
406 449 855 476
468 744 521 1000
468 702 856 744
317 449 406 660
404 702 468 1000
339 702 404 1000
339 660 856 702
351 256 557 363
273 660 339 1000
205 660 273 1000
856 407 917 790
205 449 317 660
155 449 205 1000
155 407 856 449
155 256 351 407
155 209 806 256
111 209 155 1000
59 209 111 1000
59 160 1000 209
59 108 1000 160
59 54 1000 108
59 0 1000 54
0 0 59 1000
678 742 686 965
990 256 995 640
977 256 990 518
663 742 678 1000
970 256 977 968
580 694 617 831
837 571 916 638
957 256 970 780
663 700 837 742
663 655 837 700
640 655 663 1000
640 613 837 655
640 571 837 613
620 571 640 1000
620 545 957 571
303 903 405 1000
580 376 617 694
620 510 957 545
549 376 580 975
513 376 549 977
620 433 957 510
620 353 957 433
460 376 513 971
620 256 957 353
303 602 416 903
303 376 460 602
303 256 620 376
303 195 1000 256
303 110 1000 195
211 110 303 1000
211 0 1000 110
118 0 211 1000
0 0 118 1000
656 996 731 999
761 727 765 996
878 137 957 157
293 941 360 981
670 275 878 291
670 250 878 275
233 738 266 965
957 0 986 271
270 415 293 819
724 727 761 996
878 0 957 137
424 592 483 792
233 415 270 738
424 442 507 592
622 250 670 569
571 250 622 569
571 193 878 250
724 643 981 727
656 643 724 996
571 114 878 193
588 643 656 1000
293 595 366 941
588 569 1000 643
507 569 588 1000
571 0 878 114
507 0 571 569
424 0 507 442
376 0 424 1000
144 415 233 966
293 0 376 595
144 0 293 415
77 0 144 1000
0 0 77 1000
689 540 826 553
460 874 488 953
861 737 871 1000
689 516 826 540
689 482 826 516
268 862 321 949
460 603 486 874
960 749 997 950
439 603 460 1000
826 394 857 697
439 556 662 603
940 214 959 823
689 394 826 482
439 492 662 556
662 394 689 935
861 496 940 737
861 214 940 496
439 387 662 492
662 275 861 394
960 91 997 749
439 275 662 387
404 275 439 1000
404 214 861 275
363 214 404 1000
321 214 363 1000
268 214 321 862
208 214 268 1000
208 151 960 214
151 151 208 1000
151 91 960 151
88 91 151 1000
88 0 1000 91
0 0 88 1000
954 800 956 999
995 451 997 914
623 982 751 993
711 741 730 879
356 516 415 575
165 730 180 1000
954 624 977 800
711 722 935 741
341 516 356 847
165 677 292 730
954 451 995 624
935 451 954 856
935 325 1000 451
315 516 341 865
296 516 315 1000
623 879 726 982
296 443 448 516
623 722 711 879
623 676 935 722
536 676 623 1000
448 676 536 1000
165 443 296 677
165 321 448 443
448 605 935 676
448 531 935 605
111 321 165 1000
448 429 935 531
448 325 935 429
448 219 1000 325
448 95 1000 219
111 95 448 321
111 0 1000 95
0 0 111 1000
320 880 357 902
147 993 277 1000
394 786 413 857
415 193 418 778
147 976 255 993
646 562 837 573
646 538 837 562
849 416 1000 452
646 508 837 538
504 775 535 974
563 576 581 949
837 416 849 1000
223 841 295 942
394 193 415 786
646 397 837 508
837 281 1000 416
646 281 837 397
363 193 394 947
563 281 646 576
504 281 563 775
463 281 504 1000
320 193 363 880
463 224 1000 281
223 467 320 841
463 155 1000 224
147 467 223 976
463 78 1000 155
418 78 463 1000
418 0 1000 78
147 193 320 467
147 0 418 193
80 0 147 1000
0 0 80 1000
0 990 304 997
832 624 1000 638
161 445 169 758
255 919 297 980
267 260 272 831
523 765 544 1000
832 589 1000 624
250 260 267 702
139 445 161 804
523 723 740 765
489 723 523 1000
786 589 832 920
0 919 255 990
740 920 994 993
99 445 139 919
59 445 99 919
489 639 740 723
786 470 1000 589
786 349 1000 470
489 511 740 639
489 383 740 511
786 193 1000 349
435 383 489 1000
740 193 786 920
59 260 250 445
435 258 740 383
0 260 59 919
740 0 1000 193
366 258 435 1000
366 120 740 258
307 120 366 1000
307 0 740 120
0 0 307 260
