682 997 970 1000
439 695 542 708
294 676 301 946
439 673 542 695
762 612 953 624
682 968 813 997
762 591 959 612
294 424 311 676
555 270 562 883
774 840 811 968
718 591 762 699
439 617 542 673
718 564 1000 591
542 270 555 881
185 802 239 959
355 650 386 988
185 703 292 802
439 508 542 617
312 650 355 926
774 769 1000 840
718 503 1000 564
682 769 774 968
718 432 1000 503
391 508 439 941
682 699 1000 769
718 351 1000 432
605 699 682 1000
718 265 1000 351
661 265 718 699
661 185 1000 265
185 424 294 703
661 86 1000 185
605 86 661 699
391 270 542 508
564 86 605 1000
564 0 1000 86
391 0 564 270
312 0 391 650
185 0 312 424
115 0 185 1000
0 0 115 1000
771 937 782 939
870 988 906 999
792 712 870 723
612 554 617 735
998 311 1000 949
782 712 792 961
771 712 782 937
557 847 666 872
557 826 706 847
966 478 979 777
557 796 706 826
943 478 966 678
771 649 870 712
557 753 706 796
750 649 771 961
750 588 870 649
728 588 750 961
706 588 728 961
983 311 998 958
870 897 983 988
706 521 870 588
557 554 612 753
910 478 943 845
706 443 870 521
557 443 706 554
870 478 910 897
557 383 870 443
870 311 983 478
557 311 870 383
518 311 557 1000
478 311 518 1000
436 311 478 1000
436 252 1000 311
388 252 436 1000
333 252 388 1000
333 169 1000 252
262 169 333 1000
262 85 1000 169
262 0 1000 85
143 0 262 1000
0 0 143 1000
643 805 650 894
815 958 837 999
737 565 815 585
643 536 650 805
606 806 632 945
722 565 737 830
815 906 894 958
722 513 815 565
704 513 722 830
860 569 889 791
925 595 946 948
534 806 606 945
671 860 746 997
925 455 1000 595
534 704 637 806
894 455 925 801
671 513 704 860
257 820 340 979
894 327 1000 455
815 569 860 906
671 398 815 513
534 536 643 704
419 341 448 984
534 398 671 536
94 825 243 952
815 327 894 569
534 327 815 398
257 616 358 820
534 275 1000 327
534 220 1000 275
360 341 419 792
257 341 360 616
493 220 534 1000
493 156 1000 220
454 156 493 1000
257 156 454 341
257 96 1000 156
94 530 251 825
257 0 1000 96
94 0 257 530
0 0 94 1000
943 309 945 897
639 752 728 788
938 309 943 956
625 752 639 1000
984 0 995 333
479 768 625 797
625 709 728 752
625 662 728 709
859 776 890 933
972 0 984 443
394 948 548 991
728 867 835 931
223 948 394 995
891 735 928 974
945 761 984 994
422 768 479 948
728 776 859 867
625 536 728 662
340 768 422 948
728 684 891 776
340 713 625 768
728 584 891 684
728 479 891 584
340 647 625 713
891 309 938 735
945 0 972 761
340 572 625 647
340 495 625 572
288 495 340 948
728 309 891 479
728 168 945 309
288 401 625 495
223 401 288 948
625 168 728 536
158 401 223 1000
158 285 625 401
158 168 625 285
86 168 158 1000
86 89 945 168
86 0 945 89
0 0 86 1000
350 944 370 957
941 753 960 776
941 697 960 753
997 431 1000 862
849 911 870 994
994 0 999 431
79 984 498 991
511 628 680 653
980 431 997 726
476 628 511 831
966 431 980 952
437 628 476 831
941 280 960 697
392 628 437 831
739 911 849 994
350 897 556 944
680 592 739 767
333 628 392 831
966 0 994 431
333 592 680 628
350 857 681 897
201 857 350 958
815 651 886 865
79 857 201 984
79 831 696 857
258 592 333 831
258 543 739 592
258 494 739 543
258 442 739 494
894 280 941 820
815 280 894 651
174 442 258 831
79 442 174 831
0 442 79 1000
739 280 815 911
0 376 739 442
0 310 739 376
739 0 966 280
0 218 739 310
0 116 739 218
0 0 739 116
709 532 710 879
998 167 1000 580
223 740 240 801
182 919 213 977
570 867 709 887
991 167 998 614
824 546 857 666
824 519 991 546
498 550 521 760
182 740 223 919
287 857 560 886
570 808 709 867
866 872 946 979
866 793 1000 872
498 394 570 550
570 725 709 808
824 428 991 519
793 793 866 1000
465 394 498 857
719 793 793 1000
430 394 465 857
719 731 1000 793
719 666 1000 731
377 394 430 736
241 897 432 998
332 394 377 857
287 394 332 857
241 394 287 897
241 322 570 394
182 322 241 740
570 532 709 725
135 322 182 914
135 246 570 322
83 246 135 1000
824 167 991 428
83 151 570 246
719 167 824 666
570 167 719 532
570 0 1000 167
83 0 570 151
0 0 83 1000
198 804 208 995
937 804 963 917
71 921 125 1000
795 917 944 950
732 958 919 1000
826 596 950 667
614 737 848 775
149 638 198 828
854 804 937 917
690 596 826 667
614 707 951 737
198 452 229 804
452 958 732 1000
705 804 854 889
587 804 705 917
614 667 951 707
452 917 795 958
475 667 614 775
233 297 262 816
452 804 587 917
475 596 690 667
452 775 1000 804
379 775 452 1000
379 596 475 775
71 638 149 921
379 559 1000 596
326 559 379 1000
71 452 198 638
326 523 1000 559
326 481 1000 523
326 437 1000 481
0 452 71 947
263 437 326 1000
0 297 233 452
263 379 1000 437
263 319 1000 379
263 252 1000 319
263 181 1000 252
263 97 1000 181
263 0 1000 97
0 0 263 297
363 962 370 991
995 645 997 857
363 960 887 962
954 781 995 828
312 960 363 1000
954 727 995 781
488 534 495 884
276 681 293 872
954 645 995 727
775 900 948 921
478 534 488 901
215 812 274 902
775 791 825 900
581 632 671 693
312 950 1000 960
775 751 954 791
558 632 581 950
215 681 276 812
775 704 954 751
954 439 997 645
528 632 558 950
528 553 671 632
498 553 528 950
721 704 775 945
721 639 954 704
498 453 671 553
371 534 478 711
721 544 954 639
721 439 954 544
671 439 721 950
671 354 1000 439
671 249 1000 354
498 249 671 453
498 177 1000 249
371 177 498 534
312 177 371 950
215 177 312 681
215 102 1000 177
215 0 1000 102
114 0 215 1000
0 0 114 1000
192 939 203 977
261 753 328 772
726 937 751 996
192 728 203 939
192 479 205 728
448 123 453 885
207 904 276 1000
261 624 328 753
583 937 726 1000
357 327 374 891
820 771 899 912
746 771 820 937
941 512 984 894
155 479 192 925
941 230 1000 512
328 327 357 903
746 652 906 771
746 528 906 652
261 327 328 624
693 528 746 937
639 528 693 937
583 528 639 937
583 455 906 528
906 230 941 907
583 379 906 455
543 379 583 1000
411 123 448 816
100 479 155 988
497 379 543 1000
374 123 411 895
497 305 906 379
497 230 906 305
207 327 261 904
453 230 497 1000
207 123 374 327
100 123 207 479
453 156 1000 230
453 79 1000 156
453 0 1000 79
100 0 453 123
0 0 100 1000
994 280 995 803
815 627 826 693
977 575 984 768
397 694 438 761
680 810 815 835
952 798 981 928
658 810 680 1000
984 406 994 849
905 806 952 921
952 575 977 798
299 828 426 873
658 772 815 810
115 881 209 988
905 575 952 806
658 701 815 772
618 701 658 1000
858 706 905 968
905 406 984 575
858 406 905 706
618 627 815 701
618 555 827 627
397 325 438 694
827 406 858 1000
576 555 618 1000
354 325 397 769
576 477 827 555
827 280 994 406
576 384 827 477
576 280 827 384
299 325 354 828
254 325 299 978
534 280 576 1000
492 280 534 1000
115 612 233 881
446 280 492 1000
115 325 254 612
446 206 1000 280
446 90 1000 206
115 90 446 325
115 0 1000 90
0 0 115 1000
749 250 754 263
483 517 510 520
684 690 691 833
947 439 976 492
664 690 684 833
494 951 913 958
664 680 1000 690
639 680 664 833
494 928 673 951
622 855 680 928
609 680 639 833
862 197 975 239
609 666 1000 680
749 197 862 250
562 666 609 833
494 855 622 928
483 494 894 517
494 833 1000 855
494 666 562 833
704 439 947 492
494 633 1000 666
494 599 1000 633
494 563 1000 599
450 563 494 1000
704 363 985 439
400 563 450 1000
347 563 400 1000
347 520 898 563
289 520 347 1000
483 363 704 494
289 363 483 520
289 314 1000 363
237 314 289 1000
237 264 1000 314
184 264 237 1000
128 264 184 1000
128 197 749 264
128 144 1000 197
128 87 1000 144
128 0 1000 87
0 0 128 1000
788 947 809 966
584 891 591 954
936 849 979 865
496 887 507 1000
907 910 936 968
721 718 788 763
591 710 662 766
584 270 591 891
936 713 979 849
866 725 892 988
788 654 818 947
382 807 432 1000
382 720 496 807
936 543 995 713
936 360 1000 543
788 275 819 654
338 720 382 1000
936 154 1000 360
289 720 338 1000
289 652 496 720
247 652 289 1000
555 270 584 795
196 652 247 1000
196 588 496 652
149 588 196 1000
907 154 936 910
866 154 907 725
825 154 866 784
149 511 496 588
825 0 1000 154
721 275 788 718
496 270 555 887
662 275 721 966
149 392 496 511
149 270 496 392
662 0 825 275
149 158 591 270
591 0 662 710
82 158 149 1000
82 0 591 158
0 0 82 1000
879 720 992 721
451 722 942 725
879 691 965 720
459 982 782 993
931 432 984 523
959 152 1000 270
542 855 896 872
578 495 806 523
655 881 800 928
725 645 877 691
906 865 1000 942
931 309 1000 432
768 230 883 309
725 602 1000 645
906 727 1000 865
451 691 879 722
578 442 840 495
768 152 959 230
578 389 864 442
768 80 1000 152
542 802 878 855
688 80 768 309
459 928 880 982
451 602 725 691
77 928 459 995
246 602 451 727
574 80 688 309
246 567 1000 602
77 881 655 928
578 309 931 389
429 309 578 523
246 523 1000 567
429 80 574 309
77 802 542 881
344 80 429 523
246 80 344 523
175 80 246 727
77 727 906 802
77 80 175 727
77 0 1000 80
0 0 77 1000
761 643 763 905
754 788 759 917
562 973 623 986
754 643 761 788
350 802 425 825
885 858 1000 881
618 787 727 815
562 950 732 973
329 802 350 1000
885 809 1000 858
853 809 885 1000
288 802 329 982
812 809 853 1000
247 802 288 997
727 643 754 950
201 802 247 1000
763 809 812 1000
201 757 425 802
763 766 1000 809
156 757 201 1000
763 713 1000 766
618 643 727 787
763 643 1000 713
562 643 618 950
509 643 562 990
156 670 425 757
763 536 1000 643
156 568 425 670
425 643 509 990
763 388 1000 536
425 524 763 643
763 215 1000 388
425 378 763 524
763 0 1000 215
156 378 425 568
156 292 763 378
156 194 763 292
156 96 763 194
86 96 156 1000
86 0 763 96
0 0 86 1000
297 990 298 997
149 447 172 455
140 786 145 902
297 609 302 990
744 984 941 997
244 826 287 887
895 752 996 783
868 752 895 903
836 752 868 913
107 786 140 985
836 710 1000 752
375 659 473 734
799 710 836 913
744 913 875 984
244 609 297 826
375 527 473 659
0 786 107 907
799 642 1000 710
345 527 375 1000
315 527 345 1000
744 642 799 913
315 419 473 527
315 309 473 419
693 642 744 1000
641 642 693 1000
641 590 1000 642
244 309 315 609
641 521 1000 590
589 521 641 1000
589 458 1000 521
589 369 1000 458
589 276 1000 369
589 181 1000 276
532 181 589 1000
473 181 532 1000
473 88 1000 181
0 447 149 786
244 88 473 309
244 0 1000 88
173 0 244 1000
0 0 173 447
336 518 338 544
820 634 821 797
881 575 886 608
390 996 851 999
932 497 982 540
733 856 761 996
985 0 998 347
923 655 942 910
696 856 733 996
696 823 886 856
731 634 820 715
923 547 1000 655
684 634 731 816
643 823 696 996
289 702 332 940
578 823 643 996
886 547 923 851
932 240 977 497
684 575 881 634
932 0 985 240
630 575 684 816
570 575 630 816
570 517 886 575
508 517 570 823
508 456 886 517
187 702 289 941
508 391 886 456
886 0 932 547
508 322 886 391
187 518 336 702
448 322 508 823
390 823 578 996
448 246 886 322
390 246 448 823
338 246 390 1000
187 246 338 518
125 246 187 1000
125 177 886 246
125 96 886 177
125 0 886 96
0 0 125 1000
557 344 560 421
557 239 560 344
331 561 336 812
616 995 883 1000
803 761 963 778
324 561 331 973
992 388 998 897
441 836 488 933
341 798 384 927
441 717 508 836
752 761 803 934
752 715 963 761
441 563 512 717
441 450 539 563
539 239 557 856
293 561 324 925
963 388 992 856
0 776 61 999
688 715 752 934
688 661 963 715
163 736 228 975
616 934 877 995
402 450 441 1000
234 561 293 933
688 575 963 661
616 575 688 934
402 239 539 450
616 483 963 575
616 388 963 483
560 388 616 1000
341 239 402 798
234 239 341 561
560 309 1000 388
163 239 234 736
560 223 1000 309
560 125 1000 223
163 125 560 239
103 125 163 1000
103 63 1000 125
103 0 1000 63
0 0 103 776
759 869 766 902
995 476 998 887
759 487 766 869
570 880 630 941
740 698 759 904
819 803 846 970
880 681 977 754
819 681 880 803
570 773 647 880
570 674 659 773
790 681 819 1000
570 586 679 674
790 634 995 681
790 586 995 634
543 586 570 945
766 586 790 1000
700 698 740 967
352 707 393 990
766 534 995 586
700 487 759 698
766 476 995 534
766 411 1000 476
543 487 700 586
543 411 766 487
543 372 1000 411
513 372 543 1000
460 372 513 768
460 329 1000 372
460 284 1000 329
425 284 460 1000
425 237 1000 284
352 237 425 707
306 237 352 1000
259 237 306 1000
211 237 259 1000
162 237 211 1000
112 237 162 1000
112 173 1000 237
112 99 1000 173
112 0 1000 99
0 0 112 1000
796 613 803 741
940 562 943 929
771 708 776 957
983 559 1000 673
905 753 936 817
796 388 809 613
612 912 656 1000
220 904 317 954
317 814 379 933
948 272 959 970
220 814 317 904
777 388 796 850
983 0 1000 559
220 748 379 814
220 677 379 748
177 677 220 1000
612 749 709 912
515 749 612 918
710 708 771 983
515 658 710 749
121 677 177 1000
809 753 905 952
459 658 515 1000
61 677 121 1000
0 677 61 1000
960 0 983 875
710 388 777 708
809 562 940 753
459 552 710 658
0 593 379 677
0 505 379 593
0 415 379 505
809 272 948 562
809 0 960 272
459 388 710 552
379 388 459 1000
0 283 379 415
379 245 809 388
379 96 809 245
0 96 379 283
0 0 809 96
868 733 927 749
515 440 518 798
519 991 868 999
696 894 868 912
927 732 994 779
758 663 861 696
507 440 515 879
177 833 207 982
758 614 865 663
451 636 468 975
177 753 260 833
618 894 696 991
927 601 994 732
707 614 758 787
519 894 618 991
519 863 868 894
266 393 307 665
519 824 868 863
629 614 707 793
629 550 868 614
927 361 994 601
569 550 629 824
569 493 868 550
569 427 868 493
519 427 569 824
868 361 927 733
519 361 868 427
368 636 451 928
519 307 1000 361
368 440 507 636
519 248 1000 307
368 248 519 440
368 199 1000 248
177 393 266 753
368 138 1000 199
316 138 368 1000
316 71 1000 138
316 0 1000 71
177 0 316 393
117 0 177 1000
0 0 117 1000
899 998 915 1000
983 861 996 874
599 169 601 937
983 739 996 861
163 941 200 984
440 579 479 668
899 741 913 998
800 808 821 1000
479 849 580 891
440 462 479 579
983 390 996 739
972 390 983 848
588 169 599 697
800 749 899 808
240 741 275 922
899 651 972 741
0 941 163 984
240 667 337 741
762 749 800 1000
762 671 899 749
198 667 240 938
145 667 198 941
408 462 440 983
762 542 899 671
80 667 145 941
899 390 972 651
80 592 337 667
762 390 899 542
762 300 1000 390
762 190 1000 300
729 190 762 1000
0 592 80 941
337 462 408 918
687 190 729 1000
0 462 337 592
0 333 479 462
601 190 687 1000
479 169 588 849
601 0 1000 190
0 169 479 333
0 0 601 169
906 969 914 971
817 969 906 971
513 969 817 971
728 575 755 648
929 516 1000 554
869 139 1000 199
766 820 835 940
728 510 862 575
200 977 874 990
862 516 929 661
681 820 766 940
862 442 1000 516
900 744 959 925
513 940 882 969
589 820 681 940
589 784 900 820
200 940 513 977
643 510 728 649
589 744 900 784
589 708 1000 744
589 671 1000 708
531 510 643 661
511 671 589 940
531 442 862 510
426 671 511 940
426 442 531 671
426 397 1000 442
586 139 869 230
377 397 426 940
377 351 1000 397
320 351 377 940
320 299 1000 351
260 299 320 940
200 299 260 940
142 299 200 1000
142 240 941 299
74 240 142 1000
74 139 586 240
74 70 1000 139
74 0 1000 70
0 0 74 1000
999 429 1000 890
442 659 447 773
447 398 449 941
651 853 661 1000
207 705 216 976
946 823 966 990
207 610 247 705
207 481 247 610
556 710 585 899
536 710 556 987
413 659 442 864
651 776 744 853
744 706 815 809
876 701 946 809
617 776 651 1000
876 591 946 701
617 706 744 776
617 656 815 706
815 591 876 801
617 590 815 656
617 523 815 590
588 523 617 1000
946 429 999 823
815 429 946 591
588 429 815 523
449 710 536 987
588 366 1000 429
449 523 588 710
588 302 1000 366
449 302 588 523
310 659 413 959
449 242 1000 302
310 398 447 659
449 170 1000 242
449 93 1000 170
310 93 449 398
98 481 207 930
247 93 310 1000
98 93 247 481
98 0 1000 93
0 0 98 1000
105 998 130 1000
890 734 892 847
756 460 758 753
819 805 890 822
743 875 756 996
618 858 636 1000
206 939 289 970
914 810 1000 845
390 854 411 1000
758 726 819 784
365 854 390 1000
892 810 914 1000
289 711 308 935
819 734 890 805
743 460 756 875
732 460 743 955
572 858 618 1000
365 794 502 854
819 602 892 734
572 788 732 858
572 708 732 788
105 775 171 998
206 711 289 939
502 708 572 1000
502 604 732 708
365 604 502 794
365 532 732 604
365 460 732 532
315 460 365 1000
940 179 999 688
892 179 940 810
819 179 892 602
758 179 819 726
315 376 758 460
315 290 758 376
315 179 758 290
315 88 1000 179
206 88 315 711
206 0 1000 88
105 0 206 775
0 0 105 1000
516 998 548 1000
545 967 552 998
636 993 667 1000
516 967 545 998
780 668 1000 675
775 668 780 1000
766 668 775 1000
636 826 673 993
516 828 561 967
766 635 1000 668
695 690 736 883
636 690 695 826
766 596 1000 635
766 557 1000 596
563 637 616 822
766 510 1000 557
743 510 766 1000
636 581 739 690
743 465 1000 510
636 465 743 581
563 465 636 637
90 776 187 908
516 465 563 828
516 421 1000 465
516 376 1000 421
475 376 516 901
475 333 1000 376
475 283 1000 333
475 233 1000 283
266 507 336 904
475 175 1000 233
437 175 475 1000
397 175 437 1000
355 175 397 1000
355 121 1000 175
355 65 1000 121
355 0 1000 65
266 0 355 507
197 0 266 1000
90 0 197 776
0 0 90 1000
919 996 996 998
983 677 1000 729
919 953 973 996
313 839 342 964
701 799 722 990
819 739 919 798
588 893 648 1000
150 925 241 1000
416 916 572 973
313 519 343 839
737 905 919 961
701 470 732 799
983 0 999 677
416 846 572 916
150 851 313 925
873 402 914 718
416 759 572 846
150 754 313 851
343 759 416 1000
819 402 873 739
150 641 313 754
778 402 819 851
343 674 572 759
150 519 313 641
343 585 572 674
737 402 778 905
737 278 919 402
737 147 919 278
343 472 572 585
343 357 588 472
952 0 983 951
150 357 343 519
919 0 952 953
150 251 588 357
150 143 588 251
588 470 701 893
588 147 737 470
588 0 919 147
79 143 150 1000
79 0 588 143
0 0 79 1000
856 844 867 908
839 844 856 916
996 172 999 787
839 770 868 844
869 768 882 949
668 874 691 1000
383 887 408 1000
989 172 996 698
946 517 958 956
869 475 887 768
668 816 780 874
958 719 983 990
383 821 520 887
383 748 520 821
780 770 839 994
584 816 668 1000
316 748 383 1000
584 729 780 816
958 172 989 719
520 729 584 1000
316 649 520 748
316 549 520 649
887 517 946 873
520 635 780 729
887 172 958 517
316 426 520 549
780 475 869 770
520 531 780 635
269 426 316 1000
520 418 780 531
780 172 887 475
0 671 131 935
520 274 780 418
780 0 1000 172
269 274 520 426
208 274 269 1000
208 189 780 274
137 189 208 1000
137 95 780 189
137 0 780 95
0 0 137 671
993 299 1000 362
655 716 880 721
730 237 747 298
651 716 655 1000
228 491 888 494
989 565 996 993
651 702 880 716
929 433 1000 482
865 141 924 200
228 486 996 491
880 925 948 996
806 74 999 100
651 674 880 702
646 321 968 344
646 299 993 321
511 412 957 431
730 202 987 237
614 674 651 1000
576 674 614 1000
880 798 988 925
530 674 576 1000
511 299 646 412
469 674 530 1000
511 202 730 299
511 141 865 202
401 674 469 1000
432 141 511 433
401 625 880 674
432 74 806 141
361 74 432 433
880 565 989 798
401 565 880 625
322 565 401 1000
228 433 929 486
228 74 361 433
195 565 322 1000
195 495 1000 565
71 495 195 1000
71 74 228 495
71 0 1000 74
0 0 71 1000
997 617 1000 637
252 359 254 538
914 323 925 462
928 857 975 893
997 0 1000 617
241 673 252 855
591 669 601 941
241 359 252 673
591 647 773 669
200 870 241 981
153 815 182 983
502 647 591 731
502 618 773 647
797 752 872 865
473 618 502 941
438 618 473 941
438 586 797 618
438 549 797 586
438 501 797 549
438 447 797 501
975 0 997 883
200 359 241 870
153 359 200 815
880 323 914 966
438 384 797 447
393 384 438 941
393 319 797 384
100 359 153 887
55 359 100 990
393 247 797 319
347 247 393 1000
797 323 880 752
347 162 797 247
301 162 347 1000
254 162 301 1000
55 162 254 359
928 0 975 857
797 0 928 323
0 162 55 1000
0 92 797 162
0 0 797 92
977 658 1000 673
221 793 223 997
987 365 992 634
354 861 374 1000
851 640 958 667
977 365 987 658
851 611 958 640
977 195 1000 365
802 885 946 916
958 529 977 815
784 689 821 864
72 793 221 838
264 376 277 893
252 376 264 977
72 742 223 793
851 529 958 611
72 674 223 742
851 442 977 529
36 674 72 1000
0 674 36 1000
223 376 252 830
433 974 974 1000
0 610 223 674
784 442 851 689
733 442 784 885
0 507 223 610
681 442 733 885
681 360 977 442
0 376 223 507
620 360 681 885
433 885 802 974
556 360 620 885
556 278 977 360
556 195 977 278
556 112 1000 195
502 112 556 885
433 112 502 885
433 0 1000 112
354 0 433 861
277 0 354 1000
0 0 277 376
478 519 489 543
836 813 945 823
264 845 278 1000
0 915 71 960
360 886 491 911
945 775 968 946
945 658 992 775
491 809 521 1000
264 775 360 845
836 739 945 813
491 718 587 809
264 684 360 775
491 618 587 718
417 689 478 847
417 519 478 689
778 739 836 938
945 392 992 658
264 545 360 684
491 478 587 618
264 399 360 545
717 739 778 1000
491 303 587 478
360 519 417 886
632 739 717 1000
632 660 945 739
632 580 945 660
632 489 945 580
360 303 491 519
632 392 945 489
632 309 1000 392
632 218 1000 309
587 218 632 1000
197 399 264 935
587 129 1000 218
360 129 587 303
197 129 360 399
140 129 197 1000
79 129 140 1000
79 67 1000 129
79 0 1000 67
0 0 79 915
280 605 282 847
0 948 131 952
282 903 296 1000
786 983 864 1000
389 992 756 999
389 983 786 992
213 742 280 800
0 914 131 948
131 905 185 1000
616 963 898 982
919 667 950 863
0 858 131 914
282 819 389 903
213 605 280 742
875 667 919 884
213 448 282 605
616 929 947 963
820 667 875 884
972 0 990 769
282 684 389 819
616 884 972 929
0 713 131 858
0 560 131 713
282 457 389 684
678 667 820 884
282 165 389 457
678 551 972 667
678 433 972 551
678 313 972 433
616 313 678 884
131 448 213 905
616 200 972 313
563 200 616 983
509 200 563 983
131 165 282 448
509 104 972 200
509 0 972 104
0 165 131 560
453 0 509 983
389 0 453 983
0 0 389 165
867 487 868 888
867 452 890 487
826 977 866 1000
314 391 317 827
991 210 996 880
789 846 826 953
218 828 301 877
193 828 218 1000
79 835 116 979
79 735 138 835
738 846 789 983
0 742 79 832
301 391 314 969
674 846 738 986
193 736 301 828
974 210 991 821
674 776 826 846
193 631 301 736
674 694 826 776
152 631 193 950
674 607 826 694
152 537 301 631
629 607 674 986
582 607 629 996
532 607 582 1000
477 607 532 1000
826 452 867 977
152 391 301 537
79 391 152 735
477 535 826 607
0 391 79 742
0 300 317 391
477 452 826 535
477 341 891 452
404 341 477 1000
891 210 974 840
404 210 891 341
317 210 404 1000
317 106 1000 210
317 0 1000 106
0 0 317 300
98 998 530 1000
968 760 975 976
739 736 943 754
316 654 547 670
945 760 968 935
182 923 279 966
739 708 943 736
289 654 316 892
739 675 943 708
259 654 289 892
716 675 739 1000
259 627 547 654
716 637 943 675
224 627 259 892
716 595 943 637
224 597 547 627
224 566 547 597
182 892 532 923
976 298 999 863
716 534 943 595
945 298 976 760
224 519 547 566
716 467 943 534
182 519 224 892
148 519 182 998
716 396 945 467
148 474 547 519
716 298 945 396
681 298 716 1000
148 411 547 474
640 298 681 1000
599 298 640 1000
98 411 148 998
98 345 547 411
547 298 599 1000
98 243 547 345
547 196 1000 298
547 86 1000 196
98 86 547 243
98 0 1000 86
0 0 98 1000
216 929 245 943
403 980 430 999
980 492 982 913
0 997 300 1000
630 756 720 772
272 759 301 884
272 663 319 759
272 582 333 663
894 583 980 648
0 980 334 997
272 448 337 582
630 653 720 756
799 932 939 999
119 812 188 951
272 279 337 448
403 849 499 980
630 508 720 653
403 781 608 849
843 583 894 864
337 781 403 1000
337 727 608 781
799 583 843 932
337 666 608 727
799 492 980 583
245 279 272 896
337 599 608 666
216 279 245 929
761 492 799 1000
720 492 761 1000
720 411 1000 492
720 323 1000 411
337 508 630 599
337 425 720 508
720 209 1000 323
337 336 720 425
119 279 216 812
720 0 1000 209
337 171 720 336
337 0 720 171
0 279 119 980
0 0 337 279
998 424 1000 546
998 0 1000 424
651 627 658 806
702 912 785 929
990 481 995 969
702 879 786 912
921 818 952 922
486 650 540 722
921 710 961 818
898 506 911 884
659 879 702 1000
810 811 853 932
427 860 528 923
659 827 786 879
377 860 427 1000
790 489 807 969
443 650 486 847
961 481 990 789
443 553 540 650
939 103 957 710
921 103 939 710
857 506 898 800
584 627 651 867
584 392 659 627
961 0 998 481
857 192 921 506
377 553 443 860
540 392 584 949
377 392 540 553
810 192 857 811
325 392 377 1000
265 392 325 1000
202 392 265 1000
202 305 659 392
659 489 790 827
659 192 810 489
202 192 659 305
202 103 921 192
122 103 202 1000
122 0 961 103
0 0 122 1000
943 641 950 767
758 803 763 995
991 628 996 923
747 564 757 793
997 135 1000 900
697 919 758 967
960 628 991 829
697 803 758 919
87 815 154 921
423 915 526 1000
519 697 604 803
160 775 291 847
430 697 519 803
423 875 697 915
763 894 914 977
160 673 291 775
314 875 423 1000
806 641 943 749
806 536 960 641
806 428 960 536
430 644 747 697
960 135 997 628
160 523 291 673
806 295 960 428
160 374 314 523
160 213 314 374
430 564 747 644
763 295 806 894
314 803 697 875
314 564 430 803
763 135 960 295
314 491 763 564
314 413 763 491
314 325 763 413
314 233 763 325
87 213 160 815
314 135 763 233
314 69 1000 135
314 0 1000 69
87 0 314 213
0 0 87 1000
119 993 146 1000
277 389 279 672
788 987 924 998
563 962 944 967
829 800 861 913
432 153 439 673
119 966 282 993
439 987 788 1000
773 800 829 913
335 503 362 742
716 800 773 962
716 765 1000 800
0 778 73 924
439 967 980 987
716 724 1000 765
666 724 716 962
411 153 432 806
236 389 277 747
193 389 236 797
666 670 1000 724
282 503 335 841
156 389 193 895
666 608 1000 670
119 389 156 966
666 543 1000 608
666 478 1000 543
617 478 666 962
371 153 411 896
282 153 371 503
617 392 1000 478
617 303 1000 392
617 211 1000 303
119 153 282 389
73 153 119 1000
563 211 617 962
505 211 563 967
0 153 73 778
505 113 1000 211
505 0 1000 113
439 0 505 967
0 0 439 153
739 954 747 971
862 293 941 299
757 715 764 813
470 953 543 967
778 790 837 835
403 784 470 824
986 95 999 304
739 715 757 954
906 819 942 950
945 95 986 214
764 417 777 857
906 749 1000 819
874 749 906 1000
705 715 739 972
874 676 1000 749
874 598 1000 676
874 501 1000 598
837 501 874 881
862 95 945 293
778 501 837 790
705 417 764 715
778 419 1000 501
778 334 1000 419
778 95 862 334
705 95 778 417
73 812 200 999
470 614 543 953
470 306 553 614
675 95 705 1000
403 306 470 784
637 95 675 1000
598 95 637 1000
554 95 598 1000
554 0 1000 95
403 0 554 306
73 429 207 812
345 0 403 1000
286 0 345 1000
222 0 286 1000
73 0 222 429
0 0 73 1000
967 731 970 756
66 998 175 1000
66 995 329 998
236 737 267 766
773 680 881 715
269 856 306 976
236 586 267 737
948 731 967 997
210 856 269 987
733 680 773 896
201 586 236 843
733 619 881 680
698 619 733 896
670 619 698 1000
280 285 303 751
201 430 274 586
201 285 280 430
881 731 948 902
636 619 670 1000
600 619 636 1000
881 563 970 731
600 563 881 619
600 519 985 563
560 519 600 1000
66 856 210 995
160 285 201 812
113 285 160 753
560 464 985 519
66 285 113 856
506 464 560 1000
506 399 985 464
506 324 985 399
506 245 1000 324
506 161 1000 245
506 63 1000 161
452 63 506 1000
391 63 452 1000
329 63 391 1000
66 63 329 285
66 0 1000 63
0 0 66 1000
836 846 991 859
536 833 773 850
221 333 231 794
619 618 671 736
678 425 805 474
883 679 942 805
836 679 883 846
884 552 991 642
884 452 991 552
836 452 884 679
807 452 836 829
807 392 993 452
452 386 505 595
619 425 678 618
536 774 734 833
576 425 619 736
807 317 993 392
536 425 576 774
536 371 807 425
536 317 807 371
507 317 536 837
507 283 993 317
154 664 213 967
380 655 491 818
507 243 993 283
380 386 452 655
616 859 843 951
154 333 221 664
507 197 993 243
380 197 507 386
380 151 993 197
380 104 993 151
380 54 993 104
380 0 993 54
337 0 380 859
292 859 616 972
292 0 337 859
244 0 292 1000
71 333 154 990
71 0 244 333
0 0 71 1000
358 553 360 732
849 777 866 867
619 714 723 730
849 675 866 777
619 694 723 714
891 937 936 990
951 576 961 929
422 958 522 999
267 736 358 797
934 576 951 937
880 307 891 902
536 696 619 778
782 648 849 773
492 696 536 895
619 588 723 694
849 307 880 675
934 393 1000 576
934 206 1000 393
934 0 1000 206
492 588 619 696
422 895 691 958
915 0 934 918
195 736 267 987
422 588 492 895
368 588 422 1000
891 0 915 937
368 524 723 588
782 307 849 648
368 455 723 524
368 378 723 455
195 553 358 736
195 378 368 553
141 378 195 1000
782 0 891 307
141 300 723 378
76 300 141 1000
76 226 723 300
723 0 782 990
76 114 723 226
76 0 723 114
0 0 76 1000
339 971 357 984
517 887 546 920
567 763 572 960
558 413 560 916
149 997 774 999
816 711 821 984
567 299 572 763
750 589 758 936
517 779 546 887
816 693 1000 711
517 639 548 779
407 593 424 914
517 413 558 639
149 984 877 997
428 698 501 843
653 589 750 701
816 632 1000 693
428 545 501 698
816 570 1000 632
428 413 517 545
376 593 407 978
816 497 1000 570
339 593 376 971
653 497 816 589
428 299 567 413
653 434 1000 497
613 434 653 984
613 377 1000 434
613 319 1000 377
613 256 1000 319
339 299 428 593
572 256 613 984
572 174 1000 256
572 77 1000 174
339 77 572 299
279 77 339 984
218 77 279 984
149 77 218 984
149 0 1000 77
74 0 149 1000
0 0 74 1000
990 679 992 918
191 576 232 593
784 958 947 966
985 679 990 1000
731 958 784 1000
731 948 985 958
833 894 894 947
191 496 232 576
833 841 933 894
833 801 985 841
138 859 211 960
779 801 833 948
779 757 985 801
138 735 211 859
731 757 779 948
682 757 731 1000
632 757 682 1000
632 720 985 757
71 735 138 930
120 496 191 687
632 679 985 720
632 639 1000 679
632 595 1000 639
0 735 71 980
632 542 1000 595
589 542 632 1000
541 542 589 1000
490 542 541 1000
435 542 490 1000
435 489 947 542
0 496 120 735
373 489 435 1000
373 433 1000 489
373 370 1000 433
310 370 373 1000
310 305 1000 370
233 305 310 1000
233 223 1000 305
233 125 1000 223
233 0 1000 125
0 0 233 496
705 604 802 606
811 357 819 524
811 346 976 357
532 995 885 1000
976 230 995 344
705 561 768 604
672 952 926 963
759 633 779 788
796 346 811 561
774 346 796 561
935 834 988 946
520 301 531 847
759 607 1000 633
739 346 774 561
739 310 976 346
739 268 976 310
705 268 739 561
532 973 993 995
705 230 976 268
671 788 950 825
672 905 910 952
479 617 520 924
670 230 705 607
670 189 1000 230
670 148 1000 189
637 148 670 607
671 607 759 788
672 834 935 905
596 148 637 607
532 834 672 973
596 90 1000 148
532 607 671 834
383 617 479 984
596 0 1000 90
532 0 596 607
383 301 520 617
383 0 532 301
330 0 383 936
230 0 330 1000
118 0 230 1000
0 0 118 1000
369 959 396 1000
756 723 765 886
756 710 907 723
738 710 756 886
399 776 466 828
991 247 998 746
231 823 334 859
630 940 841 965
231 784 369 823
231 735 369 784
738 669 907 710
399 666 466 776
369 666 399 959
738 609 907 669
192 735 231 1000
369 587 508 666
192 670 369 735
738 540 907 609
547 739 620 900
738 466 907 540
153 670 192 1000
738 387 907 466
630 886 893 940
944 247 991 550
106 670 153 1000
693 387 738 886
106 580 369 670
106 485 369 580
907 247 944 972
369 369 508 587
106 369 369 485
630 387 693 886
53 369 106 1000
53 300 547 369
0 300 53 1000
630 247 907 387
547 247 630 739
547 125 1000 247
547 0 1000 125
0 151 547 300
0 0 547 151
980 770 997 996
757 160 820 221
689 717 775 770
513 776 945 787
663 843 794 880
663 825 934 843
763 257 832 330
690 257 763 335
757 125 936 160
728 892 789 1000
748 463 949 498
690 226 949 257
663 789 949 825
513 717 689 776
748 411 949 463
980 61 995 770
620 892 728 1000
536 789 663 892
513 686 949 717
482 892 620 1000
601 125 757 222
748 335 949 411
513 650 949 686
334 892 482 1000
680 335 748 586
601 335 680 586
949 61 980 774
513 586 949 650
72 892 334 1000
479 335 601 586
326 586 513 789
326 335 479 586
326 226 690 335
251 226 326 789
72 789 536 892
162 226 251 789
72 226 162 789
72 125 601 226
72 61 949 125
72 0 1000 61
0 0 72 1000
