481 998 849 1000
0 967 64 986
998 270 1000 901
0 900 21 967
165 708 266 727
811 937 862 974
995 270 998 908
417 312 422 963
921 830 944 986
988 270 995 827
618 980 915 997
762 640 921 684
921 720 988 830
618 937 811 980
481 937 618 998
266 781 417 838
606 831 697 937
165 609 266 708
705 640 762 831
266 680 417 781
266 578 417 680
266 472 417 578
606 640 705 831
606 572 921 640
266 312 417 472
606 488 921 572
544 488 606 937
481 488 544 937
481 420 921 488
165 312 266 609
921 270 988 720
481 350 921 420
422 350 481 1000
422 270 921 350
422 197 1000 270
422 121 1000 197
165 121 422 312
165 61 1000 121
165 0 1000 61
109 0 165 1000
0 0 109 900
554 843 556 989
554 588 557 843
853 829 990 840
601 400 611 753
813 969 986 992
544 588 554 997
494 786 537 911
853 776 990 829
406 494 422 943
689 784 813 850
389 494 406 982
650 784 689 1000
650 731 813 784
853 706 990 776
328 703 375 909
650 671 813 731
813 706 853 969
431 786 494 977
328 494 389 703
813 632 1000 706
650 575 813 671
813 540 1000 632
650 463 813 575
813 433 1000 540
558 400 601 896
813 318 1000 433
431 588 544 786
650 318 813 463
431 400 558 588
612 318 650 1000
612 251 1000 318
431 251 612 400
431 202 1000 251
431 150 1000 202
328 150 431 494
278 150 328 1000
278 76 1000 150
278 0 1000 76
223 0 278 1000
137 0 223 1000
0 0 137 1000
983 452 1000 473
384 996 618 999
983 410 1000 452
865 905 968 926
455 512 907 517
865 877 968 905
670 694 796 717
384 989 801 996
520 694 670 717
865 842 968 877
865 815 1000 842
865 781 1000 815
743 871 823 938
678 871 743 954
678 838 845 871
715 571 856 624
520 670 857 694
865 717 1000 781
455 489 916 512
520 642 951 670
589 838 678 977
351 642 520 717
486 838 589 977
384 838 486 989
384 800 865 838
384 759 865 800
286 759 384 1000
182 759 286 1000
351 571 715 642
182 717 865 759
351 518 926 571
182 518 351 717
455 410 983 489
455 327 999 410
182 327 455 518
182 260 1000 327
182 189 1000 260
106 189 182 1000
106 102 1000 189
106 0 1000 102
0 0 106 1000
887 741 898 814
525 889 648 910
864 741 887 855
714 980 895 998
200 816 225 983
391 339 398 948
898 814 925 1000
200 763 302 816
805 741 864 839
200 690 302 763
609 456 640 696
898 727 995 814
898 640 999 727
165 690 200 983
898 536 999 640
573 456 609 805
165 596 302 690
898 401 999 536
348 623 389 978
302 623 348 996
525 456 573 889
714 741 805 980
714 614 898 741
481 456 525 1000
302 339 391 623
648 614 714 1000
648 508 898 614
648 398 898 508
648 287 898 398
481 287 648 456
440 287 481 1000
398 287 440 1000
398 224 898 287
898 87 999 401
165 339 302 596
398 150 898 224
165 150 398 339
165 87 898 150
96 87 165 1000
96 0 1000 87
0 0 96 1000
898 722 927 764
898 680 929 722
733 864 744 1000
998 283 1000 984
544 748 587 830
884 680 898 961
944 639 957 953
931 407 944 735
621 801 733 845
544 674 621 748
207 697 290 775
733 810 884 864
621 719 733 801
981 283 998 856
544 545 621 674
429 773 542 864
429 670 544 773
621 610 733 719
884 407 931 680
944 283 981 639
733 702 884 810
377 670 429 1000
621 437 733 610
733 568 884 702
621 255 733 437
377 545 544 670
377 454 621 545
336 454 377 1000
733 407 884 568
290 454 336 1000
733 283 944 407
290 372 621 454
733 175 1000 283
733 64 1000 175
290 255 621 372
290 160 733 255
290 64 733 160
290 0 1000 64
207 0 290 697
147 0 207 1000
0 0 147 1000
667 753 786 761
0 970 31 999
667 728 786 753
655 728 667 1000
821 813 843 986
144 477 157 796
655 694 786 728
655 666 821 694
572 730 655 788
0 934 139 970
839 394 856 771
989 0 1000 584
655 622 821 666
821 394 839 813
572 622 655 730
572 580 821 622
572 536 821 580
903 468 964 649
501 536 572 757
400 646 447 980
501 486 821 536
400 486 501 646
964 0 989 691
400 441 821 486
400 394 821 441
361 394 400 1000
361 346 858 394
858 727 985 919
320 346 361 944
903 0 964 468
272 346 320 1000
272 291 858 346
858 0 903 727
272 235 858 291
224 235 272 1000
224 173 858 235
224 88 858 173
157 88 224 1000
157 0 858 88
0 477 144 934
0 0 157 477
839 997 842 999
263 833 316 834
353 891 376 894
748 997 839 999
989 518 1000 728
557 878 580 1000
523 878 557 1000
316 602 375 703
748 926 833 997
855 536 917 642
657 926 748 999
917 825 969 974
523 810 657 878
472 810 523 1000
472 755 657 810
426 755 472 1000
742 637 831 762
742 536 855 637
426 700 657 755
185 891 353 994
426 625 657 700
426 549 657 625
316 278 375 602
426 462 657 549
917 518 989 825
657 829 890 926
657 536 742 829
657 434 917 536
376 462 426 1000
657 329 917 434
263 278 316 833
376 340 657 462
657 180 917 329
917 0 1000 518
376 180 657 340
376 93 917 180
185 278 263 891
376 0 917 93
185 0 376 278
113 0 185 1000
0 0 113 1000
577 517 727 526
436 939 596 950
864 497 875 668
577 504 727 517
799 713 853 754
186 709 930 712
492 699 895 706
777 668 889 697
834 837 857 994
528 868 582 935
548 504 577 668
436 868 528 939
864 445 1000 497
495 504 548 668
492 668 777 699
822 445 864 668
358 868 436 1000
822 386 1000 445
495 451 727 504
186 668 492 709
749 837 834 994
663 837 749 1000
236 868 358 1000
495 372 727 451
822 279 1000 386
86 868 236 1000
663 760 1000 837
405 372 495 668
86 817 663 868
294 372 405 668
86 760 663 817
86 713 799 760
727 279 822 668
294 279 727 372
186 279 294 668
186 218 1000 279
186 156 1000 218
86 156 186 713
86 85 1000 156
86 0 1000 85
0 0 86 1000
520 826 531 877
520 773 531 826
789 881 1000 886
840 573 998 581
772 881 789 1000
840 558 998 573
497 773 520 931
737 881 772 1000
938 780 998 853
810 558 840 733
810 528 998 558
533 553 556 883
662 881 737 1000
765 528 810 733
454 773 497 988
807 780 938 854
765 486 998 528
709 486 765 733
662 780 807 881
709 433 1000 486
662 733 1000 780
454 553 533 773
0 780 98 961
592 733 662 1000
709 352 1000 433
646 352 709 733
646 284 1000 352
592 284 646 733
557 284 592 1000
557 225 1000 284
454 225 557 553
410 225 454 1000
362 225 410 1000
362 152 1000 225
305 152 362 1000
305 80 1000 152
305 0 1000 80
238 0 305 1000
170 0 238 1000
101 0 170 1000
0 0 101 780
928 797 929 946
363 235 364 734
934 987 986 1000
928 582 933 797
361 235 363 951
524 766 734 777
993 396 1000 733
969 670 990 963
524 736 734 766
910 582 928 955
270 599 311 774
270 479 337 599
164 655 211 837
524 694 734 736
134 655 164 972
831 758 892 931
934 670 969 987
241 479 270 946
478 694 524 1000
831 582 910 758
478 633 734 694
934 396 993 670
432 633 478 1000
134 479 241 655
831 396 934 582
831 272 1000 396
432 557 734 633
134 369 361 479
734 721 831 981
432 472 734 557
432 374 734 472
134 235 361 369
90 235 134 1000
432 244 734 374
734 272 831 721
734 100 1000 272
367 244 432 1000
367 100 734 244
367 0 1000 100
90 0 367 235
0 0 90 1000
998 0 1000 8
997 0 998 389
352 870 491 873
491 507 496 857
352 851 491 870
770 895 860 938
496 863 543 947
917 887 990 946
574 322 586 689
567 322 574 983
966 538 981 849
233 671 265 838
990 0 997 775
770 855 917 895
352 788 491 851
860 522 907 718
706 855 770 1000
637 855 706 1000
806 522 860 763
756 522 806 795
352 671 491 788
637 795 917 855
917 538 966 887
756 407 917 522
352 507 491 671
694 407 756 795
156 671 233 988
694 295 917 407
694 178 917 295
637 178 694 795
269 507 352 939
496 322 567 863
917 0 990 538
586 178 637 1000
269 322 496 507
269 178 586 322
156 178 269 671
156 94 917 178
156 0 917 94
79 0 156 1000
0 0 79 1000
462 745 465 803
998 0 1000 500
988 806 995 957
538 739 555 907
219 966 325 1000
734 796 818 842
465 785 491 966
383 745 462 810
465 712 538 785
538 359 555 739
927 806 988 941
818 764 927 852
667 796 734 942
556 942 764 989
927 666 998 806
818 667 927 764
323 745 383 936
667 709 818 796
818 546 927 667
323 646 465 745
667 611 818 709
323 517 465 646
818 343 927 546
667 462 818 611
272 517 323 966
619 462 667 942
619 343 818 462
465 359 538 712
272 359 465 517
219 359 272 966
219 262 556 359
556 343 619 942
556 241 927 343
556 137 927 241
219 137 556 262
927 0 998 666
160 137 219 1000
100 137 160 1000
100 70 927 137
100 0 927 70
0 0 100 1000
598 864 600 991
983 220 1000 290
481 324 764 329
737 800 1000 806
722 800 737 1000
706 800 722 1000
686 800 706 1000
481 311 790 324
686 785 1000 800
734 633 929 662
658 785 686 1000
629 785 658 1000
559 637 600 798
629 706 714 785
629 633 734 706
833 107 964 170
629 610 1000 633
629 582 1000 610
629 548 1000 582
812 220 983 293
629 514 1000 548
629 479 1000 514
497 864 598 994
629 442 1000 479
497 637 559 864
600 442 629 928
497 442 600 637
460 442 497 1000
460 392 1000 442
481 220 812 311
407 392 460 1000
353 392 407 1000
299 392 353 1000
243 392 299 1000
186 392 243 1000
481 107 833 220
97 392 186 1000
97 330 1000 392
97 107 481 330
97 0 1000 107
0 0 97 1000
906 916 910 999
857 310 859 941
851 635 856 902
472 826 729 833
472 814 731 826
455 814 472 1000
859 916 906 999
433 814 455 1000
433 798 731 814
465 680 674 703
408 798 433 1000
465 637 582 680
381 798 408 1000
348 798 381 1000
243 704 286 867
772 705 801 948
971 506 990 879
348 776 731 798
731 705 772 930
859 783 930 916
243 507 304 704
348 744 731 776
348 637 465 744
814 635 851 985
310 637 348 1000
814 310 857 635
971 0 1000 506
117 896 279 993
310 578 731 637
731 310 814 705
310 492 731 578
930 0 971 883
310 405 731 492
310 310 731 405
310 235 859 310
117 507 243 896
859 0 930 783
310 127 859 235
117 127 310 507
0 127 117 1000
0 0 859 127
636 835 743 842
403 197 406 591
951 908 975 997
927 908 951 997
867 836 890 941
205 940 305 983
867 658 893 836
893 697 927 836
927 821 1000 908
893 466 927 697
927 713 1000 821
407 970 720 1000
308 756 364 935
754 864 863 987
381 197 403 874
636 695 743 835
564 695 636 911
486 695 564 911
205 756 308 940
127 756 205 1000
407 911 730 970
127 679 381 756
127 597 381 679
754 658 867 864
486 604 743 695
927 264 982 713
754 466 893 658
486 502 754 604
127 484 381 597
70 484 127 1000
407 502 486 911
754 264 927 466
70 371 381 484
407 390 754 502
407 264 754 390
407 177 1000 264
407 89 1000 177
407 0 1000 89
70 197 381 371
70 0 407 197
0 0 70 1000
642 747 649 780
649 225 650 842
996 508 998 834
998 388 1000 756
373 963 512 969
512 826 521 999
306 761 373 802
642 225 649 747
512 725 553 826
979 508 996 800
896 660 979 724
449 459 510 568
590 408 603 928
765 778 896 832
765 694 896 778
765 605 896 694
553 408 590 738
896 508 979 660
625 225 642 972
765 508 896 605
512 408 553 725
765 450 998 508
765 388 998 450
373 766 461 963
512 225 625 408
765 289 1000 388
373 459 449 766
731 289 765 1000
695 289 731 1000
695 183 1000 289
373 225 512 459
83 562 163 995
695 68 1000 183
650 68 695 1000
373 68 650 225
306 68 373 761
255 68 306 1000
196 68 255 1000
83 68 196 562
83 0 1000 68
0 0 83 1000
602 576 605 579
999 0 1000 601
300 576 602 579
673 995 947 1000
462 506 500 576
929 540 982 602
673 978 877 995
558 842 588 1000
385 506 462 576
929 409 982 540
515 842 558 1000
834 839 915 928
781 839 834 978
515 794 673 842
385 445 517 506
475 794 515 1000
434 794 475 1000
434 749 673 794
300 445 385 576
982 0 999 667
203 445 300 583
673 839 781 978
366 749 434 1000
846 347 905 656
203 404 673 445
282 749 366 1000
929 0 982 409
767 476 846 769
184 749 282 1000
184 696 673 749
846 0 929 347
82 696 184 1000
82 640 673 696
82 583 673 640
0 583 82 1000
0 404 203 583
767 0 846 476
0 303 673 404
673 0 767 839
0 152 673 303
0 0 673 152
827 261 893 272
824 690 849 776
900 889 1000 918
940 666 971 764
824 663 940 690
868 889 900 997
790 663 824 776
868 858 1000 889
493 261 827 274
750 663 790 776
830 858 868 997
781 858 830 1000
940 543 999 666
703 327 957 356
804 202 959 261
750 609 940 663
696 858 781 1000
672 609 750 776
591 609 672 776
703 274 968 327
589 858 696 1000
787 95 937 198
589 820 1000 858
493 202 804 261
476 820 589 1000
591 543 940 609
476 776 1000 820
477 543 591 776
348 776 476 1000
348 543 477 776
493 95 787 202
348 491 1000 543
265 491 348 1000
178 491 265 1000
91 491 178 1000
91 430 932 491
91 363 895 430
91 274 703 363
91 95 493 274
91 0 1000 95
0 0 91 1000
890 696 949 699
778 699 926 701
778 696 890 699
489 661 920 662
987 776 1000 858
867 297 980 309
951 440 983 493
387 696 778 701
546 795 954 805
746 613 997 629
867 523 965 564
515 795 546 1000
622 499 928 522
954 776 987 999
489 644 938 661
489 613 746 644
515 776 954 795
387 613 489 696
473 776 515 1000
473 758 1000 776
741 297 867 394
387 590 931 613
598 297 741 394
473 731 1000 758
417 731 473 1000
417 702 1000 731
358 702 417 1000
298 702 358 1000
622 440 951 499
387 523 867 590
184 702 298 1000
184 523 387 702
184 440 622 523
184 394 1000 440
184 297 598 394
122 297 184 1000
122 240 1000 297
122 166 1000 240
122 86 1000 166
122 0 1000 86
0 0 122 1000
778 920 785 921
613 213 618 374
186 970 215 1000
997 207 1000 888
323 780 366 873
815 883 887 949
311 873 409 922
966 709 988 960
534 578 551 952
618 920 778 973
461 802 534 928
785 512 815 820
815 737 887 883
323 646 409 780
618 847 785 920
186 873 311 970
815 562 887 737
267 646 323 873
966 207 997 709
815 340 887 562
461 578 534 802
186 646 267 873
887 657 963 934
409 578 461 999
409 421 552 578
186 535 409 646
186 421 409 535
186 350 552 421
145 350 186 1000
618 683 785 847
618 512 785 683
95 350 145 1000
618 340 815 512
887 207 966 657
618 207 887 340
552 213 613 915
618 81 1000 207
95 213 552 350
95 81 618 213
95 0 1000 81
0 0 95 1000
402 250 404 533
546 791 557 917
884 865 925 928
966 728 997 827
287 740 334 809
73 873 174 906
546 516 559 791
0 901 61 965
263 740 287 1000
174 884 240 991
387 250 402 827
174 781 263 884
927 728 966 997
800 813 869 994
73 735 174 873
724 813 800 1000
647 813 724 1000
927 417 977 728
647 738 884 813
647 659 884 738
884 417 927 865
647 576 884 659
647 491 884 576
607 491 647 1000
607 417 884 491
607 361 1000 417
483 516 546 925
404 516 483 851
561 361 607 1000
561 294 1000 361
334 250 387 881
263 250 334 740
404 294 561 516
404 223 1000 294
404 148 1000 223
404 69 1000 148
174 250 263 781
73 250 174 735
73 69 404 250
73 0 1000 69
0 0 73 901
956 862 963 906
147 559 151 638
829 954 946 959
963 673 1000 809
234 820 265 995
234 640 269 820
151 876 224 965
417 899 488 1000
439 720 578 781
214 309 269 469
439 659 589 720
417 841 589 899
829 862 956 954
686 862 829 959
439 557 589 659
318 841 417 1000
147 309 214 559
686 801 963 862
439 444 589 557
686 738 963 801
686 673 963 738
386 444 439 801
151 640 234 876
686 607 1000 673
686 538 1000 607
686 467 1000 538
641 467 686 1000
641 393 1000 467
318 444 386 841
589 393 641 1000
589 315 1000 393
318 315 589 444
318 260 1000 315
318 202 1000 260
318 142 1000 202
318 80 1000 142
269 80 318 1000
0 640 151 943
0 309 147 640
269 0 1000 80
0 0 269 309
530 993 963 994
895 615 987 623
884 615 895 770
582 491 931 499
741 865 805 912
820 444 991 463
687 865 741 926
884 579 987 615
724 444 820 485
995 0 1000 849
746 953 955 976
746 926 973 953
653 926 746 993
582 865 687 926
352 809 861 822
582 444 724 491
530 926 653 993
413 926 530 1000
834 289 903 428
832 579 884 770
765 579 832 809
717 289 834 428
717 221 995 289
118 926 413 1000
659 579 765 809
659 502 995 579
118 865 582 926
562 502 659 809
582 221 717 444
473 221 582 502
118 830 995 865
458 502 562 809
352 502 458 809
352 221 473 502
352 153 995 221
278 153 352 830
198 153 278 830
118 153 198 830
118 81 995 153
118 0 995 81
0 0 118 1000
562 123 565 251
748 642 753 851
498 490 557 521
557 123 562 546
880 726 892 940
264 498 367 528
880 686 1000 726
59 776 100 895
59 640 100 776
729 642 748 957
616 811 689 925
397 724 566 774
279 917 560 948
349 724 397 917
880 588 1000 686
880 477 1000 588
279 724 349 917
227 724 279 1000
0 640 59 896
839 477 880 893
616 642 729 811
797 477 839 940
227 666 566 724
165 666 227 1000
753 477 797 968
498 123 557 490
367 330 476 533
165 610 566 666
616 477 753 642
367 123 498 330
616 388 1000 477
616 297 1000 388
264 123 367 498
616 195 1000 297
566 195 616 1000
566 98 1000 195
566 0 1000 98
165 123 264 610
165 0 566 123
107 0 165 1000
0 0 107 640
618 775 621 877
613 775 618 914
857 786 1000 802
857 765 1000 786
173 536 180 994
0 907 149 933
517 685 560 794
517 554 560 685
857 723 1000 765
834 723 857 1000
834 681 1000 723
0 855 151 907
809 681 834 1000
494 554 517 909
809 623 1000 681
560 775 613 988
773 623 809 1000
773 559 1000 623
739 559 773 1000
447 554 494 874
700 559 739 1000
700 499 1000 559
0 730 163 855
700 425 1000 499
658 425 700 1000
658 352 1000 425
658 275 1000 352
621 275 658 1000
560 275 621 775
447 275 560 554
402 275 447 1000
0 536 173 730
352 275 402 1000
293 275 352 883
293 208 1000 275
293 139 1000 208
235 139 293 1000
235 70 1000 139
235 0 1000 70
181 0 235 1000
0 0 181 536
971 954 978 983
719 758 900 770
0 995 734 998
595 972 893 983
888 303 907 480
709 416 846 443
971 357 978 954
0 988 832 995
678 416 709 609
529 801 581 921
678 385 888 416
606 712 887 736
647 385 678 609
529 758 719 801
647 350 888 385
396 740 906 757
468 758 529 921
911 696 948 971
952 357 971 943
647 303 888 350
397 758 468 921
911 357 952 696
595 921 906 972
591 303 647 609
606 609 777 712
978 0 999 863
259 758 397 921
591 230 911 303
911 0 978 357
591 152 911 230
396 609 606 740
525 152 591 609
457 152 525 609
0 921 595 988
366 152 457 609
0 758 259 921
258 152 366 609
145 152 258 609
0 609 396 758
0 152 145 609
0 0 911 152
622 878 708 880
990 164 991 603
855 897 872 1000
789 274 796 661
277 476 357 512
497 882 542 995
277 408 357 476
944 655 967 912
443 882 497 995
260 408 277 808
967 566 986 973
776 274 789 978
967 164 990 566
357 882 443 1000
622 627 665 878
944 164 967 655
576 627 622 882
232 408 260 847
188 847 339 942
516 627 576 882
855 614 909 897
516 565 776 627
462 565 516 882
188 408 232 847
188 291 357 408
462 498 776 565
157 291 188 968
462 430 776 498
414 430 462 882
414 361 776 430
115 291 157 968
74 291 115 1000
357 361 414 882
357 274 776 361
855 164 944 614
796 164 855 908
357 164 796 274
357 72 1000 164
74 72 357 291
74 0 1000 72
0 0 74 1000
838 729 839 868
890 675 891 938
717 88 719 614
450 733 587 743
911 366 918 619
998 0 1000 979
956 174 960 835
712 88 717 882
610 754 651 960
450 670 587 733
450 602 587 670
942 174 956 847
173 927 325 1000
844 675 890 952
761 729 838 908
410 602 450 970
410 527 610 602
375 527 410 970
918 174 942 851
375 456 610 527
173 818 330 927
340 456 375 1000
844 366 911 675
173 511 241 818
340 376 610 456
173 376 340 511
961 0 998 635
173 319 610 376
681 88 712 915
134 319 173 1000
761 366 844 729
761 174 918 366
720 174 761 961
134 250 610 319
89 250 134 1000
89 183 610 250
720 0 961 174
610 88 681 754
89 88 610 183
89 0 720 88
0 0 89 1000
993 879 998 893
399 986 462 999
617 677 620 954
416 908 521 925
297 938 340 980
416 715 426 908
993 479 998 879
825 951 924 988
825 760 845 951
825 733 993 760
825 705 993 733
399 715 416 986
399 680 562 715
825 669 993 705
399 634 562 680
802 669 825 1000
60 688 107 899
770 669 802 1000
770 620 993 669
0 688 60 917
358 634 399 986
358 561 562 634
730 620 770 1000
730 559 993 620
730 479 993 559
297 561 358 938
228 561 297 1000
730 361 1000 479
228 463 562 561
228 361 562 463
172 361 228 1000
617 361 730 677
617 261 1000 361
172 262 562 361
562 261 617 1000
113 262 172 1000
562 136 1000 261
113 135 562 262
562 0 1000 136
113 0 562 135
0 0 113 688
109 919 162 952
845 837 958 857
254 854 389 871
831 837 845 1000
254 833 389 854
17 758 34 957
0 758 17 1000
229 833 254 1000
831 800 958 837
805 800 831 1000
229 788 389 833
973 619 999 902
805 753 973 800
191 788 229 1000
162 594 191 925
191 733 389 788
758 753 805 1000
758 696 973 753
191 668 389 733
191 598 389 668
710 696 758 1000
191 512 389 598
109 594 162 919
0 594 109 758
0 493 191 594
191 411 389 512
710 619 973 696
655 619 710 1000
191 292 389 411
590 619 655 1000
590 553 1000 619
523 553 590 1000
523 488 1000 553
459 488 523 1000
389 488 459 1000
0 292 191 493
389 417 1000 488
389 290 1000 417
389 152 1000 290
389 0 1000 152
0 0 389 292
996 523 998 903
993 523 996 920
803 851 814 1000
803 694 831 851
785 694 803 1000
934 879 993 976
109 826 152 965
785 651 934 694
934 680 966 879
738 686 770 927
0 847 79 945
0 763 109 847
934 523 993 680
156 464 179 869
785 588 934 651
785 523 934 588
785 461 1000 523
785 399 1000 461
738 399 785 686
707 399 738 875
680 399 707 1000
109 464 156 826
648 399 680 1000
614 399 648 1000
614 336 1000 399
403 769 516 991
403 564 530 769
573 336 614 1000
530 336 573 1000
403 336 530 564
355 336 403 1000
306 336 355 1000
0 464 109 763
306 286 1000 336
306 221 1000 286
306 149 1000 221
243 149 306 1000
179 149 243 1000
179 76 1000 149
179 0 1000 76
0 0 179 464
580 542 609 574
893 792 1000 808
866 618 879 829
580 445 609 542
236 954 305 997
893 753 1000 792
792 866 829 987
236 895 345 954
385 727 411 1000
385 652 482 727
700 511 717 942
835 618 866 910
236 810 349 895
893 654 1000 753
792 618 835 866
236 736 385 810
893 550 1000 654
893 442 1000 550
236 652 385 736
199 652 236 1000
545 445 580 828
160 652 199 1000
160 606 486 652
792 442 893 618
759 442 792 1000
160 547 486 606
717 442 759 1000
107 547 160 1000
486 445 545 925
717 321 1000 442
717 197 1000 321
717 70 1000 197
107 445 486 547
107 362 610 445
610 511 700 978
107 274 610 362
107 186 610 274
610 70 717 511
107 70 610 186
107 0 1000 70
0 0 107 1000
752 689 793 691
710 921 793 931
507 892 590 905
897 723 910 964
957 702 1000 782
635 711 654 940
854 838 897 940
334 661 372 846
654 793 701 961
752 464 793 689
654 618 710 793
957 458 1000 702
654 416 710 618
590 711 635 974
934 458 957 1000
934 251 1000 458
507 711 590 892
436 711 507 931
934 0 1000 251
793 592 847 899
372 711 436 1000
710 464 752 921
245 661 334 885
372 637 654 711
372 560 654 637
372 481 654 560
245 481 372 661
245 416 654 481
897 0 934 723
198 416 245 1000
198 352 710 416
146 352 198 1000
93 352 146 1000
93 294 710 352
854 0 897 838
793 0 854 592
710 0 793 464
93 216 710 294
93 130 710 216
93 0 710 130
0 0 93 1000
975 367 976 740
915 237 916 938
824 826 897 846
968 367 975 887
561 492 655 532
583 968 714 997
441 968 583 999
824 761 904 826
994 0 1000 971
939 752 968 967
904 237 915 924
791 761 824 1000
655 479 700 672
655 390 753 479
504 492 561 649
939 367 968 752
791 661 904 761
791 561 904 661
657 705 718 929
916 367 939 988
791 431 904 561
504 390 655 492
977 0 994 984
504 308 753 390
530 705 657 876
791 237 904 431
916 0 977 367
441 705 530 968
357 705 441 1000
442 308 504 705
753 237 791 1000
357 308 442 705
307 308 357 1000
753 0 916 237
307 217 753 308
244 217 307 1000
244 101 753 217
177 101 244 1000
106 101 177 1000
106 0 753 101
0 0 106 1000
996 759 999 837
970 959 987 993
996 420 999 759
970 726 987 959
989 420 996 987
929 741 970 865
717 652 823 707
970 420 989 726
688 652 717 933
318 486 402 587
492 960 771 991
650 652 688 933
287 486 318 837
287 389 402 486
610 652 650 933
929 466 970 741
287 288 402 389
610 594 823 652
576 594 610 960
888 466 929 789
854 466 888 887
823 466 854 929
576 529 823 594
537 529 576 960
492 529 537 960
492 466 823 529
447 466 492 1000
447 420 970 466
76 589 149 926
447 372 1000 420
402 372 447 1000
0 589 76 972
402 315 1000 372
402 242 1000 315
402 168 1000 242
402 86 1000 168
211 288 287 941
402 0 1000 86
211 0 402 288
149 0 211 1000
0 0 149 589
820 630 822 943
353 500 356 859
416 834 463 864
286 825 353 857
637 313 642 814
810 630 820 943
810 612 1000 630
810 594 1000 612
565 859 594 976
221 957 341 988
810 558 1000 594
810 522 1000 558
795 522 810 1000
795 485 1000 522
542 487 560 926
779 485 795 1000
762 485 779 1000
463 781 530 927
463 632 534 781
762 437 1000 485
463 487 542 632
612 313 637 884
416 487 463 834
726 437 762 1000
286 500 353 825
685 437 726 1000
685 360 1000 437
685 279 1000 360
565 313 612 859
416 313 565 487
221 500 286 957
643 279 685 1000
643 190 1000 279
643 85 1000 190
416 85 643 313
358 85 416 1000
221 85 358 500
158 85 221 1000
84 85 158 1000
84 0 1000 85
0 0 84 1000
438 192 440 314
408 404 425 453
425 192 438 310
303 844 346 895
873 723 882 1000
861 723 873 1000
252 639 275 806
674 654 687 1000
674 611 787 654
840 723 861 1000
252 508 299 639
394 404 408 907
840 676 1000 723
811 676 840 1000
811 626 1000 676
375 404 394 953
811 568 1000 626
811 506 1000 568
787 506 811 1000
674 506 787 611
346 404 375 976
640 506 674 1000
346 192 425 404
640 458 1000 506
640 410 1000 458
640 355 1000 410
604 355 640 1000
303 192 346 844
190 508 252 965
604 272 1000 355
558 272 604 1000
190 192 303 508
81 624 190 952
500 272 558 1000
500 181 1000 272
81 192 190 624
440 181 500 1000
440 91 1000 181
440 0 1000 91
81 0 440 192
0 0 81 1000
998 0 1000 467
945 883 998 933
993 0 998 793
286 766 443 792
485 756 652 790
731 808 840 865
286 725 443 766
286 683 443 725
798 317 815 712
880 608 909 865
850 883 945 972
779 317 798 778
485 706 663 756
286 623 443 683
756 317 779 746
445 706 485 977
254 623 286 977
445 653 663 706
445 597 663 653
731 317 756 808
731 210 850 317
951 375 992 735
108 977 761 1000
880 375 951 608
880 215 993 375
663 275 693 958
445 502 663 597
701 210 731 971
254 502 445 623
880 0 993 215
850 0 880 883
254 430 663 502
254 354 663 430
701 0 850 210
254 275 663 354
254 199 701 275
192 199 254 977
192 100 701 199
192 0 701 100
108 0 192 977
0 0 108 1000
789 667 791 917
987 891 1000 931
311 208 314 881
315 888 336 1000
246 468 256 719
137 815 153 1000
315 860 496 888
257 706 300 845
538 817 682 861
102 815 137 1000
682 837 735 963
496 817 538 1000
987 298 1000 891
300 208 311 922
58 815 102 1000
838 918 975 986
199 468 246 713
315 794 496 860
838 816 977 918
838 703 987 816
496 726 682 817
682 667 789 837
257 208 300 706
682 459 791 667
315 658 496 794
838 536 987 703
496 581 682 726
496 430 682 581
838 298 987 536
838 68 1000 298
315 430 496 658
791 68 838 948
315 316 682 430
682 68 791 459
315 192 682 316
315 68 682 192
315 0 1000 68
58 468 199 815
58 208 257 468
58 0 315 208
0 0 58 1000
861 952 891 954
744 865 813 894
744 827 813 865
911 761 975 838
324 604 359 770
78 831 151 928
697 827 744 984
78 725 157 831
975 472 992 988
861 761 911 952
324 274 359 604
261 770 314 990
622 827 697 984
861 654 975 761
261 557 320 770
231 557 261 1000
861 533 975 654
622 738 813 827
191 557 231 1000
622 641 813 738
191 406 324 557
157 406 191 1000
813 533 861 954
622 533 813 641
622 472 975 533
157 274 324 406
579 472 622 1000
579 409 1000 472
528 409 579 1000
528 344 1000 409
481 344 528 1000
78 274 157 725
421 344 481 1000
359 344 421 1000
359 280 1000 344
359 210 1000 280
359 139 1000 210
359 65 1000 139
78 65 359 274
78 0 1000 65
0 0 78 1000
517 902 519 948
706 667 708 897
277 869 286 996
519 888 608 902
689 843 702 982
708 293 712 760
689 667 706 843
608 907 667 972
519 837 608 888
608 825 669 907
170 869 277 923
246 600 278 781
608 730 676 825
689 293 708 667
449 626 519 739
676 293 689 936
519 712 608 837
823 868 960 969
608 513 676 730
449 415 519 626
362 902 517 999
823 775 1000 868
823 677 1000 775
519 513 608 712
823 563 1000 677
170 600 246 869
765 563 823 1000
765 452 1000 563
712 452 765 1000
712 348 1000 452
712 231 1000 348
519 293 676 513
712 105 1000 231
519 105 712 293
362 415 449 902
362 105 519 415
297 105 362 1000
170 105 297 600
99 105 170 1000
99 0 1000 105
0 0 99 1000
657 702 659 734
390 650 392 989
218 893 319 902
611 475 660 497
648 702 657 941
759 874 857 920
0 961 158 990
981 553 1000 903
617 702 648 942
759 795 857 874
981 122 999 553
564 475 611 685
218 774 319 893
964 122 981 936
900 615 940 962
553 702 617 943
759 635 857 795
319 650 390 880
900 354 964 615
710 635 759 1000
660 635 710 1000
660 541 857 635
660 432 857 541
464 702 553 949
464 475 564 702
857 354 900 893
464 356 660 475
857 122 964 354
319 300 392 650
660 290 857 432
464 192 660 356
660 122 857 290
0 735 163 961
660 0 1000 122
397 192 464 898
218 300 319 774
397 0 660 192
218 0 397 300
163 0 218 1000
0 380 163 735
0 0 163 380
897 968 980 971
897 951 999 968
871 726 915 784
245 446 256 709
208 736 245 840
144 667 159 980
897 892 978 951
683 971 870 1000
257 287 271 712
871 665 979 726
802 892 897 971
793 665 871 784
683 892 802 971
793 617 1000 665
208 446 245 736
683 839 921 892
603 839 683 1000
698 617 793 784
603 798 1000 839
603 617 698 798
557 617 603 1000
71 667 144 930
557 573 1000 617
0 667 71 939
557 522 1000 573
508 522 557 1000
163 446 208 967
457 522 508 1000
400 522 457 1000
400 469 1000 522
400 409 1000 469
0 446 163 667
400 341 1000 409
0 287 257 446
336 341 400 1000
271 341 336 1000
271 270 1000 341
271 182 1000 270
271 91 1000 182
271 0 1000 91
0 0 271 287
