776 679 777 842
769 679 776 986
853 824 1000 849
795 824 853 1000
715 679 769 990
795 727 1000 824
602 679 715 874
795 618 1000 727
602 542 795 679
795 430 1000 618
795 224 1000 430
602 224 795 542
435 224 602 1000
219 224 435 1000
219 0 1000 224
0 0 219 1000
172 926 197 1000
395 908 442 1000
395 827 593 908
593 913 914 966
172 827 395 926
172 771 593 827
172 714 593 771
748 716 947 845
593 716 748 913
593 606 1000 716
172 607 593 714
172 390 593 607
593 351 1000 606
593 0 1000 351
172 0 593 390
0 0 172 1000
577 964 908 973
658 813 691 964
577 813 658 964
577 775 996 813
577 737 996 775
577 664 809 737
577 613 1000 664
577 552 1000 613
577 477 1000 552
514 477 577 1000
514 382 1000 477
514 246 1000 382
411 246 514 1000
411 0 1000 246
246 0 411 1000
0 0 246 1000
740 684 837 745
809 880 1000 925
839 718 1000 773
0 896 96 1000
688 684 740 880
0 855 257 896
839 626 1000 718
572 880 809 1000
263 535 379 810
839 249 1000 626
688 249 839 684
572 249 688 880
0 535 263 855
572 0 1000 249
379 0 572 1000
0 0 379 535
514 943 602 1000
0 885 72 1000
907 803 996 901
907 598 1000 803
514 873 795 943
907 361 1000 598
872 361 907 1000
872 179 1000 361
514 718 863 873
309 718 514 1000
309 592 872 718
309 392 872 592
309 179 872 392
309 0 1000 179
167 0 309 1000
0 0 167 885
0 965 16 970
868 879 959 1000
681 480 909 563
708 879 868 1000
0 851 307 965
681 370 1000 480
708 757 1000 879
527 757 708 1000
307 757 527 1000
307 672 1000 757
307 563 891 672
307 370 681 563
307 264 1000 370
307 157 1000 264
307 0 1000 157
0 0 307 851
774 612 788 805
723 612 774 805
699 805 870 866
640 612 723 805
640 536 1000 612
542 805 699 998
345 805 542 1000
493 536 640 805
345 536 493 805
226 536 345 1000
226 464 1000 536
226 353 1000 464
226 239 1000 353
226 121 1000 239
226 0 1000 121
0 0 226 1000
629 927 809 970
787 691 967 765
967 0 1000 596
629 854 946 927
629 691 787 854
629 597 967 691
546 597 629 1000
546 501 967 597
546 405 967 501
474 405 546 1000
383 405 474 1000
291 405 383 1000
198 405 291 1000
0 405 198 1000
0 213 967 405
0 0 967 213
425 738 465 975
643 746 792 885
331 738 425 975
643 582 792 746
792 677 918 1000
891 106 988 608
331 518 561 738
792 106 891 677
194 518 331 975
194 340 561 518
643 106 792 582
561 106 643 1000
194 106 561 340
96 106 194 1000
96 0 1000 106
0 0 96 1000
870 784 983 798
773 681 870 793
950 0 1000 421
532 811 773 902
168 947 633 1000
870 577 1000 784
773 395 870 681
532 692 773 811
870 0 950 577
532 395 773 692
532 172 870 395
420 172 532 947
307 172 420 947
307 0 870 172
168 0 307 947
0 0 168 1000
275 840 353 1000
275 776 474 840
681 643 757 906
275 643 474 776
926 410 981 951
584 643 681 1000
474 643 584 1000
474 530 847 643
847 410 926 960
474 410 847 530
474 308 1000 410
474 178 1000 308
275 178 474 643
152 178 275 1000
152 0 1000 178
0 0 152 1000
450 947 508 978
887 806 943 997
211 947 450 1000
887 671 1000 806
503 745 681 845
503 608 638 745
211 888 571 947
211 845 887 888
503 514 887 608
393 514 503 845
211 514 393 845
887 0 1000 671
211 393 887 514
0 393 211 1000
0 200 887 393
0 0 887 200
746 844 882 863
660 844 746 907
931 500 1000 687
660 771 931 844
570 907 905 1000
168 770 373 936
660 643 931 771
0 770 168 1000
660 500 931 643
660 384 1000 500
570 384 660 907
489 384 570 1000
489 282 1000 384
373 282 489 1000
373 0 1000 282
0 0 373 770
499 998 1000 1000
766 740 832 823
735 740 766 951
735 710 1000 740
681 710 735 951
681 644 1000 710
499 951 978 998
592 644 681 951
499 644 592 951
499 519 1000 644
499 387 1000 519
499 177 1000 387
361 177 499 1000
191 177 361 1000
191 0 1000 177
0 0 191 1000
929 619 1000 727
735 207 773 527
882 619 929 957
882 461 1000 619
447 802 674 923
447 678 728 802
882 0 967 461
773 490 863 933
447 537 735 678
447 387 735 537
773 0 882 490
348 387 447 1000
232 387 348 1000
232 207 735 387
232 0 773 207
0 0 232 1000
811 688 1000 702
811 665 1000 688
780 665 811 894
651 894 810 967
510 894 651 1000
780 552 1000 665
780 406 1000 552
187 616 368 795
98 616 187 1000
0 616 98 1000
634 406 780 894
634 185 1000 406
510 185 634 894
510 0 1000 185
383 0 510 1000
0 0 383 616
810 609 827 705
791 799 804 948
791 609 810 799
791 532 1000 609
755 532 791 998
755 429 1000 532
707 429 755 998
645 429 707 998
538 429 645 1000
538 293 1000 429
432 293 538 1000
432 160 1000 293
332 160 432 1000
332 0 1000 160
192 0 332 1000
0 0 192 1000
780 770 1000 795
917 430 939 681
864 430 917 589
864 354 1000 430
713 770 780 1000
793 354 864 770
575 770 713 1000
683 354 793 770
683 157 1000 354
575 157 683 770
494 157 575 1000
387 157 494 895
290 157 387 1000
160 157 290 1000
160 0 1000 157
0 0 160 1000
407 996 510 999
684 860 713 1000
684 806 851 860
555 774 638 917
555 665 682 774
684 691 851 806
851 702 921 985
684 516 851 691
851 457 1000 702
851 179 1000 457
407 665 555 996
684 179 851 516
684 0 1000 179
407 0 684 665
207 0 407 1000
0 0 207 1000
114 963 869 974
609 731 907 784
114 943 925 963
747 454 815 731
938 268 999 608
114 902 739 943
747 268 938 454
114 835 1000 902
609 268 747 731
485 268 609 835
485 126 1000 268
373 126 485 835
253 126 373 835
114 126 253 835
114 0 1000 126
0 0 114 1000
349 582 406 682
0 875 113 1000
734 888 967 977
822 489 956 698
715 489 822 757
269 582 349 955
406 888 734 1000
715 333 956 489
593 333 715 757
406 757 911 888
593 167 1000 333
593 0 1000 167
501 0 593 757
406 0 501 757
269 0 406 582
0 0 269 875
245 843 371 861
245 774 371 843
906 654 1000 757
190 774 245 1000
592 791 803 939
803 654 906 961
803 469 1000 654
190 488 371 774
592 469 803 791
592 300 1000 469
484 300 592 1000
484 143 1000 300
381 143 484 1000
381 0 1000 143
190 0 381 488
0 0 190 1000
865 796 1000 817
869 629 996 682
786 629 869 796
722 796 865 1000
525 796 722 1000
525 629 786 796
404 629 525 1000
404 547 1000 629
294 547 404 1000
294 467 1000 547
139 467 294 1000
139 362 1000 467
139 255 1000 362
139 138 1000 255
139 0 1000 138
0 0 139 860
513 967 638 980
988 646 999 904
837 688 852 967
837 646 988 688
151 753 266 1000
0 753 151 1000
837 382 1000 646
0 627 367 753
740 382 837 859
0 493 367 627
632 382 740 967
632 194 1000 382
632 0 1000 194
513 0 632 967
367 0 513 1000
0 0 367 493
374 714 399 991
611 825 707 1000
611 748 874 825
611 667 874 748
291 714 374 994
611 568 877 667
538 568 611 967
538 449 877 568
458 449 538 1000
458 331 877 449
877 162 978 759
458 162 877 331
291 162 458 714
175 162 291 1000
175 0 1000 162
0 0 175 1000
781 892 811 981
755 892 781 1000
848 688 873 892
675 892 755 1000
848 585 1000 688
154 892 675 979
689 585 848 892
473 585 689 892
473 459 1000 585
316 459 473 892
154 459 316 892
154 371 1000 459
154 264 1000 371
154 138 1000 264
154 0 1000 138
0 0 154 1000
818 636 1000 642
379 997 996 1000
379 990 787 997
771 923 970 966
715 636 818 748
661 636 715 923
661 590 1000 636
379 923 771 990
661 507 1000 590
581 507 661 923
581 400 1000 507
379 400 581 923
379 210 1000 400
379 0 1000 210
227 0 379 1000
0 0 227 1000
506 430 536 531
623 673 693 834
255 929 462 1000
846 808 1000 933
846 656 1000 808
536 673 623 942
846 469 1000 656
786 469 846 1000
786 314 1000 469
404 430 506 909
693 314 786 1000
255 430 404 929
693 0 1000 314
536 0 693 673
255 0 536 430
0 0 255 1000
708 755 720 946
304 890 361 999
708 689 815 755
815 603 858 941
708 532 815 689
815 327 904 603
643 532 708 1000
534 532 643 1000
904 157 997 734
534 327 815 532
441 327 534 1000
441 157 904 327
441 0 1000 157
304 0 441 890
165 0 304 1000
0 0 165 1000
744 881 773 978
826 673 975 698
245 956 528 973
826 642 1000 673
780 642 826 881
780 501 1000 642
245 881 744 956
780 320 1000 501
709 320 780 881
632 320 709 881
530 320 632 881
404 320 530 881
404 161 1000 320
404 0 1000 161
245 0 404 881
0 0 245 1000
730 734 731 997
730 707 988 734
705 707 730 1000
705 679 988 707
705 601 1000 679
629 601 705 1000
629 511 1000 601
629 416 1000 511
556 416 629 962
556 294 1000 416
466 294 556 1000
466 167 1000 294
0 699 307 964
347 167 466 1000
347 0 1000 167
0 0 347 699
912 747 1000 772
806 623 877 747
504 596 565 834
460 596 504 1000
806 472 979 623
699 472 806 747
770 747 912 980
336 596 460 1000
565 747 770 1000
699 298 1000 472
565 298 699 747
336 298 565 596
336 164 1000 298
226 164 336 1000
226 0 1000 164
0 0 226 1000
741 585 1000 607
576 929 914 948
420 929 576 1000
794 724 967 803
420 889 983 929
420 825 983 889
420 724 794 825
420 585 741 724
291 585 420 1000
291 493 1000 585
291 401 1000 493
291 294 1000 401
170 294 291 1000
170 162 1000 294
170 0 1000 162
0 0 170 1000
997 519 999 546
997 283 999 519
997 0 1000 283
926 560 979 970
493 872 674 1000
926 230 997 560
261 872 493 1000
418 623 725 798
418 475 829 623
261 475 418 872
829 230 926 929
261 341 829 475
139 341 261 1000
0 341 139 1000
0 230 829 341
0 0 997 230
820 761 841 814
820 612 847 761
788 612 820 814
788 554 939 612
715 554 788 814
715 449 939 554
646 449 715 814
646 363 939 449
576 363 646 814
696 814 954 953
396 814 696 971
576 173 1000 363
396 173 576 814
250 173 396 1000
250 0 1000 173
0 0 250 1000
652 698 730 775
937 402 1000 527
108 759 159 1000
730 827 868 1000
572 698 652 1000
0 759 108 1000
866 402 937 785
474 698 572 1000
866 168 1000 402
474 421 730 698
341 421 474 1000
730 168 866 827
341 168 730 421
341 0 1000 168
223 0 341 1000
0 0 223 759
629 905 900 918
236 768 388 839
512 905 629 1000
236 652 388 768
177 652 236 999
512 816 757 905
512 756 961 816
512 671 1000 756
512 561 1000 671
388 561 512 1000
388 462 1000 561
388 342 1000 462
388 222 1000 342
388 0 1000 222
177 0 388 652
0 0 177 1000
510 572 624 614
417 572 510 723
0 813 190 976
891 611 1000 955
426 761 624 962
785 611 891 1000
223 761 426 1000
417 298 624 572
0 548 223 813
624 611 785 1000
624 423 1000 611
624 231 1000 423
624 0 1000 231
223 298 417 761
223 0 624 298
0 0 223 548
156 991 784 994
793 611 860 833
657 854 831 985
793 491 1000 611
654 491 793 719
654 382 1000 491
573 382 654 854
573 288 1000 382
498 288 573 854
397 288 498 854
397 181 1000 288
295 181 397 854
156 854 657 991
156 181 295 854
156 0 1000 181
0 0 156 1000
683 856 833 917
404 772 607 826
337 772 404 1000
267 772 337 1000
683 794 940 856
683 731 980 794
607 731 683 1000
165 772 267 1000
607 642 980 731
0 772 165 1000
607 510 980 642
0 678 607 772
607 328 980 510
607 0 1000 328
0 351 607 678
0 0 607 351
