276 952 320 959
703 694 1000 699
211 960 314 980
276 803 294 952
396 469 410 680
376 698 447 765
703 675 1000 694
680 675 703 944
657 675 680 944
630 675 657 944
396 289 439 469
376 289 396 698
603 675 630 1000
576 675 603 1000
347 289 376 593
576 653 1000 675
576 629 1000 653
211 803 276 960
536 629 576 1000
536 596 1000 629
324 289 347 948
536 557 1000 596
536 510 1000 557
211 604 323 803
536 459 1000 510
536 407 1000 459
536 350 1000 407
536 293 1000 350
536 233 1000 293
494 233 536 1000
211 289 324 604
494 162 1000 233
211 162 494 289
211 115 1000 162
166 115 211 1000
166 60 1000 115
117 60 166 1000
117 0 1000 60
62 0 117 1000
0 0 62 1000
656 985 757 991
933 309 938 442
755 522 757 980
199 621 477 626
199 616 477 621
199 611 477 616
787 445 888 480
994 0 999 914
477 756 501 967
199 590 477 611
757 812 908 851
987 0 994 943
732 522 755 812
890 527 921 799
890 309 933 527
938 225 956 802
956 606 985 972
170 590 199 989
578 418 601 916
170 551 477 590
787 309 890 445
477 571 556 756
136 551 170 989
757 309 787 812
757 225 938 309
477 418 578 571
98 551 136 989
956 0 987 606
98 486 477 551
98 418 477 486
52 418 98 989
0 418 52 989
0 362 601 418
656 522 732 985
757 0 956 225
656 0 757 522
601 0 656 1000
0 255 601 362
0 143 601 255
0 0 601 143
563 995 883 1000
445 157 448 720
683 789 829 802
683 442 692 789
683 426 894 442
102 496 239 520
102 476 271 496
102 456 271 476
994 0 999 853
102 428 271 456
402 562 431 787
90 428 102 1000
78 428 90 1000
402 322 433 562
379 322 402 687
983 0 994 770
78 365 271 428
308 322 379 497
645 426 683 805
619 426 645 995
947 489 979 950
592 426 619 995
563 426 592 995
563 374 894 426
535 374 563 1000
535 324 894 374
508 324 535 1000
508 274 894 324
481 274 508 1000
451 274 481 1000
308 157 445 322
451 222 894 274
894 489 947 962
271 157 308 892
451 132 894 222
78 157 271 365
894 0 983 489
451 0 894 132
78 0 451 157
0 0 78 1000
608 912 631 922
937 617 938 858
54 998 625 1000
259 527 264 929
547 736 600 773
54 993 504 998
259 517 547 527
251 517 259 929
251 505 547 517
251 493 547 505
251 481 547 493
251 468 547 481
978 439 995 690
239 468 251 929
547 636 608 736
947 439 978 648
906 617 937 837
608 562 631 912
608 266 637 562
239 438 547 468
870 866 953 976
214 438 239 940
188 438 214 940
947 133 1000 439
784 342 863 550
647 342 784 479
906 133 947 617
547 266 608 636
870 133 906 866
188 356 547 438
54 940 626 993
188 266 547 356
188 179 637 266
647 133 870 342
647 0 1000 133
121 179 188 940
54 179 121 940
54 92 647 179
54 0 647 92
0 0 54 1000
354 610 356 698
993 736 1000 930
99 961 196 977
993 411 1000 736
956 848 972 999
356 781 369 974
212 686 295 733
816 943 915 986
530 832 558 995
212 623 295 686
295 610 354 702
856 626 875 943
356 218 375 781
530 720 631 832
486 720 530 1000
816 626 856 943
435 720 486 1000
777 626 816 1000
777 540 956 626
956 411 993 848
435 644 668 720
435 567 668 644
435 487 668 567
777 411 956 540
295 218 356 610
435 381 668 487
726 411 777 1000
435 252 668 381
99 663 208 961
212 218 295 623
668 411 726 1000
668 303 1000 411
668 195 1000 303
668 80 1000 195
435 80 668 252
435 0 1000 80
99 218 212 663
376 0 435 1000
99 0 376 218
0 0 99 1000
322 577 325 845
983 480 988 813
437 885 473 988
290 747 307 966
988 403 999 775
540 558 767 579
846 480 983 518
785 588 802 947
785 480 846 588
540 523 767 558
767 480 785 1000
540 480 767 523
540 456 988 480
478 587 519 856
540 431 988 456
243 747 290 985
520 431 540 1000
437 587 478 885
437 431 520 587
243 577 322 747
413 431 437 1000
388 431 413 1000
357 431 388 1000
357 403 988 431
357 372 1000 403
357 341 1000 372
357 308 1000 341
326 308 357 1000
326 275 1000 308
326 237 1000 275
243 237 326 577
243 198 1000 237
243 158 1000 198
243 118 1000 158
208 118 243 1000
161 118 208 840
161 71 1000 118
105 71 161 1000
105 0 1000 71
0 0 105 1000
657 995 676 1000
777 413 780 865
951 342 954 989
788 631 841 677
261 362 268 732
850 342 951 382
766 413 777 936
841 342 850 1000
716 683 745 889
103 633 163 734
174 473 203 684
250 362 261 931
239 362 250 995
841 297 1000 342
289 494 309 973
289 449 503 494
841 234 1000 297
289 401 503 449
222 362 239 967
270 401 289 1000
103 473 174 633
615 637 649 984
270 334 503 401
43 473 103 754
657 683 716 995
43 362 222 473
43 274 270 362
556 637 615 982
788 234 841 631
270 242 503 334
788 119 1000 234
270 124 503 242
657 413 766 683
43 124 270 274
0 124 43 1000
657 119 788 413
556 119 657 637
556 0 1000 119
503 0 556 1000
0 0 503 124
998 816 1000 843
140 769 237 770
991 816 998 915
454 735 461 907
454 549 461 735
454 351 461 549
414 828 437 907
140 751 259 769
140 732 259 751
588 864 625 964
534 199 541 965
259 714 282 948
443 351 454 971
372 828 414 995
108 732 140 1000
794 816 991 866
108 660 259 732
588 670 659 864
794 744 1000 816
794 660 1000 744
743 660 794 1000
743 590 1000 660
743 515 1000 590
700 515 743 1000
700 443 1000 515
659 443 700 1000
659 372 1000 443
659 298 1000 372
588 298 659 670
588 220 1000 298
372 351 443 828
541 220 588 1000
259 351 372 714
461 199 534 808
108 351 259 660
541 117 1000 220
541 0 1000 117
108 199 461 351
108 0 541 199
0 0 108 1000
354 386 361 406
998 366 1000 809
995 366 998 829
462 765 471 992
692 656 703 1000
361 805 398 921
215 598 268 692
316 504 333 801
677 656 692 1000
677 629 904 656
677 599 904 629
677 566 912 599
538 566 677 630
215 504 316 598
398 400 421 840
462 203 481 765
84 872 170 999
538 536 912 566
912 767 989 924
538 503 912 536
511 503 538 1000
511 469 912 503
361 400 398 805
912 574 991 767
481 469 511 1000
215 386 354 504
912 366 995 574
361 203 462 400
481 421 912 469
481 366 912 421
481 316 1000 366
84 603 189 872
84 386 215 603
481 258 1000 316
481 181 1000 258
481 104 1000 181
84 203 361 386
481 0 1000 104
84 0 481 203
0 0 84 1000
155 990 234 997
206 959 360 964
247 809 410 818
206 948 385 959
994 255 999 701
563 829 587 978
520 984 831 996
626 516 831 537
956 657 993 791
345 462 386 587
206 901 333 948
855 657 956 721
155 964 406 990
855 603 994 657
626 470 831 516
831 603 855 1000
626 421 831 470
831 538 994 603
831 461 994 538
831 363 994 461
298 462 345 807
563 758 802 829
831 255 994 363
247 462 298 809
206 462 247 901
206 383 436 462
831 138 1000 255
563 421 626 758
206 287 436 383
520 421 563 984
520 342 831 421
520 252 831 342
155 287 206 964
520 138 831 252
478 138 520 1000
436 138 478 1000
155 138 436 287
155 71 1000 138
155 0 1000 71
0 0 155 1000
100 680 107 788
992 565 999 761
343 750 534 759
992 319 999 565
575 503 636 537
77 680 100 776
811 589 952 610
343 729 534 750
799 589 811 933
564 503 575 900
553 503 564 904
343 703 534 729
799 556 952 589
343 674 534 703
799 514 952 556
323 674 343 1000
553 420 636 503
323 633 534 674
534 420 553 868
778 514 799 933
323 574 534 633
778 430 952 514
323 497 534 574
323 420 534 497
0 680 77 891
719 430 778 783
283 420 323 1000
952 319 992 920
719 319 952 430
237 420 283 1000
237 329 646 420
646 319 719 832
646 213 1000 319
179 329 237 1000
646 85 1000 213
179 213 646 329
179 85 646 213
179 0 1000 85
107 0 179 1000
0 0 107 680
998 0 1000 233
422 795 433 862
0 769 6 1000
985 0 998 135
179 772 198 877
391 795 422 862
717 639 730 832
0 753 179 769
179 554 198 772
717 619 938 639
261 678 302 801
302 496 361 586
391 188 400 795
0 721 179 753
302 374 369 496
598 862 915 890
598 832 938 862
666 619 717 832
938 730 985 963
666 577 938 619
666 535 938 577
666 483 938 535
302 188 391 374
229 865 409 966
261 188 302 678
229 188 261 865
598 483 666 832
199 188 229 1000
550 483 598 1000
550 413 938 483
550 339 938 413
505 339 550 1000
0 554 179 721
505 267 938 339
938 0 985 730
439 267 505 1000
439 162 938 267
0 188 199 554
439 0 938 162
0 0 439 188
503 404 506 580
716 837 727 927
727 639 900 651
946 670 959 864
727 621 903 639
484 606 501 822
484 404 503 606
727 597 903 621
716 439 727 837
727 571 903 597
727 530 903 571
673 671 716 863
727 474 903 530
673 439 716 671
903 580 934 955
975 194 994 848
727 401 903 474
727 326 903 401
332 661 403 853
946 194 975 670
600 439 673 630
600 326 727 439
903 194 946 580
600 266 903 326
572 266 600 1000
444 404 484 991
572 194 903 266
403 404 444 998
572 136 1000 194
543 136 572 1000
506 136 543 811
403 136 506 404
332 136 403 661
332 68 1000 136
283 68 332 1000
283 0 1000 68
224 0 283 817
162 0 224 1000
99 0 162 1000
0 0 99 1000
147 989 149 1000
841 821 1000 825
541 256 546 504
518 399 541 486
518 256 541 399
509 256 518 623
368 770 451 814
788 473 811 654
147 937 230 989
812 821 841 1000
776 821 812 1000
776 787 1000 821
776 749 1000 787
731 473 788 654
731 426 958 473
230 486 253 970
730 749 776 1000
368 653 471 770
731 363 958 426
442 256 509 480
730 693 1000 749
731 295 958 363
679 693 730 1000
627 693 679 1000
731 218 958 295
731 152 1000 218
681 152 731 693
627 152 681 693
368 256 442 653
589 152 627 1000
547 152 589 1000
547 72 1000 152
147 486 230 937
308 256 368 947
308 72 547 256
308 0 1000 72
256 0 308 1000
147 0 256 486
76 0 147 1000
0 0 76 1000
404 145 409 174
998 91 1000 247
310 911 323 967
0 980 59 997
454 889 470 996
454 863 627 889
675 643 776 703
990 91 998 878
979 91 990 792
912 629 955 821
172 911 310 972
847 512 878 819
454 803 627 863
847 345 912 512
388 145 404 854
454 734 627 803
776 615 847 790
627 643 675 926
329 560 366 941
454 643 627 734
409 643 454 1000
776 345 847 615
409 590 776 643
172 648 247 911
409 535 776 590
172 496 323 648
329 145 388 560
172 340 329 496
172 145 329 340
409 447 776 535
912 91 979 629
127 145 172 972
409 345 776 447
409 265 912 345
409 180 912 265
409 91 912 180
0 521 101 980
0 145 127 521
409 0 1000 91
0 0 409 145
137 995 172 1000
858 781 893 822
719 930 743 991
669 822 887 829
988 397 999 541
132 550 137 989
331 991 737 998
786 829 815 930
208 748 311 791
79 550 132 650
0 820 71 903
208 690 321 748
669 781 858 822
208 606 321 690
761 624 825 775
208 514 321 606
669 624 761 781
596 624 669 829
945 397 988 765
596 576 945 624
596 524 945 576
208 354 321 514
596 467 945 524
171 354 208 904
0 550 79 820
137 354 171 995
331 930 719 991
596 397 945 467
596 336 1000 397
596 275 1000 336
0 354 137 550
596 204 1000 275
547 204 596 829
489 204 547 829
331 829 786 930
412 204 489 829
412 104 1000 204
412 0 1000 104
331 0 412 829
0 0 331 354
889 773 1000 783
438 566 464 609
400 566 438 609
889 741 1000 773
870 741 889 966
870 706 1000 741
870 663 1000 706
841 663 870 861
841 622 1000 663
821 622 841 966
665 966 907 995
699 674 778 773
821 577 1000 622
800 577 821 966
699 577 800 674
295 727 462 808
699 528 1000 577
148 935 430 988
148 864 388 935
699 471 1000 528
699 409 1000 471
665 409 699 966
665 349 1000 409
148 727 295 864
630 349 665 1000
630 284 1000 349
583 284 630 828
471 146 538 539
545 284 583 1000
400 146 471 566
327 146 400 596
148 637 521 727
248 146 327 609
545 201 1000 284
545 112 1000 201
148 146 248 637
545 0 1000 112
148 0 545 146
77 0 148 1000
0 0 77 1000
320 344 323 598
994 125 999 296
297 856 314 936
234 937 260 996
805 855 888 892
566 506 792 524
297 587 314 856
418 989 882 1000
297 344 320 587
805 824 997 855
547 506 566 824
284 344 297 844
846 895 997 944
547 475 792 506
255 344 284 627
547 431 792 475
234 344 255 937
127 476 234 601
511 431 547 824
97 476 127 997
511 372 792 431
511 312 792 372
97 344 234 476
511 244 792 312
905 125 994 353
792 125 905 323
418 948 967 989
418 895 846 948
61 344 97 1000
418 824 805 895
61 237 324 344
511 125 792 244
511 55 1000 125
466 55 511 824
418 55 466 824
374 55 418 1000
324 55 374 1000
61 55 324 237
61 0 1000 55
0 0 61 1000
629 765 646 781
997 425 1000 668
759 750 978 756
759 742 978 750
759 733 978 742
542 884 609 924
990 425 997 822
748 733 759 1000
629 549 646 765
748 708 978 733
978 425 990 904
287 787 324 954
748 669 978 708
359 812 412 997
714 669 748 1000
714 625 978 669
412 701 456 982
714 577 978 625
684 577 714 1000
412 522 485 701
684 531 978 577
684 484 978 531
542 712 621 884
490 712 542 981
359 522 412 812
647 484 684 1000
647 425 978 484
287 470 354 787
490 549 629 712
647 340 1000 425
490 340 647 549
490 257 1000 340
490 171 1000 257
359 171 490 522
178 470 287 892
178 171 359 470
178 91 1000 171
178 0 1000 91
95 0 178 1000
0 0 95 1000
304 529 306 572
304 338 307 529
679 400 1000 405
226 854 244 967
799 911 986 924
667 400 679 693
653 400 667 693
638 400 653 693
622 400 638 693
379 763 980 772
607 400 622 763
315 924 829 935
263 488 290 699
263 338 304 488
315 911 799 924
315 900 894 911
588 400 607 763
588 381 1000 400
315 763 379 900
563 381 588 763
148 854 226 981
530 381 563 763
496 381 530 763
148 769 315 854
458 381 496 763
458 354 1000 381
420 354 458 763
420 320 1000 354
369 320 420 763
315 320 369 763
315 284 1000 320
315 247 1000 284
315 209 1000 247
315 151 1000 209
148 338 263 769
315 77 1000 151
315 0 1000 77
148 0 315 338
81 0 148 1000
0 0 81 1000
358 330 360 500
616 549 1000 551
351 330 358 631
344 330 351 632
338 330 344 763
616 542 1000 549
468 989 980 996
604 542 616 978
590 542 604 978
468 978 997 989
590 527 1000 542
54 966 305 993
574 527 590 978
128 504 207 594
574 510 1000 527
319 839 405 948
574 486 1000 510
547 486 574 978
547 455 1000 486
360 186 387 727
211 591 314 734
211 462 338 591
211 330 338 462
547 412 1000 455
547 365 1000 412
211 186 360 330
508 365 547 978
508 314 1000 365
128 186 211 504
508 259 1000 314
468 259 508 978
468 204 1000 259
54 839 319 966
468 130 1000 204
468 54 1000 130
421 54 468 982
54 186 128 839
54 54 421 186
54 0 1000 54
0 0 54 1000
666 987 717 1000
433 737 728 742
998 165 1000 982
844 709 861 850
433 726 728 737
433 713 728 726
372 987 666 1000
829 709 844 990
433 697 728 713
866 816 979 866
433 676 728 697
433 655 728 676
767 714 798 923
433 629 728 655
411 629 433 987
986 165 998 986
913 293 980 445
729 714 767 985
890 293 913 797
866 293 890 816
137 820 216 979
411 583 728 629
0 793 127 908
829 293 866 709
411 527 729 583
411 470 729 527
800 293 829 958
411 407 729 470
411 334 729 407
372 334 411 987
372 256 729 334
729 293 800 714
729 165 986 293
729 0 1000 165
302 256 372 1000
220 256 302 1000
220 128 729 256
220 0 729 128
137 0 220 820
0 0 137 793
126 946 134 999
261 794 264 986
261 295 264 794
199 570 204 934
971 626 990 772
585 384 698 411
224 295 261 385
576 384 585 807
971 364 990 626
959 364 971 807
353 920 471 979
576 364 959 384
353 908 996 920
126 811 185 946
576 341 1000 364
554 341 576 807
554 315 1000 341
205 295 224 922
554 288 1000 315
529 288 554 807
529 258 1000 288
353 807 505 908
499 258 529 807
499 224 1000 258
126 570 199 811
499 188 1000 224
499 149 1000 188
499 108 1000 149
126 295 205 570
467 108 499 807
467 64 1000 108
432 64 467 807
396 64 432 807
353 64 396 807
309 64 353 983
264 64 309 983
65 295 126 988
65 64 264 295
65 0 1000 64
0 0 65 1000
