993 640 1000 767
866 961 913 990
913 869 966 922
155 906 207 966
326 767 362 857
85 966 198 997
993 99 1000 640
866 812 893 961
850 501 865 910
753 866 821 967
362 903 435 998
276 805 313 996
326 563 362 767
913 712 963 869
669 866 753 975
326 294 362 563
587 866 669 1000
276 564 323 805
155 769 246 906
913 467 966 712
974 99 993 818
85 769 155 966
587 811 850 866
85 685 276 769
587 750 850 811
587 683 850 750
587 603 850 683
913 99 974 467
85 564 276 685
85 462 326 564
587 501 850 603
587 403 866 501
539 403 587 1000
539 311 866 403
866 99 913 812
487 311 539 1000
487 208 866 311
85 294 326 462
435 208 487 1000
435 99 866 208
362 99 435 903
362 0 1000 99
85 0 362 294
0 0 85 1000
387 384 390 427
452 175 454 761
809 980 943 999
653 625 728 662
371 623 380 940
391 843 414 979
380 384 387 985
270 683 293 875
868 791 951 854
577 898 630 999
868 717 951 791
838 717 868 968
809 717 838 980
780 717 809 1000
348 623 371 981
780 663 951 717
987 0 1000 734
577 816 714 898
301 623 348 878
780 591 951 663
780 516 951 591
577 625 653 816
192 683 270 880
577 506 728 625
301 384 380 623
740 516 780 1000
740 412 951 516
964 0 987 958
577 365 734 506
740 301 951 412
740 175 964 301
577 175 740 365
192 384 301 683
577 86 964 175
539 86 577 1000
500 86 539 1000
391 175 452 843
455 86 500 1000
192 175 391 384
455 0 964 86
192 0 455 175
139 0 192 924
68 0 139 848
0 0 68 1000
910 814 913 931
922 924 993 934
742 595 750 722
781 876 795 1000
993 653 1000 901
994 0 999 446
73 836 94 993
851 883 910 940
851 814 910 883
131 833 168 963
704 595 742 722
330 807 367 940
739 876 781 1000
299 807 330 1000
257 807 299 1000
672 876 739 1000
0 836 73 993
131 550 173 833
810 516 889 676
599 595 704 724
0 730 131 836
556 876 672 1000
179 807 257 1000
810 372 922 516
922 653 993 924
599 501 810 595
372 876 556 1000
179 686 372 807
0 550 131 730
179 553 372 686
179 412 372 553
599 372 810 501
599 282 922 372
372 814 851 876
519 282 599 724
519 190 922 282
519 93 922 190
454 93 519 724
922 0 994 653
372 724 913 814
372 93 454 724
179 93 372 412
179 0 922 93
0 0 179 550
196 455 199 722
913 618 942 646
902 978 948 997
848 851 857 978
812 978 902 997
942 550 983 598
679 685 717 779
107 874 150 959
848 825 1000 851
0 826 24 993
679 667 913 685
983 410 1000 676
107 760 150 874
811 825 848 978
679 643 913 667
942 410 983 550
913 410 942 618
415 978 812 999
811 779 1000 825
679 583 913 643
913 223 1000 410
720 779 811 978
679 503 913 583
625 779 720 978
606 503 679 779
522 779 625 978
606 436 913 503
606 368 913 436
415 779 522 978
606 298 913 368
606 223 913 298
606 162 1000 223
107 455 196 760
544 162 606 779
482 162 544 779
0 455 107 826
415 162 482 779
415 91 1000 162
368 91 415 1000
313 91 368 1000
257 91 313 1000
199 91 257 1000
199 0 1000 91
0 0 199 455
805 976 936 980
656 776 668 887
936 821 967 884
995 67 1000 460
656 759 805 776
846 629 899 676
833 629 846 870
79 957 230 994
656 720 805 759
656 678 805 720
805 629 833 870
408 976 805 994
656 629 805 678
656 594 913 629
331 335 350 870
656 554 913 594
656 511 913 554
625 511 656 887
270 660 313 943
196 605 270 786
587 511 625 887
549 511 587 887
79 868 243 957
505 511 549 887
505 468 904 511
460 468 505 887
270 335 331 660
460 426 936 468
460 384 936 426
460 337 936 384
967 67 995 888
936 67 967 821
460 277 936 337
460 216 936 277
79 605 196 868
408 887 802 976
460 136 936 216
408 136 460 887
350 136 408 1000
79 335 270 605
79 136 350 335
79 67 936 136
79 0 1000 67
0 0 79 1000
623 816 627 1000
522 443 846 446
522 440 959 443
768 212 899 223
940 696 983 732
786 429 931 440
977 256 1000 343
734 803 846 823
522 429 786 440
522 422 983 429
926 696 940 965
522 405 755 422
598 816 623 1000
734 755 846 803
926 602 1000 696
522 383 1000 405
598 738 734 816
734 654 846 755
926 446 1000 602
553 738 598 1000
748 256 977 312
642 256 748 383
553 654 734 738
522 256 642 383
768 135 991 212
430 256 522 446
846 586 925 807
430 224 1000 256
346 224 430 446
553 586 846 654
241 224 346 446
553 519 926 586
553 446 926 519
488 446 553 1000
413 446 488 1000
330 446 413 1000
241 135 768 224
245 446 330 1000
159 446 245 1000
69 446 159 1000
69 135 241 446
69 68 1000 135
69 0 1000 68
0 0 69 1000
890 951 913 970
786 991 897 996
523 996 836 999
432 895 473 920
523 991 786 996
216 814 275 852
216 770 275 814
890 852 919 951
990 0 996 701
376 742 432 857
275 850 318 1000
931 736 990 877
823 706 890 843
890 533 921 852
216 594 275 770
931 557 990 736
275 742 376 850
275 669 432 742
823 533 890 706
744 645 805 843
275 588 432 669
702 645 744 952
656 645 702 952
275 491 432 588
174 594 216 991
656 533 823 645
613 533 656 991
613 470 931 533
572 470 613 991
432 274 473 895
523 470 572 991
523 404 931 470
474 404 523 1000
474 340 931 404
474 274 931 340
474 205 931 274
931 0 990 557
275 274 432 491
474 103 931 205
474 0 931 103
275 0 474 274
174 0 275 594
95 0 174 1000
0 0 95 1000
684 755 762 772
723 838 914 846
446 381 907 385
749 587 766 701
843 614 889 701
880 340 989 377
710 587 749 701
670 587 710 701
843 583 1000 614
804 927 947 968
859 221 975 274
859 177 1000 221
843 542 1000 583
579 838 723 885
579 816 916 838
670 542 843 587
579 795 958 816
474 795 579 896
670 506 1000 542
474 772 1000 795
670 468 1000 506
684 701 941 755
421 968 877 999
606 468 670 701
474 701 684 772
541 468 606 701
474 468 541 701
421 927 804 968
421 896 940 927
446 340 880 381
474 433 1000 468
714 177 859 334
421 433 474 896
421 388 1000 433
374 388 421 1000
316 388 374 1000
256 388 316 1000
446 177 714 340
168 388 256 1000
168 177 446 388
168 96 1000 177
168 0 1000 96
87 0 168 1000
0 0 87 1000
410 786 412 832
997 336 1000 537
410 400 412 786
110 955 217 970
405 400 410 746
400 400 405 826
233 513 239 886
845 848 860 1000
296 838 349 891
296 806 400 838
186 716 205 928
845 808 954 848
954 856 990 993
217 513 233 934
296 699 400 806
784 808 845 1000
784 736 954 808
733 736 784 1000
249 699 296 999
670 736 733 1000
670 672 954 736
110 716 186 955
612 672 670 1000
612 612 954 672
557 612 612 1000
557 558 954 612
110 513 217 716
557 502 954 558
954 336 997 856
508 502 557 1000
455 502 508 1000
455 447 954 502
455 392 954 447
455 336 954 392
412 336 455 1000
412 285 1000 336
412 234 1000 285
412 171 1000 234
412 100 1000 171
249 400 400 699
412 0 1000 100
249 0 412 400
110 0 249 513
0 0 110 1000
809 253 818 312
687 947 717 990
139 994 792 996
624 947 687 990
770 335 1000 347
806 732 963 758
778 732 806 911
729 335 770 464
0 848 38 985
748 732 778 911
687 335 729 464
716 732 748 911
89 770 118 979
687 312 976 335
0 770 89 848
640 312 687 464
0 715 139 770
716 694 973 732
567 312 640 464
664 694 716 911
798 911 946 994
481 312 567 464
595 694 664 911
595 650 1000 694
595 604 1000 650
534 604 595 911
534 563 1000 604
481 253 809 312
534 519 1000 563
139 947 624 994
139 911 798 947
466 519 534 911
466 464 1000 519
399 464 466 911
329 464 399 911
329 253 481 464
329 199 1000 253
329 142 1000 199
271 142 329 911
271 72 1000 142
203 72 271 911
203 0 1000 72
139 0 203 911
0 0 139 715
998 162 1000 257
603 986 625 999
996 361 999 471
869 762 874 884
493 884 545 915
717 218 754 275
438 986 603 999
804 543 843 627
766 543 804 627
869 731 1000 762
90 855 161 922
766 514 1000 543
823 731 869 884
775 731 823 884
775 692 1000 731
724 692 775 884
427 275 990 293
617 445 967 474
661 514 766 627
656 692 724 884
717 162 998 218
656 645 1000 692
674 915 946 976
438 915 674 986
584 645 656 884
493 645 584 884
493 514 661 645
438 514 493 915
438 474 1000 514
383 474 438 1000
327 474 383 1000
617 361 996 445
327 361 617 474
427 162 717 275
274 361 327 1000
220 361 274 1000
161 361 220 1000
161 313 1000 361
161 162 427 313
161 111 1000 162
161 56 1000 111
161 0 1000 56
90 0 161 855
0 0 90 1000
997 251 1000 326
956 607 958 742
804 839 812 906
956 324 958 607
680 845 685 996
902 913 939 970
358 921 386 1000
663 845 680 996
752 906 782 1000
990 251 997 736
939 425 950 735
976 156 983 652
984 251 990 904
984 0 1000 251
358 889 521 921
310 889 358 1000
252 889 310 1000
252 851 521 889
252 812 521 851
252 773 521 812
845 539 892 781
959 156 976 872
804 539 845 839
252 721 521 773
902 425 939 913
252 653 521 721
752 539 804 906
252 564 521 653
196 564 252 1000
196 485 521 564
663 539 752 845
663 425 902 539
139 485 196 1000
663 324 956 425
139 404 521 485
610 324 663 1000
139 283 521 404
73 283 139 1000
73 166 521 283
610 156 959 324
0 166 73 1000
521 156 610 931
521 0 984 156
0 0 521 166
597 673 921 678
842 519 943 537
945 672 986 719
544 738 628 761
597 662 815 673
900 775 943 835
627 950 681 1000
986 702 999 969
674 598 739 662
945 561 986 672
421 738 544 775
536 950 627 1000
765 519 842 598
674 519 765 598
838 197 944 268
536 903 704 950
674 489 945 519
814 775 900 876
986 0 999 702
702 679 913 732
408 903 536 1000
278 903 408 1000
597 489 674 662
681 775 814 878
278 882 945 903
421 679 702 738
499 775 681 882
597 428 945 489
509 428 597 679
421 428 509 679
945 0 986 561
353 428 421 775
278 775 499 882
278 428 353 775
278 387 945 428
228 387 278 1000
175 387 228 1000
175 338 945 387
175 276 945 338
106 276 175 1000
106 197 838 276
106 124 945 197
106 0 945 124
0 0 106 1000
492 997 703 1000
995 321 1000 566
127 886 228 904
287 875 383 898
694 884 717 986
492 986 786 997
954 853 983 989
901 814 932 965
812 784 839 986
127 826 228 886
287 811 383 875
633 884 694 986
633 842 812 884
177 603 224 770
287 704 383 811
633 783 812 842
287 588 383 704
127 603 177 826
228 663 281 874
633 711 812 783
812 604 895 784
287 431 383 588
287 242 383 431
633 604 812 711
633 531 901 604
588 531 633 986
954 321 995 853
536 531 588 986
536 464 901 531
228 242 287 663
536 393 901 464
492 393 536 986
901 321 954 814
492 321 901 393
443 321 492 1000
443 258 1000 321
127 242 228 603
443 187 1000 258
443 116 1000 187
0 605 119 972
0 242 127 605
383 116 443 1000
383 0 1000 116
0 0 383 242
931 756 984 764
752 799 765 936
794 972 993 982
479 888 502 989
587 551 624 625
544 670 581 745
267 989 555 1000
479 857 631 888
857 835 898 951
544 551 587 670
433 857 479 989
898 866 987 935
433 824 631 857
433 790 631 824
435 618 498 731
397 790 433 989
435 551 544 618
931 615 984 756
402 551 435 790
898 615 931 866
685 799 752 923
857 615 898 835
347 790 397 989
402 501 631 551
857 519 996 615
857 422 1000 519
352 501 402 790
352 444 631 501
828 422 857 969
267 790 347 989
352 381 631 444
685 619 782 799
828 295 1000 422
794 295 828 972
267 381 352 790
685 295 794 619
685 167 1000 295
198 381 267 1000
631 167 685 990
198 275 631 381
198 167 631 275
198 92 1000 167
198 0 1000 92
0 0 198 1000
995 0 998 711
680 884 704 1000
913 748 950 854
623 634 636 950
643 884 680 1000
557 831 586 978
858 543 875 795
385 803 439 904
643 843 792 884
328 803 385 913
643 793 792 843
882 748 913 990
984 0 995 709
328 768 557 803
643 730 792 793
594 634 623 958
328 720 557 768
829 543 858 939
643 648 792 730
328 666 557 720
276 666 328 913
276 620 557 666
276 573 557 620
792 543 829 933
643 543 792 648
276 512 557 573
594 239 637 634
218 913 515 972
643 466 882 543
557 239 594 831
643 372 882 466
218 512 276 913
167 512 218 1000
955 0 984 862
167 442 557 512
643 238 882 372
100 442 167 1000
100 347 557 442
100 239 557 347
100 146 643 239
882 0 955 748
643 0 882 238
0 146 100 1000
0 0 643 146
771 815 875 818
487 997 923 999
908 924 953 971
460 748 527 784
771 772 835 815
709 772 771 818
789 712 843 771
789 675 876 712
845 924 908 985
460 672 532 748
460 591 532 672
460 495 532 591
936 583 973 770
709 675 789 772
894 827 993 906
709 626 876 675
423 495 460 737
893 583 936 799
655 924 845 985
423 384 532 495
487 924 655 997
324 924 487 1000
709 549 876 626
652 549 709 818
383 384 423 827
89 924 324 1000
652 470 893 549
893 385 996 583
652 385 893 470
647 827 894 910
652 297 1000 385
592 297 652 818
532 297 592 827
532 227 1000 297
532 154 1000 227
383 154 532 384
321 154 383 827
256 154 321 827
89 827 647 924
173 154 256 827
89 154 173 827
89 83 1000 154
89 0 1000 83
0 0 89 1000
489 846 500 897
197 582 202 885
500 435 529 530
330 884 358 985
413 923 460 991
849 825 871 1000
370 856 413 949
849 797 1000 825
500 241 531 435
489 241 500 846
849 749 1000 797
818 749 849 1000
466 241 489 583
203 799 274 917
276 630 306 947
818 688 1000 749
781 688 818 1000
413 673 460 923
203 630 276 799
735 688 781 1000
688 688 735 1000
688 637 1000 688
90 781 187 947
330 445 370 884
637 637 688 1000
580 637 637 1000
90 582 197 781
580 585 1000 637
413 241 466 673
580 529 1000 585
203 445 330 630
370 241 413 856
580 463 1000 529
203 241 370 445
580 376 1000 463
580 287 1000 376
580 198 1000 287
533 198 580 1000
90 241 203 582
533 104 1000 198
533 0 1000 104
90 130 533 241
90 0 533 130
0 0 90 1000
871 591 876 635
997 445 999 807
965 535 994 570
994 445 997 786
716 964 751 1000
648 964 716 1000
965 445 994 535
798 712 825 879
965 312 1000 445
909 656 962 744
538 693 647 759
876 656 909 885
484 693 538 844
798 591 871 712
798 461 876 591
307 952 526 999
307 908 548 952
406 693 484 844
769 461 798 885
307 866 620 908
737 461 769 885
876 487 965 656
876 312 965 487
737 345 876 461
876 176 1000 312
307 693 406 866
648 885 882 964
307 636 648 693
253 636 307 1000
253 585 648 636
253 533 648 585
737 176 876 345
694 176 737 885
253 448 648 533
694 64 1000 176
191 448 253 1000
191 370 648 448
648 64 694 885
191 272 648 370
191 170 648 272
191 64 648 170
191 0 1000 64
99 0 191 1000
0 0 99 1000
996 747 998 914
464 865 505 890
996 92 998 747
764 857 779 1000
434 816 453 944
814 890 852 1000
939 723 967 919
361 881 410 1000
327 744 361 929
936 430 967 696
745 660 813 787
464 647 507 865
507 119 520 883
434 470 464 816
290 515 327 811
814 712 881 890
327 363 361 744
211 766 290 940
660 857 764 1000
881 723 939 1000
881 430 936 723
660 660 745 857
660 538 814 660
814 430 881 712
617 538 660 1000
211 515 290 766
617 430 814 538
164 515 211 974
464 119 507 647
164 363 327 515
967 92 996 964
570 430 617 1000
570 359 967 430
361 470 434 881
570 271 967 359
570 183 967 271
570 92 967 183
361 119 464 470
570 0 1000 92
524 0 570 1000
164 119 361 363
105 119 164 936
105 0 524 119
0 0 105 1000
890 641 892 833
998 356 1000 633
909 969 930 998
277 720 282 985
782 899 871 914
169 963 230 986
892 461 909 563
308 509 319 799
871 641 890 813
723 899 782 1000
985 356 998 879
723 851 871 899
675 851 723 1000
620 851 675 1000
282 509 308 882
620 798 808 851
620 753 871 798
230 720 277 969
620 701 871 753
169 720 230 963
620 641 871 701
620 582 892 641
575 582 620 1000
575 522 892 582
575 461 892 522
538 461 575 1000
538 407 909 461
504 407 538 1000
944 356 985 865
909 356 944 969
466 407 504 1000
466 356 909 407
169 509 282 720
423 356 466 1000
423 299 1000 356
375 299 423 1000
375 233 1000 299
375 161 1000 233
320 161 375 1000
320 84 1000 161
169 84 320 509
169 0 1000 84
94 0 169 1000
0 0 94 1000
504 957 541 970
879 830 891 1000
992 581 1000 864
651 835 674 943
953 872 978 979
985 581 992 974
953 681 968 872
320 956 409 996
651 759 704 835
451 856 504 948
846 830 879 1000
429 595 450 926
846 762 953 830
846 681 953 762
745 843 812 983
812 681 846 1000
745 681 812 843
745 631 985 681
320 825 420 956
704 631 745 964
704 581 985 631
704 529 1000 581
704 471 1000 529
704 408 1000 471
651 408 704 759
651 351 1000 408
619 351 651 1000
586 351 619 1000
504 367 541 957
320 595 429 825
451 367 504 856
586 280 1000 351
320 367 451 595
543 280 586 1000
543 199 1000 280
320 199 543 367
320 143 1000 199
268 143 320 1000
210 143 268 1000
210 77 1000 143
210 0 1000 77
144 0 210 1000
75 0 144 1000
0 0 75 1000
452 214 453 827
449 214 452 833
880 787 987 807
865 981 991 1000
186 790 205 931
549 773 629 808
865 941 996 981
382 755 437 859
763 941 865 1000
382 635 437 755
549 687 629 773
637 941 763 1000
754 900 983 933
880 715 987 787
549 586 629 687
437 214 449 987
382 440 437 635
454 941 637 1000
817 715 880 900
516 586 549 939
817 649 1000 715
629 471 661 854
516 471 629 586
516 374 673 471
754 649 817 900
208 775 299 954
107 790 186 998
754 567 1000 649
754 476 1000 567
754 376 1000 476
754 275 1000 376
711 275 754 853
673 275 711 941
335 440 382 1000
673 189 1000 275
516 189 673 374
516 120 1000 189
208 440 335 775
454 120 516 941
208 214 437 440
107 214 208 790
454 0 1000 120
107 0 454 214
0 0 107 1000
286 882 299 909
877 776 888 873
136 902 152 999
877 601 888 776
996 61 999 948
985 463 996 715
300 722 319 874
461 895 491 1000
239 882 286 954
750 743 781 878
720 878 888 904
985 61 996 463
666 878 720 1000
888 718 926 969
63 756 134 896
461 818 624 895
461 741 624 818
461 663 624 741
300 275 329 722
888 545 967 718
888 397 985 545
461 559 624 663
239 599 299 882
750 601 877 743
239 275 300 599
209 275 239 1000
461 421 624 559
666 601 750 878
666 484 888 601
666 364 888 484
666 218 888 364
888 61 985 397
624 218 666 1000
461 218 624 421
461 138 888 218
421 138 461 1000
421 61 888 138
378 61 421 1000
335 61 378 1000
335 0 1000 61
136 275 209 902
136 0 335 275
63 0 136 756
0 0 63 1000
835 993 862 1000
832 730 833 999
832 393 834 730
998 122 999 933
433 802 441 1000
795 780 809 979
679 903 751 956
433 763 597 802
863 754 990 804
835 754 863 993
404 763 433 1000
602 903 679 992
835 709 998 754
835 659 998 709
775 519 794 983
404 707 597 763
835 587 998 659
835 513 998 587
404 643 597 707
795 393 832 780
362 643 404 1000
835 408 998 513
362 564 602 643
602 646 677 903
835 279 998 408
602 519 775 646
362 472 602 564
362 380 602 472
602 393 795 519
602 288 835 393
835 122 998 279
317 380 362 1000
272 380 317 1000
226 380 272 1000
226 293 602 380
226 205 602 293
183 205 226 1000
135 205 183 1000
602 122 835 288
135 122 602 205
83 122 135 1000
83 62 1000 122
83 0 1000 62
0 0 83 1000
529 789 548 790
801 921 842 930
661 835 801 849
801 876 842 921
661 820 801 835
548 624 561 848
870 871 983 898
529 624 548 789
661 794 801 820
989 155 996 781
633 794 661 1000
842 941 965 988
870 630 894 871
512 624 529 975
492 624 512 1000
633 745 801 794
633 695 801 745
842 630 870 941
633 641 801 695
344 784 403 945
461 624 492 948
434 624 461 1000
842 559 989 630
604 641 633 1000
405 624 434 1000
842 456 989 559
604 560 801 641
405 537 598 624
801 456 842 876
604 456 801 560
604 388 989 456
405 386 598 537
604 306 989 388
604 224 989 306
405 224 604 386
344 224 405 784
291 224 344 999
231 224 291 1000
168 224 231 1000
168 155 989 224
168 78 1000 155
168 0 1000 78
84 0 168 1000
0 0 84 1000
491 969 510 979
955 745 994 808
799 907 882 938
578 912 614 1000
726 889 779 985
0 900 79 966
491 687 510 969
328 917 398 1000
927 745 955 1000
578 863 726 912
328 870 491 917
328 813 491 870
660 452 696 733
927 593 994 745
799 782 882 907
726 737 797 889
660 264 726 452
571 548 650 710
799 649 896 782
578 767 726 863
927 397 1000 593
516 767 578 1000
896 397 927 1000
328 687 491 813
253 687 328 1000
253 597 516 687
799 397 896 649
192 597 253 1000
799 273 1000 397
571 264 660 548
192 517 516 597
799 139 1000 273
135 517 192 1000
516 264 571 767
799 0 1000 139
135 436 516 517
135 355 516 436
83 355 135 1000
83 264 516 355
83 193 726 264
83 115 726 193
726 0 799 737
83 0 726 115
0 0 83 900
81 995 134 1000
330 660 333 876
995 453 1000 739
715 619 734 700
317 660 330 896
648 619 715 668
820 831 972 857
543 830 579 950
781 831 820 974
293 660 317 967
264 660 293 967
475 950 693 993
195 534 226 837
264 518 335 660
781 778 972 831
781 722 972 778
972 453 995 945
781 654 972 722
781 579 972 654
364 230 387 885
335 230 364 855
264 230 335 518
235 230 264 947
543 619 648 830
475 619 543 950
475 531 734 619
475 439 734 531
781 453 972 579
475 345 734 439
734 453 781 974
134 534 195 953
734 354 1000 453
734 248 1000 354
134 230 235 534
427 345 475 1000
734 125 1000 248
427 236 734 345
427 125 734 236
427 64 1000 125
388 64 427 1000
81 230 134 995
81 64 388 230
81 0 1000 64
0 0 81 1000
997 863 1000 866
301 773 312 784
126 974 167 993
317 993 562 1000
924 804 955 860
187 513 193 872
995 255 1000 691
197 875 250 921
47 868 126 927
197 786 258 875
301 356 314 773
924 624 955 804
126 776 169 974
819 713 924 795
924 347 958 624
47 726 126 868
317 976 973 993
735 713 819 863
735 635 924 713
670 635 735 863
670 573 924 635
958 255 995 683
126 513 187 776
47 513 126 726
670 503 924 573
608 503 670 863
0 513 47 993
258 356 301 908
541 503 608 863
541 435 924 503
197 356 258 786
0 356 197 513
541 347 924 435
666 863 997 968
0 244 317 356
471 347 541 863
317 863 666 976
471 255 958 347
397 255 471 863
397 180 1000 255
397 101 1000 180
397 0 1000 101
317 0 397 863
0 0 317 244
647 395 650 431
578 637 580 964
256 920 317 935
838 819 875 846
580 533 593 721
826 466 837 897
918 843 961 961
762 834 826 919
654 951 779 1000
961 740 1000 899
256 808 317 920
743 694 816 791
450 883 558 951
695 834 762 951
961 533 1000 740
450 794 558 883
743 571 826 694
695 571 743 834
385 794 450 993
918 533 961 843
695 466 826 571
385 713 558 794
385 637 578 713
875 533 918 885
875 401 1000 533
875 269 1000 401
695 310 838 466
317 637 385 1000
875 68 1000 269
654 310 695 951
317 533 580 637
838 68 875 819
654 150 838 310
594 395 647 950
317 395 594 533
317 275 654 395
317 150 654 275
317 68 838 150
256 68 317 808
256 0 1000 68
202 0 256 1000
145 0 202 1000
74 0 145 1000
0 0 74 1000
