995 145 1000 419
389 971 452 1000
909 927 968 960
460 278 466 820
537 967 651 1000
827 918 900 1000
183 930 272 1000
601 865 669 967
324 849 389 970
389 857 460 971
802 773 866 918
885 397 909 863
688 918 827 1000
601 728 688 865
324 656 389 849
802 594 885 773
280 656 324 1000
537 728 601 967
802 397 885 594
537 600 688 728
183 707 271 930
968 145 995 998
746 397 802 918
688 397 746 918
537 397 688 600
389 278 460 857
280 278 389 656
183 278 280 707
466 397 537 1000
909 145 968 927
466 273 909 397
466 145 909 273
466 0 1000 145
183 0 466 278
100 0 183 1000
0 0 100 1000
985 780 1000 898
514 708 529 862
407 953 465 1000
407 914 514 953
651 651 717 740
872 917 985 973
793 839 856 1000
734 527 793 705
701 855 793 971
332 624 481 708
495 259 529 648
734 272 793 527
872 780 985 917
579 855 701 1000
332 510 495 624
793 583 872 839
872 618 1000 780
407 708 514 914
579 751 793 855
328 708 407 1000
872 437 1000 618
232 708 328 1000
872 212 1000 437
793 212 872 583
651 272 734 651
579 272 651 751
579 95 793 272
332 259 495 510
793 0 1000 212
232 259 332 708
529 95 579 1000
156 259 232 1000
156 95 529 259
84 95 156 1000
84 0 793 95
0 0 84 1000
995 753 1000 876
438 682 445 883
431 715 438 945
549 978 644 1000
801 648 812 857
203 812 222 950
995 132 1000 753
935 912 988 977
925 518 935 875
502 894 549 992
854 910 905 1000
438 223 448 682
222 911 283 994
448 894 502 1000
988 132 995 971
854 804 925 910
812 804 854 1000
222 791 319 911
95 812 203 1000
549 836 722 978
722 648 801 1000
325 715 431 1000
812 518 925 804
549 648 722 836
549 518 812 648
935 132 988 912
549 394 935 518
448 394 549 894
325 223 438 715
448 274 935 394
222 223 325 791
448 132 935 274
448 0 1000 132
95 223 222 812
95 0 448 223
0 0 95 1000
790 580 814 583
881 992 941 997
133 971 242 974
881 985 953 992
790 557 843 580
844 897 881 949
242 949 293 1000
345 964 459 1000
440 815 492 918
950 722 982 956
982 399 1000 867
790 456 881 557
740 897 844 1000
740 802 881 897
345 815 440 964
657 456 790 583
881 722 950 985
641 802 740 1000
657 359 881 456
345 651 492 815
641 688 881 802
345 465 492 651
657 231 881 359
546 688 641 1000
881 399 982 722
881 112 1000 399
345 229 492 465
546 584 881 688
546 231 657 584
492 231 546 1000
492 112 881 231
492 0 1000 112
242 229 345 949
133 229 242 971
133 0 492 229
0 0 133 1000
749 997 856 999
736 689 749 718
965 615 977 684
692 915 749 947
736 434 749 689
96 960 211 1000
977 736 1000 1000
233 812 277 994
749 917 862 997
183 769 233 958
876 891 965 1000
277 787 356 948
534 915 692 1000
977 84 1000 736
233 461 277 812
96 769 183 960
749 747 862 917
534 818 749 915
673 434 736 813
876 615 965 891
607 434 673 818
749 544 876 747
356 818 534 1000
522 434 607 818
428 434 522 818
428 311 749 434
96 461 233 769
428 175 749 311
356 175 428 818
277 175 356 787
96 175 277 461
876 84 977 615
749 84 876 544
96 84 749 175
96 0 1000 84
0 0 96 1000
614 431 616 606
611 431 614 945
998 109 1000 911
307 934 354 1000
164 845 193 1000
903 896 998 944
532 866 611 925
307 890 414 934
832 896 903 1000
477 866 532 1000
832 848 998 896
414 866 477 1000
105 845 164 988
832 792 998 848
414 817 611 866
832 731 998 792
414 760 611 817
787 731 832 1000
414 687 611 760
733 731 787 1000
414 578 611 687
733 644 998 731
733 554 998 644
733 462 998 554
733 355 998 462
414 431 611 578
678 355 733 1000
618 355 678 1000
307 431 414 890
618 214 998 355
307 214 618 431
307 109 998 214
212 109 307 1000
212 0 1000 109
105 0 212 845
0 0 105 1000
971 798 974 814
715 746 721 937
708 746 715 962
220 565 234 710
567 973 711 996
0 952 70 1000
836 850 875 977
878 724 907 901
677 746 708 925
974 538 1000 879
907 798 971 937
775 850 836 1000
722 702 775 943
97 878 234 973
302 879 418 1000
974 0 1000 538
878 94 907 724
775 668 878 850
722 335 775 702
302 737 453 879
567 746 677 973
453 746 567 1000
302 525 453 737
453 625 722 746
453 488 722 625
97 565 220 878
453 335 722 488
453 206 775 335
302 206 453 525
907 0 974 798
234 206 302 1000
775 94 878 668
234 94 775 206
234 0 907 94
97 0 234 565
0 0 97 952
453 857 468 911
241 749 248 900
241 517 251 749
678 777 716 863
870 859 956 900
607 832 668 911
860 669 969 719
536 811 607 891
325 984 921 1000
852 911 1000 984
101 915 238 1000
860 582 1000 669
536 624 607 811
607 608 678 832
870 719 1000 859
453 605 536 857
678 164 716 777
101 743 241 915
860 400 1000 582
0 743 101 1000
716 719 870 900
770 400 860 719
770 271 1000 400
770 142 1000 271
716 142 770 719
607 164 678 608
536 164 607 624
453 164 536 605
325 911 852 984
716 0 1000 142
453 0 716 164
399 0 453 911
0 517 241 743
325 0 399 911
251 0 325 1000
0 0 251 517
580 697 596 732
912 849 924 1000
500 918 532 1000
949 767 961 990
580 429 596 697
881 849 912 1000
441 918 500 1000
352 881 399 984
844 849 881 1000
285 845 352 943
352 802 441 881
441 842 580 918
352 648 441 802
961 623 999 996
738 849 844 1000
441 726 580 842
738 767 949 849
441 583 580 726
650 767 738 1000
441 429 580 583
650 697 961 767
441 285 596 429
650 623 961 697
650 549 1000 623
352 285 441 648
650 453 1000 549
650 357 1000 453
285 285 352 845
650 249 1000 357
650 125 1000 249
596 125 650 1000
285 125 596 285
218 125 285 1000
218 0 1000 125
110 0 218 1000
0 0 110 1000
906 715 922 762
865 903 890 992
935 878 976 937
341 975 529 1000
922 497 935 890
809 903 865 1000
619 928 758 975
494 796 552 916
976 542 1000 913
153 564 179 955
976 101 1000 542
430 796 494 975
619 822 758 928
341 796 430 975
809 715 906 903
619 689 758 822
238 796 341 1000
238 728 552 796
238 658 552 728
238 584 552 658
179 584 238 1000
809 497 922 715
758 497 809 1000
619 497 758 689
179 510 552 584
935 101 976 878
552 497 619 1000
179 391 552 510
552 379 935 497
179 266 552 391
552 250 935 379
552 101 935 250
179 101 552 266
0 564 153 997
179 0 1000 101
0 0 179 564
590 530 597 658
753 985 879 998
491 906 520 984
924 902 951 999
248 973 371 996
753 961 892 985
924 853 1000 902
379 911 424 994
379 853 458 911
845 852 899 953
491 804 561 906
924 759 1000 853
491 701 561 804
924 652 1000 759
458 701 491 984
753 852 845 961
683 852 753 1000
561 530 590 951
683 801 924 852
683 737 924 801
458 530 561 701
683 652 924 737
379 530 458 853
379 404 601 530
683 563 1000 652
379 269 601 404
601 563 683 1000
601 473 1000 563
248 678 375 973
601 363 1000 473
248 269 379 678
601 202 1000 363
601 0 1000 202
248 0 601 269
128 0 248 1000
0 0 128 1000
510 167 511 924
200 964 373 1000
426 823 473 1000
920 712 976 872
678 230 692 981
653 420 678 876
262 790 335 964
735 946 976 1000
511 883 678 967
335 423 373 809
976 139 1000 764
815 712 920 872
735 872 976 946
815 591 976 712
606 420 653 835
559 420 606 883
511 420 559 883
735 591 815 872
735 493 976 591
735 394 976 493
735 283 976 394
262 423 335 790
473 167 510 980
426 167 473 823
511 230 678 420
200 423 262 964
735 139 976 283
735 0 1000 139
692 0 735 880
511 0 692 230
373 167 426 979
200 167 373 423
200 0 511 167
138 0 200 1000
70 0 138 1000
0 0 70 1000
890 858 903 1000
734 860 753 964
622 907 658 1000
579 907 622 1000
579 876 734 907
847 858 890 981
807 858 847 1000
108 893 168 994
944 774 997 891
734 643 763 860
579 827 734 876
525 827 579 1000
471 827 525 1000
471 786 734 827
807 774 944 858
807 707 1000 774
807 638 1000 707
471 732 734 786
807 553 1000 638
764 553 807 1000
764 469 1000 553
471 643 734 732
471 557 764 643
471 469 764 557
471 417 1000 469
471 348 1000 417
471 270 1000 348
407 270 471 1000
343 270 407 1000
343 196 1000 270
278 196 343 1000
205 196 278 1000
205 109 1000 196
205 0 1000 109
108 0 205 893
0 0 108 1000
470 995 492 1000
293 940 344 980
235 980 362 1000
973 839 994 976
470 872 505 995
376 842 423 956
426 872 470 1000
293 842 376 940
726 852 813 955
563 955 790 1000
726 754 840 852
893 839 973 978
893 731 1000 839
376 597 423 842
726 642 840 754
893 584 1000 731
667 642 726 955
840 584 893 952
293 597 376 842
235 597 293 980
840 442 1000 584
235 449 426 597
840 264 1000 442
563 642 667 955
563 517 840 642
563 392 840 517
563 264 840 392
505 264 563 1000
426 264 505 872
426 175 1000 264
235 175 426 449
170 175 235 1000
98 175 170 1000
98 109 1000 175
98 0 1000 109
0 0 98 1000
456 492 465 961
631 717 649 956
465 770 488 969
401 720 425 952
202 953 375 988
896 913 1000 986
897 635 964 752
488 568 513 897
896 833 1000 913
488 231 513 568
897 525 980 635
202 892 375 953
830 833 896 1000
425 492 456 876
465 231 488 770
830 758 1000 833
776 758 830 1000
578 717 631 972
824 525 897 752
739 525 824 758
689 758 776 1000
739 433 1000 525
739 336 1000 433
739 237 1000 336
689 237 739 758
689 132 1000 237
202 720 401 892
649 132 689 1000
578 132 649 717
202 492 425 720
578 0 1000 132
513 0 578 1000
202 231 465 492
202 0 513 231
129 0 202 1000
0 0 129 1000
368 398 371 414
193 929 248 947
761 593 772 839
693 930 732 1000
151 929 193 1000
528 941 598 1000
300 847 343 963
969 744 1000 945
735 593 761 862
248 847 300 1000
349 398 368 921
528 859 658 941
969 381 1000 744
827 876 944 979
827 791 969 876
435 859 528 1000
435 796 658 859
693 593 735 930
658 593 693 1000
827 664 969 791
435 714 658 796
827 528 969 664
772 528 827 1000
435 593 658 714
435 511 772 593
772 381 969 528
772 204 1000 381
248 398 349 847
435 358 772 511
151 398 248 929
435 204 772 358
435 106 1000 204
435 0 1000 106
374 0 435 1000
151 0 374 398
0 0 151 1000
997 983 1000 984
839 954 900 973
965 905 994 952
764 833 911 844
274 915 347 939
274 888 347 915
764 823 993 833
764 812 989 823
247 888 274 989
764 786 993 812
764 759 1000 786
510 983 997 999
510 954 839 983
744 905 965 952
247 772 347 888
744 853 1000 905
165 772 247 1000
764 676 1000 759
75 772 165 1000
764 589 1000 676
75 695 347 772
764 494 1000 589
510 853 744 954
347 853 510 1000
75 596 347 695
682 494 764 853
0 596 75 1000
682 391 1000 494
682 281 1000 391
0 471 347 596
602 281 682 853
512 281 602 853
512 159 1000 281
512 0 1000 159
347 0 512 853
0 0 347 471
544 642 549 829
786 897 805 979
544 315 549 642
404 947 445 988
357 947 404 1000
786 740 810 897
950 721 990 883
531 315 544 821
238 611 276 855
849 846 950 943
454 836 550 960
357 817 454 947
849 721 950 846
849 627 990 721
811 627 849 1000
722 740 786 991
192 611 238 994
811 524 990 627
722 524 811 740
722 451 1000 524
685 451 722 1000
685 379 1000 451
685 302 1000 379
125 611 192 987
648 302 685 1000
648 223 1000 302
648 111 1000 223
454 315 531 836
601 111 648 1000
550 111 601 1000
357 315 454 817
550 0 1000 111
357 0 550 315
276 0 357 1000
125 0 276 611
0 0 125 1000
693 993 789 998
170 998 715 1000
867 852 881 955
823 961 868 998
170 993 693 998
767 723 843 772
994 0 1000 843
911 921 989 1000
728 415 901 451
813 452 907 522
878 522 911 773
767 615 878 723
632 452 813 522
728 852 867 961
413 452 632 522
587 852 728 961
728 325 901 415
170 961 823 993
587 773 863 852
911 642 990 921
465 773 587 961
609 615 767 772
609 522 878 615
465 522 609 773
375 522 465 961
413 325 728 452
279 522 375 961
170 522 279 961
170 325 413 522
170 255 911 325
911 0 994 642
170 181 911 255
170 104 911 181
88 104 170 1000
88 0 911 104
0 0 88 1000
982 676 993 966
276 898 317 993
909 902 974 974
538 911 604 1000
246 692 276 917
742 900 843 968
909 807 982 902
538 800 604 911
501 800 538 1000
205 692 246 914
843 807 909 974
441 800 501 1000
379 800 441 1000
379 740 604 800
323 740 379 1000
323 688 604 740
742 746 843 900
323 628 604 688
843 676 982 807
843 546 994 676
742 546 843 746
276 374 317 898
205 374 276 692
323 546 604 628
742 424 1000 546
323 411 604 546
675 424 742 1000
604 424 675 1000
604 314 1000 424
604 192 1000 314
323 192 604 411
323 98 1000 192
323 0 1000 98
94 374 205 993
94 0 323 374
0 0 94 1000
995 462 996 529
998 855 999 986
998 626 999 855
940 280 954 338
525 550 925 552
948 462 995 515
438 988 877 1000
525 533 937 550
781 782 877 858
843 462 948 533
901 338 1000 440
757 885 871 988
717 280 940 338
877 701 937 957
771 338 901 462
937 626 998 980
717 197 978 280
525 462 843 533
573 338 771 462
717 109 1000 197
227 462 525 552
438 885 757 988
573 109 717 338
474 109 573 462
438 782 781 885
438 701 877 782
370 109 474 462
438 626 937 701
438 552 1000 626
342 552 438 1000
227 109 370 462
224 552 342 1000
101 552 224 1000
101 109 227 552
101 0 1000 109
0 0 101 1000
967 942 986 977
269 995 848 1000
828 485 911 531
747 485 828 539
967 687 986 942
525 730 856 745
990 89 1000 831
805 898 914 970
914 769 967 919
851 262 914 423
583 446 722 520
805 802 914 898
583 367 747 446
506 367 583 539
967 89 990 687
525 674 874 730
698 802 805 995
582 802 698 995
374 367 506 539
747 262 851 485
525 601 847 674
525 539 914 601
435 802 582 995
375 539 525 749
269 802 435 995
214 539 375 749
269 749 914 802
914 89 967 769
117 749 269 1000
374 262 747 367
214 262 374 539
117 262 214 749
117 184 914 262
117 89 914 184
117 0 1000 89
0 0 117 1000
998 506 1000 533
996 506 998 690
838 902 879 919
693 981 774 1000
879 919 911 1000
958 113 965 808
788 819 879 898
808 687 871 813
932 494 958 917
718 687 808 813
693 902 838 981
628 819 788 902
556 902 693 1000
718 602 879 687
965 506 996 989
965 0 1000 506
328 902 556 1000
879 494 932 919
609 602 718 813
609 516 879 602
328 819 628 902
524 516 609 819
185 819 328 1000
524 439 879 516
879 113 958 494
444 439 524 819
361 439 444 819
361 376 879 439
277 376 361 819
185 376 277 819
106 376 185 1000
106 309 879 376
106 217 879 309
106 113 879 217
106 0 965 113
0 0 106 1000
88 996 99 999
580 657 585 667
580 299 585 657
526 839 567 958
526 718 567 839
953 837 996 959
509 495 522 982
442 801 509 909
567 299 580 864
88 947 251 996
871 837 953 994
88 873 269 947
88 795 269 873
781 837 871 994
781 769 1000 837
526 299 567 718
442 495 509 801
88 672 269 795
396 495 442 1000
668 769 781 1000
88 524 269 672
335 495 396 1000
668 671 1000 769
269 495 335 1000
668 564 1000 671
586 564 668 1000
586 474 1000 564
586 379 1000 474
586 284 1000 379
586 186 1000 284
586 87 1000 186
269 299 526 495
269 87 586 299
88 87 269 524
88 0 1000 87
0 0 88 1000
982 950 993 966
723 922 764 1000
982 709 1000 950
940 801 982 923
449 898 500 1000
723 841 789 922
449 828 532 898
563 486 579 883
680 841 723 1000
449 736 532 828
891 801 940 968
680 763 789 841
843 801 891 1000
632 763 680 1000
843 709 982 801
632 675 789 763
789 709 843 1000
532 486 563 991
632 549 789 675
449 486 532 736
789 610 1000 709
789 503 1000 610
789 393 1000 503
632 393 789 549
588 393 632 1000
588 319 1000 393
588 242 1000 319
449 242 588 486
449 178 1000 242
449 111 1000 178
402 111 449 1000
337 111 402 1000
253 111 337 1000
253 0 1000 111
155 0 253 1000
0 0 155 1000
964 784 1000 790
997 304 1000 425
814 910 868 921
515 910 814 921
942 524 1000 605
770 406 867 477
232 987 952 1000
886 687 1000 782
862 155 995 244
422 281 937 304
690 631 984 687
689 921 946 987
829 784 964 910
514 406 770 477
422 244 913 281
360 921 689 987
867 304 997 471
636 784 829 910
636 687 886 784
690 524 942 631
515 687 636 910
515 524 690 687
439 524 515 921
360 524 439 921
290 524 360 987
290 477 1000 524
514 304 867 406
290 304 514 477
422 155 862 244
232 304 290 987
174 304 232 1000
106 304 174 1000
106 155 422 304
106 90 1000 155
106 0 1000 90
0 0 106 1000
587 979 603 998
554 979 587 998
324 954 363 997
810 885 881 1000
982 484 1000 955
921 772 964 993
710 885 810 1000
554 800 626 979
710 795 883 885
710 700 883 795
324 552 365 954
554 648 667 800
921 484 982 772
710 596 883 700
883 484 921 993
710 484 883 596
263 552 324 890
667 484 710 1000
667 412 1000 484
554 412 667 648
508 412 554 1000
462 412 508 1000
414 412 462 1000
414 362 1000 412
414 311 1000 362
370 311 414 1000
370 261 1000 311
370 202 1000 261
263 202 370 552
216 202 263 1000
157 202 216 1000
157 137 1000 202
157 69 1000 137
92 69 157 1000
92 0 1000 69
0 0 92 1000
570 823 574 962
472 924 509 941
864 989 938 1000
472 905 569 924
599 503 605 886
991 276 1000 742
364 905 472 945
502 780 570 878
570 503 599 823
289 945 546 987
864 808 932 989
502 598 570 780
864 645 944 808
827 645 864 1000
784 645 827 1000
441 598 502 848
784 543 944 645
784 431 944 543
749 431 784 1000
711 431 749 1000
364 598 441 905
289 598 364 945
289 503 570 598
289 415 606 503
944 276 991 950
289 301 606 415
711 276 944 431
657 276 711 1000
657 162 1000 276
606 162 657 1000
289 162 606 301
289 93 1000 162
201 93 289 1000
113 93 201 1000
113 0 1000 93
0 0 113 1000
977 823 988 905
595 918 612 972
838 956 866 999
874 954 945 996
838 848 874 956
544 918 595 1000
977 632 1000 823
483 701 544 775
778 758 834 848
947 794 977 985
615 947 753 1000
544 808 615 918
378 942 535 992
874 794 947 954
778 619 874 758
384 701 483 841
977 0 1000 632
378 841 544 942
874 631 977 794
267 841 378 1000
615 848 838 947
384 562 544 701
677 619 778 848
677 500 874 619
384 402 544 562
677 357 874 500
615 357 677 848
615 213 874 357
544 213 615 808
267 402 384 841
267 213 544 402
267 108 874 213
874 0 977 631
267 0 874 108
178 0 267 1000
0 0 178 1000
0 965 131 973
197 914 215 985
863 941 897 988
976 778 985 977
430 991 752 1000
936 855 976 945
197 777 239 914
197 638 239 777
863 855 936 941
131 775 184 945
976 330 1000 778
863 752 976 855
814 752 863 991
761 752 814 991
706 752 761 991
647 752 706 991
647 702 976 752
647 648 976 702
647 592 976 648
647 534 976 592
647 475 976 534
647 413 976 475
0 775 131 965
602 413 647 991
0 638 197 775
555 413 602 991
555 330 976 413
494 330 555 991
430 330 494 991
430 255 1000 330
370 255 430 1000
306 255 370 1000
239 255 306 1000
239 185 1000 255
239 0 1000 185
0 0 239 638
883 258 986 263
826 258 883 284
857 471 919 513
840 284 930 322
824 424 901 471
0 951 81 1000
989 578 1000 950
726 471 857 513
865 846 921 953
678 424 824 471
634 284 840 322
814 846 865 1000
457 471 726 513
826 183 999 258
698 846 814 1000
698 764 922 846
634 183 826 284
613 764 698 1000
0 791 149 951
511 764 613 1000
511 703 922 764
511 638 922 703
922 578 989 980
435 638 511 1000
435 578 922 638
678 322 971 424
457 322 678 471
344 578 435 1000
252 578 344 1000
252 513 1000 578
149 513 252 1000
149 322 457 513
149 183 634 322
149 102 1000 183
149 0 1000 102
0 0 149 791
311 751 316 896
586 519 600 576
806 865 840 938
600 751 628 877
292 751 311 979
727 795 793 865
937 864 998 947
840 912 914 985
155 898 237 1000
501 903 600 1000
805 442 840 726
600 362 628 751
244 751 292 1000
377 903 501 1000
937 610 998 864
496 519 586 776
628 865 806 1000
840 652 937 912
244 402 318 751
727 442 805 795
377 776 600 903
727 188 840 442
377 519 496 776
679 188 727 865
628 188 679 865
377 362 600 519
937 0 998 610
377 188 628 362
155 402 244 898
318 188 377 1000
318 93 840 188
155 93 318 402
840 0 937 652
83 93 155 1000
83 0 840 93
0 0 83 1000
530 847 553 893
814 828 861 857
984 421 996 570
511 847 530 986
974 702 993 875
482 847 511 999
866 635 895 822
940 881 1000 978
940 702 974 881
749 928 886 977
749 872 898 928
482 742 576 847
814 635 866 828
442 742 482 999
768 635 814 864
721 635 768 872
940 421 984 702
635 872 749 999
379 742 442 999
721 541 898 635
379 657 576 742
379 544 576 657
379 430 576 544
898 421 940 992
379 306 576 430
635 541 721 872
635 421 898 541
635 319 1000 421
576 319 635 1000
576 218 1000 319
576 114 1000 218
576 0 1000 114
379 0 576 306
296 0 379 1000
185 0 296 1000
0 0 185 1000
650 924 681 984
650 867 683 924
560 919 597 986
788 790 814 939
683 963 802 1000
320 479 331 922
955 854 998 980
459 922 558 978
138 957 271 1000
231 845 320 919
650 666 683 867
138 922 331 957
231 744 320 845
331 922 459 1000
880 854 955 991
0 922 138 1000
613 666 650 990
880 749 1000 854
331 857 558 922
613 455 683 666
880 601 1000 749
683 790 788 963
231 479 320 744
560 455 613 919
331 701 558 857
880 279 1000 601
130 479 231 922
814 279 880 1000
814 0 1000 279
331 455 560 701
0 479 130 922
331 274 683 455
0 274 331 479
0 154 683 274
683 0 814 790
0 0 683 154
710 995 781 1000
710 982 793 995
817 944 870 985
504 735 687 750
943 847 979 926
801 741 817 970
983 701 1000 933
662 750 710 834
581 950 695 1000
581 881 710 950
870 847 943 978
983 80 1000 701
504 674 687 735
565 750 662 881
472 881 581 1000
504 580 710 674
870 649 979 847
290 881 472 1000
710 741 801 982
710 519 817 741
504 463 710 580
870 417 983 649
407 463 504 750
290 750 565 881
870 80 983 417
407 319 710 463
817 80 870 944
710 80 817 519
290 319 407 750
290 198 710 319
219 198 290 1000
219 80 710 198
146 80 219 1000
146 0 1000 80
76 0 146 1000
0 0 76 1000
938 488 957 543
890 968 964 999
877 715 927 774
406 957 731 968
953 663 1000 749
907 836 986 903
870 777 1000 836
839 909 997 968
938 320 1000 488
888 320 938 543
676 715 877 774
726 836 907 903
829 320 888 543
768 320 829 543
676 663 953 715
676 610 970 663
691 320 768 543
406 909 839 957
676 543 1000 610
189 968 890 999
586 320 691 543
406 836 726 909
562 543 676 777
445 543 562 777
406 777 870 836
454 320 586 543
280 543 445 777
280 320 454 543
189 777 406 968
189 320 280 777
189 257 1000 320
189 187 1000 257
189 97 1000 187
101 97 189 1000
101 0 1000 97
0 0 101 1000
808 421 864 433
732 787 954 795
975 283 1000 424
973 616 1000 756
894 938 984 985
894 891 1000 938
808 367 957 421
732 744 951 787
894 795 1000 891
844 795 894 1000
732 701 970 744
789 795 844 1000
808 283 975 367
710 283 808 433
708 795 789 1000
595 283 710 433
472 283 595 433
613 795 708 1000
732 616 973 701
613 616 732 795
472 240 976 283
553 616 613 1000
485 616 553 1000
485 560 1000 616
419 560 485 1000
419 504 1000 560
346 504 419 1000
346 433 996 504
256 433 346 1000
158 433 256 1000
158 240 472 433
158 167 1000 240
81 167 158 1000
81 87 1000 167
81 0 1000 87
0 0 81 1000
431 944 444 1000
628 531 630 898
625 531 628 813
414 830 421 961
407 830 414 993
738 919 821 942
821 712 847 808
334 953 407 994
407 678 431 830
630 790 691 1000
540 723 588 997
929 779 1000 975
588 531 625 924
738 712 821 919
847 779 929 1000
847 657 1000 779
847 528 1000 657
738 528 847 712
334 678 407 953
691 528 738 1000
691 456 1000 528
431 723 540 944
691 376 1000 456
630 376 691 790
431 531 588 723
431 376 630 531
431 318 1000 376
334 318 431 678
334 261 1000 318
276 261 334 1000
208 261 276 1000
208 171 1000 261
119 171 208 1000
119 86 1000 171
119 0 1000 86
0 0 119 1000
902 391 905 640
843 820 890 852
963 928 987 1000
749 821 798 861
952 772 995 820
843 783 902 820
676 821 749 861
882 928 963 1000
882 861 1000 928
484 883 569 986
843 625 902 783
395 883 484 1000
952 510 995 772
789 861 882 1000
843 391 902 625
676 733 839 821
905 510 952 861
395 770 572 883
676 598 843 733
577 861 789 1000
905 200 1000 510
265 770 395 1000
265 671 572 770
167 671 265 1000
167 590 572 671
676 391 843 598
81 590 167 1000
81 518 572 590
81 446 577 518
676 200 905 391
81 347 577 446
0 347 81 1000
577 200 676 861
577 0 1000 200
0 184 577 347
0 0 577 184
845 987 941 998
215 993 383 1000
951 948 992 996
215 977 408 993
307 899 354 977
835 914 968 948
378 635 396 890
442 987 845 1000
789 851 877 914
396 713 420 952
628 914 835 948
789 801 935 851
789 748 935 801
789 679 935 748
746 679 789 914
702 679 746 914
702 622 935 679
396 316 440 713
307 635 378 899
442 948 951 987
935 505 990 906
702 505 935 622
307 316 396 635
628 505 702 914
628 421 1000 505
628 335 1000 421
628 243 1000 335
573 243 628 948
573 121 1000 243
508 121 573 948
442 121 508 948
215 316 307 977
442 0 1000 121
215 0 442 316
112 0 215 1000
0 0 112 1000
334 737 354 798
912 691 1000 708
334 508 343 737
334 360 355 508
903 850 932 960
156 947 249 1000
730 764 962 804
936 804 1000 983
305 360 334 754
826 850 903 999
742 850 826 1000
730 691 912 764
730 641 1000 691
274 360 305 797
617 850 742 1000
615 641 730 804
479 850 617 1000
479 804 936 850
479 641 615 804
479 598 1000 641
479 553 1000 598
479 504 1000 553
156 799 335 947
419 504 479 1000
419 448 1000 504
419 385 1000 448
419 321 1000 385
419 252 1000 321
355 252 419 1000
355 176 1000 252
156 360 274 799
355 94 1000 176
156 94 355 360
89 94 156 1000
89 0 1000 94
0 0 89 1000
569 987 608 1000
675 939 708 972
657 939 675 1000
614 784 645 847
708 963 762 1000
955 919 982 1000
622 864 657 947
567 784 614 864
907 919 955 1000
567 727 657 784
529 727 567 864
871 782 907 961
569 864 622 987
771 709 802 933
657 800 707 939
507 864 569 1000
657 598 708 800
806 782 871 1000
771 290 806 709
907 742 1000 919
806 588 907 782
340 864 507 1000
907 481 1000 742
907 219 1000 481
340 727 529 864
806 219 907 588
340 598 657 727
708 290 771 963
806 0 1000 219
340 432 708 598
229 432 340 1000
229 290 708 432
229 161 806 290
229 0 806 161
122 0 229 1000
0 0 122 1000
964 584 966 714
995 361 998 460
871 983 897 1000
964 205 966 584
278 998 728 1000
891 885 914 959
988 361 995 896
988 0 1000 361
957 205 964 996
278 983 871 998
882 266 943 429
778 828 891 930
891 648 951 885
278 959 921 983
785 266 882 447
512 447 917 494
677 266 785 447
967 0 988 947
778 648 891 828
702 648 778 959
702 550 951 648
512 266 677 447
628 550 702 959
380 266 512 495
545 550 628 959
457 550 545 959
368 550 457 959
278 550 368 959
278 495 951 550
196 495 278 1000
196 266 380 495
196 205 957 266
196 106 967 205
105 106 196 1000
0 106 105 1000
0 0 967 106
974 955 985 978
686 957 711 1000
952 692 971 788
974 756 987 955
877 560 884 951
885 829 926 960
993 93 1000 990
513 948 655 1000
806 859 877 972
926 692 952 1000
110 881 237 969
686 858 806 957
110 781 237 881
974 93 993 756
926 407 974 692
110 671 237 781
513 858 686 948
513 804 806 858
885 407 926 829
513 741 806 804
806 560 877 859
513 652 806 741
885 93 974 407
513 548 806 652
513 442 806 548
453 442 513 1000
453 338 806 442
806 93 885 560
385 338 453 1000
385 227 806 338
385 93 806 227
320 93 385 1000
320 0 1000 93
237 0 320 1000
110 0 237 671
0 0 110 1000
997 723 1000 753
959 418 1000 426
936 723 997 735
946 418 959 507
930 418 946 507
940 918 981 980
914 794 970 867
0 947 108 1000
131 927 216 1000
911 556 987 653
673 696 953 723
844 918 940 1000
818 418 930 507
0 852 131 947
690 918 844 1000
673 653 975 696
690 867 1000 918
690 794 914 867
603 794 690 1000
673 556 911 653
603 723 936 794
514 723 603 1000
514 556 673 723
453 556 514 1000
391 556 453 1000
391 507 1000 556
391 418 818 507
322 418 391 1000
322 358 1000 418
322 286 1000 358
322 211 1000 286
322 121 1000 211
238 121 322 1000
131 121 238 927
131 0 1000 121
0 0 131 852
997 587 999 695
999 93 1000 746
997 93 999 587
649 946 696 993
811 877 836 984
768 877 811 954
649 872 696 946
526 940 587 999
526 907 649 940
722 877 768 1000
463 907 526 1000
722 833 858 877
990 93 997 979
463 870 633 907
722 782 858 833
463 829 649 870
722 718 858 782
463 762 649 829
722 586 858 718
858 681 931 987
463 639 649 762
722 384 858 586
386 639 463 1000
386 528 649 639
649 384 722 872
386 384 649 528
386 294 858 384
937 93 990 936
386 198 858 294
858 93 937 681
317 198 386 1000
317 93 858 198
241 93 317 1000
162 93 241 1000
162 0 1000 93
0 0 162 1000
296 982 351 999
186 507 190 770
964 939 995 1000
855 903 922 1000
199 911 296 1000
813 761 855 1000
0 946 189 1000
296 810 357 982
357 889 458 1000
922 660 964 928
199 792 296 911
752 761 813 985
153 507 186 926
357 770 476 889
686 761 752 1000
855 660 922 903
357 622 476 770
686 644 855 761
357 439 476 622
624 644 686 1000
964 320 1000 939
296 439 357 810
560 644 624 1000
296 299 476 439
476 644 560 1000
855 320 964 660
476 539 855 644
476 431 855 539
476 320 855 431
476 236 1000 320
199 299 296 792
476 138 1000 236
0 507 153 946
476 0 1000 138
199 0 476 299
0 0 199 507
679 977 720 988
488 999 991 1000
374 956 421 975
488 996 897 999
854 937 948 974
488 988 1000 996
374 844 422 956
85 854 152 936
844 691 986 761
860 510 966 632
152 762 231 938
854 840 1000 937
631 691 844 761
711 510 860 632
631 632 941 691
231 844 374 983
231 722 422 844
679 840 854 977
711 424 1000 510
679 761 1000 840
231 580 422 722
711 319 1000 424
231 416 422 580
711 211 1000 319
231 249 422 416
631 211 711 632
631 101 1000 211
152 249 231 762
85 249 152 854
569 101 631 761
488 761 679 988
569 0 1000 101
488 0 569 761
422 0 488 1000
85 0 422 249
0 0 85 1000
997 523 1000 598
950 787 969 880
922 470 942 567
984 523 997 793
0 977 170 1000
870 799 938 860
969 797 1000 938
878 470 922 571
803 935 897 1000
984 0 996 523
0 937 197 977
567 571 840 607
803 860 950 935
724 860 803 1000
969 0 984 797
635 860 724 1000
721 470 878 561
635 799 870 860
950 0 969 787
567 470 721 571
635 744 950 799
635 669 950 744
563 669 635 1000
476 669 563 1000
385 669 476 1000
385 607 950 669
294 607 385 1000
294 470 567 607
294 403 950 470
294 334 950 403
211 334 294 1000
211 230 950 334
211 121 950 230
211 0 950 121
0 506 209 937
0 0 211 506
