978 515 999 574
592 836 982 843
944 515 978 646
114 940 225 1000
298 841 350 989
867 929 995 1000
241 841 298 1000
592 813 999 836
647 929 867 1000
114 795 241 940
811 646 981 813
715 515 944 646
647 843 1000 929
592 646 811 813
350 843 647 1000
350 646 592 843
350 515 715 646
350 425 1000 515
350 335 1000 425
350 233 1000 335
350 123 1000 233
350 0 1000 123
241 0 350 841
114 0 241 795
0 0 114 1000
524 952 555 1000
524 841 555 952
689 550 706 802
835 951 940 1000
662 863 706 992
472 841 524 1000
662 550 689 863
417 841 472 1000
948 761 995 978
835 761 948 951
605 550 662 1000
417 644 555 841
835 580 1000 761
328 644 417 1000
753 580 835 1000
753 431 1000 580
753 272 1000 431
753 112 1000 272
706 112 753 1000
605 112 706 550
555 112 605 1000
555 0 1000 112
328 0 555 644
165 0 328 999
0 0 165 1000
590 797 593 846
934 981 991 1000
895 889 934 931
590 417 595 797
895 795 934 889
579 417 590 974
934 830 1000 981
458 895 567 1000
827 795 895 1000
458 755 567 895
934 536 1000 830
458 578 579 755
400 578 458 1000
827 536 934 795
765 536 827 1000
400 417 579 578
765 351 1000 536
680 351 765 1000
680 171 1000 351
597 171 680 1000
597 0 1000 171
400 0 597 417
275 0 400 1000
138 0 275 1000
0 0 138 1000
411 964 493 993
512 990 925 1000
969 846 1000 995
916 895 969 986
841 920 911 990
916 768 969 895
689 920 841 990
969 474 1000 846
411 835 512 964
689 847 916 920
689 768 916 847
602 768 689 990
602 711 969 768
602 637 969 711
512 637 602 990
512 558 969 637
512 474 969 558
512 391 1000 474
512 280 1000 391
411 280 512 835
268 280 411 1000
268 132 1000 280
137 132 268 1000
137 0 1000 132
0 0 137 1000
452 992 464 995
452 855 454 992
928 934 1000 954
452 755 468 855
560 981 914 1000
541 557 560 1000
821 881 928 981
289 915 452 1000
928 694 1000 934
821 694 928 881
742 694 821 981
653 694 742 981
289 755 452 915
653 616 1000 694
468 557 541 955
289 557 468 755
289 409 560 557
653 475 1000 616
653 304 1000 475
560 304 653 981
560 155 1000 304
289 155 560 409
136 155 289 1000
136 0 1000 155
0 0 136 1000
981 154 1000 280
902 793 1000 834
946 456 1000 533
766 793 902 834
909 347 978 456
822 929 1000 986
783 456 946 531
766 731 1000 793
822 834 1000 929
856 154 981 345
436 456 783 533
650 834 822 1000
477 834 650 1000
477 731 766 834
477 673 1000 731
477 614 1000 673
477 533 1000 614
379 533 477 1000
436 347 909 456
263 533 379 1000
137 533 263 1000
436 154 856 347
137 154 436 533
137 0 1000 154
0 0 137 1000
979 879 1000 956
644 979 910 993
865 848 897 979
842 745 910 848
910 879 979 1000
799 848 865 979
476 819 573 1000
962 356 1000 879
644 848 799 979
644 745 842 848
644 663 910 745
573 663 644 1000
573 589 910 663
910 356 962 879
573 490 910 589
573 356 910 490
573 241 1000 356
476 241 573 819
476 119 1000 241
395 119 476 1000
312 119 395 980
214 119 312 1000
110 119 214 1000
110 0 1000 119
0 0 110 1000
301 967 414 1000
484 349 491 1000
414 887 467 1000
467 349 484 896
878 881 989 978
301 857 414 967
227 775 301 971
699 837 812 973
878 742 994 881
301 697 414 857
138 775 227 1000
699 655 812 837
414 349 467 887
878 485 994 742
601 655 699 1000
812 485 878 1000
601 485 812 655
601 394 1000 485
301 349 414 697
138 349 301 775
601 198 1000 394
491 198 601 1000
491 0 1000 198
138 0 491 349
0 0 138 1000
916 959 1000 1000
568 913 612 998
979 736 1000 955
289 872 336 1000
568 684 612 913
215 785 289 961
916 736 979 959
289 673 361 872
138 785 215 1000
289 418 361 673
469 684 568 1000
791 736 916 1000
361 684 469 1000
791 570 1000 736
361 517 612 684
688 570 791 1000
361 308 612 517
688 399 1000 570
138 418 289 785
688 220 1000 399
688 0 1000 220
612 0 688 1000
361 0 612 308
138 0 361 418
0 0 138 1000
995 0 998 517
686 924 757 1000
511 832 757 863
0 972 436 1000
504 863 714 924
757 853 864 983
625 708 757 832
864 830 995 972
439 924 686 1000
625 561 757 708
864 671 995 830
0 924 439 972
0 863 504 924
511 561 625 832
511 419 757 561
511 276 757 419
437 276 511 863
339 276 437 863
235 276 339 863
120 276 235 863
0 276 120 863
0 161 757 276
864 0 995 671
757 0 864 853
0 0 757 161
908 765 918 824
837 965 918 980
981 838 992 976
860 863 908 927
693 965 837 1000
693 942 918 965
759 863 860 928
918 838 981 1000
918 700 1000 838
918 530 1000 700
759 765 908 863
759 659 918 765
918 315 1000 530
693 659 759 942
637 659 693 1000
637 566 918 659
637 471 918 566
637 315 918 471
568 315 637 1000
493 315 568 1000
493 197 1000 315
401 197 493 1000
292 197 401 1000
292 0 1000 197
0 0 292 1000
182 952 265 982
473 951 562 980
79 957 171 1000
265 953 360 1000
648 959 886 1000
360 434 383 910
889 868 973 1000
265 801 360 953
265 580 360 801
648 868 889 959
648 791 1000 868
648 714 1000 791
182 580 265 952
648 605 1000 714
79 580 182 957
79 434 360 580
648 487 1000 605
0 434 79 1000
648 349 1000 487
562 349 648 1000
562 215 1000 349
473 215 562 951
383 215 473 1000
383 0 1000 215
0 0 383 434
757 898 776 1000
889 950 974 1000
712 898 757 1000
712 826 776 898
653 826 712 1000
653 723 776 826
776 857 885 995
776 636 889 857
776 409 889 636
889 643 999 950
526 723 653 998
889 326 1000 643
889 0 1000 326
526 542 776 723
427 542 526 1000
427 409 776 542
339 409 427 1000
339 313 889 409
339 215 889 313
339 113 889 215
264 113 339 1000
188 113 264 1000
188 0 889 113
94 0 188 1000
0 0 94 1000
877 949 948 966
857 733 877 1000
926 650 997 738
974 738 1000 1000
650 941 807 1000
926 491 997 650
650 885 857 941
650 825 857 885
574 825 650 1000
877 738 974 949
574 733 857 825
926 97 997 491
574 635 877 733
877 97 926 738
478 635 574 1000
348 635 478 1000
200 635 348 1000
200 545 877 635
200 447 877 545
200 332 877 447
200 215 877 332
200 97 877 215
105 97 200 1000
105 0 1000 97
0 0 105 1000
977 938 993 999
918 791 958 860
913 938 977 1000
583 923 901 938
849 791 918 862
813 938 913 1000
958 589 1000 882
583 882 973 923
502 938 813 1000
849 589 958 791
772 589 849 882
694 589 772 882
583 589 694 882
583 505 1000 589
502 505 583 938
502 431 1000 505
436 431 502 1000
369 431 436 1000
369 364 1000 431
369 289 1000 364
369 157 1000 289
268 157 369 1000
136 157 268 1000
136 0 1000 157
0 0 136 1000
812 743 823 1000
980 443 1000 625
733 946 811 1000
924 903 1000 964
873 842 924 967
924 800 1000 903
823 842 873 1000
980 0 1000 443
924 643 1000 800
823 708 924 842
733 743 812 946
637 743 733 1000
823 450 924 708
531 743 637 1000
924 0 980 643
531 597 823 743
419 597 531 1000
823 0 924 450
300 597 419 1000
300 499 823 597
184 499 300 1000
184 395 823 499
184 192 823 395
0 192 184 1000
0 0 823 192
956 937 1000 1000
751 675 775 846
775 938 853 1000
618 952 775 995
859 865 918 995
547 848 618 980
956 664 1000 937
618 868 775 952
775 731 859 938
956 258 1000 664
775 479 859 731
618 675 751 868
918 258 956 1000
618 479 775 675
859 258 918 865
859 0 1000 258
618 327 859 479
618 170 859 327
618 0 859 170
547 0 618 848
480 0 547 1000
400 0 480 1000
315 0 400 1000
191 0 315 1000
0 0 191 1000
953 959 966 1000
655 931 697 1000
953 849 1000 959
716 612 737 938
558 888 655 1000
936 658 1000 849
849 849 953 1000
849 658 936 849
796 658 849 1000
655 612 716 931
796 556 1000 658
737 556 796 1000
558 612 655 888
737 442 1000 556
558 442 737 612
496 442 558 1000
496 367 1000 442
496 279 1000 367
431 279 496 1000
362 279 431 1000
277 279 362 1000
277 149 1000 279
277 0 1000 149
149 0 277 1000
0 0 149 1000
686 958 763 964
177 949 209 972
933 904 1000 958
0 981 218 1000
929 724 987 801
177 854 229 949
644 981 951 1000
933 801 1000 904
831 724 929 801
229 981 644 1000
869 801 933 958
229 964 891 981
0 854 177 981
831 562 1000 724
686 801 869 958
0 680 229 854
640 562 831 801
426 562 640 801
426 443 1000 562
229 801 686 964
426 298 1000 443
229 298 426 801
229 163 1000 298
229 0 1000 163
0 0 229 680
711 769 724 782
706 769 711 917
955 826 1000 901
926 901 1000 967
628 942 725 1000
725 967 982 1000
840 826 955 901
780 901 926 967
840 753 978 826
840 688 1000 753
840 608 1000 688
628 769 706 942
780 608 840 901
780 504 1000 608
725 504 780 967
628 504 725 769
572 504 628 1000
572 420 1000 504
510 420 572 1000
510 331 1000 420
510 195 1000 331
370 195 510 1000
370 0 1000 195
199 0 370 1000
0 0 199 1000
747 837 762 934
592 935 673 962
762 960 829 1000
592 895 673 935
829 930 956 1000
320 968 673 996
956 635 985 999
986 0 1000 856
673 837 747 1000
320 895 592 968
320 822 673 895
320 742 673 822
829 635 956 930
829 383 986 635
320 625 673 742
320 495 673 625
224 495 320 1000
126 495 224 1000
126 396 673 495
829 0 986 383
762 0 829 960
673 0 762 837
126 212 673 396
126 0 673 212
0 0 126 1000
611 970 676 993
975 611 1000 697
551 904 693 922
649 799 690 893
611 922 693 970
388 881 551 922
693 970 941 1000
928 833 1000 959
649 573 693 799
818 611 975 686
426 922 611 993
818 536 1000 611
236 922 426 1000
693 833 928 970
551 573 649 904
818 324 1000 536
693 697 1000 833
693 324 818 697
388 573 551 881
693 158 1000 324
236 573 388 922
236 387 693 573
236 158 693 387
236 0 1000 158
0 0 236 1000
447 534 461 731
463 303 472 709
971 777 1000 985
426 826 472 998
882 811 925 1000
925 594 968 919
794 811 882 1000
971 0 1000 777
282 826 426 1000
123 826 282 1000
123 746 472 826
794 594 925 811
719 594 794 1000
641 594 719 1000
284 534 447 733
641 478 971 594
565 478 641 1000
284 303 463 534
565 332 971 478
565 159 971 332
123 303 284 746
472 159 565 1000
472 0 971 159
123 0 472 303
0 0 123 1000
911 960 941 1000
814 966 885 985
566 870 600 1000
487 889 566 991
693 612 731 986
911 796 1000 960
566 436 600 870
653 612 693 1000
814 796 911 966
731 796 814 1000
600 612 653 984
600 459 731 612
731 721 1000 796
731 643 1000 721
731 541 1000 643
731 436 1000 541
487 436 566 889
731 281 1000 436
731 117 1000 281
600 117 731 459
600 0 1000 117
487 0 600 436
422 0 487 1000
356 0 422 1000
0 0 356 1000
722 729 724 904
722 475 726 729
700 886 722 955
628 900 655 1000
655 886 700 1000
939 583 1000 691
726 915 853 1000
853 905 989 1000
939 349 1000 583
411 900 628 1000
726 737 853 915
853 722 1000 905
655 475 722 886
411 779 655 900
411 657 655 779
853 349 939 722
282 657 411 1000
853 0 1000 349
282 475 655 657
133 475 282 1000
133 334 726 475
133 179 726 334
726 0 853 737
133 0 726 179
0 0 133 1000
950 279 1000 329
929 908 1000 948
816 908 929 948
858 658 959 711
831 279 950 329
853 711 1000 769
831 216 1000 279
538 948 973 998
858 485 1000 658
816 769 1000 908
402 711 853 769
702 485 858 711
538 485 702 711
538 404 1000 485
402 404 538 711
402 329 1000 404
402 216 831 329
538 769 816 948
307 769 538 998
402 122 1000 216
402 0 1000 122
307 0 402 769
231 0 307 1000
137 0 231 1000
0 0 137 1000
986 946 987 999
979 946 986 982
964 946 979 1000
943 946 964 1000
463 925 486 1000
884 946 943 1000
391 925 463 1000
884 894 1000 946
391 822 510 925
884 756 1000 894
292 822 391 1000
774 756 884 1000
292 697 510 822
654 756 774 1000
292 504 510 697
654 633 1000 756
193 504 292 1000
510 633 654 1000
193 332 510 504
510 507 1000 633
510 376 1000 507
510 201 1000 376
510 0 1000 201
193 0 510 332
0 0 193 1000
438 993 650 1000
710 909 744 993
730 666 755 795
973 649 1000 833
933 833 994 984
640 666 730 795
856 833 933 1000
640 544 755 666
511 909 710 990
755 833 856 1000
836 649 973 823
836 502 1000 649
511 795 744 909
755 502 836 833
755 384 1000 502
511 544 640 795
438 544 511 993
755 238 1000 384
438 404 755 544
438 238 755 404
438 137 1000 238
358 137 438 1000
358 0 1000 137
188 0 358 1000
0 0 188 1000
400 809 416 891
776 955 835 986
400 718 421 809
376 897 421 982
918 941 993 1000
0 986 396 1000
894 680 918 944
241 897 376 986
311 718 400 891
918 750 1000 941
835 680 894 981
918 520 1000 750
194 718 311 891
0 897 241 986
918 250 1000 520
0 718 194 897
835 250 918 680
0 622 421 718
776 250 835 955
0 498 421 622
0 352 421 498
603 250 776 1000
421 250 603 1000
421 0 1000 250
0 0 421 352
