763 798 1000 808
627 601 688 733
763 733 1000 798
627 534 932 601
627 451 952 534
585 733 763 1000
329 733 585 1000
627 0 1000 451
329 0 627 733
0 0 329 1000
632 921 636 924
444 838 493 1000
444 740 632 838
301 740 444 1000
632 713 1000 921
632 505 1000 713
632 263 1000 505
632 0 1000 263
301 0 632 740
0 0 301 1000
648 934 859 961
488 934 648 1000
847 584 1000 676
488 863 922 934
634 584 847 863
634 333 1000 584
634 0 1000 333
488 0 634 863
292 0 488 1000
0 0 292 1000
727 818 826 992
727 729 925 818
598 729 727 992
598 593 1000 729
422 593 598 1000
422 401 1000 593
198 401 422 1000
198 214 1000 401
198 0 1000 214
0 0 198 1000
0 975 349 992
983 0 994 959
0 950 503 975
237 807 327 950
237 751 656 807
0 751 237 950
0 680 743 751
900 0 983 953
743 0 900 1000
0 0 743 680
971 385 978 502
981 0 1000 620
727 611 937 738
540 821 875 924
532 611 727 821
263 821 540 1000
532 385 971 611
532 0 981 385
263 0 532 821
0 0 263 1000
841 543 998 583
792 543 841 896
702 543 792 896
702 409 1000 543
572 409 702 1000
572 214 1000 409
454 214 572 1000
454 0 1000 214
231 0 454 1000
0 0 231 1000
791 714 1000 807
711 714 791 1000
314 780 474 1000
314 659 711 780
711 510 1000 714
314 494 711 659
711 258 1000 510
711 0 1000 258
314 0 711 494
0 0 314 1000
878 447 915 795
769 762 831 973
769 447 878 762
685 447 769 1000
685 203 1000 447
553 203 685 1000
416 203 553 1000
416 0 1000 203
224 0 416 1000
0 0 224 1000
679 944 983 995
671 703 852 790
679 873 983 944
480 873 679 1000
852 266 983 858
671 266 852 703
480 266 671 873
480 0 983 266
289 0 480 1000
0 0 289 1000
740 884 746 1000
761 781 789 804
684 884 740 1000
518 884 684 1000
518 781 761 884
518 548 1000 781
518 270 1000 548
266 270 518 1000
266 0 1000 270
0 0 266 1000
805 769 853 934
755 769 805 934
755 690 887 769
577 934 907 975
755 597 1000 690
577 597 755 934
577 341 1000 597
257 341 577 1000
257 0 1000 341
0 0 257 1000
737 802 790 1000
737 717 1000 802
737 608 1000 717
631 608 737 1000
484 608 631 1000
484 482 1000 608
484 338 1000 482
335 338 484 1000
335 0 1000 338
0 0 335 1000
860 713 975 931
733 713 860 1000
733 553 975 713
566 553 733 877
566 371 975 553
434 371 566 1000
238 371 434 1000
238 191 1000 371
238 0 1000 191
0 0 238 1000
795 690 1000 880
621 690 795 1000
0 629 217 1000
359 690 621 1000
0 398 359 629
359 536 1000 690
359 378 1000 536
359 201 1000 378
359 0 1000 201
0 0 359 398
738 567 917 582
738 466 866 567
783 904 968 987
783 807 986 904
783 702 1000 807
738 343 1000 466
283 702 783 1000
283 343 738 702
283 0 1000 343
0 0 283 1000
558 813 647 1000
904 338 957 957
558 545 801 813
801 338 904 1000
358 545 558 1000
358 338 801 545
173 338 358 1000
173 166 991 338
0 166 173 1000
0 0 991 166
373 839 596 848
803 743 1000 800
803 664 1000 743
373 688 612 839
803 373 1000 664
612 373 803 1000
612 0 1000 373
373 0 612 688
206 0 373 1000
0 0 206 1000
591 641 976 660
0 798 173 1000
792 230 965 499
792 0 1000 230
591 499 1000 641
591 0 792 499
404 761 939 1000
404 0 591 761
257 0 404 1000
0 0 257 798
839 538 963 599
882 630 1000 709
839 438 966 538
680 438 839 630
680 271 1000 438
605 630 882 1000
251 630 605 1000
251 271 680 630
251 0 1000 271
0 0 251 1000
445 821 485 994
794 792 1000 862
297 821 445 994
794 475 1000 792
297 557 610 821
610 475 794 1000
610 176 1000 475
297 176 610 557
297 0 1000 176
0 0 297 1000
906 418 1000 664
755 418 906 695
654 418 755 1000
533 418 654 1000
401 418 533 1000
261 418 401 1000
261 301 1000 418
261 155 1000 301
261 0 1000 155
0 0 261 1000
562 833 765 853
903 588 986 824
765 709 863 1000
194 833 562 1000
194 709 765 833
194 588 903 709
194 443 1000 588
194 228 1000 443
194 0 1000 228
0 0 194 1000
672 779 751 926
672 661 823 779
823 646 1000 781
823 466 1000 646
474 661 672 1000
474 466 823 661
340 466 474 1000
340 239 1000 466
340 0 1000 239
0 0 340 1000
0 806 32 987
672 745 1000 909
473 565 672 896
672 525 1000 745
672 274 1000 525
672 0 1000 274
473 0 672 565
360 0 473 1000
211 0 360 1000
0 0 211 806
270 998 573 1000
739 736 846 910
270 940 719 998
739 557 1000 736
508 557 739 910
270 557 508 940
270 405 1000 557
270 246 1000 405
270 0 1000 246
0 0 270 1000
807 595 893 762
674 867 785 1000
674 762 1000 867
502 762 674 1000
257 762 502 1000
257 595 807 762
257 460 1000 595
257 281 1000 460
257 0 1000 281
0 0 257 1000
0 961 117 978
470 885 945 922
680 592 1000 762
470 592 680 885
470 400 1000 592
470 192 1000 400
324 192 470 1000
324 0 1000 192
173 0 324 1000
0 0 173 961
489 866 598 1000
226 821 486 1000
819 572 1000 876
489 653 819 866
819 179 1000 572
489 386 819 653
226 386 489 821
226 179 819 386
226 0 1000 179
0 0 226 1000
