651 853 793 916
793 852 1000 1000
793 678 1000 852
332 853 651 1000
332 678 793 853
332 529 1000 678
332 335 1000 529
332 0 1000 335
0 0 332 1000
685 949 903 1000
685 856 1000 949
685 731 1000 856
685 541 1000 731
514 541 685 1000
514 327 1000 541
514 0 1000 327
299 0 514 1000
0 0 299 1000
738 630 761 1000
882 840 1000 955
882 617 1000 840
761 617 882 1000
504 630 738 1000
761 0 1000 617
0 630 504 1000
0 315 761 630
0 0 761 315
946 677 1000 1000
807 677 946 900
705 677 807 1000
597 677 705 1000
597 498 1000 677
597 315 1000 498
597 0 1000 315
470 0 597 1000
0 0 470 1000
516 765 747 782
848 684 1000 1000
235 876 848 1000
516 467 848 765
848 0 1000 684
235 467 516 876
235 242 848 467
235 0 848 242
0 0 235 1000
248 966 608 1000
941 510 994 956
880 510 941 976
248 807 681 966
681 510 880 998
248 528 681 807
681 0 1000 510
248 0 681 528
0 0 248 1000
