213 914 226 932
462 985 513 1000
979 922 992 1000
192 914 213 969
931 846 953 905
309 392 312 893
226 934 286 969
368 961 425 1000
961 842 1000 903
119 914 192 969
931 697 961 846
911 922 979 1000
521 921 620 1000
859 811 931 922
447 454 462 1000
0 969 313 1000
462 811 521 985
119 812 226 914
961 461 1000 842
368 764 447 961
226 723 309 934
692 811 859 922
521 723 620 921
620 922 911 1000
521 493 620 723
368 454 447 764
692 697 931 811
226 392 309 723
521 214 620 493
313 454 368 1000
692 582 961 697
692 461 961 582
620 461 692 922
462 214 521 811
313 214 462 454
119 392 226 812
620 318 1000 461
620 163 1000 318
620 0 1000 163
313 0 620 214
0 392 119 969
0 0 313 392
490 878 503 918
587 965 654 980
689 980 773 1000
997 78 1000 743
751 867 773 974
282 989 511 1000
773 971 882 1000
511 980 689 1000
972 779 1000 964
587 913 690 965
690 855 751 957
751 583 773 867
773 895 882 971
882 896 971 991
282 949 511 989
587 824 690 913
882 788 972 896
773 788 882 895
282 878 490 949
282 813 511 878
690 583 751 855
773 704 972 788
972 78 997 779
282 715 511 813
773 587 972 704
282 611 511 715
587 583 690 824
773 447 972 587
511 583 587 980
511 463 773 583
773 286 972 447
282 463 511 611
282 376 773 463
282 286 773 376
282 220 972 286
282 153 972 220
216 153 282 1000
145 153 216 1000
145 78 972 153
145 0 1000 78
75 0 145 1000
0 0 75 1000
490 929 509 936
628 828 646 929
378 905 439 936
557 900 628 929
796 893 1000 905
193 666 203 1000
421 573 439 796
628 562 646 828
378 812 439 905
96 917 193 982
646 920 755 994
906 905 991 1000
889 779 1000 884
443 936 644 1000
365 573 421 812
266 812 378 936
755 905 906 1000
889 645 1000 779
203 936 443 1000
646 733 755 920
889 439 1000 645
646 519 755 733
837 439 889 893
266 573 365 812
557 562 628 900
96 666 193 917
490 562 557 929
490 389 646 562
837 273 1000 439
439 389 490 936
837 82 1000 273
266 389 439 573
796 82 837 893
755 82 796 905
203 389 266 936
203 308 646 389
203 221 646 308
646 82 755 519
203 82 646 221
203 0 1000 82
96 0 203 666
0 0 96 1000
791 303 810 305
927 262 984 284
747 969 848 1000
800 728 987 745
758 208 791 305
848 916 891 1000
928 640 999 693
891 941 976 1000
848 797 891 916
791 262 927 303
446 728 800 745
928 543 999 640
670 208 758 305
791 211 984 262
566 208 670 305
839 543 928 693
749 543 839 693
747 797 848 969
791 124 1000 211
446 693 987 728
360 208 566 305
891 745 994 941
637 797 747 1000
597 543 749 693
518 797 637 1000
597 482 1000 543
371 797 518 1000
224 797 371 1000
446 482 597 693
64 797 224 1000
321 482 446 745
360 124 791 208
321 424 1000 482
321 362 1000 424
64 745 891 797
197 362 321 745
64 362 197 745
64 305 1000 362
64 124 360 305
64 63 1000 124
64 0 1000 63
0 0 64 1000
175 998 925 1000
910 901 946 969
586 911 653 969
910 789 946 901
511 765 545 906
108 902 167 986
946 810 987 949
460 681 545 765
517 418 545 681
764 823 825 969
372 898 511 969
693 646 724 969
825 155 839 969
987 82 1000 969
586 800 693 911
910 442 946 789
764 583 825 823
460 418 517 681
724 583 764 969
724 423 825 583
586 646 693 800
586 526 724 646
545 526 586 969
545 423 724 526
372 765 511 898
175 969 948 998
545 328 825 423
545 223 825 328
946 82 987 810
372 418 460 765
372 223 545 418
326 223 372 969
278 223 326 969
839 442 910 954
839 82 946 442
226 223 278 969
226 155 825 223
226 82 839 155
175 82 226 969
108 82 175 902
108 0 1000 82
0 0 108 1000
970 621 972 757
854 420 858 878
688 699 740 740
911 945 970 994
804 914 847 993
780 825 804 968
847 420 854 982
688 636 751 699
751 825 780 1000
972 654 1000 952
645 894 749 1000
858 778 911 1000
626 354 744 467
544 636 688 745
645 745 751 894
972 0 1000 654
572 745 645 1000
498 745 572 1000
911 621 970 945
418 745 498 1000
336 745 418 1000
804 420 847 914
751 420 804 825
336 636 544 745
406 354 626 467
336 574 751 636
275 574 336 1000
207 574 275 1000
132 574 207 1000
56 574 132 1000
56 521 751 574
56 467 751 521
911 0 972 621
56 354 406 467
56 296 751 354
858 0 911 778
56 234 751 296
56 171 751 234
751 0 858 420
0 171 56 1000
0 86 751 171
0 0 751 86
832 962 852 993
740 993 828 1000
679 357 811 365
807 420 855 443
724 365 871 377
982 835 1000 942
807 377 877 420
446 365 724 377
706 962 832 993
101 993 740 1000
584 931 777 962
960 646 982 986
203 423 586 443
881 891 960 997
795 849 881 962
826 166 881 357
624 377 807 443
982 0 1000 835
584 849 795 931
101 962 706 993
881 646 960 891
203 377 624 423
881 448 982 646
584 767 881 849
584 684 881 767
584 600 881 684
584 505 881 600
679 166 826 357
521 505 584 962
457 505 521 962
391 505 457 962
303 505 391 962
206 505 303 962
881 0 982 448
446 166 679 365
101 505 206 962
101 443 881 505
203 166 446 377
0 443 101 1000
0 166 203 443
0 100 881 166
0 0 881 100
550 825 557 894
990 683 1000 743
558 984 638 1000
939 971 1000 1000
644 853 661 979
224 970 303 1000
399 910 541 927
145 964 224 1000
742 792 756 1000
689 932 742 1000
488 927 558 1000
145 888 224 964
742 314 756 792
939 834 1000 971
661 633 689 951
467 701 555 825
224 836 307 970
558 853 644 984
307 927 488 996
399 825 550 910
854 834 939 1000
467 494 558 701
854 683 990 834
399 494 467 825
558 633 661 853
854 524 1000 683
854 358 1000 524
806 358 854 1000
756 358 806 1000
689 314 742 932
756 218 1000 358
756 76 1000 218
307 494 399 927
558 314 689 633
307 314 558 494
307 205 756 314
307 76 756 205
224 76 307 836
145 76 224 888
145 0 1000 76
75 0 145 1000
0 0 75 1000
883 991 908 998
836 991 883 998
704 980 783 988
966 892 989 946
250 374 253 1000
747 921 783 980
356 951 404 1000
966 741 999 892
404 980 704 1000
239 374 250 993
836 946 1000 991
185 829 239 970
615 921 747 980
356 724 404 951
253 857 356 1000
890 741 966 946
90 829 185 1000
615 824 783 921
356 380 404 724
253 694 356 857
890 581 999 741
90 703 239 829
615 708 783 824
890 399 999 581
615 563 783 708
544 563 615 980
473 563 544 980
836 399 890 946
783 399 836 1000
253 380 356 694
473 449 783 563
783 233 1000 399
783 59 1000 233
473 307 783 449
404 307 473 980
404 184 783 307
404 59 783 184
253 59 404 380
90 374 239 703
90 59 253 374
90 0 1000 59
0 0 90 1000
480 816 491 845
504 780 518 845
505 924 523 995
813 985 947 1000
407 816 480 844
470 924 505 995
859 954 948 984
946 498 960 805
702 951 812 1000
991 270 1000 909
960 771 991 963
727 661 813 735
504 426 523 780
702 874 813 951
628 661 727 748
915 498 946 791
619 874 702 1000
628 598 813 661
619 813 813 874
628 533 813 598
290 924 470 995
859 805 958 954
960 270 991 771
859 498 915 805
523 813 619 1000
628 435 813 533
290 845 523 924
523 748 813 813
859 270 960 498
859 102 1000 270
523 435 628 748
523 319 813 435
523 202 813 319
407 426 504 816
813 102 859 985
290 426 407 845
290 202 523 426
290 102 813 202
212 102 290 1000
120 102 212 1000
120 0 1000 102
0 0 120 1000
117 907 128 921
359 624 360 971
414 811 421 942
323 949 344 1000
361 959 403 1000
128 936 162 990
305 866 323 1000
910 957 999 1000
414 212 421 811
55 907 117 1000
361 822 408 959
323 734 359 949
837 851 898 1000
128 608 162 936
210 866 305 1000
910 807 1000 957
910 654 1000 807
837 654 910 851
210 734 323 866
210 624 359 734
788 654 837 1000
162 624 210 1000
162 533 361 624
788 553 1000 654
739 553 788 1000
55 608 128 907
162 413 361 533
679 553 739 1000
679 467 1000 553
622 467 679 1000
564 467 622 1000
361 212 414 822
502 467 564 1000
502 400 1000 467
162 212 361 413
55 212 162 608
0 212 55 1000
502 278 1000 400
502 141 1000 278
421 141 502 1000
421 0 1000 141
0 0 421 212
694 768 703 881
665 766 694 879
253 916 329 967
964 888 1000 1000
202 967 329 1000
895 818 972 888
694 549 720 768
253 829 329 916
608 766 665 888
902 888 964 1000
895 747 1000 818
253 699 329 829
527 766 608 888
802 888 902 1000
895 635 1000 747
527 694 694 766
253 536 329 699
684 888 802 1000
841 635 895 888
557 888 684 1000
779 635 841 888
380 888 557 1000
202 536 253 967
527 549 694 694
779 525 1000 635
779 396 1000 525
720 396 779 888
527 396 720 549
527 333 1000 396
527 269 1000 333
527 205 1000 269
481 205 527 888
432 205 481 888
380 205 432 888
380 145 1000 205
329 145 380 1000
202 145 329 536
142 145 202 1000
142 82 1000 145
75 82 142 1000
75 0 1000 82
0 0 75 1000
166 996 294 998
993 945 1000 998
166 991 464 996
509 746 526 864
226 950 309 991
415 951 533 991
533 895 586 1000
432 685 468 871
954 778 1000 945
670 943 820 1000
827 945 993 1000
415 871 533 951
371 685 432 841
670 876 827 943
509 230 532 746
954 514 1000 778
309 871 415 991
371 552 468 685
922 514 954 945
670 775 827 876
226 711 298 950
881 514 922 945
586 775 670 1000
586 683 827 775
827 514 881 945
586 584 827 683
468 230 509 815
827 355 1000 514
586 457 827 584
827 175 1000 355
371 230 468 552
586 319 827 457
586 175 827 319
309 230 371 871
226 230 309 711
586 78 1000 175
533 78 586 895
166 230 226 991
166 78 533 230
91 78 166 1000
91 0 1000 78
0 0 91 1000
84 989 160 1000
743 622 847 631
181 982 251 1000
975 631 984 785
0 954 41 1000
129 937 181 989
984 472 1000 782
41 883 84 999
181 899 251 982
836 723 959 785
435 984 989 1000
915 785 1000 891
611 957 962 984
870 524 978 625
129 720 181 937
181 737 251 899
181 567 251 737
84 720 129 989
743 524 870 622
836 631 975 723
750 631 836 785
84 580 181 720
181 365 251 567
651 631 750 785
551 631 651 785
551 524 743 631
84 365 181 580
611 898 987 957
41 365 84 883
551 472 984 524
0 365 41 954
611 785 915 898
435 785 611 984
435 472 551 785
435 400 1000 472
353 400 435 1000
251 400 353 1000
251 310 1000 400
251 216 1000 310
251 120 1000 216
251 0 1000 120
0 0 251 365
559 796 562 828
559 723 562 796
198 812 229 824
562 967 606 1000
722 454 725 979
198 750 229 812
494 944 562 976
151 945 229 996
976 728 1000 907
319 918 378 1000
621 941 722 1000
499 723 559 832
494 832 562 944
198 489 229 750
0 945 151 1000
621 856 722 941
916 728 976 907
499 539 562 723
423 832 494 1000
621 720 722 856
916 556 1000 728
0 862 229 945
768 907 990 996
857 556 916 907
857 408 1000 556
423 539 499 832
811 408 857 907
621 454 722 720
562 454 621 967
423 319 562 539
562 265 725 454
811 205 1000 408
811 0 1000 205
768 0 811 907
725 0 768 1000
562 0 725 265
423 0 562 319
378 0 423 1000
319 0 378 918
0 489 198 862
229 0 319 1000
0 0 229 489
838 988 951 1000
341 944 618 951
997 0 1000 842
705 771 727 897
669 951 727 1000
682 667 727 771
290 987 669 1000
618 898 727 951
951 859 1000 1000
930 615 951 985
527 841 618 939
590 667 682 771
494 667 590 771
618 771 705 898
727 880 829 993
777 499 836 712
777 285 838 499
290 951 669 987
727 724 838 880
494 591 727 667
494 511 727 591
341 841 527 944
341 771 618 841
727 285 777 724
407 511 494 771
407 437 727 511
407 352 727 437
341 352 407 771
290 352 341 951
240 352 290 1000
240 285 727 352
240 227 838 285
838 615 930 988
192 227 240 1000
951 0 997 859
192 165 838 227
192 92 838 165
139 92 192 1000
81 92 139 1000
838 0 951 615
81 0 838 92
0 0 81 1000
677 965 745 970
749 637 764 681
955 899 971 972
496 852 509 949
762 973 821 1000
443 969 509 1000
804 847 822 973
467 852 496 958
971 797 1000 957
246 969 443 1000
509 973 762 1000
806 177 822 695
764 403 806 702
822 899 955 1000
607 637 749 734
343 852 467 969
677 847 804 965
822 794 971 899
677 734 822 847
343 742 509 852
822 668 971 794
597 734 677 973
822 530 971 668
509 734 597 973
246 742 343 969
971 0 1000 797
149 742 246 1000
822 362 971 530
149 659 509 742
149 569 509 659
149 478 509 569
607 403 764 637
73 478 149 1000
73 377 509 478
607 177 806 403
0 377 73 1000
0 275 509 377
0 173 509 275
822 0 971 362
509 177 607 734
509 0 822 177
0 0 509 173
872 955 886 987
987 807 996 986
955 634 963 987
151 960 234 1000
260 826 281 1000
234 851 260 1000
457 803 532 898
691 893 759 1000
281 891 348 1000
765 706 790 1000
0 930 126 1000
234 507 260 851
987 0 1000 807
963 440 987 901
397 898 508 1000
260 276 281 826
151 808 234 960
0 841 151 930
532 893 691 1000
457 561 532 803
0 711 151 841
397 561 457 898
532 800 759 893
348 561 397 1000
532 706 765 800
281 561 348 891
151 507 234 808
151 276 260 507
872 634 955 955
790 634 872 987
790 440 963 634
532 572 790 706
281 419 532 561
790 253 987 440
532 402 790 572
532 219 790 402
790 0 987 253
281 219 532 419
281 120 790 219
281 0 790 120
0 276 151 711
0 0 281 276
981 986 992 999
266 968 289 992
477 991 622 1000
163 986 266 1000
266 879 290 968
594 669 604 937
981 809 1000 986
515 945 593 991
604 763 622 968
957 827 981 1000
604 470 622 763
925 827 957 1000
266 581 290 879
345 864 417 1000
163 891 266 986
981 265 1000 809
515 814 594 945
859 827 925 1000
515 669 594 814
757 827 859 1000
515 470 604 669
757 746 981 827
684 746 757 1000
477 470 515 991
684 677 981 746
477 311 622 470
684 585 981 677
684 479 981 585
163 581 266 891
622 479 684 1000
622 389 981 479
424 311 477 999
345 311 424 864
622 265 981 389
622 144 1000 265
345 144 622 311
290 144 345 1000
290 77 1000 144
290 0 1000 77
163 0 290 581
83 0 163 1000
0 0 83 1000
314 927 326 1000
257 969 288 1000
283 688 324 714
864 971 943 989
324 382 329 721
947 947 986 1000
314 735 330 927
257 909 314 969
703 966 864 1000
486 901 557 1000
947 796 1000 947
330 817 391 990
703 899 864 966
133 909 257 1000
133 844 314 909
283 382 324 688
703 820 864 899
864 796 947 971
864 682 1000 796
703 706 864 820
864 546 1000 682
637 706 703 1000
133 735 314 844
557 706 637 1000
557 628 864 706
557 546 864 628
557 485 1000 546
486 485 557 901
486 425 1000 485
486 365 1000 425
437 365 486 1000
437 309 1000 365
391 309 437 1000
391 253 1000 309
330 253 391 817
330 198 1000 253
330 140 1000 198
330 76 1000 140
133 382 283 735
133 76 330 382
133 0 1000 76
0 0 133 1000
838 954 877 988
939 871 968 934
978 851 1000 976
200 626 211 962
126 933 200 1000
414 845 475 934
755 931 838 1000
387 934 480 1000
877 939 978 1000
480 783 521 1000
838 718 877 954
939 632 978 871
302 845 414 934
978 348 998 851
211 934 387 1000
126 759 200 933
480 456 521 783
302 762 475 845
63 759 126 1000
302 663 475 762
755 718 838 931
63 626 200 759
877 632 939 939
755 544 877 718
706 544 755 1000
0 626 63 1000
653 544 706 1000
0 512 211 626
211 663 302 934
211 571 480 663
877 348 978 632
589 544 653 1000
524 544 589 1000
211 456 480 571
524 454 877 544
211 344 524 456
524 348 877 454
524 245 1000 348
524 133 1000 245
524 0 1000 133
211 0 524 344
0 0 211 512
178 924 201 983
380 949 432 988
374 674 386 949
963 625 1000 756
876 947 1000 990
432 990 1000 1000
886 843 1000 894
65 946 178 1000
815 772 886 881
277 858 365 949
178 612 204 924
807 894 963 947
204 949 380 1000
416 216 432 829
886 756 1000 843
886 625 963 756
815 625 886 772
386 449 415 887
815 550 1000 625
277 674 374 858
432 947 876 990
432 894 807 947
751 550 815 894
751 458 1000 550
751 366 1000 458
707 366 751 894
662 366 707 894
277 449 386 674
277 216 416 449
662 263 1000 366
606 263 662 894
606 168 1000 263
65 612 178 946
551 168 606 894
495 168 551 894
495 65 1000 168
432 65 495 894
204 216 277 949
65 216 204 612
65 65 432 216
65 0 1000 65
0 0 65 1000
946 901 961 1000
106 901 153 944
0 958 61 1000
153 834 181 944
925 811 946 1000
415 264 422 1000
380 466 392 990
61 944 180 1000
734 962 925 1000
271 917 371 1000
987 193 1000 882
946 353 964 901
153 403 177 834
734 901 925 962
271 782 378 917
392 264 415 977
734 811 925 901
964 193 987 948
181 782 271 1000
734 716 946 811
657 716 734 1000
657 636 946 716
106 403 153 901
61 403 106 944
588 636 657 1000
588 564 946 636
525 564 588 1000
525 498 946 564
525 429 946 498
181 631 378 782
525 353 946 429
181 466 380 631
525 276 964 353
0 403 61 958
525 193 964 276
525 105 1000 193
478 105 525 1000
181 264 392 466
478 0 1000 105
422 0 478 1000
181 0 422 264
0 0 181 403
998 654 1000 736
998 570 1000 654
237 889 261 942
452 513 456 892
947 941 1000 972
857 981 962 1000
110 977 228 1000
305 946 360 1000
399 917 446 992
939 662 994 739
840 941 947 981
305 860 361 946
939 570 998 662
305 745 361 860
399 775 452 917
457 981 857 1000
840 885 1000 941
874 570 939 739
110 889 237 977
261 745 305 1000
840 809 1000 885
874 470 1000 570
399 513 452 775
261 601 361 745
748 809 840 981
361 513 399 1000
620 809 748 981
361 267 457 513
783 470 874 739
620 740 1000 809
676 470 783 739
568 470 676 740
457 740 620 981
568 378 1000 470
110 601 261 889
568 262 1000 378
568 133 1000 262
457 133 568 740
457 0 1000 133
110 267 361 601
110 0 457 267
0 0 110 1000
999 120 1000 706
838 864 846 947
802 973 838 992
807 635 846 656
953 914 973 992
262 364 269 626
246 861 269 981
846 969 953 995
973 859 1000 1000
755 670 837 732
648 668 748 732
561 973 802 1000
243 364 262 706
761 864 838 973
807 419 846 635
953 461 973 914
175 861 246 991
761 732 846 864
89 861 175 1000
755 419 807 670
706 732 761 973
89 783 269 861
646 732 706 973
846 820 951 969
973 120 999 859
0 783 89 1000
0 711 269 783
561 732 646 973
648 419 755 668
561 419 648 732
503 419 561 1000
846 461 953 820
430 419 503 1000
846 120 973 461
355 419 430 1000
355 328 846 419
355 237 846 328
355 120 846 237
269 120 355 1000
0 364 243 711
269 0 1000 120
0 0 269 364
917 920 937 1000
509 940 551 992
769 883 816 937
990 720 1000 1000
817 912 858 997
541 469 551 828
901 735 917 985
509 842 551 940
714 937 816 1000
330 939 439 1000
439 822 481 984
990 0 1000 720
610 743 651 985
651 218 665 947
917 390 937 920
858 735 901 1000
509 469 541 842
769 624 816 883
330 822 439 939
330 727 481 822
481 469 509 992
714 624 769 937
330 602 481 727
330 469 481 602
292 469 330 1000
858 390 917 735
817 390 858 912
610 218 651 743
714 390 817 624
665 390 714 1000
292 347 551 469
665 266 937 390
238 347 292 1000
665 106 937 266
551 218 610 977
165 347 238 1000
88 347 165 1000
937 0 990 979
88 218 551 347
88 106 665 218
0 106 88 1000
0 0 937 106
562 710 565 862
974 936 993 1000
557 710 562 951
974 859 1000 936
926 899 974 983
383 886 426 982
457 896 516 1000
765 932 878 1000
878 832 926 1000
184 959 383 1000
252 894 383 959
974 511 1000 859
516 710 557 972
926 672 974 899
457 710 516 896
765 832 878 932
697 832 765 1000
457 602 565 710
426 602 457 1000
565 308 588 988
697 757 926 832
426 466 565 602
697 672 926 757
697 595 974 672
252 721 377 894
426 308 565 466
697 511 974 595
383 308 426 886
252 520 383 721
639 511 697 1000
639 431 1000 511
588 431 639 1000
184 520 252 959
588 358 1000 431
588 282 1000 358
184 308 383 520
184 194 588 308
588 167 1000 282
125 194 184 1000
588 0 1000 167
125 0 588 194
0 0 125 1000
284 901 312 931
832 694 844 1000
265 815 312 901
600 750 617 1000
312 920 367 1000
937 730 971 919
521 909 600 1000
0 953 163 1000
487 701 521 982
844 923 969 1000
351 187 367 826
971 586 1000 965
163 901 284 1000
265 548 312 815
521 750 600 909
521 617 617 750
521 457 617 617
729 848 832 1000
729 694 832 848
671 694 729 1000
424 701 487 984
844 730 937 923
844 586 971 730
671 586 844 694
617 586 671 1000
424 457 521 701
617 519 1000 586
617 451 1000 519
617 379 1000 451
312 187 351 920
617 299 1000 379
424 299 617 457
424 240 1000 299
163 548 265 901
424 160 1000 240
367 160 424 1000
367 82 1000 160
367 0 1000 82
163 187 312 548
0 583 163 953
0 187 163 583
0 0 367 187
283 997 363 1000
912 767 927 827
182 939 261 956
367 994 866 1000
927 342 935 904
271 539 283 957
244 746 271 939
345 727 367 966
815 871 912 929
134 958 283 1000
866 929 997 1000
305 727 345 966
367 971 791 994
305 566 367 727
815 767 912 871
815 675 927 767
771 675 815 929
182 746 244 939
305 350 367 566
976 266 999 848
283 350 305 997
182 539 271 746
771 556 927 675
721 556 771 929
134 539 182 958
367 929 866 971
721 448 927 556
668 448 721 929
614 448 668 929
935 266 976 900
134 350 283 539
614 342 927 448
553 342 614 929
491 342 553 929
426 342 491 929
426 266 935 342
426 196 1000 266
367 196 426 929
367 106 1000 196
134 106 367 350
134 0 1000 106
0 0 134 1000
416 999 753 1000
964 860 978 903
952 775 964 874
893 881 952 904
981 798 1000 910
968 910 1000 998
388 868 416 977
817 973 942 999
851 808 890 910
582 892 846 910
811 743 851 864
981 536 1000 798
851 681 893 808
774 743 811 892
964 536 981 860
851 544 893 681
893 775 952 881
712 743 774 892
817 910 968 973
964 161 1000 536
893 525 964 775
243 868 388 999
582 743 712 892
243 739 416 868
582 653 851 743
243 594 416 739
893 161 964 525
243 443 416 594
582 544 851 653
582 444 893 544
582 342 893 444
526 342 582 910
526 255 893 342
526 161 893 255
416 910 817 999
526 83 1000 161
481 83 526 910
416 83 481 910
243 83 416 443
243 0 1000 83
158 0 243 1000
0 0 158 1000
171 995 178 1000
951 614 1000 624
88 981 152 1000
968 852 990 913
195 874 219 973
835 981 999 1000
945 763 1000 829
171 836 195 995
819 830 1000 852
906 938 1000 981
708 913 951 938
951 489 1000 614
195 570 219 874
421 981 835 1000
819 763 945 830
887 489 951 640
819 703 1000 763
815 489 887 640
88 836 171 981
815 423 1000 489
753 423 815 640
753 361 1000 423
708 852 968 913
708 703 819 852
708 640 1000 703
753 286 1000 361
753 209 1000 286
708 209 753 640
421 938 906 981
88 570 195 836
660 209 708 938
611 209 660 938
543 209 611 938
543 99 1000 209
482 99 543 938
421 99 482 938
421 0 1000 99
356 0 421 1000
288 0 356 1000
219 0 288 1000
88 0 219 570
0 0 88 1000
158 823 165 840
158 790 165 823
158 726 165 790
966 884 1000 958
519 866 550 950
663 616 710 680
436 945 519 1000
323 954 432 1000
959 531 1000 680
813 588 880 680
684 917 781 1000
734 556 813 680
880 521 953 680
581 267 600 929
436 793 519 945
959 213 1000 531
519 434 550 866
82 726 158 1000
781 884 966 1000
550 267 581 971
781 784 1000 884
781 680 1000 784
684 680 781 917
880 213 959 521
813 213 880 588
600 680 684 1000
323 706 432 954
734 213 813 556
663 213 734 616
600 213 663 680
436 434 519 793
323 434 436 706
600 124 1000 213
323 267 550 434
323 124 600 267
275 124 323 1000
222 124 275 1000
165 124 222 1000
165 62 1000 124
82 62 165 726
82 0 1000 62
0 0 82 1000
485 966 514 998
369 968 412 1000
401 783 414 901
867 924 889 997
516 859 534 983
830 924 867 986
458 874 481 978
369 901 414 968
946 849 983 932
224 923 283 976
485 859 516 966
370 783 401 891
458 744 485 874
889 932 1000 997
283 901 369 1000
370 588 414 783
946 651 1000 849
414 744 458 1000
485 629 534 859
485 342 534 629
889 651 946 932
830 651 889 924
764 651 830 997
764 550 1000 651
764 434 1000 550
283 588 370 901
414 342 485 744
712 434 764 997
655 434 712 1000
283 342 414 588
592 434 655 1000
592 344 1000 434
534 344 592 1000
534 251 1000 344
534 155 1000 251
283 155 534 342
283 87 1000 155
224 87 283 923
156 87 224 1000
156 0 1000 87
81 0 156 1000
0 0 81 1000
996 707 1000 889
925 983 1000 1000
986 805 996 936
338 607 362 699
925 952 1000 983
394 665 446 721
397 941 459 991
304 607 338 721
945 805 986 936
394 565 459 665
786 952 925 1000
397 812 459 941
304 462 362 607
394 433 459 565
883 805 945 944
602 952 786 1000
344 812 397 1000
265 462 304 721
289 812 344 1000
883 707 996 805
394 218 459 433
205 462 265 721
205 812 289 1000
362 218 394 721
793 707 883 952
205 721 459 812
678 707 793 952
100 721 205 1000
678 610 1000 707
678 513 1000 610
602 513 678 952
524 513 602 1000
205 218 362 462
524 427 1000 513
524 332 1000 427
524 228 1000 332
524 118 1000 228
100 218 205 721
459 118 524 1000
459 0 1000 118
100 0 459 218
0 0 100 1000
741 997 962 999
454 997 741 999
955 950 977 997
986 769 1000 858
246 940 305 975
951 688 1000 758
883 864 986 900
175 918 246 975
313 824 348 973
85 975 301 1000
382 265 392 927
809 950 955 997
951 535 1000 688
246 824 313 940
809 900 1000 950
883 769 986 864
907 535 951 758
797 769 883 900
246 701 348 824
853 535 907 769
799 535 853 769
175 701 246 918
799 454 1000 535
175 606 348 701
175 508 348 606
734 454 799 769
348 265 382 998
734 334 1000 454
658 334 734 769
454 900 809 997
658 231 1000 334
658 115 1000 231
85 508 175 975
454 769 797 900
586 115 658 769
586 0 1000 115
520 0 586 769
454 0 520 769
392 0 454 1000
85 265 348 508
85 0 392 265
0 0 85 1000
739 440 771 466
980 77 992 160
637 483 746 502
973 369 1000 489
980 679 999 863
866 968 979 1000
902 361 934 493
943 743 980 857
925 77 980 160
934 369 973 502
715 333 768 435
308 483 637 502
866 911 1000 968
846 361 902 502
876 743 943 870
934 231 1000 369
771 361 846 502
736 911 866 1000
781 743 876 870
596 911 736 1000
781 679 980 743
596 870 1000 911
689 679 781 870
596 679 689 870
308 440 739 483
534 679 596 1000
771 231 934 361
534 631 1000 679
466 631 534 1000
394 631 466 1000
304 631 394 1000
304 577 1000 631
308 333 715 440
308 231 771 333
304 502 1000 577
199 502 304 1000
75 502 199 1000
75 231 308 502
75 160 998 231
75 77 925 160
75 0 1000 77
0 0 75 1000
