997 428 1000 498
298 999 839 1000
298 997 660 999
997 75 1000 428
776 425 862 438
298 990 583 997
866 138 881 409
663 255 696 402
367 425 776 438
896 420 997 479
611 495 776 536
611 255 663 402
611 454 816 495
778 735 1000 777
367 402 785 425
717 735 778 911
517 255 611 402
635 735 717 911
552 735 635 911
552 700 1000 735
517 203 866 255
298 958 899 990
552 648 1000 700
367 203 517 402
298 911 949 958
219 454 611 537
427 648 552 911
298 648 427 911
896 75 997 420
219 203 367 454
188 648 298 1000
188 598 1000 648
219 138 866 203
219 75 896 138
73 598 188 1000
73 538 1000 598
73 75 219 538
73 0 1000 75
0 0 73 1000
386 695 527 703
375 695 386 884
807 665 819 898
670 785 688 978
375 670 527 695
353 921 510 945
375 636 527 670
353 884 505 921
836 488 852 885
290 884 353 991
346 636 375 884
346 595 527 636
670 727 807 785
670 665 807 727
670 605 819 665
645 605 670 1000
645 551 836 605
531 448 554 946
346 531 527 595
645 488 836 551
645 416 854 488
645 339 854 416
290 531 346 884
290 448 531 531
645 240 854 339
290 364 559 448
606 240 645 1000
559 240 606 898
910 528 989 941
290 240 559 364
241 240 290 1000
241 172 854 240
910 0 999 528
241 88 854 172
854 0 910 947
241 0 854 88
183 0 241 1000
96 0 183 1000
0 0 96 1000
498 734 503 765
381 839 400 858
847 873 858 991
953 832 966 960
996 0 999 690
847 821 920 873
847 757 920 821
442 734 498 823
319 945 429 992
319 914 486 945
979 520 992 938
953 519 971 832
847 654 920 757
319 862 486 914
979 0 996 520
220 862 319 1000
920 519 953 962
792 654 847 991
442 431 503 734
737 654 792 991
681 654 737 991
681 572 920 654
634 572 681 991
381 431 442 839
634 480 920 572
583 480 634 1000
920 0 979 519
583 388 920 480
305 431 381 862
220 431 305 862
513 388 583 1000
513 281 920 388
220 281 513 431
158 281 220 1000
158 221 920 281
99 221 158 1000
99 112 920 221
99 0 920 112
0 0 99 1000
330 997 378 1000
401 877 406 936
740 810 889 818
420 254 422 856
401 458 406 877
740 785 889 810
401 254 420 458
938 538 953 891
713 785 740 1000
713 753 895 785
169 711 193 982
282 599 329 768
680 753 713 1000
646 753 680 1000
258 599 282 958
169 599 258 711
596 753 646 1000
169 515 330 599
596 707 895 753
139 515 169 1000
542 707 596 1000
542 658 895 707
542 603 895 658
330 686 393 997
895 538 938 994
542 538 895 603
542 486 1000 538
542 426 1000 486
542 366 1000 426
330 254 401 686
542 292 1000 366
480 292 542 1000
480 204 1000 292
422 204 480 1000
139 254 330 515
422 114 1000 204
422 0 1000 114
139 0 422 254
0 0 139 1000
848 901 864 908
592 723 594 952
848 888 929 901
848 779 860 888
824 696 847 760
848 764 987 779
673 774 691 908
987 685 1000 886
848 740 987 764
673 752 824 774
651 752 673 908
718 908 835 949
662 908 718 1000
603 908 662 1000
561 723 592 918
524 723 561 905
848 685 987 740
848 634 1000 685
651 696 824 752
848 545 1000 634
651 627 848 696
651 552 848 627
848 445 1000 545
651 445 848 552
603 445 651 908
603 378 1000 445
524 378 603 723
477 378 524 1000
429 378 477 1000
429 325 1000 378
383 325 429 1000
383 263 1000 325
383 200 1000 263
325 200 383 1000
325 102 1000 200
325 0 1000 102
228 0 325 1000
125 0 228 1000
0 0 125 1000
417 840 431 896
851 130 853 759
326 976 515 983
814 940 851 982
995 0 1000 508
853 812 906 863
958 807 995 910
134 976 326 1000
906 529 932 721
480 896 551 967
722 810 814 908
480 674 534 840
352 896 480 976
660 810 722 1000
480 559 591 674
958 418 991 807
591 810 660 1000
853 529 906 812
958 0 995 418
417 559 480 840
591 727 814 810
591 642 814 727
591 555 814 642
591 462 814 555
352 559 417 896
932 0 958 937
292 559 352 976
591 334 814 462
814 130 851 940
216 559 292 976
216 467 591 559
134 467 216 976
853 0 932 529
134 374 591 467
134 277 591 374
591 130 814 334
134 130 591 277
134 0 853 130
0 0 134 1000
996 727 998 798
530 447 531 778
996 611 999 727
991 814 996 959
988 404 991 922
996 0 999 611
991 0 996 814
355 891 396 998
717 830 820 890
975 404 988 882
445 826 509 926
406 926 526 1000
878 891 975 984
662 922 787 1000
355 694 406 891
878 772 975 891
317 694 355 1000
717 711 820 830
850 374 877 831
490 447 530 784
717 609 850 711
445 447 490 826
662 609 717 922
406 447 445 926
662 507 850 609
621 507 662 1000
317 447 406 694
277 447 317 1000
230 447 277 1000
621 374 850 507
621 235 878 374
878 404 975 772
878 0 991 404
230 269 541 447
541 235 621 1000
541 0 878 235
230 0 541 269
119 0 230 1000
0 0 119 1000
569 997 597 999
857 692 888 712
997 276 1000 832
966 710 985 890
569 986 919 997
401 807 429 953
367 807 401 953
569 972 958 986
367 774 569 807
367 737 569 774
857 438 888 692
819 817 915 920
367 687 569 737
367 636 569 687
332 636 367 953
274 953 543 1000
966 276 997 710
819 438 857 817
943 276 966 903
332 573 569 636
920 276 943 922
332 510 569 573
569 935 981 972
819 276 920 438
819 166 1000 276
274 510 332 953
216 510 274 1000
157 510 216 1000
710 550 813 913
77 510 157 1000
77 428 569 510
710 166 819 550
639 166 710 852
77 324 569 428
0 324 77 1000
569 166 639 935
569 0 1000 166
0 175 569 324
0 0 569 175
984 751 997 875
269 795 306 845
531 413 553 518
600 983 863 996
354 906 451 948
805 784 917 842
984 252 997 751
960 408 975 985
222 795 269 1000
222 677 306 795
692 911 885 963
511 413 531 954
222 528 306 677
354 677 409 906
222 363 306 528
482 413 511 902
692 784 805 911
457 413 482 1000
600 784 692 983
917 408 960 850
600 720 917 784
600 654 917 720
600 582 917 654
600 501 917 582
354 413 457 677
600 408 917 501
600 326 984 408
553 326 600 1000
553 252 984 326
354 252 553 413
354 198 1000 252
354 140 1000 198
354 77 1000 140
306 77 354 1000
139 363 222 904
139 77 306 363
84 77 139 1000
84 0 1000 77
0 0 84 1000
583 869 593 1000
331 731 336 1000
697 491 702 873
476 567 510 658
337 926 392 999
819 717 969 750
845 885 923 974
819 666 969 717
614 751 661 921
614 647 697 751
510 752 553 962
510 617 581 752
969 428 998 792
740 885 845 986
819 592 969 666
740 841 1000 885
819 509 969 592
614 491 697 647
614 347 709 491
776 509 819 841
776 428 969 509
583 347 614 869
776 350 1000 428
740 350 776 841
234 731 331 928
337 465 379 926
510 347 583 617
709 350 740 1000
709 274 1000 350
234 465 337 731
709 178 1000 274
407 567 476 1000
510 178 709 347
510 106 1000 178
510 0 1000 106
407 0 510 567
234 0 407 465
131 0 234 1000
0 0 131 1000
951 810 970 842
539 974 578 997
990 560 997 760
0 997 706 1000
812 810 951 828
921 566 971 640
699 716 850 746
641 904 882 928
809 939 914 1000
971 560 990 992
812 746 971 810
847 566 921 716
703 746 812 849
767 566 847 716
0 974 539 997
581 746 703 849
641 849 904 904
767 490 971 566
971 0 1000 560
457 849 641 939
767 405 971 490
226 849 457 939
699 405 767 716
628 405 699 746
628 323 971 405
0 939 809 974
226 746 581 849
537 323 628 746
537 229 971 323
453 229 537 746
0 746 226 939
363 229 453 746
271 229 363 746
271 159 971 229
184 159 271 746
92 159 184 746
0 159 92 746
0 101 971 159
0 0 971 101
388 908 407 997
495 854 512 990
644 331 649 964
859 834 891 1000
932 702 984 813
388 854 495 908
388 809 523 854
350 809 388 1000
310 809 350 1000
757 641 780 980
859 702 932 834
821 702 859 1000
310 754 523 809
260 754 310 1000
821 626 984 702
621 331 644 880
260 703 523 754
710 641 757 964
821 539 1000 626
260 632 523 703
821 434 1000 539
204 632 260 1000
821 317 1000 434
147 632 204 1000
789 317 821 1000
84 632 147 1000
710 317 789 641
576 331 621 984
523 331 576 960
84 545 523 632
84 446 523 545
710 160 1000 317
0 446 84 1000
653 160 710 1000
653 0 1000 160
0 331 523 446
0 238 653 331
0 132 653 238
0 0 653 132
216 634 219 712
985 294 988 942
268 857 286 1000
574 789 645 852
876 884 979 941
81 945 212 994
220 857 268 1000
876 817 985 884
401 722 436 955
401 537 448 722
645 598 688 847
448 556 477 948
448 165 478 556
806 817 876 1000
574 598 645 789
574 471 688 598
164 634 216 945
271 510 344 739
401 165 448 537
220 510 271 857
537 471 574 1000
220 333 358 510
81 634 164 945
806 626 951 817
806 462 985 626
537 276 688 471
806 294 985 462
762 294 806 1000
358 165 401 962
762 148 1000 294
762 0 1000 148
726 0 762 1000
688 0 726 1000
537 0 688 276
81 333 220 634
81 165 358 333
478 0 537 975
81 0 478 165
0 0 81 1000
800 734 805 888
208 997 617 1000
950 372 993 415
617 888 859 901
208 990 665 997
839 295 870 412
774 734 800 888
464 954 953 965
950 232 997 372
774 704 1000 734
464 941 995 954
464 888 617 941
774 660 1000 704
729 660 774 888
679 660 729 888
627 660 679 888
560 660 627 888
491 660 560 888
416 660 491 888
471 452 802 505
208 967 982 990
598 295 839 372
416 627 1000 660
471 295 598 452
208 888 464 967
872 232 950 515
471 232 872 295
373 232 471 515
416 576 1000 627
416 515 1000 576
313 515 416 888
208 515 313 888
208 232 373 515
208 158 1000 232
208 79 1000 158
140 79 208 1000
140 0 1000 79
70 0 140 1000
0 0 70 1000
369 650 376 681
315 652 317 833
246 929 268 1000
139 975 228 998
843 918 923 945
923 908 996 938
40 924 73 1000
367 267 378 513
0 924 40 1000
843 858 923 918
800 858 843 1000
0 869 139 924
580 773 624 952
544 773 580 1000
800 790 923 858
758 790 800 1000
713 790 758 1000
713 729 923 790
317 650 369 927
651 729 713 1000
246 652 315 929
317 267 367 650
651 654 923 729
651 579 923 654
544 579 651 773
139 718 243 975
246 267 317 652
544 498 923 579
923 380 996 908
466 498 544 1000
139 267 246 718
466 380 923 498
379 380 466 1000
379 291 1000 380
379 200 1000 291
379 107 1000 200
379 0 1000 107
0 267 139 869
0 0 379 267
992 706 997 800
999 117 1000 878
789 278 812 336
430 427 433 971
389 928 420 992
298 822 319 1000
992 117 999 706
880 854 912 1000
714 834 746 985
632 494 678 627
298 747 389 822
158 760 195 945
109 760 158 957
880 764 992 854
647 834 714 1000
298 601 389 747
0 801 101 942
880 631 992 764
647 741 813 834
258 601 298 1000
880 472 992 631
647 627 813 741
389 427 430 928
198 601 258 1000
582 627 647 1000
813 472 880 880
500 627 582 1000
813 301 992 472
813 117 992 301
198 427 389 601
632 278 789 494
198 266 437 427
500 278 632 627
500 117 813 278
500 0 1000 117
437 0 500 1000
198 0 437 266
109 0 198 760
0 0 109 801
560 854 567 980
992 545 997 751
499 915 560 945
911 821 948 875
318 896 471 919
820 835 873 903
499 854 560 915
973 545 992 758
650 818 763 855
763 599 776 919
952 545 973 768
873 912 945 985
258 896 318 1000
650 763 763 818
258 854 499 896
258 820 569 854
911 545 952 821
258 777 569 820
873 545 911 912
820 545 873 835
258 727 569 777
820 457 1000 545
258 671 569 727
650 599 763 763
820 346 1000 457
185 671 258 1000
777 346 820 983
185 598 569 671
185 524 569 598
120 524 185 1000
650 346 777 599
120 442 569 524
650 238 1000 346
120 356 569 442
650 127 1000 238
650 0 1000 127
0 356 120 1000
569 0 650 1000
0 0 569 356
946 636 983 640
994 132 999 405
498 917 533 1000
807 694 851 789
717 846 807 900
685 846 717 1000
425 917 498 1000
887 566 908 873
640 846 685 1000
326 917 425 1000
389 789 469 892
983 132 994 917
640 791 807 846
209 917 326 1000
389 728 583 789
320 728 389 917
320 672 583 728
640 694 807 791
946 132 983 636
640 604 851 694
640 512 851 604
320 610 631 672
320 545 640 610
640 412 851 512
887 132 946 566
320 460 640 545
640 281 851 412
851 132 887 929
320 370 640 460
267 370 320 917
640 132 851 281
209 370 267 917
209 263 640 370
640 0 1000 132
209 140 640 263
209 0 640 140
145 0 209 1000
73 0 145 1000
0 0 73 1000
565 918 713 931
992 359 999 879
346 849 406 910
245 988 822 995
639 617 742 669
795 639 845 752
742 639 795 794
742 577 902 639
565 835 694 918
742 505 902 577
639 505 742 617
639 458 902 505
565 794 873 835
601 458 639 794
601 415 902 458
565 415 601 794
902 655 963 881
963 359 992 895
346 676 449 849
902 359 963 655
565 359 902 415
245 961 946 988
245 932 912 961
528 359 565 932
346 463 449 676
489 359 528 932
449 359 489 932
449 314 1000 359
449 256 1000 314
449 196 1000 256
449 135 1000 196
346 135 449 463
346 79 1000 135
303 79 346 932
245 79 303 932
182 79 245 1000
182 0 1000 79
108 0 182 1000
0 0 108 1000
129 954 130 991
789 929 842 939
995 183 1000 402
232 642 244 875
718 273 722 1000
789 789 842 929
982 183 995 821
849 397 885 635
746 789 789 1000
256 547 277 980
256 322 302 547
703 273 718 1000
531 869 668 949
746 668 849 789
531 777 703 869
885 695 957 922
531 675 703 777
474 675 531 1000
885 484 974 695
474 587 703 675
474 488 703 587
474 381 703 488
474 273 703 381
438 273 474 1000
746 397 849 668
885 183 982 484
397 273 438 1000
746 183 885 397
129 642 232 954
349 273 397 1000
349 183 746 273
349 128 1000 183
129 322 256 642
302 128 349 1000
302 64 1000 128
129 64 302 322
67 64 129 1000
67 0 1000 64
0 0 67 1000
338 952 475 972
507 693 528 850
992 96 998 853
975 501 990 838
848 593 879 771
674 942 775 1000
479 693 507 920
975 96 992 501
953 536 970 946
607 836 671 967
338 873 450 952
744 816 865 905
928 536 953 967
574 504 605 913
338 776 479 873
546 504 574 995
479 486 546 693
885 608 928 939
338 673 479 776
546 231 607 504
338 554 479 673
479 231 546 486
928 96 975 536
338 387 468 554
885 96 928 608
744 593 848 816
674 593 744 942
298 387 338 1000
246 387 298 1000
674 440 885 593
674 286 885 440
246 231 479 387
674 96 885 286
186 231 246 1000
607 96 674 836
186 96 607 231
101 96 186 1000
101 0 1000 96
0 0 101 1000
260 410 262 673
255 673 259 984
255 410 260 673
501 996 977 999
810 714 999 722
222 733 230 984
248 410 255 819
241 410 248 973
151 733 222 794
794 916 878 975
501 977 818 996
316 650 357 817
810 670 999 714
745 670 810 809
269 650 316 881
358 775 430 948
358 620 455 775
745 610 999 670
745 546 999 610
680 546 745 809
501 916 794 977
611 546 680 809
746 809 957 904
501 809 746 916
501 546 611 809
501 487 999 546
501 423 999 487
501 357 999 423
501 290 999 357
0 733 151 955
501 221 999 290
455 221 501 1000
358 221 455 620
358 160 999 221
269 160 358 650
269 83 1000 160
269 0 1000 83
0 410 241 733
0 0 269 410
814 934 873 956
998 249 1000 969
996 249 998 979
455 679 534 714
696 807 803 835
696 773 814 807
960 592 979 807
534 524 563 667
251 821 408 851
670 773 696 1000
670 722 814 773
146 934 295 987
983 249 996 923
628 722 670 1000
146 821 251 934
455 524 534 679
146 767 421 821
814 667 873 934
421 524 455 1000
563 722 628 1000
146 701 421 767
910 592 960 981
421 373 563 524
563 627 814 722
910 249 983 592
875 249 910 1000
146 599 421 701
563 512 814 627
875 0 1000 249
146 469 421 599
563 363 814 512
75 469 146 1000
0 469 75 1000
0 373 421 469
814 0 875 667
0 297 563 373
0 214 563 297
563 0 814 363
0 0 563 214
981 679 983 936
970 679 981 781
996 470 1000 909
126 811 212 857
947 679 970 869
984 470 996 931
429 759 516 825
126 734 212 811
395 759 429 956
126 654 212 734
947 470 984 679
932 470 947 1000
825 763 926 848
395 671 516 759
126 497 212 654
825 623 932 763
395 545 516 671
361 545 395 1000
325 545 361 1000
825 470 932 623
85 497 126 959
788 470 825 990
788 362 1000 470
751 362 788 1000
575 310 617 957
751 245 1000 362
712 245 751 1000
516 310 575 865
666 245 712 1000
618 245 666 1000
618 148 1000 245
325 310 516 545
325 148 618 310
325 74 1000 148
269 74 325 1000
212 74 269 1000
212 0 1000 74
85 0 212 497
0 0 85 1000
996 816 999 870
989 816 996 872
989 763 1000 816
879 857 891 1000
597 810 616 1000
492 691 504 998
838 857 879 1000
597 724 686 810
271 806 323 963
445 691 492 913
718 643 790 799
686 643 718 1000
374 809 445 977
445 515 525 691
838 763 989 857
686 496 790 643
838 668 1000 763
790 668 838 1000
790 578 1000 668
790 486 1000 578
597 496 686 724
374 515 445 809
790 382 1000 486
597 382 790 496
561 382 597 1000
561 328 1000 382
525 328 561 1000
271 549 373 806
374 328 525 515
374 278 1000 328
374 214 1000 278
374 149 1000 214
374 72 1000 149
271 72 374 549
211 72 271 1000
147 72 211 1000
81 72 147 1000
81 0 1000 72
0 0 81 1000
917 971 924 1000
465 839 470 994
879 834 988 842
454 839 465 964
612 876 679 899
567 976 683 999
435 839 454 994
844 834 879 971
742 971 917 1000
391 839 435 994
612 765 683 876
567 765 612 976
391 767 567 839
567 657 692 765
331 767 391 994
742 834 844 971
567 543 692 657
742 777 1000 834
567 425 692 543
254 767 331 1000
742 706 1000 777
742 627 1000 706
254 690 567 767
742 529 1000 627
254 609 567 690
254 525 567 609
742 416 1000 529
692 416 742 1000
692 315 1000 416
254 425 567 525
692 164 1000 315
169 425 254 1000
692 0 1000 164
169 324 692 425
169 222 692 324
169 118 692 222
169 0 692 118
91 0 169 1000
0 0 91 1000
924 901 947 930
848 742 924 762
995 469 1000 884
607 909 632 1000
417 725 428 947
835 742 848 1000
988 469 995 980
835 686 924 742
607 806 663 909
835 616 924 686
947 469 988 626
607 769 835 806
607 725 835 769
924 469 947 901
607 677 835 725
369 725 417 988
835 469 924 616
607 614 835 677
566 614 607 1000
566 545 835 614
566 469 835 545
242 715 339 931
566 419 1000 469
528 419 566 1000
242 536 365 715
369 341 430 725
242 341 369 536
484 419 528 1000
484 357 1000 419
433 357 484 1000
433 295 1000 357
433 232 1000 295
433 164 1000 232
433 93 1000 164
242 93 433 341
182 93 242 1000
92 93 182 1000
92 0 1000 93
0 0 92 1000
914 906 987 914
790 450 835 473
800 99 892 128
740 99 800 146
628 346 654 476
867 305 891 476
584 346 628 476
867 243 1000 305
513 346 584 476
740 58 993 99
914 752 987 906
790 287 860 450
853 752 914 1000
791 752 853 1000
729 752 791 1000
513 287 790 346
444 147 952 188
729 669 1000 752
391 287 513 476
658 669 729 1000
266 287 391 476
658 599 1000 669
594 599 658 1000
444 58 740 147
266 243 867 287
527 599 594 1000
527 539 1000 599
457 539 527 1000
457 476 1000 539
386 476 457 1000
314 476 386 1000
232 476 314 1000
149 476 232 1000
56 476 149 1000
56 243 266 476
56 189 1000 243
56 58 444 189
56 0 1000 58
0 0 56 1000
701 941 762 968
883 958 966 988
883 921 961 958
245 979 402 999
966 866 997 976
245 962 447 979
805 827 828 981
883 866 966 921
762 827 805 937
832 866 883 1000
701 827 762 941
701 765 832 827
369 737 509 809
832 804 1000 866
322 737 369 962
832 735 1000 804
635 765 701 1000
322 647 509 737
832 633 1000 735
635 677 832 765
322 553 509 647
832 499 1000 633
635 550 832 677
832 333 1000 499
635 400 832 550
245 553 322 962
832 141 1000 333
168 553 245 1000
88 553 168 1000
88 455 509 553
0 455 88 1000
0 359 509 455
635 141 832 400
575 141 635 1000
0 252 509 359
575 0 1000 141
0 132 509 252
509 0 575 1000
0 0 509 132
441 191 442 640
238 754 268 797
995 410 998 846
89 683 186 705
186 754 238 798
89 656 186 683
258 679 305 750
988 410 995 891
337 548 404 631
397 798 425 997
846 812 922 938
965 410 988 948
241 854 397 946
757 812 846 1000
124 854 241 1000
757 705 922 812
0 854 124 1000
757 591 922 705
404 191 441 719
709 591 757 1000
709 491 922 591
667 491 709 1000
625 491 667 1000
0 798 397 854
337 191 404 548
922 410 965 971
573 491 625 1000
573 410 922 491
522 410 573 1000
522 345 1000 410
258 191 337 679
186 191 258 754
522 253 1000 345
89 191 186 656
522 156 1000 253
0 191 89 798
522 0 1000 156
443 0 522 1000
0 0 443 191
942 966 981 979
92 881 153 897
690 979 821 992
821 935 913 964
690 966 942 979
551 719 940 728
62 881 92 1000
955 445 1000 527
876 593 947 673
821 895 1000 935
0 881 62 1000
157 580 180 906
821 848 1000 895
0 817 157 881
821 790 1000 848
756 790 821 966
876 445 955 593
833 445 876 719
219 370 250 796
756 733 1000 790
778 445 833 719
723 445 778 719
690 733 756 966
629 733 690 1000
181 370 219 977
636 445 723 719
636 372 1000 445
495 733 629 1000
636 272 1000 372
0 580 157 817
0 370 181 580
339 733 495 1000
636 151 1000 272
636 0 1000 151
551 0 636 719
446 0 551 733
339 0 446 733
251 0 339 1000
0 0 251 370
948 624 951 787
337 835 345 962
879 861 954 877
812 764 857 824
879 825 954 861
997 0 1000 918
879 787 954 825
318 835 337 998
318 782 379 835
925 624 948 780
857 787 879 1000
318 718 392 782
318 648 392 718
318 575 392 648
954 798 995 957
857 624 925 787
318 391 392 575
711 764 812 900
85 913 268 996
857 453 954 624
626 764 711 1000
85 800 267 913
85 711 318 800
537 764 626 1000
85 595 318 711
537 676 857 764
537 584 857 676
464 584 537 1000
464 499 857 584
954 0 997 798
392 499 464 1000
392 415 857 499
392 327 857 415
857 0 954 453
85 391 318 595
392 215 857 327
85 215 392 391
0 215 85 1000
0 0 857 215
994 0 996 371
290 393 799 395
783 281 807 324
666 380 758 393
764 915 919 931
656 741 697 829
290 380 666 393
764 883 919 915
832 226 912 299
919 458 953 654
419 324 756 350
764 826 919 883
616 741 656 974
563 281 783 324
577 741 616 1000
699 826 764 1000
532 741 577 1000
699 764 919 826
563 226 832 281
290 354 877 380
532 647 699 741
699 692 919 764
699 620 919 692
699 542 919 620
532 542 699 647
563 125 842 226
419 125 563 324
290 125 419 354
467 542 532 1000
394 542 467 1000
306 542 394 1000
953 0 994 986
306 458 919 542
208 458 306 1000
109 458 208 1000
0 458 109 1000
0 396 953 458
0 125 290 396
0 0 953 125
892 825 946 832
742 621 807 630
915 975 963 988
892 652 896 825
880 652 892 833
734 621 742 890
734 574 807 621
291 721 311 914
723 574 734 928
540 975 915 988
853 652 880 833
853 609 990 652
676 709 723 843
676 574 723 709
832 609 853 928
807 609 832 928
321 524 340 998
153 799 220 966
232 721 291 945
807 536 1000 609
807 460 1000 536
676 460 807 574
232 524 321 721
676 404 1000 460
640 404 676 928
640 350 1000 404
540 928 970 975
153 524 232 799
598 350 640 928
598 285 1000 350
540 285 598 928
540 202 1000 285
483 202 540 1000
423 202 483 1000
352 202 423 1000
352 109 1000 202
352 0 1000 109
153 0 352 524
0 0 153 1000
621 824 665 887
359 765 418 824
416 620 444 765
488 951 572 1000
288 765 359 824
627 694 664 815
416 514 467 620
0 869 71 945
738 863 809 939
847 447 866 882
526 824 621 951
931 722 984 952
526 694 627 824
158 675 199 1000
216 951 488 1000
526 593 665 694
113 675 158 1000
869 722 931 973
526 458 665 593
869 569 1000 722
526 314 665 458
869 414 1000 569
738 675 847 863
665 584 728 943
738 447 847 675
467 314 526 824
288 514 416 765
869 162 1000 414
288 314 467 514
288 217 665 314
738 162 869 447
216 824 526 951
738 0 1000 162
665 0 738 584
216 217 288 824
216 114 665 217
216 0 665 114
113 0 216 675
0 0 113 869
569 517 574 898
783 675 879 696
938 641 944 1000
514 746 545 818
783 651 879 675
562 517 569 963
549 517 562 769
938 585 1000 641
938 528 1000 585
484 746 514 897
763 651 783 890
201 472 242 597
938 439 1000 528
879 820 926 945
879 719 938 820
735 651 763 934
442 746 484 937
698 651 735 1000
363 772 442 980
879 439 938 719
698 549 879 651
698 439 879 549
698 371 1000 439
662 371 698 1000
442 517 549 746
619 371 662 1000
619 300 1000 371
579 300 619 1000
442 300 579 517
363 300 442 772
309 300 363 1000
309 229 1000 300
245 229 309 1000
245 159 1000 229
245 82 1000 159
88 472 201 986
88 82 245 472
88 0 1000 82
0 0 88 1000
980 890 982 917
939 987 982 993
973 890 980 960
878 870 901 924
939 890 973 987
714 628 732 828
162 735 179 951
714 605 878 628
993 93 999 980
611 855 655 1000
714 566 878 605
567 855 611 1000
689 566 714 828
515 855 567 1000
654 566 689 828
982 93 993 958
447 855 515 1000
654 518 878 566
447 828 878 855
607 518 654 828
607 458 878 518
561 458 607 828
561 389 878 458
506 389 561 828
447 389 506 828
399 389 447 1000
399 320 878 389
399 249 878 320
939 93 982 890
353 249 399 1000
301 249 353 1000
301 177 878 249
245 177 301 1000
162 177 245 735
105 177 162 1000
878 93 939 870
105 93 878 177
105 0 1000 93
0 0 105 1000
514 967 575 977
777 812 848 833
961 698 1000 747
848 639 856 878
820 878 863 942
575 713 586 998
923 686 961 773
587 489 617 655
902 686 923 997
961 519 1000 698
720 878 820 967
902 519 961 686
777 639 848 812
720 639 777 878
416 538 477 775
378 538 416 939
514 713 575 967
869 519 902 1000
514 489 587 713
514 324 617 489
720 519 869 639
485 324 514 945
720 453 1000 519
720 385 1000 453
687 385 720 1000
654 385 687 1000
654 326 1000 385
378 324 485 538
654 254 1000 326
617 254 654 1000
617 177 1000 254
378 177 617 324
378 98 1000 177
322 98 378 1000
245 98 322 1000
245 0 1000 98
169 0 245 1000
90 0 169 1000
0 0 90 1000
357 621 397 647
660 927 674 1000
962 861 979 966
653 573 658 934
850 823 931 857
962 604 979 861
962 436 1000 604
634 573 653 924
791 823 850 941
791 765 931 823
551 742 592 983
791 691 931 765
791 611 931 691
318 621 357 914
660 815 769 927
931 436 962 833
551 573 634 742
791 504 931 611
660 642 760 815
660 504 791 642
660 436 931 504
247 661 306 994
660 377 1000 436
551 377 660 573
504 377 551 839
504 329 1000 377
504 280 1000 329
469 280 504 1000
434 280 469 1000
397 280 434 1000
318 280 397 621
318 232 1000 280
318 184 1000 232
247 184 318 661
198 184 247 1000
198 117 1000 184
198 0 1000 117
103 0 198 1000
0 0 103 1000
