996 114 998 740
959 468 978 994
566 742 682 862
512 742 566 1000
773 693 846 905
912 468 959 986
401 742 512 1000
773 468 912 693
682 620 773 973
401 620 682 742
270 620 401 1000
270 520 773 620
270 414 773 520
270 278 773 414
773 114 996 468
270 114 773 278
167 114 270 940
167 0 1000 114
0 0 167 1000
995 247 998 971
890 760 987 806
987 247 995 998
265 909 443 1000
738 716 807 985
265 806 523 909
738 528 890 716
265 694 523 806
637 528 738 840
131 694 265 1000
131 586 523 694
890 247 987 760
523 528 637 985
131 417 523 586
131 240 523 417
0 240 131 1000
523 247 890 528
523 0 1000 247
0 0 523 240
936 650 979 719
851 830 1000 865
290 848 443 936
936 409 1000 650
747 866 926 997
290 651 443 848
851 409 936 830
179 651 290 1000
179 474 443 651
179 296 443 474
747 409 851 866
747 199 1000 409
675 199 747 997
675 0 1000 199
610 0 675 997
544 0 610 1000
443 0 544 1000
0 296 179 901
0 0 443 296
642 857 679 897
980 569 993 733
642 731 679 857
719 831 760 980
841 603 938 723
938 569 980 970
938 123 1000 569
719 537 841 831
508 731 642 1000
508 537 719 731
841 123 938 603
389 537 508 1000
389 411 841 537
264 411 389 1000
264 268 841 411
264 123 841 268
264 0 1000 123
158 0 264 1000
0 0 158 1000
939 688 946 696
418 864 507 965
418 807 641 864
418 747 641 807
418 677 641 747
418 605 641 677
790 688 939 818
790 553 947 688
790 421 1000 553
418 425 641 605
719 421 790 1000
641 421 719 1000
641 282 1000 421
641 137 1000 282
418 137 641 425
313 137 418 1000
206 137 313 1000
206 0 1000 137
0 0 206 1000
970 329 993 404
965 329 970 718
872 828 1000 888
318 917 413 1000
947 329 965 792
795 828 872 1000
858 614 933 795
318 834 587 917
858 329 947 614
587 828 795 1000
318 699 587 834
193 699 318 1000
764 329 858 796
193 521 587 699
587 329 764 828
0 521 193 1000
587 0 1000 329
0 283 587 521
0 0 587 283
997 119 1000 573
333 837 422 893
463 758 489 955
290 837 333 1000
986 119 997 887
290 744 463 837
637 870 986 944
552 361 637 697
637 771 986 870
463 361 552 758
637 648 986 771
637 491 986 648
637 325 986 491
290 361 463 744
637 119 986 325
290 119 637 361
290 0 1000 119
188 0 290 1000
0 0 188 1000
963 954 990 995
977 145 984 648
460 869 657 889
460 845 686 869
948 145 977 338
686 954 963 998
686 865 839 954
460 782 686 845
369 782 460 1000
686 788 993 865
890 145 948 692
369 669 686 782
819 145 890 788
369 423 686 669
686 145 819 788
369 145 686 423
369 0 1000 145
227 0 369 1000
0 0 227 1000
586 612 952 617
692 589 806 612
828 803 1000 863
755 803 828 1000
692 452 807 589
692 379 975 452
755 713 1000 803
586 379 692 612
662 713 755 1000
562 713 662 1000
586 270 975 379
406 713 562 1000
427 270 586 619
406 619 1000 713
184 619 406 1000
184 270 427 619
184 142 1000 270
184 0 1000 142
0 0 184 1000
662 447 721 482
792 750 801 1000
792 724 1000 750
461 946 690 991
792 640 1000 724
579 447 662 691
792 539 1000 640
744 539 792 1000
461 848 730 946
744 429 1000 539
744 261 1000 429
461 447 579 848
461 261 744 447
372 261 461 1000
372 147 1000 261
287 147 372 1000
184 147 287 1000
184 0 1000 147
0 0 184 1000
706 876 723 1000
747 721 974 734
655 876 706 1000
703 721 747 876
703 697 1000 721
655 697 703 876
655 665 1000 697
591 665 655 1000
591 608 1000 665
355 548 432 969
591 505 1000 608
591 398 1000 505
504 398 591 1000
504 274 1000 398
504 142 1000 274
504 0 1000 142
355 0 504 548
230 0 355 1000
0 0 230 1000
979 540 998 542
456 845 569 887
871 920 964 973
781 920 871 1000
238 725 338 839
781 836 1000 920
147 725 238 994
882 540 979 805
569 836 781 1000
758 540 882 836
758 379 1000 540
672 379 758 836
569 379 672 836
569 213 1000 379
456 213 569 845
456 0 1000 213
338 0 456 1000
147 0 338 725
0 0 147 1000
397 887 408 1000
371 887 397 1000
937 687 960 817
843 914 914 977
915 687 937 898
371 860 562 887
915 612 1000 687
562 953 740 1000
562 914 843 953
562 864 915 914
915 384 1000 612
562 777 915 864
562 603 915 777
562 384 915 603
562 205 1000 384
371 205 562 860
371 0 1000 205
189 0 371 1000
0 0 189 1000
765 462 774 663
221 878 249 967
170 878 221 979
682 949 959 969
170 799 307 878
702 462 765 663
854 836 988 933
702 406 1000 462
682 836 854 949
682 752 1000 836
555 406 702 663
505 752 682 1000
505 663 1000 752
369 663 505 1000
369 406 555 663
369 213 1000 406
369 0 1000 213
170 0 369 799
0 0 170 1000
964 286 969 995
964 148 1000 286
654 756 715 944
852 775 925 981
935 148 964 828
540 756 654 944
540 675 852 756
439 675 540 944
439 603 852 675
439 501 852 603
852 148 935 775
333 501 439 1000
333 390 852 501
233 390 333 1000
233 285 852 390
233 148 852 285
130 148 233 1000
130 0 1000 148
0 0 130 1000
659 890 662 999
226 856 239 1000
388 934 516 953
207 856 226 1000
927 509 1000 698
388 876 645 934
927 295 1000 509
748 838 917 995
748 665 927 838
207 650 388 856
388 736 659 876
388 585 659 736
388 395 659 585
748 295 927 665
748 0 1000 295
659 0 748 890
388 0 659 395
207 0 388 650
0 0 207 1000
971 567 990 757
900 586 966 709
730 906 861 995
971 0 1000 567
533 808 730 906
533 681 771 808
333 906 730 993
533 586 900 681
533 505 966 586
434 505 533 906
333 505 434 906
246 505 333 1000
158 505 246 1000
158 451 971 505
158 394 971 451
158 332 971 394
158 231 971 332
0 231 158 1000
0 0 971 231
702 759 709 964
998 0 1000 794
706 452 713 679
995 0 998 622
633 655 694 709
127 806 182 1000
643 759 702 988
633 452 706 655
875 426 959 913
459 759 643 1000
459 452 633 759
459 211 714 452
373 211 459 1000
276 211 373 1000
714 426 875 913
127 211 276 806
714 0 995 426
127 0 714 211
0 0 127 1000
862 792 878 985
862 714 959 792
725 764 862 849
570 789 725 866
725 604 862 764
449 789 570 1000
449 694 725 789
361 694 449 1000
959 211 996 985
361 596 725 694
862 211 959 714
361 450 725 596
264 450 361 1000
264 333 725 450
725 211 862 604
264 211 725 333
264 107 1000 211
264 0 1000 107
0 0 264 1000
490 678 513 685
691 822 700 1000
471 678 490 956
691 791 1000 822
434 678 471 968
634 791 691 1000
634 758 1000 791
634 712 1000 758
0 870 228 983
0 763 247 870
634 628 1000 712
307 678 434 943
634 528 1000 628
634 390 1000 528
518 390 634 1000
518 198 1000 390
518 0 1000 198
307 0 518 678
0 0 307 763
384 288 397 451
692 792 798 854
798 862 856 1000
258 706 384 797
0 929 282 1000
258 535 384 706
548 792 692 1000
798 712 1000 862
173 535 258 929
798 532 1000 712
548 594 798 792
173 288 384 535
401 594 548 1000
798 165 1000 532
401 404 798 594
401 165 798 404
401 0 1000 165
0 288 173 929
0 0 401 288
0 782 151 828
762 852 1000 909
422 884 677 955
829 619 1000 732
294 612 422 850
422 760 685 884
829 419 1000 619
294 344 422 612
422 626 685 760
829 199 1000 419
422 477 685 626
762 199 829 852
422 274 685 477
685 199 762 1000
685 0 1000 199
422 0 685 274
151 344 294 963
151 0 422 344
0 0 151 782
742 729 766 740
721 729 742 772
628 729 721 818
587 729 628 1000
540 729 587 1000
540 696 1000 729
540 639 1000 696
540 581 1000 639
456 581 540 1000
360 581 456 1000
360 516 1000 581
360 437 1000 516
245 437 360 1000
245 350 1000 437
245 259 1000 350
245 160 1000 259
148 160 245 1000
148 0 1000 160
0 0 148 1000
965 638 977 777
907 638 965 859
536 745 591 1000
719 859 1000 913
819 638 907 859
409 640 485 1000
244 486 318 869
819 428 1000 638
719 428 819 859
143 486 244 918
637 428 719 969
637 289 1000 428
637 118 1000 289
536 118 637 745
409 118 536 640
409 0 1000 118
336 0 409 1000
143 0 336 486
0 0 143 1000
591 782 670 898
591 683 698 782
532 683 591 933
713 688 978 748
713 628 978 688
713 539 978 628
532 539 713 683
473 539 532 1000
473 482 978 539
407 482 473 1000
407 417 978 482
407 342 978 417
341 342 407 1000
341 254 1000 342
341 160 1000 254
259 160 341 1000
259 0 1000 160
131 0 259 1000
0 0 131 1000
482 656 523 669
667 700 768 729
482 520 523 656
886 734 1000 785
346 803 572 866
829 734 886 1000
768 734 829 1000
768 626 1000 734
768 466 1000 626
346 520 482 803
346 340 572 520
768 278 1000 466
279 340 346 1000
768 0 1000 278
667 0 768 700
572 0 667 1000
279 0 572 340
179 0 279 1000
0 0 179 1000
701 614 708 950
737 900 769 1000
388 892 442 1000
701 353 737 614
894 755 1000 912
567 527 639 942
737 702 894 900
388 712 567 892
639 353 701 954
894 383 1000 755
250 712 388 1000
737 383 894 702
250 527 567 712
737 149 1000 383
250 353 639 527
250 149 737 353
250 0 1000 149
133 0 250 1000
0 0 133 1000
893 737 990 738
992 0 999 262
665 439 677 1000
648 439 665 882
475 742 648 841
816 737 893 1000
387 742 475 1000
726 737 816 1000
387 590 648 742
726 541 992 737
259 590 387 1000
726 333 992 541
726 123 992 333
259 439 648 590
259 289 726 439
259 123 726 289
259 0 992 123
168 0 259 1000
0 0 168 1000
635 971 663 1000
249 733 280 932
218 733 249 932
0 970 366 989
635 934 923 971
218 675 491 733
122 675 218 970
122 587 491 675
769 651 901 928
635 651 769 934
635 539 1000 651
0 587 122 970
635 406 1000 539
635 266 1000 406
0 446 491 587
0 279 491 446
491 266 635 1000
491 0 1000 266
0 0 491 279
967 269 978 618
917 718 1000 773
275 800 414 869
825 516 915 632
790 516 825 869
749 516 790 880
702 516 749 880
644 516 702 880
917 269 967 718
644 431 915 516
496 880 813 973
496 431 644 880
496 269 917 431
496 130 1000 269
414 130 496 1000
414 0 1000 130
275 0 414 800
158 0 275 1000
0 0 158 1000
