439 987 546 996
975 610 981 866
809 970 910 1000
803 491 809 1000
607 969 714 1000
330 965 439 1000
221 924 275 1000
588 655 607 971
981 638 1000 999
714 912 803 992
82 943 221 1000
809 882 910 970
330 871 439 965
221 732 275 924
439 914 584 987
981 0 1000 638
714 774 803 912
809 752 910 882
439 794 588 914
221 375 275 732
809 555 910 752
439 655 588 794
607 736 706 969
330 655 439 871
330 568 607 655
910 610 975 989
714 491 803 774
607 491 714 736
607 342 809 491
330 457 607 568
330 342 607 457
330 275 809 342
82 659 221 943
82 375 221 659
275 275 330 1000
275 194 809 275
910 0 981 610
275 109 809 194
82 109 275 375
809 0 910 555
82 0 809 109
0 0 82 1000
95 958 106 995
263 962 288 994
879 914 1000 924
263 900 288 962
956 924 1000 963
288 815 304 983
862 978 989 1000
0 958 95 1000
882 767 979 811
989 372 1000 799
107 920 174 994
288 455 304 815
540 978 862 1000
263 585 288 900
0 883 107 958
304 293 317 974
879 811 1000 914
718 924 956 978
882 624 989 767
797 624 882 811
220 585 263 994
718 811 879 924
174 585 220 994
797 523 989 624
726 523 797 811
107 585 174 920
107 455 288 585
540 811 718 978
381 811 540 1000
107 293 304 455
726 372 989 523
635 372 726 811
540 372 635 811
540 280 1000 372
456 280 540 811
456 194 1000 280
456 104 1000 194
456 0 1000 104
381 0 456 811
0 293 107 883
317 0 381 1000
0 0 317 293
945 720 998 736
243 932 258 990
977 453 1000 493
157 896 179 1000
774 524 980 543
179 932 243 1000
511 803 1000 814
101 892 157 1000
0 934 101 998
962 814 1000 985
855 647 945 736
879 736 1000 803
945 543 1000 720
157 332 179 896
889 814 962 1000
774 453 977 524
179 728 258 932
101 601 157 892
664 647 855 736
779 814 889 1000
530 453 774 543
661 814 779 1000
530 406 1000 453
540 814 661 1000
511 736 879 803
530 352 1000 406
400 814 540 1000
664 543 945 647
511 543 664 736
400 543 511 814
0 601 101 934
322 543 400 1000
322 352 530 543
258 352 322 1000
0 332 157 601
258 293 1000 352
258 227 1000 293
258 155 1000 227
258 78 1000 155
258 0 1000 78
179 0 258 728
0 0 179 332
952 951 955 992
766 896 771 939
853 833 861 1000
352 746 360 999
908 951 952 1000
540 989 739 1000
962 912 999 983
955 502 962 977
861 911 906 990
771 308 778 881
715 896 766 989
360 768 388 1000
908 779 955 951
221 936 352 999
608 896 715 989
360 397 388 768
221 845 352 936
608 821 771 896
608 746 771 821
778 833 853 1000
221 746 352 845
908 502 955 779
608 640 771 746
861 502 908 911
221 581 360 746
540 640 608 989
962 239 999 912
161 581 221 1000
469 640 540 1000
861 239 962 502
469 551 771 640
469 447 771 551
161 397 360 581
95 397 161 1000
388 447 469 1000
778 239 861 833
778 0 1000 239
388 308 771 447
388 134 778 308
95 134 388 397
95 0 778 134
0 0 95 1000
663 977 672 994
266 870 271 991
633 977 663 1000
449 946 479 994
609 912 633 1000
400 946 449 1000
633 918 694 977
562 912 609 997
532 789 562 1000
974 685 1000 972
923 796 974 1000
183 870 266 1000
562 760 633 912
479 789 532 1000
80 888 183 998
867 796 923 1000
80 772 183 888
479 638 562 789
562 569 633 760
183 715 272 870
793 796 867 1000
183 544 273 715
562 337 633 569
793 685 974 796
793 581 1000 685
793 469 1000 581
80 544 183 772
479 337 562 638
80 412 273 544
739 469 793 1000
739 354 1000 469
739 227 1000 354
694 227 739 1000
694 99 1000 227
400 337 479 946
633 99 694 918
400 99 633 337
400 0 1000 99
339 0 400 1000
273 0 339 1000
80 0 273 412
0 0 80 1000
692 748 722 781
990 764 1000 948
231 973 315 996
393 741 404 1000
184 913 231 999
682 899 741 970
393 357 404 741
332 899 376 1000
692 638 751 748
231 906 332 973
510 972 749 1000
682 781 751 899
74 913 184 1000
332 724 393 899
606 638 692 781
231 780 332 906
74 830 231 913
927 764 990 987
865 764 927 1000
606 535 751 638
799 764 865 1000
606 422 751 535
799 678 1000 764
799 586 1000 678
799 487 1000 586
332 357 393 724
751 487 799 1000
751 386 1000 487
751 276 1000 386
510 781 682 972
510 422 606 781
510 276 751 422
510 196 1000 276
231 357 332 780
510 102 1000 196
510 0 1000 102
459 0 510 1000
404 0 459 1000
231 0 404 357
74 415 231 830
74 0 231 415
0 0 74 1000
637 730 642 755
627 648 643 678
873 988 914 1000
632 437 643 575
448 985 592 1000
611 888 643 985
972 829 1000 986
557 648 627 730
689 903 762 988
546 888 611 985
541 730 637 797
441 730 541 800
924 829 972 986
331 730 441 800
448 888 546 985
689 695 762 903
557 437 632 648
924 605 1000 829
448 800 643 888
496 437 557 730
353 800 448 1000
873 605 924 988
429 437 496 730
873 437 1000 605
244 800 353 1000
429 334 643 437
834 437 873 1000
429 231 643 334
834 278 1000 437
797 278 834 1000
797 144 1000 278
762 144 797 1000
689 144 762 695
689 0 1000 144
643 0 689 1000
331 231 429 730
244 231 331 800
176 231 244 1000
176 116 643 231
176 0 643 116
94 0 176 1000
0 0 94 1000
997 789 999 866
900 204 979 230
980 509 1000 618
932 618 1000 658
979 91 1000 230
894 889 997 918
927 312 1000 356
805 466 986 491
817 857 894 918
910 918 984 1000
540 491 895 509
750 618 932 658
805 425 986 466
726 312 927 356
900 91 979 204
653 857 817 918
786 918 910 1000
894 789 997 889
726 273 1000 312
648 918 786 1000
805 360 986 425
569 273 726 356
471 918 648 1000
394 273 569 360
653 789 894 857
653 735 1000 789
750 509 980 618
394 230 994 273
653 658 1000 735
547 658 653 918
547 509 750 658
471 509 547 918
540 360 805 491
399 509 471 1000
316 509 399 1000
221 509 316 1000
90 509 221 1000
90 360 540 509
394 91 900 230
90 91 394 360
90 0 1000 91
0 0 90 1000
501 985 560 998
946 951 982 975
982 886 1000 964
389 943 442 1000
644 866 811 886
952 784 991 886
991 285 1000 886
322 905 389 1000
501 914 599 985
768 667 811 838
811 544 837 833
952 588 991 784
501 829 599 914
718 667 768 866
442 829 501 1000
915 588 952 879
878 588 915 886
442 748 599 829
878 468 991 588
442 656 599 748
442 562 599 656
644 667 718 866
442 463 599 562
599 951 946 997
644 544 811 667
878 285 991 468
644 425 837 544
837 285 878 886
599 886 982 951
644 285 837 425
599 285 644 886
442 285 599 463
389 285 442 943
389 216 1000 285
322 216 389 905
322 147 1000 216
263 147 322 1000
263 77 1000 147
200 77 263 1000
200 0 1000 77
119 0 200 1000
0 0 119 1000
890 753 976 756
937 557 998 568
411 755 865 758
933 970 987 1000
821 909 884 946
868 647 990 669
829 862 887 909
890 728 999 753
649 984 857 1000
933 901 1000 970
937 473 1000 557
876 669 994 728
893 811 933 1000
868 582 1000 647
649 946 876 984
933 759 1000 901
849 473 937 582
751 582 868 669
460 946 649 1000
751 473 849 582
692 473 751 669
411 728 890 755
460 909 821 946
619 473 692 669
460 862 829 909
619 421 1000 473
460 811 893 862
326 811 460 1000
513 421 619 669
411 669 876 728
513 358 1000 421
326 759 933 811
411 358 513 669
326 358 411 759
326 305 1000 358
274 305 326 1000
274 247 1000 305
274 189 1000 247
274 125 1000 189
201 125 274 1000
201 0 1000 125
0 0 201 1000
922 645 927 652
940 682 947 709
986 709 1000 755
974 709 986 780
896 864 1000 879
955 817 1000 860
927 613 965 682
844 645 922 682
816 978 952 1000
871 931 957 978
963 882 1000 999
772 682 940 709
927 483 965 613
548 864 896 882
814 817 955 864
965 436 1000 709
310 978 816 1000
965 107 1000 436
548 817 814 864
844 483 927 645
772 483 844 682
548 780 1000 817
692 483 772 709
692 414 965 483
692 343 965 414
630 343 692 709
566 343 630 709
310 931 871 978
488 343 566 709
548 709 974 780
402 343 488 709
310 882 963 931
402 283 965 343
402 211 965 283
310 709 548 882
402 107 965 211
402 0 1000 107
310 0 402 709
242 0 310 1000
170 0 242 1000
89 0 170 1000
0 0 89 1000
997 685 1000 780
955 987 981 1000
931 974 980 987
906 987 955 1000
934 415 944 490
887 544 958 558
828 987 906 1000
931 951 998 974
904 459 934 525
944 495 999 544
602 987 828 1000
931 884 1000 951
843 459 904 544
350 544 887 558
953 685 997 884
815 342 944 415
944 281 1000 495
694 459 843 544
783 884 931 987
875 685 953 884
495 459 694 544
790 685 875 884
704 685 790 884
602 884 783 987
495 415 934 459
602 685 704 884
495 342 815 415
602 624 1000 685
495 281 944 342
508 624 602 1000
350 281 495 544
400 624 508 1000
278 624 400 1000
278 558 1000 624
169 558 278 1000
169 281 350 558
169 215 1000 281
169 149 1000 215
169 75 1000 149
98 75 169 1000
98 0 1000 75
0 0 98 1000
949 751 954 815
671 911 705 936
898 843 912 999
705 769 721 968
850 583 860 992
955 856 984 1000
984 656 1000 1000
472 968 703 1000
538 911 671 968
898 270 912 843
830 583 850 992
912 751 949 1000
984 0 1000 656
538 840 705 911
538 769 705 840
879 270 898 922
472 769 538 968
472 716 721 769
860 270 879 982
472 642 721 716
721 820 830 989
419 642 472 1000
419 575 721 642
371 575 419 1000
955 0 984 856
371 503 721 575
318 503 371 983
721 583 830 820
259 503 318 1000
259 436 721 503
912 0 955 751
259 360 721 436
197 360 259 1000
197 279 721 360
721 270 860 583
129 279 197 1000
721 0 912 270
129 187 721 279
129 93 721 187
62 93 129 1000
62 0 721 93
0 0 62 1000
921 716 950 763
703 989 859 1000
345 825 372 890
854 769 866 929
950 512 959 744
170 977 271 1000
959 942 1000 1000
354 890 376 1000
600 923 653 984
916 904 959 993
345 697 376 825
866 904 916 1000
921 512 950 716
703 948 855 989
805 769 854 948
273 890 354 1000
170 882 271 977
959 691 1000 942
866 763 959 904
959 354 998 691
866 512 921 763
273 697 345 890
170 729 271 882
703 769 805 948
703 647 866 769
703 512 866 647
653 512 703 1000
653 428 959 512
600 428 653 923
600 354 959 428
553 354 600 1000
553 270 1000 354
497 270 553 1000
497 181 1000 270
497 89 1000 181
442 89 497 1000
376 89 442 1000
273 89 376 697
170 89 273 729
88 89 170 1000
88 0 1000 89
0 0 88 1000
704 961 730 968
895 232 988 234
742 257 881 262
800 676 961 686
729 968 800 998
800 972 889 1000
895 404 1000 429
942 933 1000 1000
865 429 1000 463
927 536 1000 614
704 901 800 961
742 234 1000 257
895 161 981 232
800 902 889 972
500 968 729 998
895 332 1000 404
942 779 1000 933
580 429 865 463
889 779 942 977
800 779 889 902
800 615 980 676
742 161 895 234
500 901 704 968
357 901 500 998
357 868 800 901
800 686 1000 779
357 811 800 868
357 751 800 811
357 686 800 751
260 686 357 1000
580 332 895 429
260 615 800 686
260 536 927 615
260 463 1000 536
157 463 260 1000
157 332 580 463
157 264 1000 332
157 161 742 264
157 86 1000 161
157 0 1000 86
79 0 157 1000
0 0 79 1000
562 342 564 372
998 133 1000 414
928 910 941 991
471 964 511 1000
218 939 277 1000
156 740 170 1000
965 891 1000 1000
530 674 562 809
894 737 965 821
857 644 965 728
218 779 277 939
965 596 1000 891
453 674 530 809
769 737 894 821
103 740 156 963
771 910 928 1000
471 809 564 964
857 510 965 644
965 133 998 596
564 910 771 1000
371 809 471 1000
769 510 857 737
680 510 769 821
680 412 965 510
680 310 965 412
619 310 680 794
619 220 965 310
564 821 928 910
564 220 619 821
564 133 965 220
453 342 562 674
371 342 453 809
371 133 564 342
323 133 371 1000
323 67 1000 133
323 0 1000 67
277 0 323 1000
218 0 277 779
170 0 218 1000
103 0 170 740
53 0 103 1000
0 0 53 1000
905 578 908 835
956 898 971 956
847 679 872 728
809 964 872 1000
971 879 994 1000
773 510 968 527
872 891 909 988
613 762 859 780
711 473 971 491
994 0 1000 909
956 527 971 898
809 870 872 964
422 510 773 527
909 843 956 972
739 679 847 762
738 870 809 1000
661 870 738 1000
422 491 962 510
872 578 905 891
613 679 739 762
564 870 661 1000
461 870 564 1000
347 870 461 1000
909 527 956 843
971 0 994 879
347 829 872 870
347 780 872 829
347 679 613 780
711 360 964 473
255 679 347 1000
255 631 872 679
255 578 872 631
176 578 255 1000
176 527 909 578
422 360 711 491
176 360 422 527
176 304 971 360
102 304 176 1000
102 214 971 304
0 214 102 1000
0 109 971 214
0 0 971 109
526 717 528 838
925 934 931 1000
599 994 831 999
902 934 925 1000
711 863 790 896
650 899 767 922
503 717 526 861
530 381 540 917
991 306 1000 1000
975 553 991 1000
540 868 599 1000
838 638 868 899
426 914 530 1000
287 627 316 994
902 763 975 934
711 762 838 863
426 717 503 914
902 553 975 763
711 638 838 762
367 717 426 1000
599 927 867 994
711 520 868 638
902 306 991 553
367 578 530 717
650 520 711 899
868 306 902 1000
650 406 868 520
599 406 650 927
599 306 868 406
209 627 287 1000
599 231 1000 306
367 381 530 578
540 231 599 868
540 144 1000 231
367 144 540 381
316 144 367 1000
209 144 316 627
209 74 1000 144
144 74 209 1000
144 0 1000 74
73 0 144 1000
0 0 73 1000
665 966 693 986
999 261 1000 902
582 955 668 966
599 986 686 1000
679 879 715 966
335 986 599 1000
421 966 665 986
952 816 999 923
727 956 866 1000
890 943 999 1000
715 472 727 1000
866 710 890 1000
952 660 999 816
582 879 679 955
582 791 715 879
513 791 582 966
727 857 866 956
513 715 715 791
890 660 952 943
890 484 999 660
727 710 866 857
727 580 890 710
727 443 890 580
421 715 513 966
335 715 421 986
335 652 715 715
266 652 335 1000
266 598 715 652
890 261 999 484
266 536 715 598
266 472 715 536
727 261 890 443
266 406 727 472
266 337 727 406
266 261 727 337
266 210 1000 261
266 154 1000 210
207 154 266 1000
207 88 1000 154
126 88 207 1000
126 0 1000 88
0 0 126 1000
