914 873 943 965
527 888 591 931
914 767 943 873
504 934 586 1000
944 851 991 994
527 831 654 888
944 705 997 851
735 846 847 916
377 934 504 1000
847 767 914 937
654 846 735 1000
527 699 654 831
527 567 654 699
654 743 847 846
460 567 527 867
654 604 847 743
654 461 847 604
377 567 460 934
847 452 944 767
944 127 997 705
847 127 944 452
377 452 654 567
297 452 377 1000
297 284 654 452
211 284 297 1000
654 127 847 461
211 127 654 284
126 127 211 1000
126 0 1000 127
0 0 126 1000
801 983 958 986
943 570 1000 597
932 353 999 376
885 239 926 295
960 854 1000 944
960 723 993 854
879 404 975 475
857 570 943 667
429 376 792 404
801 911 960 983
251 945 470 1000
801 829 960 911
932 133 999 353
701 570 857 667
429 340 932 376
669 829 801 1000
520 829 669 1000
251 829 520 945
251 781 960 829
251 723 960 781
251 667 1000 723
251 570 701 667
429 239 885 340
251 501 1000 570
429 133 932 239
123 501 251 1000
123 404 879 501
123 133 429 404
123 0 1000 133
0 0 123 1000
305 997 713 1000
305 994 794 997
835 727 957 750
957 298 1000 394
728 521 928 548
802 948 921 994
934 754 1000 855
634 948 802 994
634 921 965 948
728 478 962 521
728 435 999 478
835 615 986 727
804 754 934 921
671 754 804 921
671 615 835 754
596 615 671 921
305 921 634 994
506 615 596 921
411 615 506 921
411 548 1000 615
305 548 411 921
642 298 957 425
305 435 728 548
210 435 305 1000
210 298 642 435
210 218 1000 298
126 218 210 1000
126 120 1000 218
126 0 1000 120
0 0 126 1000
964 851 972 958
791 292 972 305
961 125 998 217
659 292 791 324
775 901 864 950
964 628 1000 851
458 962 784 1000
563 901 775 962
116 962 458 1000
860 125 961 261
772 125 860 288
838 461 941 611
730 461 838 625
730 392 1000 461
659 125 772 292
636 392 730 625
560 741 775 844
636 324 1000 392
553 324 636 628
116 901 563 962
444 324 553 628
116 848 761 901
867 628 964 991
444 125 659 324
116 741 560 848
318 125 444 628
116 628 867 741
116 125 318 628
116 0 1000 125
0 0 116 1000
102 997 177 1000
901 890 1000 909
514 653 632 677
875 890 901 1000
386 968 645 981
824 890 875 1000
453 653 514 763
879 623 980 701
102 968 386 997
917 763 996 875
837 763 917 890
786 623 879 763
701 890 824 1000
453 565 632 653
786 535 985 623
453 467 646 565
786 427 1000 535
715 427 786 763
715 324 1000 427
646 324 715 763
646 202 1000 324
102 890 701 968
453 202 646 467
359 202 453 763
251 202 359 763
251 110 1000 202
102 763 837 890
102 110 251 763
102 0 1000 110
0 0 102 1000
504 686 511 714
511 434 515 685
504 434 511 686
882 813 899 975
383 876 412 989
882 782 1000 813
882 748 1000 782
882 696 1000 748
304 876 383 966
882 617 1000 696
793 793 867 974
793 617 882 793
750 617 793 1000
702 617 750 1000
651 617 702 1000
586 617 651 1000
586 546 1000 617
586 468 1000 546
586 371 1000 468
515 371 586 941
515 287 1000 371
515 198 1000 287
413 434 504 925
304 434 413 876
304 198 515 434
304 107 1000 198
304 0 1000 107
226 0 304 1000
136 0 226 1000
0 0 136 1000
914 987 931 1000
997 0 999 388
993 0 997 643
507 838 603 886
687 939 796 996
761 608 790 907
849 726 914 885
796 652 849 883
410 838 507 977
849 495 914 726
849 253 914 495
796 253 849 652
410 716 603 838
687 608 761 939
914 527 973 987
310 716 410 1000
310 622 627 716
310 519 627 622
687 253 796 608
310 394 627 519
914 0 993 527
627 253 687 1000
310 244 627 394
627 84 914 253
310 84 627 244
253 84 310 1000
253 0 914 84
190 0 253 1000
101 0 190 1000
0 0 101 1000
915 749 946 784
946 439 950 732
186 931 239 955
759 976 827 995
113 909 215 926
182 856 224 909
139 931 186 1000
566 889 602 1000
0 931 139 1000
915 439 946 749
759 902 956 976
182 572 241 856
956 517 1000 958
444 778 622 889
379 889 566 1000
956 0 1000 517
113 572 182 909
444 656 650 778
444 534 650 656
444 390 650 534
379 390 444 889
0 572 113 931
306 390 379 1000
306 252 650 390
241 252 306 1000
759 439 915 902
759 0 956 439
650 0 759 936
241 0 650 252
0 0 241 572
446 378 474 389
980 192 987 301
973 192 980 301
870 901 1000 935
924 192 973 305
938 728 1000 832
812 305 958 378
83 980 656 1000
708 901 870 980
840 728 938 901
574 796 774 901
728 89 941 192
798 575 944 728
628 575 798 728
446 305 812 378
263 796 574 901
628 485 1000 575
628 391 1000 485
518 391 628 728
263 728 840 796
395 391 518 728
263 391 395 728
166 391 263 901
83 901 708 980
446 192 924 305
166 192 446 391
83 192 166 901
83 89 728 192
83 0 1000 89
0 0 83 1000
556 417 560 776
157 924 184 991
921 753 962 811
157 861 204 924
549 417 556 867
726 729 746 992
505 617 549 781
921 548 962 753
157 711 227 861
897 548 921 1000
0 889 127 988
157 518 223 711
643 729 726 889
962 264 999 777
443 617 505 970
561 729 643 1000
834 548 897 1000
561 567 752 729
752 548 834 1000
752 362 962 548
561 362 752 567
561 264 962 362
322 617 443 976
322 417 549 617
561 150 1000 264
0 518 157 889
322 150 561 417
227 150 322 1000
227 0 1000 150
0 0 227 518
867 982 890 995
973 360 1000 421
633 982 867 995
633 972 970 982
973 202 1000 360
53 964 220 991
907 773 948 920
907 628 954 773
633 941 896 972
104 824 168 964
470 941 633 1000
836 679 907 819
907 435 973 628
104 735 271 824
104 636 271 735
104 533 271 636
836 435 907 679
53 533 104 964
53 404 271 533
0 404 53 1000
836 202 973 435
781 202 836 941
720 202 781 941
653 202 720 941
575 202 653 941
575 0 1000 202
470 0 575 941
371 0 470 1000
271 0 371 1000
0 0 271 404
653 942 691 945
981 265 986 764
824 754 927 797
824 702 955 754
282 978 653 1000
745 845 860 916
738 702 824 805
653 845 745 942
738 642 956 702
282 947 710 978
513 845 653 947
643 642 738 805
361 845 513 947
956 265 981 974
507 642 643 805
361 805 956 845
361 642 507 805
361 596 956 642
361 529 956 596
361 461 956 529
361 390 956 461
282 390 361 947
206 390 282 1000
206 326 956 390
133 326 206 1000
133 265 956 326
133 199 1000 265
133 121 1000 199
133 0 1000 121
0 0 133 1000
483 598 566 614
466 598 483 753
839 938 882 999
466 577 599 598
564 753 579 976
466 550 599 577
979 588 998 864
158 830 201 998
466 491 599 550
401 909 564 969
599 938 839 999
806 783 978 922
158 564 250 830
401 753 564 909
466 292 599 491
93 564 158 1000
806 588 979 783
250 753 401 1000
384 292 466 753
692 588 806 938
692 451 1000 588
599 451 692 938
599 337 1000 451
599 222 1000 337
599 84 1000 222
250 292 384 753
250 84 599 292
93 84 250 564
93 0 1000 84
0 0 93 1000
943 880 971 885
879 880 943 885
279 761 326 784
728 740 741 868
962 641 1000 791
855 887 942 960
279 620 326 761
728 597 778 740
648 960 973 1000
326 714 452 843
213 620 279 887
879 641 962 880
116 960 648 1000
326 526 452 714
778 641 879 887
326 326 452 526
627 597 728 868
778 513 1000 641
778 382 1000 513
627 382 778 597
213 326 326 620
557 382 627 887
452 382 557 887
116 887 855 960
452 271 1000 382
452 137 1000 271
452 0 1000 137
213 0 452 326
116 0 213 887
0 0 116 1000
401 954 424 1000
496 729 553 776
881 447 897 680
902 772 931 991
945 794 1000 1000
661 946 879 1000
553 876 648 1000
752 844 876 946
401 866 553 954
845 447 881 844
945 503 1000 794
553 704 661 876
254 866 401 1000
945 0 997 503
553 410 661 704
254 729 496 866
902 0 945 772
752 447 845 844
96 729 254 1000
96 631 553 729
661 447 752 946
661 248 902 447
96 524 553 631
96 410 553 524
0 410 96 1000
0 322 661 410
661 0 902 248
0 226 661 322
0 124 661 226
0 0 661 124
821 930 830 1000
987 444 990 666
575 846 586 1000
683 872 707 1000
821 906 968 930
323 898 364 1000
821 873 968 906
683 812 783 872
968 444 987 773
646 812 683 1000
821 812 968 873
821 736 968 812
821 651 968 736
783 651 821 1000
646 651 783 812
646 580 968 651
646 505 968 580
575 505 646 846
525 505 575 1000
525 444 968 505
525 383 1000 444
460 383 525 1000
460 305 1000 383
460 224 1000 305
323 531 446 898
460 135 1000 224
323 135 460 531
323 0 1000 135
201 0 323 1000
0 0 201 1000
973 828 1000 838
450 917 491 990
752 879 800 942
800 698 835 895
925 828 973 979
687 879 752 1000
509 741 546 964
450 741 509 917
835 828 925 1000
835 715 1000 828
835 595 1000 715
687 698 800 879
612 698 687 1000
835 446 1000 595
612 580 835 698
612 446 835 580
557 446 612 1000
450 446 557 741
450 385 1000 446
450 321 1000 385
395 321 450 1000
340 321 395 1000
340 260 1000 321
280 260 340 1000
280 198 1000 260
280 112 1000 198
198 112 280 1000
102 112 198 1000
102 0 1000 112
0 0 102 1000
977 764 980 961
984 544 989 683
977 380 980 764
710 909 804 939
710 873 804 909
804 809 875 923
984 0 1000 544
470 819 519 1000
710 773 804 873
416 819 470 1000
710 647 804 773
875 766 948 949
416 724 565 819
666 647 710 1000
948 380 977 980
416 594 565 724
666 498 804 647
613 498 666 933
565 498 613 1000
875 380 948 766
565 377 804 498
804 380 875 809
804 145 984 380
565 145 804 377
565 0 984 145
416 0 565 594
326 0 416 1000
228 0 326 1000
117 0 228 1000
0 0 117 1000
654 839 725 870
496 895 609 916
989 116 998 409
982 663 999 831
850 944 910 997
496 859 609 895
959 663 982 983
725 869 787 1000
434 859 496 1000
725 793 850 869
352 859 434 1000
725 697 850 793
725 595 850 697
352 801 609 859
352 742 609 801
959 116 989 663
654 595 725 839
352 672 609 742
609 595 654 1000
352 588 609 672
609 461 850 595
352 461 609 588
257 461 352 1000
257 360 850 461
141 360 257 1000
141 245 850 360
850 116 959 944
141 116 850 245
141 0 1000 116
0 0 141 1000
485 656 583 680
583 452 606 554
449 930 612 956
613 923 692 1000
485 590 583 656
981 258 994 797
449 878 612 930
908 588 933 935
434 590 485 765
364 878 449 1000
364 822 613 878
281 822 364 1000
855 588 908 937
281 765 613 822
613 820 804 923
434 452 583 590
746 399 807 753
944 258 981 918
344 452 434 765
855 258 944 588
155 765 281 1000
234 452 344 765
0 765 155 1000
855 0 1000 258
810 0 855 1000
613 399 746 820
0 452 234 765
613 0 810 399
0 309 613 452
0 0 613 309
861 571 944 586
897 937 925 998
987 707 997 958
950 758 987 829
861 534 950 571
793 937 897 1000
668 628 729 773
987 0 1000 707
848 642 919 782
861 419 950 534
793 865 950 937
580 628 668 792
729 642 848 792
658 865 793 1000
498 865 658 1000
950 0 987 758
289 865 498 1000
729 419 861 642
580 419 729 628
489 419 580 792
387 419 489 792
387 349 950 419
289 792 850 865
289 349 387 792
289 280 950 349
289 207 950 280
289 124 950 207
289 0 950 124
153 0 289 1000
0 0 153 1000
574 809 621 819
574 793 621 809
446 246 449 715
288 885 304 994
434 534 445 786
262 885 288 1000
574 717 621 793
560 717 574 974
970 703 987 948
262 803 373 885
373 799 434 956
193 803 262 1000
504 717 560 1000
373 534 434 799
106 803 193 1000
504 557 630 717
0 803 106 1000
373 246 446 534
449 557 504 1000
873 703 970 970
873 461 1000 703
0 717 373 803
770 461 873 968
0 530 373 717
630 461 770 1000
630 243 1000 461
630 0 1000 243
449 0 630 557
0 246 373 530
0 0 449 246
854 423 929 466
869 599 985 631
596 343 787 364
855 204 892 343
658 423 854 476
985 0 997 881
617 940 802 1000
776 599 869 733
776 536 985 599
658 371 929 423
534 371 658 487
692 536 776 733
617 893 970 940
416 893 617 1000
328 371 534 487
416 849 985 893
529 536 692 733
416 792 985 849
359 536 529 733
416 733 985 792
289 733 416 1000
162 733 289 1000
596 204 855 343
162 536 359 733
162 487 985 536
328 204 596 371
162 204 328 487
162 126 985 204
162 0 985 126
0 0 162 1000
559 508 564 613
469 847 497 978
833 929 965 958
175 945 357 974
956 688 999 883
86 836 175 950
314 639 368 839
276 639 314 945
903 688 956 915
469 660 559 847
833 688 903 929
276 398 368 639
751 688 833 981
368 660 469 919
657 688 751 981
565 688 657 1000
368 508 559 660
565 618 1000 688
565 539 1000 618
565 451 1000 539
565 359 1000 451
565 261 1000 359
368 261 565 508
368 181 1000 261
175 398 276 945
368 89 1000 181
175 89 368 398
175 0 1000 89
86 0 175 836
0 0 86 1000
375 679 390 776
375 594 406 679
907 917 1000 965
742 591 865 631
609 591 742 631
915 377 994 485
100 929 291 978
375 287 407 594
907 792 1000 917
311 796 407 924
819 377 915 518
100 860 311 929
907 631 1000 792
819 285 1000 377
845 631 907 1000
609 518 938 591
777 631 845 1000
311 287 375 796
678 631 777 1000
559 631 678 1000
100 631 300 860
609 285 819 518
609 153 1000 285
407 631 559 1000
609 0 1000 153
511 0 609 631
407 0 511 631
100 287 311 631
100 0 407 287
0 0 100 1000
629 830 632 876
472 873 476 1000
306 919 377 929
472 797 516 873
852 930 1000 973
634 811 683 960
180 919 306 1000
597 369 634 699
289 723 377 919
516 830 629 1000
377 797 472 1000
852 799 1000 930
289 488 377 723
377 643 516 797
701 799 852 1000
701 692 1000 799
701 576 1000 692
516 369 597 830
377 369 516 643
701 447 1000 576
701 306 1000 447
701 165 1000 306
634 165 701 811
180 488 289 919
377 165 634 369
180 165 377 488
180 80 1000 165
104 80 180 1000
104 0 1000 80
0 0 104 1000
389 843 468 854
457 706 494 733
748 940 809 967
963 737 973 930
952 737 963 964
825 884 853 1000
669 673 692 902
389 706 457 843
952 416 982 737
982 0 1000 824
347 855 469 1000
748 687 825 940
825 723 952 884
199 855 347 1000
586 673 669 975
748 351 825 687
199 706 389 855
100 706 199 1000
0 706 100 1000
695 351 748 987
0 638 499 706
586 351 695 673
825 416 952 723
0 558 499 638
0 472 499 558
0 361 499 472
825 0 982 416
586 0 825 351
499 0 586 1000
0 0 499 361
792 665 806 778
727 497 854 540
732 863 863 935
550 497 727 559
883 268 912 648
912 826 983 983
684 665 792 778
732 778 883 863
500 935 883 974
912 639 995 826
617 778 732 935
500 778 617 935
500 665 684 778
500 608 883 665
550 422 863 497
438 608 500 1000
370 608 438 1000
302 608 370 1000
302 559 883 608
302 422 550 559
236 422 302 1000
236 361 883 422
912 80 995 639
236 268 883 361
236 169 912 268
155 169 236 1000
155 80 912 169
155 0 1000 80
85 0 155 1000
0 0 85 1000
939 956 941 999
941 541 960 601
340 881 413 912
312 881 340 1000
363 648 427 701
806 859 888 956
900 541 941 737
322 648 363 881
220 881 312 1000
834 541 900 737
834 452 1000 541
559 956 939 999
834 350 1000 452
774 350 834 737
220 648 322 881
559 859 806 956
150 648 220 1000
774 238 1000 350
559 800 990 859
559 737 1000 800
150 532 427 648
709 238 774 737
639 238 709 737
559 238 639 737
505 238 559 1000
427 238 505 1000
427 120 1000 238
427 0 1000 120
150 0 427 532
0 0 150 1000
428 529 430 602
425 529 428 931
154 965 317 977
753 766 778 973
941 811 982 959
988 105 1000 660
467 918 634 970
753 417 778 766
397 529 425 972
634 720 700 918
154 881 317 965
868 561 928 842
431 310 467 843
778 842 941 967
778 561 868 842
778 396 941 561
700 417 753 971
467 720 634 918
941 105 988 811
467 571 700 720
317 529 397 972
467 417 700 571
467 281 778 417
778 105 941 396
467 105 778 281
154 529 317 881
154 310 431 529
154 105 467 310
154 0 1000 105
0 0 154 1000
398 959 434 996
977 808 994 893
961 808 977 989
863 867 943 905
943 808 961 1000
620 639 633 978
479 720 547 818
943 686 1000 808
863 776 943 867
479 610 547 720
863 636 943 776
943 483 1000 686
812 636 863 1000
812 483 943 636
547 639 620 951
767 483 812 1000
547 346 636 639
231 712 327 995
398 610 479 959
702 483 767 1000
637 483 702 1000
637 388 1000 483
398 346 547 610
637 264 1000 388
637 110 1000 264
398 110 637 346
332 110 398 1000
231 110 332 712
231 0 1000 110
0 0 231 1000
