695 926 712 961
362 191 364 541
985 666 996 764
996 351 998 920
998 188 1000 996
558 722 695 741
985 351 996 666
695 672 712 926
126 965 361 988
815 750 976 787
815 713 976 750
792 713 815 1000
126 918 267 965
558 672 695 722
535 672 558 996
792 666 976 713
535 623 716 672
765 666 792 1000
219 590 266 791
535 562 716 623
511 384 534 934
177 590 219 897
535 484 716 562
765 595 976 666
716 595 765 1000
716 517 985 595
716 437 985 517
716 351 985 437
535 351 716 484
535 298 998 351
319 191 362 758
535 243 998 298
535 188 998 243
535 131 1000 188
408 679 511 964
408 384 511 679
408 131 535 384
266 191 319 810
177 191 266 590
126 191 177 918
408 64 1000 131
365 64 408 1000
365 0 1000 64
126 0 365 191
73 0 126 940
0 0 73 1000
910 590 921 601
430 290 435 478
997 150 999 646
268 684 356 700
758 767 819 793
664 806 743 834
758 719 819 767
758 668 819 719
974 357 993 559
974 150 997 357
743 668 758 1000
401 290 430 479
356 487 385 687
664 728 743 806
219 684 268 841
386 290 401 874
849 810 908 970
743 541 819 668
64 953 322 996
819 461 848 868
219 590 356 684
849 590 910 810
955 150 974 871
219 487 356 590
219 402 386 487
664 541 743 728
630 541 664 1000
592 541 630 1000
592 461 819 541
219 290 386 402
219 197 437 290
592 379 849 461
592 286 849 379
922 150 955 979
64 874 415 953
849 150 922 590
592 150 849 286
592 58 1000 150
547 58 592 1000
488 58 547 856
136 197 219 765
437 58 488 1000
64 197 136 874
64 58 437 197
64 0 1000 58
0 0 64 1000
524 484 805 489
134 737 156 864
163 736 174 1000
845 809 971 843
734 567 779 676
845 765 971 809
524 469 913 484
524 440 727 469
134 527 163 737
0 942 149 985
971 530 990 873
400 440 524 494
671 567 734 676
808 765 845 1000
707 367 917 410
574 567 671 676
707 327 978 367
0 864 151 942
746 765 808 1000
683 765 746 1000
619 765 683 1000
619 721 971 765
619 676 971 721
570 676 619 1000
400 410 969 440
514 676 570 1000
456 676 514 1000
396 676 456 1000
396 567 574 676
344 567 396 1000
288 567 344 1000
288 530 971 567
288 494 1000 530
400 327 707 410
236 494 288 1000
236 327 400 494
236 290 1000 327
236 252 1000 290
236 213 1000 252
236 172 1000 213
236 122 1000 172
0 527 134 864
236 61 1000 122
236 0 1000 61
163 0 236 736
0 0 163 527
995 562 997 613
818 412 827 453
497 410 687 412
995 0 997 562
972 927 995 988
955 730 968 867
621 795 764 808
764 730 778 1000
735 512 809 565
593 795 621 988
562 795 593 988
531 795 562 988
951 363 968 721
360 681 530 718
924 730 955 956
360 658 672 681
781 594 858 703
487 795 531 988
924 363 951 730
360 626 673 658
548 412 818 453
276 412 548 453
360 594 781 626
360 567 871 594
497 358 810 410
259 567 360 730
487 730 764 795
419 730 487 1000
344 730 419 1000
356 512 735 565
265 730 344 1000
186 730 265 1000
972 0 995 927
356 460 865 512
84 730 186 1000
84 567 259 730
84 460 356 567
871 363 924 980
497 249 821 358
276 249 497 412
871 0 972 363
84 249 276 460
84 185 871 249
84 98 871 185
84 0 871 98
0 0 84 1000
244 564 247 565
152 937 169 983
667 849 780 858
860 428 871 542
971 337 978 877
152 738 171 937
978 333 991 686
781 747 860 809
329 771 357 968
978 73 1000 333
958 337 971 781
475 554 522 679
329 681 396 771
434 815 474 982
434 633 475 815
475 380 522 554
781 634 860 747
475 181 522 380
667 752 780 849
667 651 781 752
667 526 781 651
636 526 667 1000
604 526 636 1000
781 428 860 634
82 738 152 989
434 181 475 633
917 337 958 821
171 564 244 858
558 526 604 1000
558 428 781 526
558 345 871 428
558 260 871 345
558 175 871 260
871 337 917 924
871 73 978 337
396 181 434 992
558 73 871 175
522 73 558 1000
329 181 396 681
522 0 1000 73
329 0 522 181
294 0 329 1000
250 0 294 1000
171 0 250 564
82 0 171 738
0 0 82 1000
516 936 655 939
159 528 161 802
997 0 1000 241
782 519 787 853
428 207 431 894
571 756 715 774
839 756 983 774
715 679 782 750
367 498 384 884
140 528 159 923
732 939 923 981
571 697 715 756
839 691 983 756
571 629 715 697
274 699 357 823
715 519 782 679
218 699 274 898
983 0 997 839
787 691 839 939
218 608 367 699
218 516 367 608
787 613 983 691
218 412 367 516
787 533 983 613
787 447 983 533
516 629 571 936
367 207 428 498
431 939 732 1000
787 348 983 447
787 244 983 348
516 519 715 629
516 434 787 519
516 339 787 434
516 244 787 339
473 244 516 939
218 207 367 412
473 182 983 244
431 182 473 939
431 120 983 182
61 528 140 994
431 52 983 120
162 207 218 940
162 52 431 207
162 0 983 52
61 0 162 528
0 0 61 1000
113 995 171 1000
861 896 869 1000
204 623 207 894
197 623 204 780
271 754 281 995
370 650 381 885
317 699 370 748
468 934 557 966
113 948 174 995
174 623 197 749
370 320 381 650
271 626 317 754
604 347 617 869
468 783 517 934
861 836 1000 896
247 626 271 1000
424 783 468 1000
787 836 861 1000
214 626 247 1000
424 688 561 783
695 836 787 1000
424 566 561 688
695 775 1000 836
695 712 1000 775
113 623 174 948
317 320 370 699
695 643 1000 712
695 572 1000 643
695 497 1000 572
695 420 1000 497
695 340 1000 420
656 340 695 1000
617 340 656 1000
561 347 604 972
617 266 1000 340
617 190 1000 266
424 347 561 566
424 190 617 347
214 320 317 626
381 190 424 1000
381 133 1000 190
381 66 1000 133
214 66 381 320
214 0 1000 66
113 0 214 623
0 0 113 1000
449 877 496 883
705 454 707 666
875 460 888 505
567 855 707 861
449 851 496 877
605 797 664 823
545 855 567 953
352 887 435 919
199 907 259 960
437 538 448 840
145 398 162 638
967 706 996 867
167 715 198 882
496 953 675 991
750 879 817 999
199 824 300 907
929 706 967 969
664 454 705 702
750 770 844 879
199 712 300 824
844 460 875 872
929 522 1000 706
750 629 844 770
707 629 750 1000
0 891 167 988
888 522 929 1000
605 454 664 797
888 330 1000 522
707 460 844 629
707 330 888 460
545 454 605 855
496 454 545 953
496 330 707 454
496 276 1000 330
496 221 1000 276
0 715 167 891
449 221 496 851
352 538 437 887
449 161 1000 221
352 161 449 538
352 99 1000 161
0 398 145 715
300 99 352 1000
300 0 1000 99
199 0 300 712
0 0 199 398
937 583 938 920
479 994 946 995
721 977 759 994
683 860 694 977
642 977 721 994
417 284 419 990
803 854 816 977
660 860 683 977
930 583 937 975
479 977 642 994
636 860 660 977
398 458 411 710
412 284 417 976
803 819 930 854
249 880 308 978
803 767 930 819
636 806 803 860
803 681 930 767
636 733 803 806
636 659 803 733
803 583 930 681
636 583 803 659
636 543 958 583
112 759 209 892
357 458 398 824
636 494 958 543
310 458 357 792
603 494 636 977
958 320 995 764
566 494 603 977
529 494 566 977
112 607 249 759
529 443 958 494
529 384 958 443
249 458 310 880
249 284 412 458
479 384 529 977
479 320 958 384
479 255 1000 320
112 284 249 607
479 168 1000 255
479 76 1000 168
419 76 479 1000
112 76 419 284
112 0 1000 76
0 0 112 1000
129 992 131 999
978 854 981 881
247 485 249 858
978 585 981 854
806 858 815 1000
129 781 136 992
806 838 906 858
711 741 721 938
199 858 222 989
806 796 906 838
96 781 129 1000
224 485 247 812
806 717 906 796
96 702 199 781
667 741 711 938
774 717 806 1000
199 485 224 858
941 585 978 859
906 585 941 892
96 597 199 702
774 634 906 717
667 634 774 741
96 485 199 597
667 585 906 634
634 585 667 1000
599 585 634 1000
599 548 1000 585
599 509 1000 548
567 509 599 1000
59 485 96 919
567 469 1000 509
532 469 567 1000
269 372 312 842
491 469 532 1000
491 426 1000 469
450 426 491 1000
0 485 59 933
450 376 1000 426
450 325 1000 376
0 372 269 485
450 247 1000 325
450 161 1000 247
389 161 450 1000
313 161 389 1000
313 0 1000 161
0 0 313 372
753 576 754 943
993 495 996 802
761 836 780 885
575 800 583 949
761 757 780 836
161 985 319 998
408 901 466 938
988 495 993 993
671 706 730 762
657 706 671 1000
408 876 575 901
590 860 651 936
730 576 753 791
975 495 988 981
871 783 975 862
590 734 657 860
483 567 520 800
657 585 730 706
829 783 871 1000
761 279 780 757
730 279 761 576
782 783 829 1000
782 727 975 783
782 670 975 727
161 956 572 985
408 800 575 876
782 604 975 670
408 567 483 800
359 567 408 956
782 495 975 604
303 567 359 956
657 279 730 585
303 487 590 567
782 372 1000 495
590 279 657 734
590 101 781 279
782 201 1000 372
303 346 590 487
234 346 303 956
782 0 1000 201
234 217 590 346
161 217 234 956
91 217 161 1000
91 101 590 217
91 0 782 101
0 0 91 1000
535 633 540 944
625 836 635 1000
535 176 540 633
625 797 712 836
893 631 912 823
253 691 270 990
725 138 738 589
625 720 712 797
545 749 580 948
712 138 725 695
929 733 978 896
929 616 1000 733
625 611 712 720
762 834 863 933
762 739 893 834
929 434 1000 616
625 457 712 611
929 242 1000 434
625 299 712 457
516 176 535 915
762 631 893 739
762 542 925 631
762 443 925 542
762 342 925 443
0 728 89 914
762 242 929 342
762 169 1000 242
762 94 1000 169
742 94 762 1000
588 299 625 819
545 299 588 749
449 570 510 901
742 0 1000 94
270 323 311 953
449 176 516 570
545 138 712 299
545 0 742 138
163 691 253 998
408 176 449 890
361 176 408 820
163 323 270 691
312 176 361 999
312 0 545 176
163 0 312 323
107 0 163 1000
0 0 107 728
602 220 604 649
814 927 834 1000
895 590 981 619
444 875 468 982
414 875 444 1000
981 430 1000 669
523 867 560 993
895 528 981 590
814 886 951 927
523 732 566 867
656 607 673 967
414 807 523 875
633 607 656 950
733 886 814 1000
414 720 523 807
844 528 895 727
733 838 951 886
414 622 523 720
733 785 951 838
353 736 406 953
951 727 998 975
414 507 523 622
674 785 733 1000
523 557 596 732
844 430 981 528
795 430 844 727
795 357 1000 430
753 357 795 727
674 727 951 785
753 290 1000 357
707 290 753 727
707 220 1000 290
707 150 1000 220
707 80 1000 150
674 80 707 727
633 80 674 607
604 80 633 828
523 220 602 557
414 220 523 507
353 220 414 736
353 80 604 220
353 0 1000 80
290 0 353 1000
222 0 290 1000
119 0 222 1000
0 0 119 1000
429 997 439 1000
996 728 999 764
350 997 429 1000
996 186 999 728
983 740 996 882
385 798 416 884
411 884 447 997
668 897 709 1000
800 907 949 938
385 750 507 798
800 863 949 907
443 475 496 599
902 493 945 649
413 475 443 702
350 884 411 997
983 186 996 740
668 838 800 897
324 750 385 884
279 884 350 1000
800 806 949 863
413 381 507 475
611 838 668 1000
200 884 279 1000
611 789 800 838
413 271 507 381
611 720 800 789
562 720 611 1000
562 661 800 720
372 271 413 702
507 661 562 1000
507 583 800 661
324 271 372 750
282 271 324 884
949 186 983 983
507 476 800 583
800 493 902 806
507 350 800 476
800 186 949 493
507 186 800 350
200 271 282 884
507 72 1000 186
200 72 507 271
133 72 200 1000
133 0 1000 72
69 0 133 1000
0 0 69 1000
993 977 1000 979
988 620 991 798
864 290 916 309
836 828 848 977
631 910 761 924
607 910 631 999
900 365 953 418
568 910 607 999
855 796 886 917
993 418 1000 977
568 885 761 910
568 859 761 885
528 859 568 1000
941 817 978 973
836 469 855 828
531 290 864 313
528 826 761 859
528 753 644 826
528 720 789 753
941 620 988 817
914 620 941 999
801 207 949 290
477 720 528 1000
477 673 789 720
914 418 993 620
855 418 914 796
531 207 801 290
407 673 477 1000
407 611 789 673
789 469 836 975
343 611 407 1000
278 611 343 1000
213 611 278 1000
213 561 789 611
146 561 213 1000
146 515 789 561
146 469 789 515
146 418 855 469
80 418 146 1000
80 365 900 418
80 314 1000 365
80 207 531 314
80 150 1000 207
80 77 1000 150
80 0 1000 77
0 0 80 1000
759 583 812 590
755 469 757 803
968 646 999 695
574 730 753 739
968 584 999 646
616 975 762 992
504 975 616 998
829 412 834 943
812 710 825 934
574 712 753 730
877 640 888 934
560 712 574 975
560 686 755 712
812 412 829 710
149 901 216 982
532 686 560 975
216 889 299 998
759 412 812 583
532 635 755 686
532 581 755 635
532 525 755 581
532 469 755 525
532 412 759 469
835 640 877 951
216 708 294 889
889 604 930 972
504 412 532 975
504 360 835 412
477 360 504 1000
968 0 999 584
477 298 835 360
477 235 835 298
0 766 139 931
441 235 477 1000
352 541 416 974
441 164 835 235
835 86 888 640
352 164 441 541
0 527 144 766
299 164 352 1000
216 164 299 708
889 0 968 604
216 86 835 164
216 0 889 86
149 0 216 901
0 0 149 527
519 928 521 989
961 691 963 872
656 649 662 872
739 659 888 670
433 995 793 1000
739 646 902 659
739 632 902 646
739 617 902 632
475 928 519 989
433 928 475 995
739 599 902 617
739 579 902 599
728 579 739 928
715 579 728 928
632 649 656 882
632 579 715 649
963 735 992 947
614 579 632 928
614 556 902 579
614 524 902 556
591 524 614 928
164 916 301 990
591 491 902 524
565 491 591 928
902 691 961 907
565 452 902 491
536 452 565 928
536 409 902 452
536 363 902 409
536 315 902 363
963 235 1000 735
505 315 536 928
469 315 505 928
433 315 469 928
386 315 433 805
351 315 386 1000
164 497 221 916
902 235 963 691
301 315 351 1000
301 235 902 315
301 163 1000 235
301 82 1000 163
301 0 1000 82
164 0 301 497
85 0 164 1000
0 0 85 1000
174 999 731 1000
948 739 977 759
174 996 539 999
948 627 977 739
919 627 948 744
579 775 609 900
919 562 977 627
543 775 579 900
479 967 754 984
795 939 896 988
866 670 897 847
493 775 543 900
977 208 986 947
433 775 493 900
174 967 479 996
831 670 866 927
898 562 919 995
795 670 831 939
795 569 898 670
547 638 744 692
898 419 977 562
987 0 999 983
767 569 795 1000
767 463 898 569
767 355 898 463
433 638 547 775
767 235 898 355
433 589 767 638
898 208 977 419
898 0 987 208
370 589 433 900
370 537 767 589
311 537 370 900
242 537 311 900
242 483 767 537
174 900 603 967
767 0 898 235
242 421 767 483
174 421 242 900
174 352 767 421
174 271 767 352
174 186 767 271
174 94 767 186
174 0 767 94
116 0 174 1000
0 0 116 1000
522 534 525 800
522 185 525 534
876 454 881 712
997 306 1000 770
519 185 522 756
961 502 969 731
570 895 605 953
632 790 795 805
261 526 274 820
99 994 879 999
928 819 964 950
570 872 797 895
275 920 500 949
809 742 855 923
358 776 419 920
632 727 795 790
502 185 519 792
928 502 961 819
358 690 502 776
970 306 997 773
632 644 795 727
881 502 928 798
358 578 502 690
632 541 795 644
358 459 502 578
881 306 970 502
319 459 358 920
809 454 876 742
275 459 319 920
570 541 632 872
570 454 809 541
570 380 881 454
570 306 881 380
178 526 261 823
525 306 570 953
525 242 1000 306
275 324 502 459
275 185 502 324
99 953 886 994
178 185 275 526
525 164 1000 242
525 82 1000 164
525 0 1000 82
178 0 525 185
99 0 178 953
0 0 99 1000
716 757 723 956
716 752 1000 757
464 997 987 1000
318 794 335 900
126 682 132 995
270 552 307 616
936 956 996 997
53 832 76 944
700 752 716 956
336 774 365 896
139 601 210 655
680 752 700 956
365 255 372 846
656 752 680 956
139 552 270 601
318 413 335 794
0 832 53 986
656 728 1000 752
79 682 126 862
656 700 1000 728
139 487 312 552
656 667 1000 700
0 682 79 832
612 667 656 956
139 413 318 487
561 667 612 956
336 255 365 774
561 632 1000 667
561 596 1000 632
561 554 1000 596
464 956 936 997
561 507 1000 554
514 507 561 956
464 507 514 956
464 461 1000 507
464 413 1000 461
418 413 464 1000
418 365 1000 413
373 365 418 1000
139 255 336 413
373 303 1000 365
373 223 1000 303
0 255 139 682
373 116 1000 223
373 0 1000 116
0 0 373 255
277 502 284 622
567 671 576 881
567 659 769 671
899 249 904 779
904 841 923 1000
808 898 879 946
0 858 32 971
567 640 769 659
769 786 798 930
769 616 798 786
546 640 567 881
546 616 769 640
971 708 994 951
506 975 803 994
529 616 546 975
904 491 923 841
808 790 881 898
506 616 529 975
856 474 897 684
172 885 269 983
856 249 899 474
334 889 438 986
473 616 506 1000
473 576 808 616
473 533 808 576
473 490 808 533
334 740 436 889
334 615 473 740
334 490 473 615
971 57 1000 708
285 490 334 1000
808 249 856 790
904 57 971 491
285 433 808 490
285 375 808 433
285 314 808 375
285 249 808 314
71 575 164 958
285 188 904 249
285 123 904 188
172 502 277 885
285 57 904 123
172 57 285 502
71 57 172 575
71 0 1000 57
0 0 71 858
452 915 459 916
997 795 999 799
730 826 763 831
997 686 999 795
474 995 555 1000
962 840 999 854
774 592 941 598
452 832 465 915
997 79 999 686
774 579 941 592
469 337 474 869
774 562 941 579
762 562 774 826
762 531 941 562
330 619 359 830
330 555 427 619
697 886 773 975
762 491 941 531
452 337 469 832
301 555 330 898
762 437 962 491
301 473 452 555
730 437 762 826
730 381 962 437
698 381 730 831
698 326 962 381
698 269 962 326
698 212 962 269
667 212 698 779
638 212 667 831
301 337 452 473
602 212 638 831
602 148 962 212
474 886 697 995
474 831 935 886
962 79 997 840
560 148 602 831
517 148 560 831
474 148 517 831
301 148 474 337
301 79 962 148
242 79 301 907
183 79 242 953
183 0 1000 79
112 0 183 1000
0 0 112 1000
