890 691 911 848
157 549 345 1000
605 691 890 1000
605 427 1000 691
408 427 605 1000
408 224 1000 427
408 0 1000 224
157 0 408 549
0 0 157 1000
858 609 1000 614
731 879 831 908
815 609 858 879
815 332 866 609
731 332 815 879
487 332 731 1000
487 0 1000 332
283 0 487 1000
0 0 283 1000
855 669 1000 755
855 558 1000 669
454 805 828 954
855 0 1000 558
454 591 855 805
454 314 855 591
454 0 855 314
315 0 454 1000
0 0 315 1000
820 660 1000 766
740 660 820 971
550 660 740 971
550 484 1000 660
550 277 1000 484
550 0 1000 277
413 0 550 988
261 0 413 1000
0 0 261 1000
577 783 641 989
577 568 790 783
873 281 1000 725
790 281 873 1000
417 568 577 989
417 281 790 568
417 0 1000 281
236 0 417 1000
0 0 236 1000
864 793 1000 901
864 552 926 793
781 552 864 783
781 385 1000 552
510 632 729 943
324 632 510 1000
781 0 1000 385
324 0 781 632
0 0 324 1000
