980 941 997 972
519 514 523 791
173 425 179 870
761 926 958 941
968 763 1000 869
131 890 167 995
470 760 504 883
315 696 341 924
341 926 761 941
948 404 991 551
907 763 968 869
410 760 470 883
806 941 980 1000
811 763 907 883
0 890 131 986
863 404 948 573
252 696 315 929
534 941 806 1000
863 285 1000 404
811 674 1000 763
179 941 534 1000
0 762 167 890
687 674 811 883
772 285 863 573
410 514 519 760
341 883 978 926
772 164 1000 285
687 573 1000 674
687 164 772 573
633 164 687 883
578 164 633 883
523 164 578 883
410 164 523 514
341 164 410 883
341 84 1000 164
252 84 341 696
0 425 173 762
252 0 1000 84
179 0 252 941
0 0 179 425
985 425 988 769
219 897 266 944
365 993 686 1000
219 830 264 897
327 416 338 699
365 985 814 993
365 977 822 985
879 648 897 985
272 839 335 957
703 856 826 930
988 0 1000 886
682 743 806 840
365 950 822 977
272 699 365 839
562 856 703 950
562 743 682 856
272 416 327 699
948 425 985 879
826 648 879 996
562 666 826 743
562 588 826 666
503 588 562 950
219 416 272 830
178 416 219 957
132 416 178 963
433 588 503 950
88 416 132 1000
433 521 826 588
899 425 948 982
88 308 365 416
433 441 826 521
365 441 433 950
365 363 826 441
899 0 988 425
365 279 826 363
826 0 899 648
365 171 826 279
365 0 826 171
88 0 365 308
0 0 88 1000
888 368 891 591
292 759 305 995
793 961 881 998
222 829 248 965
992 165 1000 615
891 932 980 1000
841 812 888 945
770 661 793 982
308 896 381 1000
174 829 222 1000
254 759 292 1000
891 841 992 932
308 761 392 896
729 661 770 1000
602 843 729 974
75 829 174 1000
254 439 308 759
891 653 992 841
308 527 392 761
472 843 602 1000
841 368 888 812
891 442 992 653
308 255 392 527
472 753 729 843
472 661 729 753
472 577 793 661
891 165 992 442
75 667 248 829
793 368 841 961
472 480 793 577
75 439 254 667
392 480 472 1000
75 255 308 439
392 368 793 480
392 277 891 368
392 165 891 277
392 69 1000 165
75 69 392 255
75 0 1000 69
0 0 75 1000
925 808 928 937
739 952 753 1000
896 808 925 852
541 772 548 964
462 922 492 995
541 679 565 772
968 743 1000 889
689 436 700 952
343 882 401 1000
636 742 689 872
565 783 636 896
896 537 926 808
343 769 416 882
928 743 968 1000
739 864 896 952
928 539 1000 743
739 766 896 864
928 318 1000 539
636 436 689 742
739 653 896 766
739 537 896 653
462 679 541 922
739 422 928 537
701 422 739 1000
701 318 928 422
565 436 636 783
462 436 565 679
462 318 701 436
416 318 462 1000
343 318 416 769
343 266 1000 318
343 207 1000 266
286 207 343 1000
228 207 286 1000
168 207 228 1000
168 147 1000 207
168 76 1000 147
101 76 168 1000
101 0 1000 76
0 0 101 1000
740 809 772 812
956 802 981 807
896 788 993 795
740 802 956 809
946 620 1000 668
896 757 999 788
600 969 909 982
872 620 924 705
851 913 946 969
896 705 1000 757
946 471 984 620
872 524 946 620
946 329 1000 471
361 982 818 999
805 524 872 662
746 524 805 705
851 812 982 913
740 705 896 802
739 812 851 969
634 524 746 705
600 812 739 969
634 453 946 524
468 812 600 982
537 453 634 705
537 390 946 453
445 390 537 705
468 705 740 812
361 705 468 982
347 390 445 705
251 705 361 1000
347 329 946 390
347 272 1000 329
251 272 347 705
251 215 1000 272
194 215 251 1000
194 155 1000 215
194 90 1000 155
127 90 194 1000
127 0 1000 90
0 0 127 1000
822 933 842 992
991 186 999 419
754 933 822 992
947 761 991 904
419 906 525 966
148 870 203 1000
565 892 696 947
754 848 852 933
419 821 525 906
148 753 231 870
565 814 696 892
754 742 852 848
898 761 947 984
148 609 231 753
344 821 419 1000
898 590 991 761
754 580 852 742
344 726 525 821
852 590 898 1000
703 580 754 1000
344 601 525 726
565 641 696 814
565 466 703 641
852 411 991 590
703 410 852 580
565 282 703 466
344 443 525 601
525 282 565 1000
344 282 525 443
852 186 991 411
703 186 852 410
344 186 703 282
290 186 344 1000
290 122 1000 186
237 122 290 1000
237 61 1000 122
237 0 1000 61
148 0 237 609
85 0 148 1000
0 0 85 1000
922 630 925 850
978 859 985 962
919 630 922 897
602 674 633 728
601 804 636 855
978 778 1000 859
602 597 636 674
822 929 860 1000
499 685 575 752
749 908 822 982
436 755 551 804
464 943 567 1000
602 402 636 597
749 807 822 908
499 611 602 685
925 778 978 1000
501 804 601 943
149 943 464 1000
925 533 1000 778
366 804 501 943
925 282 1000 533
499 402 602 611
436 402 499 755
436 263 636 402
822 630 919 929
381 263 436 804
149 804 366 943
324 263 381 804
263 263 324 804
822 282 925 630
749 282 822 807
693 282 749 1000
636 282 693 1000
636 155 1000 282
636 0 1000 155
149 263 263 804
149 134 636 263
149 0 636 134
82 0 149 1000
0 0 82 1000
839 889 853 925
877 968 897 997
119 884 138 981
76 884 119 1000
877 925 1000 968
139 768 181 915
905 670 1000 736
652 634 713 752
378 970 637 1000
0 884 76 1000
818 670 905 773
839 828 990 889
725 925 877 998
136 455 181 766
548 634 652 773
688 828 839 925
290 752 355 979
818 586 1000 670
378 925 725 970
733 586 818 773
548 542 721 634
0 768 139 884
462 542 548 773
733 509 1000 586
462 462 733 542
733 420 1000 509
181 752 290 986
462 352 733 462
733 309 1000 420
378 828 688 925
378 773 1000 828
462 225 733 352
733 176 1000 309
0 455 136 768
733 0 1000 176
462 0 733 225
378 0 462 773
181 386 378 752
181 0 378 386
0 0 181 455
578 188 580 427
680 893 708 1000
918 905 994 959
868 905 918 1000
250 828 280 995
680 791 739 893
423 690 463 848
250 618 284 828
771 856 868 952
386 596 416 909
564 188 578 931
868 820 994 905
423 400 463 690
868 721 994 820
771 721 868 856
547 188 564 959
771 661 994 721
347 596 386 955
771 596 994 661
771 529 994 596
771 458 1000 529
739 458 771 1000
739 381 1000 458
284 596 347 969
680 381 739 791
284 400 423 596
171 618 250 982
680 285 1000 381
506 188 547 931
463 188 506 998
630 285 680 1000
284 188 463 400
630 179 1000 285
580 179 630 1000
580 66 1000 179
171 188 284 618
171 66 580 188
108 66 171 1000
108 0 1000 66
0 0 108 1000
567 962 580 971
580 992 897 996
385 749 400 948
479 962 567 1000
521 680 580 738
714 785 736 949
936 898 1000 955
94 732 113 961
736 875 807 939
869 898 936 976
580 976 911 992
521 556 580 680
479 874 580 962
338 749 385 949
869 823 1000 898
400 874 479 1000
53 732 94 998
521 357 580 556
647 785 714 970
0 732 53 1000
736 655 807 875
273 749 338 1000
647 593 736 785
869 680 1000 823
400 746 580 874
869 489 1000 680
809 489 869 976
809 332 1000 489
809 167 1000 332
736 167 809 655
647 167 736 593
400 357 521 746
273 357 400 749
580 167 647 976
273 167 580 357
196 167 273 1000
113 167 196 1000
113 84 1000 167
113 0 1000 84
0 0 113 732
263 913 273 1000
0 980 150 993
561 908 634 947
144 752 166 888
561 864 634 908
928 840 1000 914
887 840 928 983
806 768 838 991
763 768 806 937
263 789 336 913
144 605 211 752
242 411 261 938
887 748 1000 840
714 768 763 1000
841 748 887 1000
841 675 1000 748
714 675 841 768
675 675 714 1000
675 629 1000 675
0 888 163 980
634 629 675 1000
211 411 242 917
634 583 1000 629
634 519 1000 583
561 519 634 864
561 439 1000 519
561 356 1000 439
561 273 1000 356
561 180 1000 273
0 605 144 888
0 411 211 605
263 220 336 789
509 180 561 1000
451 180 509 1000
451 91 1000 180
451 0 1000 91
0 220 263 411
399 0 451 1000
337 0 399 1000
0 0 337 220
998 597 1000 844
995 597 998 788
358 938 399 994
933 914 974 1000
430 904 483 974
747 955 850 1000
886 828 933 928
252 856 311 942
831 804 884 900
430 819 491 904
795 804 831 955
430 728 491 819
747 804 795 955
747 747 886 804
401 728 430 1000
747 689 886 747
966 597 995 898
358 728 401 938
933 597 966 914
886 597 933 828
358 632 491 728
747 597 886 689
311 632 358 911
252 632 311 856
252 576 491 632
252 519 491 576
712 597 747 1000
491 845 591 994
651 597 712 1000
651 522 1000 597
651 444 1000 522
651 348 1000 444
594 348 651 1000
491 348 594 845
491 239 1000 348
491 120 1000 239
252 120 491 519
142 120 252 1000
142 0 1000 120
0 0 142 1000
742 998 887 1000
517 998 742 1000
450 876 459 1000
894 566 913 647
741 844 963 851
223 935 252 996
579 844 741 855
765 986 994 998
417 876 450 1000
223 900 354 935
894 520 1000 566
854 520 894 647
839 762 906 841
354 876 417 1000
143 900 223 1000
839 707 1000 762
854 454 1000 520
764 707 839 844
354 800 517 876
784 454 854 647
354 717 517 800
764 647 1000 707
784 382 1000 454
354 606 517 717
714 382 784 647
638 382 714 647
638 319 1000 382
638 254 1000 319
638 187 1000 254
765 859 985 986
638 105 1000 187
517 859 765 998
579 647 764 844
638 0 1000 105
579 0 638 647
517 0 579 859
143 500 354 900
354 0 517 606
143 0 354 500
0 0 143 1000
996 651 998 701
629 962 688 975
719 817 747 858
809 867 846 972
247 885 290 984
629 884 688 962
747 583 767 841
688 817 719 983
183 885 247 1000
899 856 973 1000
429 860 533 964
413 739 533 834
183 777 294 885
413 635 533 739
127 777 183 1000
413 529 533 635
127 700 294 777
373 529 413 860
688 583 747 817
127 608 294 700
373 421 533 529
629 583 688 884
294 860 429 999
899 651 996 856
899 426 1000 651
629 417 767 583
856 426 899 1000
586 417 629 997
856 229 1000 426
809 229 856 867
767 229 809 1000
586 229 767 417
294 421 373 860
533 229 586 1000
294 229 533 421
294 163 1000 229
294 89 1000 163
294 0 1000 89
127 0 294 608
0 0 127 1000
835 585 838 592
888 913 1000 919
285 783 308 871
591 961 661 992
758 986 985 1000
591 940 758 961
827 913 888 986
827 886 1000 913
827 857 1000 886
827 821 1000 857
827 780 1000 821
377 338 391 931
907 446 973 577
591 884 758 940
835 446 907 585
827 715 1000 780
310 770 377 938
827 649 1000 715
793 649 827 986
758 649 793 986
758 592 1000 649
203 783 285 956
835 335 998 446
591 769 758 884
758 335 835 592
672 488 752 757
591 488 672 769
591 335 758 488
591 269 1000 335
310 338 377 770
591 191 1000 269
591 88 1000 191
203 338 310 783
114 338 203 912
528 88 591 1000
462 88 528 1000
395 88 462 1000
114 88 395 338
114 0 1000 88
0 0 114 1000
339 795 463 797
920 613 1000 631
442 984 861 988
898 613 920 710
636 910 907 918
442 977 778 984
919 839 999 880
863 839 919 906
339 782 718 795
848 710 918 798
821 613 898 710
821 570 1000 613
766 570 821 710
766 532 1000 570
766 492 1000 532
722 492 766 710
722 457 1000 492
722 412 1000 457
442 940 845 977
636 839 863 910
658 412 722 710
442 839 636 940
442 798 1000 839
577 412 658 710
315 798 442 1000
577 349 1000 412
179 798 315 1000
577 282 1000 349
504 282 577 710
504 211 1000 282
339 710 848 782
430 211 504 710
339 211 430 710
259 211 339 798
179 211 259 798
179 149 1000 211
117 149 179 1000
117 87 1000 149
117 0 1000 87
0 0 117 1000
844 893 951 901
530 422 532 891
874 923 901 1000
359 942 420 983
747 893 844 923
989 582 1000 848
250 940 306 1000
227 770 250 980
808 923 874 1000
951 826 988 996
517 422 530 955
849 784 914 893
951 627 989 826
426 818 497 961
666 923 808 1000
747 784 849 893
497 422 517 979
666 784 747 923
666 725 922 784
250 749 332 940
603 725 666 1000
532 725 603 1000
532 676 951 725
532 627 951 676
532 582 989 627
137 770 227 999
532 535 976 582
532 486 1000 535
426 422 497 818
532 422 1000 486
359 422 426 942
532 344 1000 422
532 256 1000 344
532 161 1000 256
359 161 532 422
359 84 1000 161
359 0 1000 84
250 0 359 749
137 0 250 770
0 0 137 1000
233 999 364 1000
0 985 127 994
879 906 896 984
973 853 1000 996
100 830 149 919
0 952 139 985
973 679 1000 853
338 938 425 999
944 686 973 886
944 484 973 686
795 906 879 985
973 376 1000 679
100 603 149 830
338 862 487 938
795 791 896 906
233 862 338 999
896 625 943 954
233 800 487 862
149 800 233 1000
795 625 896 791
149 743 487 800
795 484 944 625
149 671 487 743
747 484 795 1000
149 595 487 671
692 484 747 1000
149 506 487 595
692 376 973 484
149 407 487 506
0 603 100 952
634 376 692 1000
149 295 487 407
634 251 1000 376
149 143 487 295
563 251 634 1000
487 251 563 1000
487 133 1000 251
487 0 1000 133
0 143 149 603
0 0 487 143
384 959 487 960
651 933 680 950
827 748 850 832
223 910 250 999
680 926 747 969
607 933 651 1000
270 667 288 832
175 910 223 1000
680 859 751 926
497 872 540 985
607 857 680 933
107 910 175 1000
899 841 962 997
680 711 751 859
607 704 680 857
899 716 1000 841
852 716 899 997
852 617 1000 716
751 748 827 941
852 516 1000 617
751 575 839 748
852 410 1000 516
751 410 852 575
347 389 384 858
384 759 487 959
680 410 751 711
607 410 680 704
607 353 1000 410
568 353 607 1000
568 286 1000 353
288 389 347 951
568 206 1000 286
107 667 270 910
497 206 568 872
107 389 288 667
497 101 1000 206
384 101 497 759
107 101 384 389
107 0 1000 101
0 0 107 1000
310 621 312 675
591 983 740 984
992 487 997 534
717 689 726 852
751 986 882 999
706 689 717 852
591 966 740 983
892 774 912 916
992 128 1000 487
802 959 936 982
802 926 950 959
655 852 699 966
950 735 1000 859
892 656 950 774
892 537 950 656
184 872 255 987
655 689 706 852
184 768 281 872
281 621 310 982
184 621 281 768
849 537 892 916
591 689 655 966
802 537 849 926
133 621 184 988
530 689 591 1000
464 689 530 1000
464 612 751 689
751 537 802 986
950 128 992 735
751 392 950 537
384 612 464 1000
384 519 751 612
384 410 751 519
312 410 384 1000
312 304 751 410
751 128 950 392
312 128 751 304
133 128 312 621
133 0 1000 128
0 0 133 1000
