816 797 821 1000
785 797 816 1000
785 767 1000 797
747 767 785 1000
693 767 747 1000
693 725 1000 767
693 639 1000 725
693 531 1000 639
605 531 693 1000
605 395 1000 531
605 186 1000 395
497 186 605 1000
346 186 497 842
346 0 1000 186
0 0 346 1000
592 433 651 522
409 629 828 648
674 732 715 1000
603 732 674 1000
592 372 928 433
603 649 1000 732
490 649 603 1000
370 649 490 1000
409 372 592 629
409 260 1000 372
172 649 370 1000
172 260 409 649
172 135 1000 260
172 0 1000 135
0 0 172 1000
955 266 998 288
667 857 683 1000
495 667 667 738
903 266 955 645
431 667 495 1000
851 266 903 685
431 416 667 667
750 266 851 857
320 416 431 1000
750 0 1000 266
320 218 667 416
667 0 750 857
320 0 667 218
186 0 320 1000
0 0 186 1000
684 626 922 635
659 626 684 1000
659 571 922 626
530 385 780 456
821 228 994 337
659 461 1000 571
530 228 821 385
572 461 659 1000
461 461 572 1000
345 461 461 1000
204 461 345 1000
204 228 530 461
204 129 1000 228
204 0 1000 129
0 0 204 1000
827 463 868 943
959 0 996 708
653 365 773 595
773 463 827 1000
414 716 647 841
414 549 653 716
773 240 959 463
414 365 653 549
414 240 773 365
341 240 414 1000
341 142 959 240
250 142 341 1000
250 0 959 142
135 0 250 1000
0 0 135 1000
899 559 922 898
606 624 653 1000
606 559 899 624
549 559 606 1000
482 559 549 1000
482 497 1000 559
482 416 1000 497
401 416 482 1000
401 336 1000 416
401 253 1000 336
401 163 1000 253
304 163 401 1000
201 163 304 1000
201 0 1000 163
0 0 201 1000
668 873 906 892
180 725 204 966
140 725 180 982
564 873 668 1000
906 788 979 999
307 873 564 1000
0 725 140 982
0 565 307 725
307 788 906 873
307 709 965 788
307 589 1000 709
307 396 896 589
307 200 1000 396
307 0 1000 200
0 0 307 565
836 995 882 998
453 729 459 1000
836 882 853 995
919 809 980 912
620 595 664 1000
453 595 620 729
453 532 836 595
919 283 990 809
836 283 919 882
453 283 836 532
298 283 453 1000
140 283 298 1000
140 146 1000 283
140 0 1000 146
0 0 140 1000
993 573 994 844
982 573 993 660
881 573 982 614
738 859 876 1000
881 266 993 573
458 859 738 1000
564 605 881 766
564 436 881 605
564 266 881 436
217 467 390 790
458 266 564 859
458 117 1000 266
217 117 458 467
217 0 1000 117
0 0 217 1000
861 583 1000 603
947 201 978 339
947 0 1000 201
904 0 947 259
370 929 546 996
827 583 861 1000
827 476 1000 583
827 359 1000 476
772 359 827 1000
578 442 662 909
772 0 904 359
677 0 772 1000
370 442 578 929
370 0 677 442
0 0 370 1000
466 584 467 841
466 494 495 584
499 942 750 957
405 494 466 771
883 554 1000 848
883 155 1000 554
499 745 745 942
499 608 883 745
499 455 883 608
499 279 883 455
182 494 405 798
182 279 499 494
182 155 883 279
182 0 1000 155
0 0 182 1000
676 714 679 881
673 714 676 953
889 557 1000 569
667 714 673 1000
667 647 830 714
862 557 889 966
830 557 862 1000
667 557 830 647
667 512 1000 557
569 512 667 1000
467 512 569 1000
467 341 1000 512
292 341 467 1000
292 0 1000 341
0 0 292 1000
644 865 885 898
644 828 940 865
126 730 257 860
475 828 644 1000
875 535 985 806
687 535 875 828
475 535 687 828
475 416 1000 535
475 276 1000 416
367 276 475 1000
367 139 1000 276
367 0 1000 139
275 0 367 1000
126 0 275 730
0 0 126 1000
