697 718 713 1000
196 863 439 904
697 680 1000 718
196 766 321 863
285 311 544 385
635 680 697 1000
232 311 285 699
196 699 531 766
113 699 196 1000
544 680 635 1000
232 212 544 311
544 608 1000 680
544 517 1000 608
544 425 1000 517
544 328 1000 425
544 221 1000 328
544 111 1000 221
544 0 1000 111
113 212 232 699
113 0 544 212
0 0 113 960
684 601 687 854
841 576 1000 584
841 558 1000 576
589 802 668 852
668 601 684 882
465 697 508 851
179 721 216 919
690 530 716 941
403 697 465 878
589 601 668 802
841 455 1000 558
0 721 179 938
233 941 919 1000
841 195 1000 455
690 195 841 530
690 0 1000 195
589 0 690 601
516 0 589 902
403 0 516 697
233 0 403 941
0 0 233 721
506 983 571 1000
506 978 977 983
712 674 723 978
419 662 440 903
419 469 448 662
692 674 712 978
692 652 1000 674
669 652 692 978
288 469 419 579
615 652 669 978
615 576 1000 652
222 469 288 912
615 486 1000 576
615 379 1000 486
222 313 503 469
133 313 222 933
506 379 615 978
506 228 1000 379
506 0 1000 228
133 0 506 313
0 0 133 1000
561 404 566 685
556 404 561 769
383 623 556 634
833 862 936 881
871 489 880 802
383 588 556 623
833 489 871 862
833 403 1000 489
797 403 833 887
148 887 428 954
797 259 1000 403
383 404 556 588
726 259 797 887
654 259 726 887
654 100 1000 259
582 100 654 887
383 100 582 404
306 100 383 887
306 0 1000 100
148 0 306 887
0 0 148 1000
585 621 980 624
265 702 290 985
561 621 585 938
561 593 980 621
561 563 980 593
561 532 994 563
561 501 1000 532
265 546 368 702
528 501 561 1000
265 414 456 546
528 447 1000 501
54 414 265 560
0 414 54 1000
467 447 528 1000
0 324 467 414
467 354 1000 447
0 207 467 324
467 247 1000 354
467 130 1000 247
467 0 1000 130
0 0 467 207
982 379 984 717
982 0 985 379
570 825 719 864
719 644 742 902
875 293 924 570
743 726 982 822
570 644 719 825
480 644 570 1000
480 521 743 644
480 395 743 521
419 395 480 965
419 258 743 395
318 258 419 738
318 132 743 258
743 293 875 726
249 132 318 1000
176 132 249 1000
100 132 176 1000
743 0 982 293
100 0 743 132
0 0 100 1000
562 429 798 457
562 397 798 429
985 0 998 649
562 358 798 397
113 461 264 529
966 0 985 636
306 311 329 858
113 391 306 461
113 311 306 391
947 0 966 980
834 337 866 984
798 337 834 996
76 311 113 1000
510 358 562 849
510 185 798 358
798 0 947 337
0 311 76 1000
428 185 510 876
331 185 428 924
331 0 798 185
0 0 331 311
393 576 997 578
385 482 954 484
385 479 971 482
393 570 997 576
384 570 393 1000
617 393 898 420
384 555 997 570
617 352 865 393
384 537 1000 555
354 537 384 1000
320 537 354 1000
270 537 320 1000
385 352 617 479
708 125 919 278
539 125 708 322
385 125 539 352
270 484 984 537
121 484 270 1000
121 125 385 484
121 0 1000 125
0 0 121 1000
370 407 588 410
401 602 410 1000
389 602 401 1000
389 592 1000 602
370 388 867 407
498 524 700 583
636 411 829 476
498 411 636 524
605 291 964 344
389 411 498 592
353 411 389 1000
370 291 605 388
701 188 982 274
306 411 353 1000
370 188 701 291
241 411 306 1000
167 411 241 1000
167 188 370 411
167 123 1000 188
167 0 1000 123
0 0 167 1000
990 262 997 742
273 421 404 461
881 482 922 675
774 482 881 569
973 262 990 881
273 373 543 421
774 366 947 482
774 262 973 366
774 161 1000 262
236 373 273 1000
744 161 774 982
196 373 236 1000
713 161 744 1000
154 373 196 1000
676 161 713 994
154 292 543 373
623 161 676 1000
543 161 623 1000
543 0 1000 161
154 0 543 292
0 0 154 1000
701 815 708 964
737 758 753 957
805 700 824 893
564 815 701 873
564 758 737 815
564 709 805 758
872 427 1000 524
564 607 805 709
872 224 1000 427
564 495 805 607
564 373 805 495
805 224 872 700
564 224 805 373
514 224 564 1000
514 137 1000 224
461 137 514 1000
378 137 461 887
293 137 378 1000
177 137 293 1000
177 0 1000 137
0 0 177 1000
372 964 745 967
531 371 824 380
871 638 908 723
531 359 824 371
510 359 531 921
487 359 510 921
871 247 908 638
456 359 487 921
372 921 791 964
456 308 871 359
414 308 456 921
372 308 414 921
372 247 871 308
319 247 372 1000
259 247 319 1000
259 165 1000 247
181 165 259 1000
181 84 1000 165
181 0 1000 84
78 0 181 752
0 0 78 1000
401 467 407 970
177 702 193 953
278 403 291 727
237 759 257 1000
580 399 589 1000
558 399 580 1000
237 403 278 759
558 365 1000 399
401 365 558 467
110 702 177 980
401 331 1000 365
369 331 401 1000
369 290 1000 331
369 236 1000 290
110 403 237 702
369 169 1000 236
369 101 1000 169
369 0 1000 101
303 0 369 1000
110 0 303 403
0 0 110 1000
347 467 988 468
378 900 841 907
378 661 392 900
547 450 940 461
479 311 880 330
547 427 956 450
547 384 772 427
378 641 1000 661
333 641 378 1000
347 384 547 467
282 641 333 1000
227 641 282 1000
227 384 347 641
169 384 227 1000
479 204 827 311
169 330 1000 384
479 103 924 204
95 330 169 1000
95 103 479 330
95 0 1000 103
0 0 95 1000
995 476 998 987
303 888 350 965
417 502 647 519
110 816 254 887
703 540 966 587
966 476 995 895
417 432 647 502
703 476 966 540
364 432 417 1000
703 371 1000 476
364 308 647 432
647 371 703 1000
647 270 1000 371
647 164 1000 270
364 164 647 308
364 93 1000 164
303 93 364 888
110 485 263 816
303 0 1000 93
110 0 303 485
0 0 110 1000
664 530 1000 552
641 530 664 865
641 503 1000 530
641 475 1000 503
361 408 492 499
641 441 1000 475
641 404 1000 441
552 865 971 904
641 348 1000 404
641 291 1000 348
603 291 641 865
603 234 1000 291
552 234 603 865
361 234 552 408
306 234 361 1000
306 162 1000 234
242 162 306 1000
242 89 1000 162
242 0 1000 89
137 0 242 1000
0 0 137 1000
994 132 999 969
600 446 823 471
905 639 923 950
512 572 532 993
445 572 512 722
965 132 994 542
574 446 600 953
574 390 823 446
936 132 965 607
905 132 936 639
546 390 574 953
546 327 823 390
445 327 546 572
844 132 905 545
445 255 844 327
381 255 445 1000
381 132 844 255
381 0 1000 132
244 0 381 820
124 0 244 1000
0 0 124 1000
893 375 896 1000
628 691 643 890
893 341 1000 375
237 570 274 866
195 570 237 953
628 890 867 959
520 691 628 890
384 890 628 999
384 691 520 890
384 613 893 691
384 525 893 613
384 433 893 525
384 341 893 433
308 341 384 1000
308 267 1000 341
308 182 1000 267
308 93 1000 182
308 0 1000 93
195 0 308 570
120 0 195 1000
0 0 120 1000
276 719 299 738
370 489 377 660
317 489 370 547
276 489 317 719
502 780 725 826
502 726 725 780
0 842 99 1000
276 333 379 489
502 645 725 726
823 689 990 850
725 689 823 1000
502 491 725 645
203 333 276 828
725 540 1000 689
725 366 1000 540
725 158 1000 366
502 158 725 491
502 0 1000 158
0 333 203 842
389 0 502 1000
0 0 389 333
