994 214 997 253
644 947 755 981
915 214 994 285
734 807 880 850
862 706 1000 762
129 981 865 992
826 214 915 329
791 850 1000 900
826 148 1000 214
734 706 862 807
644 850 791 947
742 148 826 329
734 639 1000 706
466 850 644 981
571 148 742 329
734 517 1000 639
625 517 734 850
625 418 1000 517
523 418 625 850
129 850 466 981
401 418 523 850
401 329 1000 418
268 329 401 850
129 329 268 850
129 148 571 329
129 0 1000 148
0 0 129 1000
990 721 993 957
961 950 984 983
868 841 876 1000
961 721 990 950
961 538 1000 721
126 932 298 1000
255 623 403 713
183 806 292 932
774 841 868 1000
668 841 774 1000
255 469 403 623
668 760 961 841
668 677 961 760
183 469 255 806
126 469 183 932
126 366 403 469
668 538 961 677
575 538 668 1000
575 435 1000 538
486 435 575 1000
486 328 1000 435
403 328 486 1000
403 225 1000 328
403 113 1000 225
126 113 403 366
126 0 1000 113
0 0 126 1000
674 769 967 778
674 754 967 769
656 754 674 1000
656 737 967 754
967 632 998 848
228 737 289 857
656 708 967 737
656 671 967 708
656 632 967 671
656 589 1000 632
317 465 348 968
615 589 656 1000
615 545 1000 589
575 545 615 1000
575 490 1000 545
228 465 317 737
512 490 575 1000
145 465 228 891
512 409 1000 490
440 409 512 1000
440 327 1000 409
356 327 440 1000
356 233 1000 327
356 138 1000 233
356 0 1000 138
145 0 356 465
0 0 145 1000
0 959 109 963
194 593 198 886
127 875 178 982
681 941 850 1000
0 847 109 959
0 648 70 847
868 708 946 919
795 708 868 941
127 593 194 875
127 410 239 593
681 708 795 941
681 624 1000 708
0 410 127 648
681 526 1000 624
613 526 681 1000
544 526 613 1000
475 526 544 1000
475 463 1000 526
475 400 1000 463
475 327 1000 400
417 327 475 1000
335 327 417 1000
335 229 1000 327
335 118 1000 229
335 0 1000 118
239 0 335 1000
0 0 239 410
994 370 999 589
818 873 856 977
331 977 869 988
276 709 331 820
757 873 818 977
973 370 994 869
757 808 920 873
276 495 331 709
137 869 229 1000
757 729 920 808
704 729 757 977
650 729 704 977
557 729 650 977
920 370 973 897
557 649 920 729
557 567 920 649
557 464 920 567
477 464 557 977
477 370 920 464
404 370 477 977
331 370 404 977
137 495 276 869
331 286 1000 370
331 200 1000 286
0 495 137 959
331 0 1000 200
0 0 331 495
972 744 979 867
440 714 509 736
972 372 979 744
827 816 949 856
949 372 972 695
774 816 827 1000
949 165 1000 372
636 177 656 790
774 741 949 816
710 741 774 1000
313 714 440 894
313 588 509 714
710 635 949 741
237 588 313 1000
710 502 949 635
156 588 237 1000
710 344 949 502
156 481 509 588
81 481 156 1000
710 165 949 344
81 378 509 481
710 0 1000 165
0 378 81 1000
659 0 710 1000
509 177 636 907
0 177 509 378
0 0 659 177
981 699 992 942
506 563 531 754
506 477 576 563
761 819 864 910
892 842 968 999
892 699 981 842
506 265 576 477
761 699 892 819
475 265 506 854
761 618 1000 699
444 265 475 896
761 528 1000 618
761 437 1000 528
718 437 761 1000
718 347 1000 437
313 525 380 921
718 230 1000 347
313 265 444 525
669 230 718 1000
669 116 1000 230
669 0 1000 116
627 0 669 1000
576 0 627 1000
313 0 576 265
222 0 313 1000
122 0 222 1000
0 0 122 1000
463 998 826 1000
461 372 463 789
558 969 695 986
463 969 558 998
463 956 715 969
234 766 402 834
660 786 957 833
660 713 873 786
234 670 402 766
660 665 1000 713
402 372 461 652
463 912 872 956
234 531 402 670
660 594 1000 665
173 531 234 1000
660 509 1000 594
109 531 173 1000
463 839 911 912
660 402 1000 509
660 290 1000 402
660 178 1000 290
596 178 660 839
109 372 402 531
0 372 109 1000
596 0 1000 178
463 0 596 839
0 0 463 372
951 862 980 941
733 393 816 422
989 434 996 817
621 393 733 434
900 862 951 991
698 835 823 890
736 596 797 734
629 835 698 966
540 835 629 986
664 596 736 787
621 322 821 393
601 596 664 835
531 596 601 835
531 524 823 596
900 434 989 862
900 0 1000 434
383 524 531 835
216 835 540 986
216 524 383 835
216 435 823 524
113 435 216 1000
0 435 113 1000
0 322 621 435
0 235 823 322
0 145 823 235
823 0 900 991
0 0 823 145
977 805 979 822
979 377 1000 407
977 377 979 805
789 924 830 971
916 714 977 763
684 924 789 971
334 902 437 956
538 468 561 727
334 821 443 902
863 714 916 901
863 579 977 714
784 579 863 789
186 971 778 1000
784 481 977 579
784 377 977 481
736 377 784 924
684 377 736 924
465 468 538 900
684 266 1000 377
684 149 1000 266
334 468 465 821
625 149 684 971
561 149 625 971
334 149 561 468
334 0 1000 149
186 0 334 971
0 0 186 1000
976 758 993 924
363 479 371 936
923 873 964 970
676 827 753 906
923 758 976 873
880 758 923 975
611 827 676 1000
334 479 363 875
273 734 334 949
273 479 334 734
611 758 880 827
611 705 1000 758
611 638 1000 705
538 638 611 1000
219 479 273 988
538 578 1000 638
160 479 219 955
538 508 1000 578
469 508 538 1000
469 433 1000 508
371 433 469 1000
371 331 1000 433
371 227 1000 331
371 116 1000 227
160 116 371 479
160 0 1000 116
0 0 160 1000
564 822 605 922
781 797 882 839
355 895 402 1000
611 631 629 984
973 0 984 807
648 964 995 992
611 298 648 631
920 516 970 787
648 907 1000 964
355 795 564 895
564 298 611 822
781 538 884 797
355 665 564 795
920 0 973 516
781 329 920 538
267 665 355 1000
267 562 564 665
267 440 564 562
781 0 920 329
181 440 267 1000
714 0 781 765
181 298 564 440
648 0 714 907
181 152 648 298
181 0 648 152
107 0 181 1000
0 0 107 1000
780 578 785 735
975 826 998 976
622 957 746 998
622 938 925 957
780 545 1000 578
622 901 818 938
186 704 341 759
731 545 780 738
622 870 935 901
186 612 341 704
512 870 622 1000
186 513 341 612
186 407 341 513
626 738 850 817
626 545 731 738
512 826 975 870
148 407 186 1000
512 545 626 826
419 545 512 1000
419 448 1000 545
419 339 1000 448
419 230 1000 339
419 113 1000 230
341 113 419 1000
341 0 1000 113
148 0 341 407
0 0 148 1000
810 684 822 701
588 979 725 990
325 995 670 1000
325 990 946 995
523 684 810 701
787 545 960 584
588 920 707 979
588 900 1000 920
702 545 787 684
613 545 702 684
523 545 613 684
588 853 901 900
413 818 948 849
523 508 1000 545
692 717 925 809
413 717 692 818
523 448 1000 508
413 448 523 717
413 396 1000 448
325 853 588 990
325 396 413 853
255 396 325 1000
164 396 255 1000
164 304 1000 396
164 184 1000 304
164 0 1000 184
0 0 164 1000
907 708 1000 716
640 963 671 1000
758 670 777 773
258 866 317 915
818 665 907 713
907 655 1000 708
907 596 1000 655
258 735 303 866
818 596 907 665
691 670 758 866
205 735 258 998
640 670 691 963
818 490 1000 596
777 490 818 1000
640 490 777 670
589 490 640 1000
589 412 1000 490
498 412 589 1000
498 294 1000 412
409 294 498 990
318 294 409 1000
318 199 1000 294
318 102 1000 199
318 0 1000 102
205 0 318 735
107 0 205 1000
0 0 107 1000
846 993 856 1000
979 550 990 773
846 914 888 993
807 914 846 1000
711 850 735 1000
711 792 807 850
413 953 566 994
577 583 640 764
711 666 807 792
539 583 577 932
539 450 640 583
872 550 979 695
807 798 944 914
338 649 405 926
711 457 807 666
872 382 1000 550
256 649 338 1000
872 145 1000 382
640 457 711 1000
807 145 872 798
640 145 807 457
413 450 539 953
413 145 640 450
256 145 413 649
144 145 256 1000
144 0 1000 145
0 0 144 1000
305 929 344 990
709 941 821 972
821 917 863 1000
378 585 600 602
969 640 1000 853
402 879 471 990
764 730 821 927
503 941 709 1000
821 742 910 917
910 643 957 980
402 707 503 879
969 0 1000 640
667 730 764 941
305 707 402 929
503 730 667 941
910 0 969 643
503 607 821 730
151 707 305 990
0 707 151 1000
0 607 503 707
378 458 796 585
0 458 378 607
821 0 910 742
0 370 821 458
0 274 821 370
0 137 821 274
0 0 821 137
834 291 837 583
899 882 1000 899
607 945 783 958
899 833 1000 882
409 668 472 793
768 506 834 644
840 833 899 1000
607 881 804 945
221 937 465 998
551 463 607 792
840 704 1000 833
607 783 834 881
840 554 1000 704
840 394 1000 554
840 210 1000 394
840 0 1000 210
472 463 551 984
607 506 768 783
607 291 834 506
221 668 409 937
221 463 472 668
221 321 607 463
221 172 607 321
146 172 221 1000
607 0 840 291
146 0 607 172
0 0 146 1000
840 808 847 1000
211 611 216 876
207 611 211 990
235 638 321 665
235 603 321 638
840 768 1000 808
795 768 840 1000
98 826 178 993
235 422 321 603
708 768 795 1000
708 698 1000 768
98 611 207 826
628 698 708 1000
98 422 235 611
628 627 1000 698
628 555 1000 627
628 453 1000 555
628 342 1000 453
628 230 1000 342
545 230 628 811
481 230 545 1000
481 130 1000 230
409 130 481 1000
409 0 1000 130
321 0 409 1000
98 0 321 422
0 0 98 1000
51 767 103 894
673 612 764 691
868 862 993 929
615 612 673 776
0 767 51 958
686 776 752 957
618 776 686 957
764 862 868 1000
245 957 642 994
764 761 993 862
455 776 618 957
615 397 764 612
528 397 615 776
764 617 993 761
434 397 528 776
764 456 1000 617
245 776 455 957
434 242 764 397
764 235 1000 456
336 242 434 776
764 0 1000 235
336 103 764 242
245 103 336 776
174 103 245 1000
103 103 174 1000
103 0 764 103
0 0 103 767
579 752 595 951
851 759 872 929
691 751 798 811
691 688 804 751
804 759 851 929
579 463 610 752
691 579 804 688
804 686 1000 759
550 463 579 1000
804 602 1000 686
804 486 1000 602
804 370 1000 486
691 370 804 579
691 288 1000 370
471 463 550 808
644 288 691 929
471 288 644 463
471 227 1000 288
426 227 471 1000
373 227 426 894
373 167 1000 227
373 91 1000 167
373 0 1000 91
305 0 373 1000
228 0 305 1000
129 0 228 1000
0 0 129 1000
911 969 975 982
82 840 195 862
715 969 911 998
859 821 1000 864
82 786 195 840
286 797 321 1000
526 699 569 866
286 721 408 797
82 693 195 786
460 699 526 1000
859 652 1000 821
197 721 286 1000
0 693 82 1000
460 488 580 699
408 488 460 1000
0 522 197 693
197 542 408 721
408 262 580 488
715 652 859 969
580 652 715 1000
580 534 1000 652
580 396 1000 534
197 262 408 542
580 230 1000 396
580 0 1000 230
197 0 580 262
0 0 197 522
782 761 783 954
927 993 974 1000
158 858 180 1000
826 738 927 771
927 760 943 993
754 761 782 960
927 596 1000 760
754 575 826 761
927 363 1000 596
711 575 754 1000
365 366 443 699
158 706 339 858
158 543 365 706
84 543 158 1000
608 575 711 939
826 363 927 738
517 575 608 1000
826 136 1000 363
517 442 826 575
443 442 517 1000
443 322 826 442
84 366 365 543
84 222 443 366
443 136 826 322
443 0 1000 136
84 0 443 222
0 0 84 1000
985 0 986 613
597 780 642 927
602 927 858 956
47 811 223 857
521 780 597 927
47 738 223 811
765 720 866 864
418 780 521 927
301 927 602 980
47 630 223 738
47 517 223 630
418 720 765 780
0 517 47 996
950 0 985 863
418 650 877 720
301 650 418 927
301 592 877 650
301 530 877 592
301 462 877 530
301 393 877 462
301 319 877 393
301 228 877 319
223 228 301 1000
877 0 950 988
223 107 877 228
0 107 223 517
0 0 877 107
762 824 832 904
952 699 1000 846
594 635 691 712
924 699 952 1000
701 824 762 1000
924 519 1000 699
223 929 478 988
481 635 594 812
881 519 924 994
223 875 606 929
701 651 832 824
481 531 701 635
701 473 832 651
832 519 881 1000
223 812 644 875
373 531 481 812
832 328 1000 519
832 99 1000 328
223 531 373 812
223 437 701 531
701 99 832 473
130 437 223 1000
130 342 701 437
130 246 701 342
130 99 701 246
130 0 1000 99
0 0 130 1000
604 941 633 946
822 923 1000 945
604 798 635 941
760 923 822 1000
674 923 760 1000
776 803 841 904
305 662 359 813
604 578 674 798
305 428 379 662
913 570 1000 856
180 837 365 1000
776 570 913 803
674 570 776 923
511 578 604 979
674 455 1000 570
674 338 1000 455
511 338 674 578
451 338 511 1000
379 338 451 1000
379 256 1000 338
180 428 305 837
379 171 1000 256
379 84 1000 171
180 84 379 428
180 0 1000 84
101 0 180 1000
0 0 101 1000
343 744 356 811
953 433 960 908
710 868 863 891
685 739 863 773
306 744 343 918
258 744 306 1000
685 667 863 739
922 433 953 905
602 667 685 868
602 602 863 667
863 433 922 816
967 0 996 788
532 868 710 999
602 509 863 602
532 509 602 868
532 433 863 509
448 508 531 926
359 508 448 971
532 324 965 433
532 211 965 324
359 211 532 508
258 211 359 744
258 120 967 211
176 120 258 1000
89 120 176 1000
0 120 89 1000
0 0 967 120
655 511 658 912
650 511 655 888
429 825 451 1000
429 800 650 825
906 738 995 802
906 509 939 738
888 509 906 966
827 829 883 978
787 765 827 998
429 751 650 800
429 699 650 751
366 699 429 1000
827 509 888 829
301 699 366 1000
660 765 787 950
301 625 650 699
217 625 301 1000
660 509 827 765
660 368 1000 509
217 511 650 625
660 209 1000 368
217 363 660 511
217 209 660 363
217 111 1000 209
127 111 217 1000
127 0 1000 111
0 0 127 1000
951 962 998 1000
891 938 944 975
643 880 666 993
929 669 942 938
684 691 782 761
643 691 684 880
643 621 782 691
891 669 929 938
432 854 599 917
891 248 916 669
432 781 605 854
643 522 782 621
611 522 643 1000
782 686 891 854
951 568 998 962
432 655 611 781
432 522 611 655
379 522 432 1000
951 0 998 568
319 522 379 1000
319 455 782 522
319 362 782 455
782 248 891 686
319 248 782 362
190 248 319 1000
190 0 951 248
0 0 190 1000
984 481 997 508
893 832 964 863
589 408 614 510
529 864 614 898
374 902 405 1000
589 245 614 408
750 778 782 960
964 481 984 968
750 607 837 778
374 781 511 902
296 781 374 1000
296 700 529 781
688 607 750 960
893 481 964 832
296 590 529 700
837 481 893 990
529 245 589 864
837 250 1000 481
296 418 529 590
296 245 529 418
688 250 837 607
614 250 688 1000
218 245 296 1000
135 245 218 1000
614 0 1000 250
135 0 614 245
0 0 135 1000
888 816 997 838
287 689 306 934
768 767 888 809
888 749 1000 816
557 834 605 991
421 781 457 1000
953 419 999 598
240 689 287 949
421 684 557 781
768 633 888 767
888 601 1000 749
953 0 993 419
421 544 557 684
768 410 888 633
358 544 421 1000
717 410 768 1000
129 689 240 982
129 544 358 689
646 410 717 883
557 410 646 834
888 0 953 601
557 284 888 410
129 379 557 544
0 379 129 1000
0 211 557 379
557 0 888 284
0 0 557 211
776 889 792 1000
759 889 776 1000
521 720 534 897
723 889 759 1000
364 720 521 751
315 906 526 935
653 889 723 1000
861 663 902 870
364 667 537 720
748 663 861 756
921 450 994 609
315 667 364 906
315 607 537 667
280 607 315 1000
280 539 537 607
235 539 280 1000
235 469 537 539
235 396 537 469
188 396 235 957
188 295 537 396
748 450 921 663
653 450 748 889
653 210 1000 450
537 210 653 1000
537 0 1000 210
188 0 537 295
0 0 188 1000
306 696 335 847
492 901 590 948
492 850 636 901
251 696 306 847
204 914 427 957
838 747 945 839
492 769 636 850
791 747 838 1000
437 769 492 1000
204 855 434 914
967 408 996 893
100 855 204 1000
251 592 437 696
251 483 437 592
791 604 967 747
437 609 636 769
704 604 791 1000
251 284 437 483
437 411 636 609
704 408 967 604
704 229 1000 408
704 0 1000 229
636 0 704 1000
437 0 636 411
100 284 251 855
100 0 437 284
0 0 100 1000
824 957 973 973
944 686 1000 737
675 897 714 1000
675 870 824 897
640 870 675 1000
924 686 944 949
294 829 346 960
294 766 403 829
586 870 640 1000
263 766 294 995
263 659 403 766
586 789 824 870
824 686 924 957
263 432 403 659
824 501 1000 686
586 615 824 789
824 264 1000 501
586 435 824 615
824 0 1000 264
502 435 586 1000
403 435 502 1000
403 301 824 435
403 151 824 301
403 0 824 151
132 432 263 995
132 0 403 432
0 0 132 1000
998 0 1000 227
614 796 890 801
147 834 284 847
951 728 970 940
591 796 614 1000
591 776 890 796
591 753 890 776
591 716 890 753
551 716 591 1000
551 675 890 716
504 675 551 1000
504 628 881 675
454 628 504 1000
393 628 454 1000
393 577 890 628
147 640 296 834
393 510 890 577
951 0 998 728
393 426 890 510
393 342 890 426
393 257 890 342
890 0 951 947
393 134 890 257
304 134 393 1000
147 134 304 640
147 0 890 134
0 0 147 1000
763 887 768 996
936 792 983 820
913 608 925 981
492 735 525 890
984 0 991 896
492 691 662 735
662 729 722 956
866 608 913 992
349 890 662 964
936 251 984 792
349 691 492 890
763 608 866 887
763 438 936 608
253 691 349 1000
253 616 662 691
253 541 662 616
763 251 936 438
763 93 984 251
253 449 662 541
253 355 662 449
253 231 662 355
183 231 253 1000
662 93 763 729
183 93 662 231
97 93 183 1000
97 0 984 93
0 0 97 1000
996 876 999 996
296 825 319 923
296 674 333 825
498 936 589 1000
913 876 996 959
575 783 695 848
936 460 1000 616
913 757 1000 876
860 757 913 1000
883 460 936 757
575 643 695 783
823 460 883 757
823 348 1000 460
498 643 575 936
193 674 296 937
695 757 860 1000
193 324 333 674
695 348 823 757
498 348 695 643
498 230 1000 348
412 230 498 1000
92 324 193 985
412 114 1000 230
333 114 412 1000
333 0 1000 114
92 0 333 324
0 0 92 1000
880 858 921 932
589 898 641 1000
638 728 743 787
363 915 472 979
927 859 986 984
743 853 880 920
403 769 476 905
479 898 589 1000
927 619 986 859
976 0 999 619
288 769 403 915
288 676 479 769
126 915 363 994
638 456 743 728
743 635 880 853
927 0 976 619
559 456 638 898
126 676 288 915
880 0 927 858
559 179 743 456
126 514 479 676
479 179 559 898
126 348 479 514
126 179 479 348
743 0 880 635
0 179 126 1000
0 0 743 179
645 584 650 611
984 626 995 780
721 725 752 789
544 776 650 821
889 270 1000 316
521 776 544 1000
849 270 889 509
488 584 645 657
943 626 984 972
448 776 521 1000
488 483 650 584
0 895 167 996
849 156 1000 270
876 626 943 884
369 776 448 1000
821 626 876 1000
821 509 1000 626
774 509 821 992
774 156 849 509
721 156 774 725
369 483 488 776
0 713 223 895
721 0 1000 156
650 0 721 893
369 0 650 483
223 0 369 1000
0 0 223 713
946 301 965 384
704 903 726 1000
445 507 647 520
704 874 856 903
704 843 964 874
704 802 936 843
719 390 956 433
704 761 1000 802
650 761 704 1000
650 718 1000 761
650 667 1000 718
719 301 946 390
650 584 1000 667
579 584 650 1000
507 584 579 1000
428 584 507 1000
445 440 948 507
342 584 428 1000
445 301 719 440
240 584 342 1000
240 524 1000 584
240 301 445 524
240 234 1000 301
151 234 240 1000
151 126 1000 234
151 0 1000 126
0 0 151 1000
762 925 802 966
659 645 676 751
871 728 987 745
902 565 926 704
296 992 786 999
762 902 971 925
871 565 902 728
296 981 775 992
659 610 871 645
602 610 659 751
871 455 1000 565
871 256 1000 455
602 506 871 610
753 751 974 888
548 751 753 902
602 381 871 506
602 256 871 381
296 902 762 981
296 751 548 902
122 751 296 1000
602 132 1000 256
508 132 602 751
409 132 508 751
293 132 409 751
122 132 293 751
122 0 1000 132
0 0 122 1000
979 724 984 844
979 687 1000 724
146 933 172 1000
283 584 309 810
569 751 620 887
812 916 923 1000
979 125 1000 687
812 831 979 916
146 803 259 933
480 751 569 949
812 716 979 831
403 751 480 1000
812 558 979 716
403 620 620 751
146 584 283 803
812 356 979 558
309 620 403 1000
750 356 812 1000
309 485 620 620
309 342 620 485
750 125 979 356
688 125 750 1000
620 125 688 1000
309 125 620 342
146 125 309 584
146 0 1000 125
0 0 146 1000
994 0 996 914
608 544 638 681
914 695 981 769
568 544 608 681
519 544 568 681
151 984 722 997
887 695 914 988
151 967 692 984
628 681 685 844
558 681 628 848
887 580 994 695
316 886 559 947
465 681 558 848
316 848 798 886
887 391 994 580
316 681 465 848
316 544 519 681
238 544 316 967
238 482 798 544
887 0 994 391
238 398 798 482
151 398 238 967
151 312 798 398
151 222 798 312
798 0 887 902
151 0 798 222
0 0 151 1000
617 656 630 860
929 526 970 591
972 199 983 502
766 776 812 855
929 367 972 526
929 199 972 367
429 716 538 832
897 199 929 620
538 656 617 860
178 961 665 995
823 620 938 769
687 860 980 926
538 570 766 656
178 927 911 961
538 443 766 570
429 443 538 716
823 199 897 620
766 199 823 776
178 860 687 927
429 309 766 443
345 309 429 860
345 199 766 309
274 199 345 860
178 199 274 860
178 121 1000 199
178 0 1000 121
0 0 178 1000
260 504 263 996
872 858 952 877
804 894 857 1000
229 738 258 930
229 504 260 738
695 894 804 1000
872 753 999 858
872 641 1000 753
305 698 364 1000
0 825 229 910
782 641 872 894
305 492 419 698
0 719 229 825
782 515 1000 641
305 213 419 492
695 515 782 894
263 213 305 1000
695 393 1000 515
0 504 229 719
598 393 695 1000
498 393 598 1000
498 268 1000 393
498 132 1000 268
419 132 498 1000
0 213 263 504
419 0 1000 132
0 0 419 213
997 661 1000 908
974 661 997 849
907 661 974 735
678 842 717 1000
370 843 414 980
323 843 370 1000
624 842 678 1000
323 803 554 843
323 763 554 803
222 770 319 868
554 842 624 1000
323 681 554 763
554 783 907 842
323 591 554 681
323 493 554 591
323 368 554 493
323 200 554 368
554 661 907 783
554 552 1000 661
554 436 1000 552
554 312 1000 436
222 200 323 770
554 163 1000 312
554 0 1000 163
115 200 222 889
115 0 554 200
0 0 115 1000
