876 904 1000 917
257 864 343 1000
0 892 139 981
876 736 1000 904
257 655 379 864
778 736 876 1000
0 767 257 892
257 375 379 655
647 736 778 1000
647 634 1000 736
647 529 1000 634
0 602 257 767
549 529 647 1000
549 407 1000 529
549 285 1000 407
468 285 549 1000
0 375 257 602
468 156 1000 285
468 0 1000 156
379 0 468 1000
0 0 379 375
730 756 744 866
966 569 983 677
461 838 593 861
853 911 919 994
966 172 982 569
983 0 990 997
632 552 758 666
632 487 853 552
461 756 730 838
318 942 821 990
231 756 461 866
909 172 966 831
318 866 853 942
853 172 909 911
0 866 318 1000
231 666 850 756
231 487 632 666
0 487 231 866
0 344 853 487
0 172 853 344
0 0 983 172
820 998 835 1000
890 394 973 421
828 394 890 557
592 904 745 975
946 609 989 864
592 797 802 904
683 394 828 557
467 797 592 1000
683 310 1000 394
321 797 467 1000
683 166 1000 310
321 696 805 797
820 609 946 998
567 166 683 597
147 696 321 1000
432 166 567 597
147 609 820 696
291 166 432 597
147 166 291 609
147 0 1000 166
0 0 147 1000
598 775 599 882
993 643 998 837
932 871 993 896
546 775 598 887
540 887 594 1000
480 887 540 1000
546 723 734 775
367 887 480 1000
546 654 734 723
932 643 993 871
875 643 932 1000
875 478 1000 643
830 478 875 1000
830 320 1000 478
367 654 546 887
830 0 1000 320
367 404 734 654
734 0 830 1000
367 0 734 404
205 0 367 1000
0 0 205 1000
970 738 993 752
921 887 952 995
515 795 705 813
993 0 1000 573
887 679 913 960
465 795 515 1000
887 349 918 679
465 724 705 795
970 0 993 738
465 643 705 724
790 758 879 995
362 643 465 978
790 349 887 758
362 522 705 643
921 0 970 887
362 391 705 522
790 0 921 349
705 0 790 1000
202 391 362 1000
202 0 705 391
0 0 202 1000
750 859 783 878
837 618 1000 653
683 859 750 998
759 618 837 859
505 859 683 998
636 618 759 859
505 618 636 859
505 553 1000 618
430 553 505 1000
430 493 1000 553
430 421 1000 493
430 344 1000 421
361 344 430 1000
285 344 361 1000
208 344 285 1000
118 344 208 1000
118 277 1000 344
118 193 1000 277
118 105 1000 193
118 0 1000 105
0 0 118 1000
988 618 990 644
420 967 471 1000
938 618 988 811
727 789 785 1000
187 912 381 1000
817 878 969 1000
420 904 727 967
938 159 1000 618
187 775 420 912
891 159 938 847
420 789 727 904
187 598 420 775
420 683 817 789
187 411 420 598
420 556 817 683
817 159 891 878
420 367 817 556
420 159 817 367
420 0 1000 159
187 0 420 411
0 0 187 1000
376 501 383 606
357 501 376 615
762 855 790 968
347 501 357 898
311 755 341 906
762 804 1000 855
762 745 1000 804
210 755 311 897
691 745 762 1000
210 501 347 755
128 501 210 958
691 618 1000 745
563 618 691 1000
0 501 128 958
383 618 563 1000
0 301 383 501
383 481 1000 618
383 326 1000 481
383 171 1000 326
383 0 1000 171
0 0 383 301
599 546 616 763
579 546 599 877
349 893 426 1000
458 666 579 737
916 723 999 831
226 893 349 1000
349 666 458 893
785 723 916 926
785 596 1000 723
226 666 349 893
785 424 1000 596
226 546 579 666
129 546 226 1000
696 424 785 985
696 234 1000 424
619 234 696 1000
129 403 619 546
0 403 129 1000
619 0 1000 234
0 258 619 403
0 0 619 258
974 591 980 884
575 903 676 933
912 782 935 1000
508 874 573 977
411 874 508 1000
835 782 912 1000
411 742 575 874
313 742 411 1000
835 591 974 782
835 422 1000 591
313 628 575 742
783 422 835 1000
202 628 313 1000
202 501 575 628
202 360 575 501
676 422 783 974
676 239 1000 422
575 239 676 903
575 0 1000 239
202 0 575 360
0 0 202 1000
759 838 859 894
306 781 409 865
673 838 759 1000
409 497 450 896
673 725 859 838
306 497 409 781
673 564 859 725
244 497 306 982
602 564 673 1000
244 329 456 497
930 416 998 939
859 416 930 922
602 416 859 564
185 329 244 982
602 277 1000 416
602 123 1000 277
531 123 602 1000
456 123 531 1000
456 0 1000 123
185 0 456 329
0 0 185 1000
367 460 372 552
294 866 303 1000
247 929 294 967
247 772 291 929
942 811 1000 942
0 915 103 1000
716 828 853 938
853 811 942 1000
167 772 247 1000
853 654 1000 811
716 654 853 828
294 460 367 866
167 460 294 772
556 654 716 1000
556 508 1000 654
0 460 167 915
373 508 556 1000
373 362 1000 508
373 210 1000 362
373 0 1000 210
0 0 373 460
965 611 1000 847
815 862 924 958
815 753 924 862
479 755 559 928
405 755 479 1000
726 753 815 1000
405 631 616 755
317 631 405 1000
726 611 965 753
317 510 616 631
616 611 726 1000
616 499 1000 611
219 510 317 1000
616 355 1000 499
219 367 616 510
616 199 1000 355
219 195 616 367
616 0 1000 199
219 0 616 195
130 0 219 1000
0 0 130 1000
244 667 275 823
218 667 244 860
704 940 817 1000
797 730 892 853
503 940 704 1000
218 404 274 667
0 871 178 1000
503 892 1000 940
281 892 503 1000
281 853 1000 892
879 363 962 714
797 363 879 730
705 363 797 853
705 205 1000 363
705 0 1000 205
626 0 705 853
539 0 626 853
0 404 218 871
410 0 539 853
281 0 410 853
0 0 281 404
307 897 348 998
250 897 307 1000
831 804 942 857
401 548 460 776
661 492 739 675
831 670 1000 804
747 859 919 1000
178 729 401 841
0 897 250 1000
582 492 661 859
831 460 1000 670
479 859 747 1000
831 233 1000 460
178 548 401 729
739 233 831 859
739 0 1000 233
0 548 178 897
0 390 479 548
582 0 739 492
479 0 582 859
0 0 479 390
362 990 555 993
362 971 571 990
903 722 1000 775
903 647 1000 722
873 647 903 930
873 577 1000 647
873 490 1000 577
873 400 1000 490
826 400 873 767
790 400 826 941
790 304 1000 400
745 304 790 971
693 304 745 971
635 304 693 971
564 304 635 859
564 164 1000 304
463 164 564 971
463 0 1000 164
362 0 463 971
214 0 362 1000
0 0 214 1000
838 987 974 998
832 502 993 520
546 889 796 930
546 852 836 889
838 788 897 987
754 502 832 691
838 691 1000 788
438 852 546 1000
754 423 993 502
298 852 438 1000
155 852 298 1000
155 805 838 852
754 248 993 423
640 248 754 691
497 248 640 691
341 248 497 691
155 691 838 805
155 248 341 691
155 137 1000 248
155 0 1000 137
0 0 155 1000
774 947 837 1000
592 919 741 1000
444 887 592 972
592 840 774 919
444 789 592 887
931 521 990 778
931 270 1000 521
592 738 774 840
353 789 444 1000
353 700 592 789
592 596 774 738
353 591 592 700
884 270 931 894
592 409 774 596
829 270 884 947
774 270 829 947
353 409 592 591
353 270 774 409
353 139 1000 270
353 0 1000 139
0 0 353 1000
752 679 757 733
907 700 1000 728
892 700 907 1000
876 700 892 1000
876 646 1000 700
679 679 752 850
837 646 876 1000
764 646 837 1000
571 679 679 972
764 511 1000 646
571 511 764 679
503 511 571 1000
503 427 1000 511
413 427 503 1000
413 338 1000 427
413 234 1000 338
332 234 413 1000
332 121 1000 234
332 0 1000 121
241 0 332 1000
0 0 241 1000
909 769 971 808
770 899 815 966
578 514 594 791
329 979 877 1000
971 474 1000 879
971 0 1000 474
770 769 909 899
770 642 971 769
770 507 971 642
405 717 537 946
673 507 770 848
598 507 673 979
405 514 578 717
598 393 971 507
598 270 971 393
405 270 598 514
405 182 971 270
329 182 405 979
252 182 329 1000
252 0 971 182
0 0 252 1000
271 994 644 998
271 988 672 994
930 915 983 968
750 756 797 858
667 824 734 913
0 953 189 1000
908 623 1000 720
750 495 828 756
828 623 908 915
0 834 223 953
828 468 1000 623
667 495 750 824
0 687 257 834
271 915 930 988
551 495 667 915
828 154 1000 468
551 154 828 495
417 154 551 915
271 154 417 915
271 0 1000 154
0 0 271 687
701 961 772 984
478 854 506 961
942 698 983 902
842 659 942 788
942 279 975 698
842 502 942 659
478 766 701 854
802 502 842 1000
365 766 478 1000
365 684 701 766
365 584 701 684
365 461 701 584
279 461 365 1000
701 502 802 961
701 279 942 502
155 461 279 1000
155 328 701 461
155 187 701 328
701 0 994 279
0 187 155 1000
0 0 701 187
988 561 999 801
632 913 809 938
967 561 988 838
735 433 808 536
906 668 954 1000
967 0 1000 561
632 787 809 913
809 570 906 844
593 433 735 632
268 632 689 703
488 787 632 1000
332 787 488 1000
332 712 809 787
906 0 967 668
178 712 332 1000
0 712 178 1000
809 0 906 570
268 433 593 632
268 269 809 433
0 269 268 712
0 0 809 269
168 774 293 792
308 754 321 970
293 754 308 981
787 845 1000 893
787 783 1000 845
87 774 168 1000
696 783 787 1000
87 651 293 774
696 699 1000 783
0 651 87 1000
586 699 696 1000
586 612 1000 699
586 517 1000 612
497 517 586 1000
497 403 1000 517
497 273 1000 403
497 141 1000 273
497 0 1000 141
420 0 497 1000
293 0 420 754
0 0 293 651
0 934 13 993
915 823 1000 879
733 793 834 918
834 823 915 1000
0 839 193 934
522 722 640 902
0 716 193 839
834 669 1000 823
429 722 522 1000
834 506 1000 669
733 506 834 793
429 573 640 722
733 387 1000 506
733 267 1000 387
668 267 733 1000
429 267 668 573
316 267 429 930
193 267 316 1000
193 138 1000 267
193 0 1000 138
0 0 193 716
970 803 973 980
929 803 970 927
929 688 982 803
762 859 821 1000
533 770 642 872
163 958 647 981
929 514 1000 688
445 770 533 958
762 755 929 859
445 653 661 770
329 653 445 958
329 539 661 653
762 514 929 755
762 314 1000 514
163 539 329 958
762 0 1000 314
0 539 163 1000
0 421 661 539
0 289 661 421
661 0 762 984
0 0 661 289
975 553 982 992
804 777 841 946
607 501 701 568
975 271 1000 553
657 755 732 963
607 371 732 501
607 226 732 371
937 271 975 1000
511 755 657 1000
883 271 937 1000
511 575 732 755
804 271 883 777
395 575 511 1000
732 271 804 1000
732 0 1000 271
395 226 607 575
395 0 732 226
318 0 395 1000
229 0 318 1000
139 0 229 1000
0 0 139 1000
700 950 711 1000
658 950 700 1000
795 393 848 480
771 791 1000 813
458 830 699 864
790 871 957 944
503 480 889 518
458 766 771 830
229 950 658 1000
795 241 1000 393
771 602 1000 791
229 871 790 950
458 602 771 766
229 602 458 871
229 518 1000 602
503 241 795 480
229 241 503 518
229 139 1000 241
229 0 1000 139
117 0 229 1000
0 0 117 1000
460 633 673 640
907 844 990 862
861 546 1000 587
423 964 807 1000
773 844 907 964
588 844 773 964
588 771 1000 844
423 771 588 964
460 546 861 633
460 479 985 546
423 709 1000 771
288 709 423 1000
288 652 1000 709
166 652 288 1000
166 479 460 652
166 415 1000 479
166 341 1000 415
166 249 1000 341
166 146 1000 249
166 0 1000 146
0 0 166 1000
902 586 939 660
944 611 997 722
549 942 818 969
184 895 286 1000
944 404 1000 611
818 872 978 945
353 969 791 1000
807 586 902 733
549 872 818 942
353 872 549 969
807 404 944 586
184 664 333 895
184 452 353 664
807 210 1000 404
706 210 807 733
353 733 1000 872
0 452 184 1000
509 210 706 733
509 0 1000 210
353 0 509 733
0 0 353 452
431 850 510 855
407 850 431 1000
979 723 996 982
774 607 834 861
124 866 305 985
897 723 979 988
305 670 407 894
305 432 407 670
683 607 774 974
897 395 1000 723
595 607 683 1000
834 395 897 988
595 395 834 607
510 395 595 1000
510 274 1000 395
510 146 1000 274
407 146 510 850
124 432 305 866
407 0 1000 146
124 0 407 432
0 0 124 1000
753 979 964 988
836 681 1000 719
753 948 994 979
724 678 750 995
790 868 929 941
836 611 1000 681
790 611 836 868
657 678 724 859
753 611 790 948
586 678 657 881
753 475 1000 611
586 475 753 678
496 475 586 1000
496 379 1000 475
496 279 1000 379
413 279 496 1000
313 279 413 1000
313 152 1000 279
313 0 1000 152
193 0 313 1000
0 0 193 1000
556 889 559 932
989 0 992 817
377 882 489 908
751 880 882 933
489 889 556 1000
377 812 489 882
882 785 989 887
489 670 559 889
284 812 377 1000
489 282 559 670
882 490 989 785
284 607 489 812
158 607 284 1000
882 0 989 490
751 423 870 880
751 0 882 423
656 0 751 1000
559 0 656 1000
158 282 489 607
158 0 559 282
0 0 158 1000
998 0 1000 886
996 0 998 974
859 621 900 817
443 922 596 1000
822 621 859 1000
900 759 959 998
822 328 894 621
643 697 774 906
967 0 996 969
443 720 643 922
291 720 443 1000
291 583 643 720
900 0 967 759
159 583 291 1000
159 468 643 583
159 350 643 468
643 328 822 697
643 0 900 328
0 350 159 1000
0 179 643 350
0 0 643 179
217 989 248 996
217 972 299 989
300 836 431 847
300 756 431 836
784 839 1000 915
784 757 1000 839
217 756 300 972
217 650 431 756
784 650 1000 757
217 464 431 650
669 650 784 1000
138 464 217 1000
546 650 669 1000
546 550 1000 650
546 418 1000 550
431 418 546 1000
431 298 1000 418
431 153 1000 298
431 0 1000 153
138 0 431 464
0 0 138 1000
241 862 349 946
104 865 241 965
537 948 801 1000
0 865 104 1000
766 552 919 665
241 677 349 862
766 446 1000 552
0 761 241 865
537 881 942 948
241 356 349 677
766 294 1000 446
537 803 1000 881
627 294 766 677
537 677 1000 803
470 294 627 677
349 677 537 1000
470 148 1000 294
470 0 1000 148
349 0 470 677
0 356 241 761
0 0 349 356
872 598 890 657
897 776 1000 836
897 707 1000 776
870 707 897 1000
840 707 870 1000
729 598 872 665
794 707 840 1000
735 707 794 1000
675 707 735 1000
594 707 675 1000
509 707 594 1000
401 707 509 1000
401 598 729 707
401 535 1000 598
401 464 975 535
401 379 1000 464
301 379 401 1000
180 379 301 1000
180 198 1000 379
180 0 1000 198
0 0 180 1000
923 389 942 436
992 0 999 505
985 0 992 647
947 701 987 982
899 389 923 1000
732 822 815 1000
625 708 732 897
732 699 899 822
732 554 899 699
947 0 985 701
732 389 899 554
625 389 732 708
546 389 625 959
448 389 546 1000
448 263 947 389
353 263 448 1000
222 263 353 830
119 263 222 1000
0 263 119 1000
0 148 947 263
0 0 947 148
245 981 287 1000
245 914 285 981
900 837 1000 897
405 784 514 853
900 743 1000 837
514 747 617 857
245 819 405 914
848 397 951 607
245 683 405 819
801 743 900 1000
128 683 245 1000
617 743 801 1000
617 607 1000 743
848 0 982 397
128 455 405 683
733 0 848 607
617 0 733 607
514 0 617 747
405 0 514 784
128 0 405 455
0 0 128 1000
609 836 616 1000
824 811 867 883
47 805 179 836
577 836 609 1000
891 761 992 846
0 805 47 996
891 678 1000 761
577 766 754 836
754 811 824 992
503 766 577 1000
891 398 1000 678
503 626 754 766
754 398 891 811
503 398 754 626
399 398 503 1000
284 398 399 1000
284 281 1000 398
284 159 1000 281
179 159 284 1000
179 0 1000 159
0 0 179 805
346 791 407 894
346 678 407 791
944 655 1000 912
487 795 584 948
450 359 487 879
784 767 911 928
693 767 784 1000
259 678 346 947
407 359 450 919
693 655 944 767
156 678 259 965
600 655 693 1000
600 561 1000 655
600 421 1000 561
600 271 1000 421
600 111 1000 271
487 111 600 795
156 359 407 678
156 111 487 359
156 0 1000 111
0 0 156 1000
708 939 739 968
672 939 708 986
832 762 876 976
930 631 1000 833
374 939 672 992
553 742 666 939
832 515 930 762
374 742 553 939
930 0 987 631
751 515 832 976
374 633 751 742
374 512 751 633
374 371 751 512
288 371 374 1000
198 371 288 1000
99 371 198 1000
99 273 751 371
0 273 99 1000
751 0 930 515
0 149 751 273
0 0 751 149
986 629 993 644
795 823 940 840
986 136 993 629
795 769 940 823
795 712 940 769
795 647 940 712
940 707 999 914
795 561 940 647
742 561 795 858
742 466 940 561
585 662 695 885
940 136 986 707
585 466 742 662
585 375 940 466
514 375 585 978
428 375 514 1000
333 375 428 1000
333 258 940 375
333 136 940 258
333 0 1000 136
0 0 333 1000
975 868 978 869
975 291 978 868
259 947 338 992
810 745 975 794
772 745 810 1000
772 673 975 745
577 729 638 985
724 673 772 1000
259 780 357 947
724 562 975 673
724 446 975 562
724 291 975 446
666 291 724 1000
666 141 1000 291
577 141 666 729
506 141 577 1000
416 141 506 1000
259 141 416 780
259 0 1000 141
149 0 259 1000
0 0 149 1000
751 365 768 616
689 721 742 836
561 813 689 867
517 813 561 1000
844 792 915 909
844 736 1000 792
450 813 517 1000
844 634 1000 736
352 813 450 1000
844 480 1000 634
773 480 844 900
352 721 689 813
352 594 751 721
773 246 1000 480
773 0 1000 246
183 594 352 1000
0 594 183 1000
0 486 751 594
0 365 751 486
0 242 773 365
0 0 773 242
986 714 999 914
864 742 875 1000
971 567 982 917
986 376 999 714
541 556 558 989
373 786 541 845
326 786 373 1000
264 786 326 1000
864 567 971 742
819 567 864 1000
264 673 541 786
819 376 986 567
264 556 541 673
759 376 819 1000
264 372 575 556
656 376 759 1000
656 185 1000 376
575 185 656 1000
575 0 1000 185
264 0 575 372
0 0 264 1000
916 821 919 1000
561 780 950 786
916 789 1000 821
557 973 870 985
561 763 947 780
762 866 844 955
865 596 1000 692
769 596 865 763
769 522 1000 596
557 866 762 973
557 789 916 866
382 789 557 1000
561 522 769 763
561 392 1000 522
382 392 561 789
382 272 1000 392
271 272 382 1000
271 154 1000 272
150 154 271 1000
150 0 1000 154
0 0 150 1000
871 705 913 714
913 946 946 999
736 949 794 1000
913 885 1000 946
736 916 913 949
943 600 971 883
827 705 871 916
943 308 1000 600
913 308 943 885
736 705 827 916
661 705 736 1000
913 0 1000 308
661 525 913 705
537 525 661 1000
537 361 913 525
434 361 537 1000
434 204 913 361
434 0 913 204
335 0 434 1000
170 0 335 1000
0 0 170 1000
