406 948 607 950
603 866 624 941
578 866 603 941
276 412 281 902
718 825 802 862
711 539 884 557
406 941 859 948
985 474 1000 703
829 781 987 804
326 993 1000 1000
678 539 711 696
578 825 718 866
523 825 578 941
636 696 861 725
636 539 678 696
523 810 1000 825
603 539 636 760
955 474 985 745
603 511 914 539
523 781 829 810
914 474 955 698
523 760 1000 781
465 760 523 941
406 760 465 941
215 703 262 932
603 474 914 511
562 474 603 760
562 447 1000 474
515 447 562 760
462 447 515 760
406 447 462 760
406 417 1000 447
215 412 276 703
406 385 1000 417
406 351 1000 385
406 315 1000 351
406 279 1000 315
372 279 406 950
326 950 945 993
372 236 1000 279
372 189 1000 236
326 189 372 950
326 132 1000 189
281 132 326 1000
144 412 215 995
281 71 1000 132
144 71 281 412
83 71 144 1000
83 0 1000 71
0 0 83 1000
231 777 233 973
845 582 848 760
231 291 233 777
170 593 173 930
432 570 439 716
784 709 843 736
969 732 1000 785
382 833 439 864
928 935 969 994
202 682 231 771
0 940 149 958
163 593 170 984
792 823 849 913
969 561 1000 732
928 744 960 935
342 833 382 1000
784 582 845 709
748 823 792 1000
928 541 969 744
969 286 1000 561
748 582 784 823
849 842 920 967
928 286 969 541
675 689 719 946
202 291 231 682
748 455 847 582
173 291 202 810
675 455 748 689
849 565 913 842
639 455 675 1000
603 455 639 1000
603 369 849 455
849 286 928 565
568 369 603 1000
568 286 849 369
342 570 432 833
534 286 568 1000
0 773 162 940
534 225 1000 286
534 163 1000 225
0 593 163 773
534 74 1000 163
489 74 534 1000
439 74 489 1000
342 74 439 570
342 0 1000 74
0 291 173 593
288 0 342 1000
233 0 288 1000
0 0 233 291
321 642 324 822
645 935 674 960
405 613 408 908
405 247 408 613
749 987 852 998
598 457 601 862
585 715 598 809
839 776 957 789
839 750 957 776
193 589 212 763
839 717 957 750
818 717 839 908
489 908 549 975
820 908 918 955
749 908 820 987
784 717 818 908
784 675 957 717
325 802 368 991
749 675 784 908
957 510 988 781
674 688 717 884
957 260 994 510
386 247 405 832
749 605 957 675
749 534 957 605
749 462 957 534
721 462 749 1000
721 395 957 462
721 324 957 395
674 324 721 688
674 260 957 324
489 715 585 908
645 260 674 935
602 260 645 834
602 197 1000 260
129 589 193 990
489 457 598 715
489 197 602 457
489 136 1000 197
489 71 1000 136
325 247 386 802
212 642 321 965
449 71 489 1000
409 71 449 1000
409 0 1000 71
212 247 325 642
212 0 409 247
129 0 212 589
65 0 129 1000
0 0 65 1000
661 881 678 902
137 471 139 791
200 773 259 786
135 471 137 920
130 683 135 868
130 471 135 683
504 547 529 680
661 680 678 881
71 742 130 813
139 754 200 828
605 505 639 672
885 855 926 1000
432 868 559 927
605 399 678 505
885 784 1000 855
259 171 271 872
841 784 885 1000
790 784 841 1000
790 729 1000 784
790 670 1000 729
751 670 790 1000
751 618 1000 670
559 757 648 912
432 757 559 868
504 399 605 547
71 471 130 742
751 552 1000 618
432 680 661 757
751 479 1000 552
751 398 1000 479
432 399 504 680
397 399 432 1000
714 398 751 1000
397 315 678 399
714 307 1000 398
714 214 1000 307
678 214 714 1000
397 214 678 315
357 214 397 1000
315 214 357 1000
315 165 1000 214
315 115 1000 165
315 64 1000 115
0 471 71 970
200 171 259 773
139 171 200 754
271 64 315 1000
0 171 139 471
271 0 1000 64
0 0 271 171
441 632 444 741
328 977 343 1000
65 987 114 1000
810 852 1000 857
137 908 149 987
441 416 446 632
437 416 441 813
414 416 437 578
858 599 1000 633
769 852 810 979
389 813 436 925
275 801 328 904
65 908 137 987
823 599 858 778
214 248 231 647
621 979 1000 999
709 852 769 979
777 599 823 778
730 599 777 778
681 599 730 778
389 416 414 813
621 852 709 979
621 822 1000 852
681 563 1000 599
358 416 389 892
358 204 454 416
585 563 681 778
498 822 621 1000
498 778 1000 822
585 507 1000 563
328 204 358 977
498 507 585 778
498 459 1000 507
498 410 1000 459
454 410 498 1000
129 487 196 879
65 487 129 908
454 359 1000 410
454 307 1000 359
454 254 1000 307
454 197 1000 254
275 204 328 801
454 133 1000 197
65 248 214 487
454 67 1000 133
454 0 1000 67
275 0 454 204
232 0 275 945
65 0 232 248
0 0 65 1000
918 954 971 959
649 922 798 927
681 790 695 885
974 929 997 989
146 881 228 901
560 860 597 927
649 885 741 922
560 821 649 860
753 480 774 643
733 480 753 653
228 784 289 843
724 935 795 987
782 316 791 779
560 772 649 821
974 733 997 929
376 848 413 979
918 842 971 954
79 881 146 1000
681 709 782 790
918 678 974 842
560 651 649 772
918 474 974 678
560 521 649 651
895 474 918 976
681 480 733 709
525 521 560 935
485 521 525 935
681 316 782 480
485 417 649 521
450 417 485 935
649 316 681 885
417 935 724 997
974 0 1000 733
450 316 649 417
417 316 450 935
79 730 223 881
376 316 417 848
334 316 376 1000
798 581 887 912
334 251 798 316
334 175 798 251
289 175 334 1000
228 175 289 784
895 0 974 474
79 451 228 730
228 87 798 175
79 87 228 451
798 0 895 581
79 0 798 87
0 0 79 1000
770 862 771 875
249 407 251 739
674 995 812 1000
246 407 249 826
627 658 674 694
568 725 577 994
884 706 901 862
627 592 674 658
0 972 183 991
239 407 246 928
674 978 931 995
884 666 1000 706
859 666 884 862
103 845 174 917
580 722 623 850
859 627 1000 666
859 585 1000 627
580 592 627 722
507 834 547 997
507 725 568 834
859 533 1000 585
859 477 1000 533
836 477 859 862
811 477 836 862
507 592 580 725
674 925 882 978
811 413 1000 477
0 845 103 972
674 876 955 925
466 592 507 1000
466 508 674 592
466 423 674 508
770 413 811 862
730 413 770 876
466 325 674 423
433 325 466 1000
674 413 730 876
390 325 433 937
349 325 390 1000
674 325 1000 413
301 325 349 1000
674 224 1000 325
674 105 1000 224
301 217 674 325
301 105 674 217
0 660 229 845
251 105 301 1000
0 407 239 660
251 0 1000 105
0 0 251 407
544 981 683 994
242 525 247 920
795 797 862 840
623 859 663 932
969 582 978 935
795 766 912 797
992 475 999 978
405 445 416 779
139 920 225 967
307 854 350 954
682 655 699 924
953 582 969 955
544 934 676 981
912 582 953 750
763 766 795 1000
763 715 912 766
763 651 912 715
763 582 912 651
139 807 240 920
763 531 992 582
623 655 682 859
763 475 992 531
763 418 1000 475
703 369 732 841
623 473 702 655
586 473 623 884
416 639 464 956
763 350 1000 418
763 277 1000 350
544 473 586 934
506 473 544 994
368 445 405 985
735 277 763 1000
506 369 703 473
506 277 735 369
475 277 506 1000
475 232 1000 277
416 232 475 639
307 445 368 854
416 185 1000 232
307 185 416 445
139 525 242 807
307 141 1000 185
307 96 1000 141
307 50 1000 96
307 0 1000 50
248 0 307 935
139 0 248 525
73 0 139 1000
0 0 73 1000
993 677 996 869
503 686 508 843
340 579 347 829
411 928 484 954
930 805 974 849
134 896 201 939
794 794 852 855
595 889 684 931
299 866 330 993
742 972 959 991
974 677 993 900
484 686 503 911
411 867 484 928
797 614 852 725
246 807 299 929
509 972 742 1000
852 805 930 931
974 296 1000 677
737 614 797 794
673 614 737 794
299 579 340 866
246 579 299 807
908 578 963 805
852 578 908 805
411 686 484 867
411 546 509 686
509 931 881 972
673 513 852 614
852 425 974 578
411 355 509 546
595 794 794 889
379 355 411 1000
347 355 379 1000
595 513 673 794
347 218 509 355
595 425 852 513
595 364 974 425
595 296 974 364
595 229 1000 296
595 153 1000 229
595 68 1000 153
554 68 595 931
246 218 347 579
509 68 554 931
246 68 509 218
201 68 246 1000
134 68 201 896
74 68 134 1000
74 0 1000 68
0 0 74 1000
969 987 988 1000
572 892 589 909
293 615 294 968
692 649 695 822
464 940 495 960
331 850 397 878
589 911 616 984
223 805 274 845
274 817 287 996
557 911 589 1000
331 803 397 850
655 808 690 905
696 987 969 1000
274 615 293 817
629 609 648 832
274 427 300 615
497 911 557 1000
655 649 692 808
300 803 331 1000
921 800 1000 912
835 800 921 916
171 805 223 1000
835 734 1000 800
107 805 171 1000
766 734 835 916
464 519 495 940
766 677 1000 734
766 618 1000 677
766 557 1000 618
766 494 1000 557
696 916 905 987
766 428 1000 494
655 264 696 649
572 609 629 892
731 428 766 916
731 359 1000 428
696 359 731 916
696 288 1000 359
397 519 464 872
300 519 397 803
300 377 497 519
572 264 655 609
696 149 1000 288
696 0 1000 149
497 264 572 911
497 0 696 264
107 427 274 805
300 0 497 377
107 0 300 427
0 0 107 1000
534 870 553 902
615 983 696 1000
728 993 940 1000
831 976 952 989
615 968 722 983
548 403 553 785
665 561 728 595
851 694 870 826
431 891 484 938
330 952 385 999
831 893 871 976
791 893 831 993
851 663 1000 694
493 718 516 944
851 624 1000 663
534 403 548 870
816 624 851 826
791 826 923 893
764 624 816 826
728 826 791 993
330 816 409 952
764 576 1000 624
764 527 1000 576
764 477 1000 527
728 477 764 826
493 403 534 718
615 844 724 968
728 425 1000 477
615 561 665 844
615 425 728 561
615 385 1000 425
615 338 1000 385
586 338 615 1000
431 565 492 891
586 283 1000 338
553 283 586 1000
330 565 431 816
330 403 493 565
330 283 553 403
330 240 1000 283
289 240 330 1000
289 194 1000 240
248 194 289 1000
202 194 248 1000
154 194 202 1000
154 146 1000 194
154 74 1000 146
154 0 1000 74
88 0 154 1000
0 0 88 1000
147 817 149 857
147 695 149 817
147 363 149 695
290 651 318 702
275 941 348 968
369 870 388 1000
563 982 756 1000
369 770 406 870
846 942 951 985
406 683 435 901
864 811 955 883
251 651 290 821
807 811 864 935
807 762 955 811
149 780 196 936
435 376 453 833
759 762 807 935
275 821 348 941
202 821 275 942
406 376 435 683
318 574 361 795
318 358 365 574
406 171 460 376
563 942 846 982
127 363 147 956
759 700 955 762
955 539 992 889
684 700 759 942
251 358 318 651
684 626 955 700
369 171 406 770
202 358 251 821
684 539 955 626
621 539 684 942
0 766 127 969
621 462 1000 539
621 385 1000 462
202 171 369 358
149 171 202 780
563 385 621 942
507 385 563 1000
507 315 1000 385
507 243 1000 315
460 243 507 1000
460 168 1000 243
460 92 1000 168
460 0 1000 92
0 363 127 766
149 0 460 171
0 0 149 363
991 901 992 974
863 984 981 987
703 802 802 809
402 742 406 939
973 901 991 980
136 966 204 997
984 666 995 862
770 888 803 972
812 492 825 728
984 444 1000 666
727 888 770 972
217 444 228 856
229 939 360 975
453 776 490 910
547 972 779 995
453 621 493 776
727 809 828 888
136 863 216 966
72 863 136 1000
961 444 984 829
863 901 973 984
670 809 727 972
703 687 804 802
335 742 402 938
305 559 406 701
453 213 493 621
305 393 410 559
547 809 670 972
229 742 335 939
703 492 812 687
914 444 961 899
635 492 703 809
863 444 914 901
863 268 1000 444
828 268 863 987
229 393 305 742
547 492 635 809
146 444 217 838
410 213 453 893
547 386 828 492
72 444 146 863
229 213 410 393
547 268 828 386
72 213 229 444
493 268 547 1000
493 175 1000 268
493 71 1000 175
72 71 493 213
72 0 1000 71
0 0 72 1000
405 464 408 680
360 599 371 697
348 577 356 726
337 577 348 728
288 511 299 716
769 842 785 1000
241 645 273 724
392 464 405 688
300 497 329 627
360 250 371 599
743 842 769 1000
219 393 232 718
344 734 407 813
743 822 1000 842
743 751 815 822
0 969 168 1000
392 127 409 464
743 728 1000 751
241 511 288 645
743 700 1000 728
337 250 360 577
300 250 337 497
704 700 743 1000
704 660 1000 700
669 660 704 1000
669 622 1000 660
409 756 482 964
241 250 300 511
669 574 1000 622
281 861 404 992
627 574 669 1000
241 127 392 250
627 523 1000 574
152 393 219 728
152 127 241 393
627 458 1000 523
580 458 627 1000
0 861 281 969
580 385 1000 458
81 127 152 671
580 287 1000 385
580 187 1000 287
580 86 1000 187
533 86 580 1000
0 734 344 861
482 86 533 1000
409 86 482 756
0 127 81 734
409 0 1000 86
0 0 409 127
807 994 846 999
338 412 340 823
333 674 338 966
837 885 851 994
689 826 807 845
689 805 807 826
837 656 851 885
884 848 907 994
178 823 198 990
661 805 689 948
534 948 715 976
661 767 807 805
314 674 333 985
661 719 807 767
621 719 661 948
578 719 621 948
534 719 578 948
494 719 534 983
449 719 494 983
449 684 807 719
449 649 807 684
410 649 449 983
410 614 807 649
971 165 1000 644
410 578 807 614
410 538 807 578
231 674 314 863
946 165 971 806
917 165 946 737
410 495 807 538
410 451 807 495
410 405 807 451
410 350 807 405
884 165 917 848
837 165 884 656
410 290 807 350
807 165 837 994
410 226 807 290
376 226 410 983
376 165 807 226
231 412 338 674
376 118 1000 165
376 69 1000 118
340 69 376 1000
231 69 340 412
178 69 231 823
131 69 178 969
79 69 131 1000
79 0 1000 69
0 0 79 861
854 883 885 902
192 996 649 998
192 994 679 996
715 757 853 765
948 375 971 442
937 442 991 471
660 471 919 478
720 649 756 722
833 442 937 471
719 869 854 892
690 649 720 757
652 947 725 990
956 725 979 877
654 649 690 757
453 892 844 903
528 231 751 252
956 516 979 725
660 442 833 471
746 904 885 945
453 869 719 892
657 757 715 869
590 757 657 869
654 606 853 649
504 757 590 869
583 606 654 757
504 606 583 757
875 153 982 280
504 562 853 606
453 562 504 869
903 516 956 828
854 516 903 883
453 516 854 562
453 482 1000 516
660 375 948 442
192 947 652 994
453 375 660 482
409 375 453 904
192 904 746 947
409 333 1000 375
528 153 875 231
361 333 409 904
309 333 361 904
252 333 309 904
192 333 252 904
133 333 192 1000
133 280 1000 333
133 153 528 280
133 81 1000 153
133 0 1000 81
0 0 133 1000
173 937 330 939
831 808 838 942
488 987 568 1000
442 518 445 988
395 338 398 822
352 610 359 881
345 610 352 887
345 540 374 610
679 942 986 949
435 518 442 858
580 802 663 835
580 773 679 802
483 167 488 809
476 167 483 748
990 462 1000 983
240 939 342 998
322 540 345 876
445 696 476 949
91 939 240 1000
378 338 395 903
534 773 580 987
831 743 988 808
534 699 679 773
831 671 990 743
251 540 322 701
534 618 679 699
781 671 831 942
534 520 679 618
727 671 781 942
398 518 435 926
445 167 476 696
398 167 445 518
727 606 990 671
727 541 990 606
679 541 727 942
488 520 534 987
679 462 990 541
679 382 1000 462
251 338 378 540
488 382 679 520
488 330 1000 382
488 272 1000 330
488 185 1000 272
488 97 1000 185
173 338 251 937
91 338 173 939
488 0 1000 97
91 167 398 338
91 0 488 167
0 0 91 1000
988 520 989 687
944 682 970 689
727 475 729 969
844 623 891 645
722 475 727 756
640 788 693 865
988 142 999 520
693 648 710 920
441 909 500 1000
441 877 609 909
966 369 987 626
851 871 930 941
441 840 609 877
851 790 930 871
441 800 609 840
944 369 966 682
729 966 960 997
809 790 851 963
640 648 693 788
809 746 988 790
441 744 609 800
441 684 609 744
809 689 988 746
609 648 640 989
403 684 441 1000
361 684 403 1000
316 684 361 1000
269 684 316 1000
220 684 269 1000
891 369 944 675
220 637 609 684
609 475 722 648
220 585 609 637
220 530 609 585
220 475 609 530
891 142 988 369
729 689 809 966
844 142 891 623
783 142 844 584
729 142 783 689
220 414 729 475
220 353 729 414
220 286 729 353
220 217 729 286
220 142 729 217
170 142 220 1000
107 142 170 1000
107 76 1000 142
107 0 1000 76
0 0 107 1000
664 739 671 771
823 997 935 999
191 867 250 881
250 941 317 958
656 739 664 902
373 233 375 975
370 233 373 949
358 656 369 897
823 966 927 997
721 966 823 1000
640 739 656 962
879 875 920 966
879 841 1000 875
879 798 1000 841
593 739 640 874
879 743 1000 798
849 743 879 966
818 743 849 966
94 862 191 935
771 743 818 966
317 656 358 912
721 743 771 966
534 739 593 931
673 743 721 1000
250 692 317 941
673 688 1000 743
673 627 1000 688
673 565 1000 627
534 592 673 739
673 502 1000 565
673 437 1000 502
534 437 673 592
495 437 534 1000
456 437 495 1000
456 396 1000 437
456 355 1000 396
317 233 370 656
456 308 1000 355
416 308 456 1000
375 308 416 1000
375 262 1000 308
375 216 1000 262
250 233 317 692
191 233 250 867
375 148 1000 216
375 75 1000 148
375 0 1000 75
94 233 191 862
94 0 375 233
0 0 94 1000
248 542 253 561
921 950 997 952
611 709 613 920
254 799 265 866
921 921 953 950
347 214 354 365
141 689 248 702
186 867 353 894
611 658 705 709
828 767 1000 801
295 646 336 790
828 731 1000 767
254 646 295 799
71 976 345 999
337 214 347 857
828 686 1000 731
793 686 828 921
435 977 803 1000
567 658 611 921
520 658 567 921
71 867 186 976
435 952 944 977
793 619 1000 686
254 477 337 646
520 581 705 658
476 581 520 921
435 921 921 952
141 542 248 689
793 539 1000 619
749 539 793 921
476 501 705 581
749 466 1000 539
476 419 705 501
705 466 749 921
476 328 705 419
254 214 337 477
705 375 1000 466
476 204 705 328
705 275 1000 375
705 171 1000 275
705 64 1000 171
476 64 705 204
435 64 476 921
397 64 435 1000
141 214 254 542
397 0 1000 64
354 0 397 1000
71 214 141 867
71 0 354 214
0 0 71 1000
538 785 539 838
909 693 916 891
0 990 303 995
566 208 569 775
801 460 806 877
634 934 706 963
740 767 801 820
719 767 740 934
0 974 379 990
682 767 719 934
437 562 534 630
876 693 909 904
437 493 538 562
553 208 566 774
353 751 461 822
269 751 353 843
917 696 976 827
682 699 801 767
395 493 437 700
538 208 553 785
682 621 801 699
976 472 996 933
335 493 395 700
569 963 942 997
917 472 976 696
269 700 538 751
171 700 269 843
917 302 1000 472
335 423 538 493
282 423 335 700
634 621 682 934
226 423 282 700
876 302 917 693
849 302 876 945
226 353 538 423
226 279 538 353
171 279 226 700
171 208 538 279
634 460 801 621
807 302 849 945
634 302 807 460
171 134 569 208
301 843 565 956
0 843 301 974
569 302 634 963
104 134 171 843
569 166 1000 302
569 0 1000 166
0 134 104 843
0 0 569 134
346 898 377 936
621 744 628 950
800 756 927 768
979 838 998 918
621 720 735 744
167 861 204 955
396 990 900 997
979 619 998 838
527 589 580 668
346 748 377 898
387 334 394 999
621 675 735 720
512 589 527 942
621 621 735 675
800 707 927 756
275 865 334 973
621 559 735 621
800 666 979 707
621 493 735 559
800 619 979 666
601 493 621 950
601 413 735 493
767 619 800 950
767 572 1000 619
767 514 1000 572
767 453 1000 514
767 388 1000 453
512 413 601 589
275 607 336 865
512 337 735 413
346 334 387 748
735 388 767 950
735 320 1000 388
208 647 265 984
735 246 1000 320
275 334 346 607
512 246 735 337
208 334 275 647
167 334 208 861
396 950 983 990
478 246 512 950
478 199 1000 246
438 199 478 950
438 139 1000 199
396 139 438 950
167 139 396 334
105 139 167 1000
105 71 1000 139
105 0 1000 71
0 0 105 1000
432 822 433 995
335 886 378 895
731 997 966 1000
761 903 774 974
187 947 224 994
731 974 812 997
381 498 386 917
437 288 442 763
432 288 437 822
605 974 731 1000
425 405 432 924
761 858 882 903
187 810 228 947
761 807 882 858
265 757 291 998
335 735 378 886
302 735 335 986
709 807 761 974
302 618 381 735
302 498 381 618
265 498 302 757
396 405 425 753
89 712 150 901
265 405 396 498
890 811 979 959
890 620 967 811
709 712 882 807
709 620 890 712
709 561 1000 620
709 500 1000 561
265 288 432 405
709 427 1000 500
234 288 265 984
187 288 234 810
0 636 73 997
660 427 709 974
187 180 443 288
605 427 660 974
150 180 187 1000
551 427 605 1000
495 427 551 1000
89 180 150 712
495 356 1000 427
495 284 1000 356
0 180 89 636
495 199 1000 284
495 111 1000 199
443 111 495 1000
443 0 1000 111
0 0 443 180
466 721 468 825
964 824 971 856
649 484 655 665
971 282 974 873
902 785 964 824
777 202 781 809
746 716 759 930
513 944 571 1000
274 952 358 995
964 282 971 824
781 949 879 1000
598 849 658 932
728 716 746 999
993 92 1000 914
161 910 262 974
985 92 993 915
768 202 777 953
857 785 902 943
598 767 697 849
728 499 768 716
974 92 985 899
598 675 697 767
431 721 466 998
857 694 964 785
372 721 431 932
274 817 371 952
161 788 270 910
274 668 372 817
697 499 728 1000
372 534 468 721
857 516 964 694
274 473 372 668
697 202 768 499
513 675 598 944
372 285 468 534
857 282 964 516
513 484 649 675
513 342 697 484
817 282 857 943
468 342 513 1000
817 92 974 282
781 92 817 949
468 202 697 342
468 92 781 202
161 473 274 788
161 285 372 473
161 92 468 285
88 92 161 1000
88 0 1000 92
0 0 88 1000
774 962 799 969
760 992 999 993
203 595 205 954
200 595 203 944
497 992 760 999
883 683 904 793
847 901 919 944
883 646 1000 683
774 901 847 962
774 881 1000 901
851 646 883 793
714 881 774 969
799 646 851 793
617 881 714 969
799 603 1000 646
83 847 145 986
311 774 352 998
778 803 999 846
617 856 1000 881
799 552 1000 603
756 552 799 793
710 552 756 793
665 552 710 803
497 969 994 992
613 552 665 803
166 595 200 992
497 856 617 969
557 552 613 803
497 803 778 856
497 552 557 803
497 520 1000 552
497 480 1000 520
457 480 497 1000
457 441 1000 480
83 595 166 847
418 441 457 1000
372 441 418 1000
372 400 1000 441
372 355 1000 400
372 309 1000 355
311 309 372 774
265 309 311 1000
265 264 1000 309
265 212 1000 264
265 158 1000 212
214 158 265 1000
214 80 1000 158
214 0 1000 80
83 0 214 595
0 0 83 1000
224 786 226 864
995 264 997 716
905 529 908 840
640 901 659 967
731 909 751 1000
537 840 640 861
808 675 905 702
537 811 640 840
226 500 243 674
989 264 995 811
195 786 224 925
640 686 659 901
808 621 905 675
664 909 731 1000
537 752 640 811
136 766 163 993
537 686 640 752
939 863 991 994
195 500 226 786
808 529 905 621
243 829 297 996
537 604 664 686
966 264 989 777
762 529 808 846
537 487 664 604
762 427 910 529
762 322 910 427
136 500 195 766
939 264 966 863
730 322 762 909
910 264 939 923
697 322 730 909
664 322 697 909
537 322 664 487
537 264 910 322
505 264 537 1000
469 264 505 1000
433 264 469 1000
390 264 433 1000
347 264 390 1000
347 213 1000 264
304 213 347 1000
243 213 304 829
243 163 1000 213
243 108 1000 163
136 108 243 500
136 58 1000 108
84 58 136 1000
84 0 1000 58
0 0 84 1000
927 979 938 996
268 322 269 563
815 907 840 950
249 557 268 628
269 996 943 999
245 635 258 885
382 634 416 734
249 322 268 557
865 837 932 907
519 574 580 655
507 784 559 881
549 979 927 996
865 788 1000 837
519 477 589 574
589 257 612 565
507 714 613 784
352 634 382 885
792 788 865 907
482 477 519 714
319 634 352 907
549 950 868 979
792 734 1000 788
319 516 416 634
549 907 815 950
792 672 1000 734
792 607 1000 672
416 714 507 881
739 607 792 907
197 635 245 966
739 539 1000 607
739 469 1000 539
739 388 1000 469
698 388 739 907
698 317 1000 388
698 243 1000 317
482 257 589 477
269 907 549 996
698 155 1000 243
658 155 698 907
416 257 482 714
658 65 1000 155
96 635 197 979
613 65 658 907
416 65 613 257
319 65 416 516
319 0 1000 65
269 0 319 907
96 322 249 635
96 0 269 322
0 0 96 1000
170 473 173 716
591 995 762 1000
946 638 954 867
332 851 346 982
127 648 150 730
109 785 122 945
163 473 170 819
156 473 163 923
307 851 332 982
307 816 414 851
995 71 1000 836
819 606 892 675
127 473 156 648
748 778 801 918
591 934 718 995
911 638 946 871
307 744 424 816
748 646 815 778
715 646 748 934
678 646 715 934
892 236 909 900
964 554 995 932
307 642 424 744
678 551 819 646
639 551 678 934
964 71 995 554
258 642 307 991
258 523 424 642
639 435 819 551
214 523 258 1000
214 419 424 523
0 785 109 993
173 419 214 1000
591 435 639 934
548 435 591 1000
173 319 424 419
548 341 819 435
173 217 424 319
819 236 892 606
548 236 819 341
510 236 548 1000
911 71 964 638
510 160 911 236
510 71 911 160
0 473 127 785
467 71 510 1000
424 71 467 1000
424 0 1000 71
173 0 424 217
0 0 173 473
906 636 908 878
906 365 908 636
326 998 638 1000
170 452 173 880
24 851 139 874
870 761 881 1000
644 836 662 991
887 365 906 513
326 991 754 998
0 851 24 1000
621 836 644 991
942 820 983 909
588 836 621 991
870 365 887 761
588 791 759 836
588 744 759 791
784 499 808 872
551 744 588 991
506 744 551 991
841 365 870 753
506 697 759 744
942 530 983 820
759 499 784 978
506 649 759 697
468 649 506 991
983 145 1000 914
468 600 759 649
812 365 841 885
812 209 909 365
429 600 468 991
759 209 812 499
942 145 983 530
139 452 170 968
919 145 942 941
381 600 429 991
381 548 759 600
326 548 381 991
326 491 759 548
326 427 759 491
326 359 759 427
326 289 759 359
326 209 759 289
326 145 919 209
281 145 326 1000
281 87 1000 145
235 87 281 1000
0 452 139 851
173 87 235 1000
173 0 1000 87
0 0 173 452
302 717 309 908
974 813 984 994
408 815 474 844
704 951 752 1000
699 888 930 899
373 948 452 1000
408 751 474 815
817 757 930 796
704 926 903 951
817 718 954 757
699 857 906 888
704 899 954 926
474 173 484 846
373 751 408 948
817 666 954 718
954 478 973 863
775 666 817 857
615 899 704 1000
974 412 997 813
373 656 474 751
188 644 231 867
339 656 373 1000
339 564 474 656
66 904 229 986
339 457 474 564
699 666 775 857
312 457 339 1000
241 717 302 962
188 357 241 644
312 347 474 457
615 666 699 899
553 666 615 1000
487 666 553 1000
487 614 954 666
241 347 312 717
135 357 188 884
487 546 954 614
487 478 954 546
487 412 974 478
487 349 1000 412
487 284 1000 349
487 217 1000 284
487 149 1000 217
487 80 1000 149
66 357 135 904
241 173 474 347
487 0 1000 80
0 357 66 998
0 173 241 357
0 0 487 173
912 814 985 818
34 864 77 883
808 638 824 716
581 927 861 932
896 814 912 927
283 968 344 1000
869 814 896 927
142 885 279 914
831 814 869 927
55 613 77 810
788 814 831 927
460 980 908 991
34 613 55 864
0 884 89 947
808 603 971 638
844 933 999 970
142 833 279 885
788 775 985 814
142 774 279 833
731 775 788 927
103 774 142 1000
0 613 34 884
669 775 731 927
103 709 283 774
103 639 283 709
103 567 283 639
103 493 283 567
686 603 808 716
669 730 986 775
103 409 283 493
581 730 669 927
103 312 283 409
460 933 844 980
686 539 993 603
581 539 686 730
581 484 1000 539
524 484 581 933
460 484 524 933
460 428 1000 484
0 312 103 613
460 366 1000 428
404 366 460 1000
404 306 1000 366
350 306 404 1000
350 237 1000 306
350 166 1000 237
350 95 1000 166
350 0 1000 95
283 0 350 968
0 0 283 312
895 651 898 780
988 526 990 843
991 556 993 902
991 0 993 556
982 687 987 993
988 0 991 526
773 402 778 766
888 651 895 924
532 818 543 1000
532 807 721 818
982 290 988 687
975 290 982 687
721 889 757 978
754 402 773 603
532 783 721 807
932 492 973 662
495 783 532 1000
932 290 975 492
495 737 721 783
858 651 888 1000
899 816 963 983
899 687 982 816
495 679 721 737
899 290 932 687
452 679 495 1000
452 623 721 679
411 623 452 1000
721 402 754 889
411 570 721 623
368 570 411 1000
368 517 721 570
322 517 368 1000
272 517 322 1000
272 460 721 517
899 0 988 290
272 402 721 460
272 350 779 402
858 0 899 651
228 350 272 1000
779 425 832 969
183 350 228 1000
136 350 183 1000
779 0 858 425
78 350 136 1000
78 295 779 350
78 228 779 295
78 156 779 228
78 80 779 156
78 0 779 80
0 0 78 1000
430 386 432 672
977 405 1000 430
926 981 997 992
977 370 1000 405
977 251 1000 370
53 826 80 938
53 797 180 826
768 855 865 895
866 724 883 975
284 340 291 985
768 808 865 855
180 669 197 938
320 820 356 971
320 742 394 820
977 0 1000 251
394 599 414 906
53 746 180 797
293 742 320 1000
926 863 999 981
717 808 768 1000
53 669 180 746
717 724 866 808
885 492 925 809
960 0 977 756
717 645 885 724
717 565 885 645
686 565 717 1000
0 669 53 938
293 599 394 742
686 492 885 565
651 492 686 1000
651 426 926 492
619 426 651 1000
619 360 926 426
619 293 926 360
589 293 619 1000
589 227 926 293
0 522 197 669
293 386 430 599
926 0 960 863
223 340 284 875
293 149 432 386
589 117 926 227
589 0 926 117
0 340 223 522
544 0 589 1000
490 0 544 1000
0 149 293 340
433 0 490 1000
0 0 433 149
814 704 827 731
883 935 984 942
227 857 236 994
883 892 915 935
767 624 775 797
345 453 348 976
803 946 878 969
106 886 227 903
161 660 171 886
614 978 963 985
227 829 316 857
83 886 106 998
814 450 827 704
161 609 227 660
938 459 969 567
614 969 997 978
900 781 996 818
614 946 803 969
227 759 316 829
938 318 1000 459
779 450 814 733
678 892 883 945
410 946 614 1000
316 453 345 852
670 624 767 749
833 598 898 795
598 624 670 819
598 542 779 624
598 450 779 542
552 450 598 819
552 389 833 450
900 318 938 781
833 318 900 598
552 318 833 389
83 609 161 886
552 269 1000 318
678 819 989 892
507 269 552 819
507 218 1000 269
463 218 507 819
227 453 316 759
463 166 1000 218
0 609 83 998
410 819 678 946
410 166 463 819
0 453 227 609
349 166 410 991
349 87 1000 166
349 0 1000 87
0 0 349 453
410 709 477 716
237 998 725 1000
783 896 824 942
847 942 895 983
873 768 976 791
172 721 183 972
477 769 614 790
766 727 798 840
901 523 948 609
294 721 367 778
730 727 766 845
843 560 860 831
995 0 1000 971
628 451 647 714
843 385 873 560
294 644 367 721
237 985 829 998
410 585 477 709
948 460 984 729
783 845 984 896
948 175 984 460
730 636 843 727
984 0 995 980
670 845 783 942
730 525 843 636
477 667 614 769
477 566 628 667
730 385 843 525
901 175 948 523
101 721 172 953
694 385 730 845
873 175 901 768
477 451 628 566
477 346 650 451
650 385 694 845
477 217 650 346
650 281 873 385
650 175 873 281
410 217 477 585
367 217 410 809
237 942 847 985
650 84 984 175
367 84 650 217
294 84 367 644
237 845 670 942
237 84 294 845
184 84 237 1000
101 84 184 721
101 0 984 84
0 0 101 1000
325 796 326 993
212 951 249 958
167 856 183 923
997 303 999 884
389 631 396 851
256 473 261 819
249 473 256 895
922 921 969 988
580 988 961 999
925 798 984 874
0 964 126 1000
212 827 249 951
887 798 925 921
96 827 149 921
167 689 197 856
842 798 887 921
984 303 997 870
764 798 842 921
96 689 167 827
764 753 984 798
55 689 96 930
764 703 984 753
263 796 325 993
55 611 212 689
212 473 249 827
352 631 389 991
263 631 352 796
764 633 984 703
263 511 397 631
704 633 764 921
263 371 397 511
637 633 704 921
263 221 397 371
637 573 984 633
637 512 984 573
55 473 212 611
580 921 922 988
580 512 637 921
526 512 580 1000
526 454 984 512
0 473 55 964
526 392 984 454
476 392 526 1000
397 392 476 1000
397 303 984 392
397 215 1000 303
397 127 1000 215
0 221 263 473
397 0 1000 127
0 0 397 221
670 904 732 915
697 916 707 989
999 0 1000 953
957 438 960 874
343 899 658 904
457 752 685 760
444 752 457 899
996 0 999 695
950 438 957 785
635 440 696 490
444 737 685 752
733 981 941 1000
932 562 949 799
267 904 670 915
510 658 691 689
898 712 927 923
861 712 898 901
0 989 724 1000
387 737 444 899
387 658 510 737
343 658 387 899
861 562 932 712
343 630 732 658
861 438 950 562
343 598 732 630
733 929 972 981
824 438 861 774
343 565 732 598
343 531 732 565
306 531 343 904
267 531 306 904
267 499 732 531
231 499 267 916
190 499 231 916
974 0 996 997
131 499 190 916
131 440 635 499
131 389 732 440
131 337 732 389
131 280 732 337
131 222 733 280
733 438 824 929
131 143 733 222
66 143 131 916
0 916 697 989
0 143 66 916
0 73 733 143
733 221 974 438
733 0 974 221
0 0 733 73
522 806 545 808
880 936 881 989
399 820 508 831
399 806 508 820
399 789 508 806
508 806 522 999
988 262 994 729
399 761 508 789
113 671 126 904
859 686 876 911
912 605 929 852
399 715 508 761
508 668 545 806
399 668 508 715
770 686 859 749
929 742 964 909
374 668 399 1000
374 620 548 668
374 572 548 620
880 605 912 936
731 686 770 963
929 552 988 742
347 572 374 1000
127 711 171 982
731 605 880 686
0 837 101 958
693 605 731 994
347 492 548 572
929 262 988 552
647 605 693 994
0 671 113 837
347 390 548 492
592 605 647 1000
309 390 347 1000
592 527 929 605
309 272 548 390
592 440 929 527
592 352 929 440
592 262 929 352
206 258 253 907
548 262 592 1000
548 190 1000 262
548 116 1000 190
127 258 206 711
309 116 548 272
309 59 1000 116
309 0 1000 59
257 0 309 1000
0 258 127 671
0 0 257 258
745 701 819 703
997 780 1000 881
922 705 941 762
778 703 792 811
336 989 641 994
990 595 995 900
905 705 922 814
997 71 1000 780
676 820 715 879
745 977 894 993
753 703 778 811
725 703 753 811
697 703 725 811
745 630 790 701
697 630 745 703
990 71 997 595
929 358 942 694
943 865 986 976
336 977 745 989
336 966 816 977
336 943 629 966
657 630 697 811
713 879 892 920
905 358 929 705
604 630 657 820
604 592 905 630
604 550 905 592
336 920 921 943
336 879 713 920
604 498 905 550
553 498 604 820
499 498 553 820
442 498 499 820
336 820 676 879
442 453 905 498
442 406 905 453
442 358 905 406
442 308 943 358
442 253 943 308
442 197 943 253
390 197 442 820
390 137 943 197
336 137 390 820
943 71 990 865
336 71 943 137
288 71 336 1000
288 0 1000 71
202 0 288 1000
108 0 202 1000
0 0 108 1000
961 998 964 1000
967 933 968 1000
868 998 961 1000
897 899 964 902
238 850 317 854
570 998 868 1000
785 928 822 965
897 875 964 899
995 583 1000 922
995 202 1000 583
238 816 317 850
990 202 995 749
276 400 288 683
694 976 894 993
845 594 967 627
211 816 238 1000
967 677 990 933
785 875 897 928
211 752 317 816
780 594 845 721
127 683 303 730
175 752 211 1000
694 875 785 976
780 541 967 594
133 752 175 1000
967 202 990 677
724 541 780 757
79 752 133 1000
694 816 934 875
694 757 958 816
187 400 276 580
127 400 187 683
724 468 967 541
0 752 79 1000
127 285 317 400
645 468 724 757
69 285 127 752
645 383 967 468
645 296 967 383
570 757 694 998
0 285 69 752
570 296 645 757
518 296 570 1000
518 202 967 296
518 110 1000 202
456 110 518 1000
456 0 1000 110
390 0 456 1000
317 0 390 1000
0 0 317 285
321 992 357 999
385 543 388 718
898 856 1000 866
428 424 433 649
888 856 898 998
888 841 1000 856
737 357 740 951
875 841 888 998
366 543 385 655
321 945 375 992
418 424 428 687
850 841 875 1000
321 905 428 945
646 738 705 830
321 855 430 905
321 796 438 855
286 796 321 1000
850 793 1000 841
257 651 361 734
646 487 681 738
388 424 418 717
801 793 850 1000
718 357 737 900
232 796 286 1000
257 543 366 651
612 487 646 846
801 724 1000 793
161 796 232 1000
257 424 388 543
740 724 801 1000
161 735 438 796
740 657 1000 724
740 586 1000 657
567 487 612 920
567 357 718 487
740 507 1000 586
533 357 567 1000
740 421 1000 507
498 357 533 1000
740 325 1000 421
498 237 740 357
161 424 257 735
740 178 1000 325
438 237 498 1000
740 0 1000 178
161 237 438 424
81 237 161 1000
81 120 740 237
81 0 740 120
0 0 81 1000
871 951 884 964
488 968 979 972
180 341 191 540
889 778 913 875
97 807 144 855
785 875 844 929
889 748 1000 778
431 346 438 934
661 929 916 948
849 748 889 875
444 974 668 997
251 853 324 926
251 792 354 853
488 951 871 968
150 603 174 914
251 716 354 792
785 748 849 875
785 705 1000 748
785 658 1000 705
747 658 785 929
97 603 150 807
705 658 747 929
705 618 1000 658
251 586 354 716
661 618 705 929
364 744 431 960
661 575 1000 618
0 828 91 995
620 575 661 951
620 531 1000 575
579 531 620 951
579 489 1000 531
579 446 1000 489
97 341 180 603
579 389 1000 446
579 330 1000 389
364 346 431 744
579 265 1000 330
251 346 364 586
579 194 1000 265
536 194 579 925
488 194 536 951
488 121 1000 194
444 121 488 974
251 121 444 346
251 61 1000 121
251 0 1000 61
0 341 97 828
193 0 251 1000
0 0 193 341
106 434 108 777
437 982 524 999
923 943 964 983
998 0 1000 910
193 746 204 934
967 841 998 923
307 746 326 977
661 857 695 994
619 857 661 1000
619 805 738 857
619 744 738 805
437 825 485 982
270 746 307 968
83 434 106 794
437 759 576 825
270 649 370 746
581 744 619 1000
270 551 370 649
437 683 581 759
270 439 370 551
840 793 899 995
437 597 581 683
437 507 581 597
48 434 83 883
581 643 738 744
581 539 739 643
270 268 370 439
193 477 258 746
437 382 581 507
581 424 739 539
407 382 437 1000
581 303 739 424
0 434 48 901
370 382 407 1000
143 477 193 934
581 149 739 303
370 266 581 382
370 149 581 266
967 0 998 841
923 335 966 943
143 268 270 477
143 149 370 268
109 149 143 1000
739 615 836 917
0 149 109 434
840 335 923 793
0 94 739 149
840 0 967 335
739 0 840 615
0 0 739 94
