956 265 1000 670
844 637 956 828
693 637 844 792
693 547 956 637
693 437 956 547
693 265 956 437
546 265 693 1000
546 0 1000 265
385 0 546 1000
213 0 385 1000
0 0 213 1000
978 186 1000 756
896 692 978 868
814 692 896 921
707 692 814 1000
707 452 978 692
707 186 978 452
613 186 707 1000
517 186 613 1000
517 0 1000 186
271 0 517 1000
0 0 271 1000
920 353 939 443
920 209 1000 353
828 746 1000 901
722 209 920 460
521 746 828 1000
197 746 521 1000
197 619 1000 746
197 460 1000 619
197 209 722 460
197 0 1000 209
0 0 197 902
507 797 974 812
687 873 956 923
522 873 687 1000
313 873 522 1000
507 682 990 797
507 552 990 682
507 374 990 552
313 374 507 873
313 210 990 374
313 0 990 210
0 0 313 1000
864 535 1000 611
743 535 864 727
814 727 1000 872
656 727 814 996
743 280 1000 535
379 727 656 1000
566 280 743 727
566 0 1000 280
379 0 566 727
216 0 379 1000
0 0 216 1000
0 985 293 990
761 804 803 955
908 686 1000 870
404 714 521 985
571 804 761 1000
908 0 1000 686
571 532 908 804
0 714 404 985
0 454 571 714
571 0 908 532
0 0 571 454
795 791 802 892
918 700 935 908
795 567 918 791
377 904 748 1000
918 0 1000 700
550 567 795 904
550 333 918 567
377 333 550 904
377 0 918 333
189 0 377 1000
0 0 189 1000
932 717 975 840
853 717 932 886
734 545 782 1000
853 389 1000 717
853 0 1000 389
525 545 734 1000
525 224 853 545
373 224 525 1000
180 224 373 1000
180 0 853 224
0 0 180 1000
969 617 978 900
684 766 895 830
895 617 969 996
548 766 684 1000
895 224 1000 617
548 505 895 766
548 224 895 505
413 224 548 1000
194 224 413 1000
194 0 1000 224
0 0 194 1000
445 747 497 898
445 610 537 747
793 588 898 1000
318 610 445 1000
672 588 793 1000
672 378 1000 588
541 378 672 1000
541 192 1000 378
318 192 541 610
318 0 1000 192
0 0 318 1000
973 707 984 738
973 230 1000 707
824 592 973 691
416 944 879 1000
656 592 824 787
656 450 973 592
656 230 973 450
656 0 1000 230
416 787 936 944
416 0 656 787
0 0 416 1000
794 413 1000 548
790 744 926 1000
794 244 1000 413
790 575 1000 744
665 244 794 575
684 575 790 1000
466 575 684 1000
207 575 466 1000
207 244 665 575
207 0 1000 244
0 0 207 1000
335 838 360 1000
860 790 1000 941
184 838 335 1000
0 838 184 1000
439 857 668 990
439 747 732 857
439 632 732 747
860 0 1000 790
732 0 860 1000
439 0 732 632
0 0 439 838
413 884 565 1000
848 685 961 888
531 571 631 884
848 377 961 685
413 571 531 884
311 571 413 1000
848 0 985 377
765 0 848 911
0 571 311 1000
631 0 765 1000
0 0 631 571
987 0 994 332
761 352 840 427
643 352 761 643
920 0 987 634
720 643 1000 945
475 643 720 1000
643 0 920 352
475 0 643 643
366 0 475 1000
244 0 366 1000
0 0 244 1000
0 965 280 978
820 914 867 1000
0 882 239 965
820 719 1000 914
660 719 820 1000
660 562 1000 719
660 328 1000 562
498 328 660 1000
311 328 498 1000
311 0 1000 328
0 0 311 882
779 741 918 786
708 741 779 844
708 706 1000 741
426 967 837 998
591 706 708 967
591 570 1000 706
426 570 591 967
426 412 1000 570
426 252 1000 412
426 0 1000 252
0 0 426 1000
836 975 916 994
836 724 856 975
737 724 836 1000
614 724 737 1000
614 615 1000 724
614 455 1000 615
614 246 1000 455
614 0 1000 246
461 0 614 1000
294 0 461 1000
0 0 294 1000
833 776 1000 797
833 594 1000 776
833 398 1000 594
778 398 833 997
720 398 778 1000
720 262 1000 398
625 262 720 1000
625 0 1000 262
437 0 625 1000
245 0 437 1000
0 0 245 1000
910 797 968 970
453 880 590 1000
701 797 910 1000
701 652 1000 797
701 481 1000 652
453 543 627 880
312 543 453 1000
701 252 1000 481
701 0 1000 252
312 0 701 543
0 0 312 1000
967 511 987 702
944 511 967 686
0 954 311 991
788 702 1000 852
657 702 788 1000
502 702 657 1000
502 511 944 702
311 511 502 1000
311 367 1000 511
311 0 1000 367
0 0 311 954
531 977 593 988
722 732 811 890
531 890 1000 977
722 583 1000 732
531 583 722 890
531 395 1000 583
531 199 1000 395
406 199 531 1000
267 199 406 1000
267 0 1000 199
0 0 267 1000
547 908 589 1000
547 857 768 908
768 856 1000 959
768 713 1000 856
547 685 768 857
768 478 1000 713
325 685 547 1000
768 0 1000 478
325 357 768 685
325 0 768 357
0 0 325 1000
698 882 948 1000
379 664 570 828
698 716 1000 882
379 355 571 664
698 514 1000 716
571 514 698 1000
212 355 379 889
571 275 1000 514
571 0 1000 275
212 0 571 355
0 0 212 1000
248 867 253 1000
248 845 489 867
897 745 980 971
248 732 499 845
897 329 1000 745
658 702 897 955
658 329 897 702
505 329 658 1000
505 0 1000 329
248 0 505 732
0 0 248 1000
804 806 830 1000
495 807 548 921
804 774 1000 806
804 695 1000 774
804 574 1000 695
668 574 804 1000
668 375 1000 574
495 375 668 807
286 375 495 1000
286 0 1000 375
0 0 286 1000
