537 812 573 824
829 967 855 984
636 948 660 967
852 645 855 906
997 302 1000 564
528 812 537 985
990 302 997 580
950 926 997 999
587 967 829 984
636 924 829 948
879 753 899 994
835 645 852 963
856 753 879 1000
903 739 938 1000
950 721 1000 926
466 812 528 985
636 869 835 924
400 812 466 985
636 806 835 869
636 740 835 806
400 735 573 812
400 652 587 735
950 302 990 721
400 552 587 652
636 645 835 740
636 558 856 645
903 302 950 739
856 302 903 753
636 457 856 558
856 128 1000 302
636 320 856 457
330 552 400 985
330 431 587 552
274 431 330 1000
587 320 636 967
216 431 274 1000
216 332 587 431
156 332 216 1000
156 239 587 332
156 135 587 239
587 128 856 320
587 0 1000 128
156 0 587 135
94 0 156 1000
0 0 94 1000
830 473 854 492
952 519 960 586
939 519 952 586
905 936 964 969
355 591 687 598
745 532 830 571
963 488 1000 591
957 778 1000 875
87 927 150 1000
905 885 1000 936
797 360 849 467
839 725 978 767
854 519 939 590
0 927 87 1000
963 287 1000 488
523 532 745 571
355 571 798 591
706 360 797 473
843 778 957 885
756 885 905 969
0 846 157 927
722 778 843 885
465 969 926 1000
561 885 756 969
561 778 722 885
523 473 830 532
465 778 561 969
465 725 839 778
465 687 1000 725
523 360 706 473
465 643 1000 687
394 643 465 1000
854 287 963 519
394 598 1000 643
324 598 394 1000
355 360 523 571
355 287 854 360
215 598 324 1000
215 287 355 598
215 231 1000 287
157 231 215 1000
157 165 1000 231
157 85 1000 165
157 0 1000 85
0 0 157 846
958 942 1000 951
484 947 494 1000
541 153 542 752
402 890 425 917
484 891 517 947
958 888 1000 942
845 960 926 997
534 502 541 964
248 941 324 1000
189 879 248 970
351 890 402 1000
428 891 484 1000
248 880 351 941
189 771 248 879
351 797 428 890
517 502 534 935
248 801 351 880
845 888 958 960
845 835 1000 888
351 650 428 797
248 671 351 801
845 748 1000 835
351 463 428 650
786 748 845 1000
786 676 1000 748
722 676 786 1000
722 601 1000 676
248 463 351 671
248 339 428 463
722 514 1000 601
189 339 248 771
722 421 1000 514
667 421 722 1000
428 502 517 891
601 421 667 1000
601 322 1000 421
428 153 541 502
542 322 601 1000
542 228 1000 322
189 153 428 339
542 117 1000 228
542 0 1000 117
189 0 542 153
111 0 189 1000
0 0 111 1000
192 432 199 753
199 953 249 1000
351 876 444 907
838 772 874 867
940 883 977 980
977 787 1000 980
874 812 940 882
109 903 170 984
199 889 282 953
618 969 858 1000
351 778 449 876
173 432 192 939
977 354 1000 787
874 654 940 812
0 869 107 983
735 772 838 892
735 682 874 772
874 443 937 654
282 910 445 993
735 579 874 682
109 627 170 903
351 597 447 778
735 443 874 579
940 354 977 883
282 597 351 910
681 443 735 892
199 597 282 889
618 892 935 969
199 495 449 597
199 389 449 495
0 627 109 869
618 443 681 892
199 274 449 389
0 432 173 627
557 443 618 1000
199 137 449 274
557 354 940 443
557 273 1000 354
504 273 557 1000
504 190 1000 273
504 96 1000 190
449 96 504 1000
449 0 1000 96
0 137 199 432
0 0 449 137
527 619 534 756
312 693 317 896
263 952 316 976
548 247 550 911
263 922 317 952
437 832 456 956
853 964 960 1000
913 740 977 802
977 563 1000 747
861 740 913 833
437 490 456 832
535 247 548 773
853 912 1000 964
861 654 977 740
853 843 1000 912
263 693 312 922
220 693 263 979
774 843 853 1000
220 554 317 693
370 721 424 984
780 654 861 833
370 490 437 721
665 843 774 1000
780 563 977 654
706 563 780 843
706 489 1000 563
706 413 1000 489
706 332 1000 413
706 250 1000 332
665 250 706 843
456 619 527 973
317 490 370 994
624 250 665 926
624 171 1000 250
456 247 535 619
624 92 1000 171
589 92 624 1000
317 247 456 490
550 92 589 1000
317 92 550 247
220 92 317 554
159 92 220 1000
92 92 159 1000
92 0 1000 92
0 0 92 1000
987 955 991 960
261 869 274 921
996 679 999 982
987 788 993 955
979 788 987 961
245 869 261 976
70 971 138 1000
160 858 219 909
565 911 667 942
565 880 667 911
219 869 245 996
942 788 979 939
277 783 314 943
219 747 277 869
565 810 667 880
277 638 331 783
899 788 942 1000
516 810 565 1000
516 743 667 810
70 858 160 971
899 679 996 788
860 679 899 1000
465 743 516 1000
860 573 1000 679
70 747 219 858
0 747 70 1000
465 659 678 743
815 573 860 1000
406 659 465 1000
815 449 1000 573
331 659 406 1000
331 574 678 659
678 754 803 993
0 638 277 747
0 519 331 638
678 449 815 754
331 451 678 574
0 389 331 519
678 313 1000 449
0 246 331 389
331 313 678 451
331 236 1000 313
331 119 1000 236
331 0 1000 119
0 0 331 246
886 959 891 1000
998 89 1000 419
723 907 754 940
230 796 249 909
177 640 223 707
0 956 103 996
986 585 998 983
867 654 886 932
251 954 369 1000
754 814 796 960
391 467 408 837
796 837 867 942
408 187 419 879
623 907 723 1000
103 896 194 1000
886 742 939 959
623 814 754 907
103 796 230 896
796 654 867 837
103 707 251 796
623 735 796 814
623 654 796 735
177 430 244 640
623 598 886 654
586 598 623 1000
586 535 886 598
939 585 986 997
0 707 103 956
527 535 586 999
527 453 886 535
939 89 998 585
327 467 391 934
527 363 886 453
475 363 527 1000
475 281 886 363
886 89 939 742
251 467 327 954
475 187 886 281
251 187 408 467
419 187 475 1000
419 89 886 187
0 430 177 707
419 0 1000 89
0 187 251 430
0 0 419 187
217 987 296 988
443 896 474 915
566 970 614 1000
443 839 481 896
905 930 938 997
938 242 945 604
947 877 1000 936
481 615 499 850
680 876 728 970
947 791 1000 877
411 839 443 1000
680 779 756 876
356 839 411 1000
633 779 680 970
300 839 356 1000
300 783 481 839
905 673 945 930
300 715 481 783
566 779 633 970
848 483 895 780
905 242 938 673
499 779 566 1000
499 720 756 779
499 658 756 720
300 615 481 715
217 718 285 987
300 513 499 615
499 574 756 658
499 479 756 574
499 382 756 479
300 382 499 513
217 382 300 718
756 796 899 993
756 483 848 796
217 326 756 382
756 242 905 483
163 326 217 1000
947 0 1000 791
163 255 756 326
756 0 947 242
163 175 756 255
163 88 756 175
163 0 756 88
103 0 163 1000
0 0 103 1000
989 533 996 659
953 939 1000 972
797 900 816 1000
816 960 867 1000
556 969 628 1000
715 910 754 981
346 972 467 995
797 684 816 900
665 910 715 1000
346 926 470 972
953 796 1000 939
797 324 816 684
954 533 989 744
346 853 470 926
665 794 754 910
754 727 797 970
899 796 953 1000
556 858 663 969
470 858 556 1000
256 853 346 1000
470 789 665 858
256 789 470 853
816 784 895 960
899 533 954 796
470 712 665 789
256 715 470 789
754 324 797 727
470 616 665 712
256 626 470 715
816 533 899 784
470 506 665 616
256 517 470 626
816 400 1000 533
470 372 665 506
193 517 256 1000
816 203 1000 400
816 0 1000 203
193 372 470 517
193 286 665 372
665 324 754 794
665 0 816 324
118 286 193 1000
118 155 665 286
118 0 665 155
0 0 118 1000
857 994 938 996
760 994 857 996
894 954 911 975
934 726 981 759
719 922 744 1000
719 873 760 922
760 975 936 994
934 670 1000 726
894 904 1000 954
666 856 719 991
791 900 894 975
535 825 593 975
462 808 535 985
934 457 1000 670
894 763 1000 904
791 752 894 900
535 551 593 825
376 808 462 1000
934 206 1000 457
791 590 894 752
376 701 535 808
791 423 894 590
313 701 376 1000
593 689 666 973
242 701 313 1000
242 626 535 701
242 551 535 626
894 206 934 763
791 206 894 423
189 551 242 1000
760 206 791 975
189 485 593 551
137 485 189 1000
719 206 760 873
137 410 593 485
666 206 719 856
78 410 137 1000
593 206 666 689
78 334 593 410
593 106 1000 206
78 250 593 334
593 0 1000 106
78 134 593 250
0 134 78 1000
0 0 593 134
944 976 987 986
128 629 139 802
569 801 624 853
661 983 836 1000
139 930 218 992
829 879 929 930
508 787 569 887
991 268 1000 1000
547 887 624 982
270 900 353 994
702 860 826 927
0 936 139 1000
218 823 270 1000
944 735 991 976
829 780 944 879
445 887 547 1000
218 592 270 823
661 930 911 983
702 753 829 860
270 718 353 900
829 634 944 780
569 490 623 801
702 620 829 753
508 490 569 787
829 473 944 634
702 473 829 620
661 473 702 930
624 473 661 1000
624 411 944 473
944 268 991 735
445 490 508 887
624 327 944 411
139 592 218 930
445 327 624 490
445 268 944 327
402 268 445 1000
353 268 402 1000
270 268 353 718
0 629 128 936
270 212 1000 268
270 152 1000 212
270 89 1000 152
270 0 1000 89
139 0 270 592
0 0 139 629
576 997 642 1000
542 988 571 997
647 951 708 981
836 900 882 940
925 937 1000 968
901 701 925 825
744 724 786 812
273 975 488 994
786 940 877 1000
542 747 571 988
427 892 517 975
708 859 786 967
647 810 708 951
744 511 786 724
925 805 1000 937
647 618 708 810
273 892 427 975
836 701 901 900
744 158 786 511
925 591 1000 805
836 509 925 701
273 825 542 892
925 340 1000 591
273 747 542 825
786 509 836 940
273 674 576 747
273 599 576 674
576 655 643 997
273 523 576 599
786 340 925 509
708 158 744 859
786 212 1000 340
647 158 708 618
214 523 273 1000
786 71 1000 212
214 438 576 523
155 438 214 1000
155 356 576 438
576 158 647 655
155 266 576 356
155 158 576 266
155 71 786 158
155 0 1000 71
86 0 155 1000
0 0 86 1000
313 993 501 998
188 717 199 834
109 957 146 1000
446 932 476 993
512 649 525 790
188 475 199 717
109 912 188 957
899 770 1000 818
921 911 1000 975
0 931 109 981
199 858 239 1000
921 839 1000 911
899 706 1000 770
0 871 109 931
199 749 272 858
313 932 446 993
463 649 512 830
814 706 899 839
844 839 921 1000
814 637 1000 706
380 649 463 809
761 839 844 1000
380 556 536 649
738 637 814 839
661 839 761 1000
380 452 536 556
313 849 529 932
738 563 1000 637
738 480 1000 563
313 452 380 849
313 329 536 452
272 329 313 1000
661 480 738 839
606 480 661 1000
199 329 272 749
109 475 188 912
606 387 1000 480
199 216 536 329
536 387 606 1000
0 475 109 871
536 293 1000 387
536 154 1000 293
536 0 1000 154
199 0 536 216
0 0 199 475
998 747 999 944
979 794 986 832
998 587 1000 747
343 903 360 989
453 879 512 910
484 922 529 1000
689 764 787 802
765 513 787 739
517 392 535 718
668 904 777 966
878 889 979 956
406 738 453 888
266 903 343 1000
367 922 484 1000
266 806 363 903
878 794 979 889
486 392 517 715
453 748 534 879
668 806 777 904
486 171 535 392
266 685 363 806
535 970 972 999
590 806 668 970
787 794 878 970
266 499 367 685
228 499 266 1000
453 171 486 748
689 513 765 764
787 694 986 794
787 587 998 694
787 479 1000 587
787 363 1000 479
406 171 453 738
590 513 689 806
367 171 406 922
590 363 787 513
590 287 1000 363
535 287 590 970
535 202 1000 287
228 171 367 499
535 102 1000 202
535 0 1000 102
228 0 535 171
115 0 228 1000
0 0 115 1000
897 927 916 946
544 936 685 939
287 983 346 994
346 956 382 1000
958 947 995 992
751 918 837 947
965 814 1000 899
799 657 836 759
861 947 958 1000
751 857 837 918
674 785 751 870
751 780 837 857
544 899 733 936
674 688 751 785
897 814 965 927
799 449 836 657
674 947 861 1000
897 717 1000 814
443 947 674 1000
611 688 674 899
837 717 897 947
837 630 1000 717
544 688 611 899
751 449 799 780
544 609 751 688
837 515 1000 630
488 609 544 947
488 536 751 609
837 378 1000 515
488 449 751 536
488 378 837 449
488 325 1000 378
488 270 1000 325
443 270 488 947
399 270 443 1000
346 270 399 956
287 270 346 983
287 210 1000 270
230 210 287 1000
230 151 1000 210
230 91 1000 151
169 91 230 1000
103 91 169 1000
103 0 1000 91
0 0 103 1000
595 679 669 682
876 451 890 512
385 690 943 692
800 949 878 968
885 582 907 653
882 923 915 983
800 922 882 949
915 181 947 254
800 890 882 922
875 181 915 254
385 683 844 690
580 983 850 1000
801 522 910 569
882 844 959 923
959 782 990 997
725 890 800 983
725 844 882 890
756 451 876 512
595 653 948 679
654 844 725 983
580 844 654 983
594 522 801 575
594 451 756 522
948 399 995 678
595 582 885 653
385 582 595 683
580 782 959 844
471 782 580 1000
471 735 1000 782
373 735 471 1000
373 692 1000 735
284 692 373 1000
385 451 594 582
385 399 948 451
284 399 385 692
284 355 1000 399
233 355 284 1000
233 305 1000 355
233 254 1000 305
170 254 233 1000
170 181 875 254
98 181 170 1000
98 107 1000 181
98 0 1000 107
0 0 98 1000
978 848 1000 855
784 848 978 855
958 922 1000 960
899 817 1000 844
583 607 611 715
235 947 302 1000
0 960 101 1000
462 813 563 861
877 861 965 922
235 894 344 947
899 750 986 817
899 691 1000 750
870 922 958 995
786 922 870 1000
713 696 766 840
666 696 713 861
235 816 344 894
532 607 583 800
532 476 611 607
825 691 899 848
606 922 786 1000
666 576 784 696
825 604 1000 691
405 922 606 1000
611 576 666 861
825 512 1000 604
611 481 784 576
825 417 1000 512
611 379 784 481
784 417 825 848
784 333 1000 417
784 248 1000 333
611 248 784 379
462 476 532 813
235 578 344 816
405 861 877 922
462 248 611 476
405 248 462 861
405 177 1000 248
405 94 1000 177
344 94 405 1000
344 0 1000 94
235 0 344 578
157 0 235 1000
0 0 157 960
796 919 828 924
379 722 381 905
796 916 995 919
842 790 949 796
381 960 410 990
373 722 379 961
936 589 976 631
973 432 1000 521
920 965 997 1000
782 631 911 655
903 535 1000 570
381 827 412 960
535 631 782 655
789 535 903 589
796 879 997 916
189 857 268 980
657 589 936 631
575 965 920 1000
110 801 189 968
842 701 1000 790
381 359 412 827
796 804 1000 879
667 804 796 924
575 924 961 965
667 701 842 804
789 432 973 535
575 701 667 924
657 432 789 589
501 701 575 1000
535 432 657 631
412 701 501 1000
412 655 1000 701
272 722 373 991
412 432 535 655
412 372 1000 432
412 309 1000 372
272 359 381 722
189 359 272 857
412 238 1000 309
412 166 1000 238
189 166 412 359
189 101 1000 166
110 101 189 801
110 0 1000 101
0 0 110 1000
0 974 81 1000
101 944 160 981
978 725 995 867
950 929 1000 987
231 532 241 918
995 0 1000 800
726 754 754 921
341 928 418 1000
0 918 101 974
160 877 220 1000
754 577 775 939
775 927 906 1000
160 740 231 877
341 834 450 928
775 848 907 927
676 754 726 983
978 0 995 725
341 717 457 834
775 745 907 848
617 754 676 1000
775 633 907 745
160 532 231 740
341 582 457 717
160 324 241 532
775 499 907 633
294 582 341 1000
294 457 457 582
775 323 907 499
617 577 754 754
950 0 978 929
552 577 617 1000
552 453 775 577
552 323 775 453
552 223 907 323
505 223 552 1000
101 324 160 944
457 223 505 1000
294 223 457 457
241 223 294 1000
907 0 950 964
241 152 907 223
241 72 907 152
0 324 101 918
0 72 241 324
0 0 907 72
515 519 517 676
515 192 518 519
402 642 450 679
473 488 490 661
341 562 367 683
508 192 515 655
307 562 341 683
267 562 307 683
902 864 991 920
859 864 902 1000
267 517 402 562
813 864 859 1000
229 517 267 683
758 864 813 1000
491 192 508 643
445 803 506 933
398 803 445 978
355 803 398 1000
229 456 402 517
402 488 473 642
355 738 526 803
758 810 1000 864
300 738 355 1000
758 749 1000 810
240 738 300 1000
694 749 758 1000
171 738 240 1000
694 690 1000 749
171 683 526 738
694 624 1000 690
107 683 171 1000
694 550 1000 624
694 473 1000 550
646 473 694 1000
402 192 491 488
585 473 646 1000
229 192 402 456
585 361 1000 473
585 249 1000 361
585 132 1000 249
585 0 1000 132
526 0 585 952
107 192 229 683
107 0 526 192
0 0 107 1000
998 354 1000 691
998 0 1000 354
890 955 927 992
589 883 613 967
843 955 890 1000
973 588 983 834
542 905 569 1000
930 924 967 998
405 946 473 1000
613 946 703 987
466 542 491 715
903 744 929 937
589 606 613 883
794 673 910 744
335 739 447 823
613 834 703 946
405 823 491 946
794 594 930 673
843 744 903 955
331 823 405 1000
613 678 703 834
542 606 589 905
930 588 973 924
794 487 930 594
983 0 998 997
781 744 843 1000
236 823 331 1000
613 476 703 678
703 744 781 1000
613 245 703 476
703 487 794 744
542 245 613 606
335 542 466 739
236 542 335 823
930 0 983 588
236 397 491 542
491 245 542 1000
703 270 930 487
154 397 236 1000
154 245 491 397
84 245 154 1000
703 0 930 270
84 127 703 245
84 0 703 127
0 0 84 1000
785 981 812 1000
435 948 502 969
531 853 557 940
877 899 924 952
73 937 176 970
507 853 531 1000
616 756 635 970
994 86 1000 909
493 737 557 823
924 834 983 939
310 948 435 1000
785 819 826 981
835 750 877 925
616 389 637 756
637 861 696 996
877 717 924 899
418 737 493 853
983 86 994 891
73 843 176 937
835 486 877 750
696 819 785 978
73 702 176 843
418 631 557 737
696 705 835 819
418 500 557 631
310 853 507 948
364 500 418 853
310 500 364 853
924 489 983 834
924 86 983 489
877 86 924 717
696 486 835 705
696 311 877 486
246 500 310 1000
557 389 616 968
246 389 557 500
696 86 877 311
176 389 246 1000
176 293 637 389
637 86 696 861
176 190 637 293
176 86 637 190
176 0 1000 86
73 0 176 702
0 0 73 1000
987 934 1000 947
859 670 918 676
996 471 998 652
918 432 920 665
859 654 918 670
498 794 509 903
406 883 427 1000
352 933 406 980
987 704 1000 934
571 166 576 985
859 584 918 654
973 704 987 1000
473 794 498 993
406 678 435 883
830 954 969 998
0 934 101 1000
239 933 352 1000
787 584 859 704
473 528 510 794
830 865 966 954
0 810 113 934
239 845 406 933
924 471 996 700
436 528 473 993
924 213 1000 471
787 432 918 584
666 865 830 1000
666 790 973 865
666 704 973 790
576 704 666 1000
239 678 406 845
239 528 436 678
787 213 924 432
725 213 787 704
656 213 725 704
576 213 656 704
576 109 1000 213
576 0 1000 109
239 355 510 528
510 166 571 961
239 166 510 355
239 0 576 166
182 0 239 1000
113 0 182 1000
0 0 113 810
70 997 115 1000
738 754 761 778
209 913 262 967
994 103 1000 758
901 803 938 913
808 843 840 986
197 390 208 828
488 901 685 929
177 693 196 994
901 649 942 803
761 843 808 996
864 914 961 991
840 441 864 957
306 970 745 1000
644 754 738 901
644 634 761 754
587 634 644 901
587 542 761 634
538 542 587 901
488 542 538 901
306 929 750 970
971 103 994 902
438 542 488 929
438 478 761 542
438 413 761 478
942 103 971 825
397 413 438 929
901 103 942 649
397 337 761 413
397 256 761 337
353 256 397 929
864 103 901 914
306 256 353 929
761 441 840 843
70 693 177 997
761 103 864 441
306 177 761 256
262 177 306 1000
262 103 761 177
262 52 1000 103
70 390 197 693
209 52 262 913
70 52 209 390
70 0 1000 52
0 0 70 1000
526 946 533 948
997 471 1000 493
663 772 752 779
711 822 752 853
997 0 1000 471
526 935 725 946
148 992 537 1000
841 553 853 888
886 938 967 1000
347 914 515 949
924 812 980 923
586 949 731 992
702 599 752 727
519 772 663 822
622 822 711 935
924 627 980 812
526 822 622 935
886 627 924 938
853 627 886 1000
853 524 980 627
623 599 702 766
980 0 997 794
347 822 526 914
215 822 347 949
519 599 623 772
148 949 586 992
433 599 519 822
853 368 980 524
327 599 433 822
215 599 327 822
215 552 752 599
148 552 215 949
148 500 752 552
148 441 752 500
148 380 752 441
752 553 841 972
148 310 752 380
148 238 752 310
148 164 752 238
93 164 148 1000
853 0 980 368
93 90 752 164
752 0 853 553
93 0 752 90
0 0 93 1000
998 665 1000 900
438 978 527 992
448 617 485 681
496 689 532 755
955 897 998 961
495 860 561 906
837 944 929 990
438 936 551 978
929 750 952 983
448 534 515 617
515 538 557 675
837 879 929 944
495 755 561 860
376 689 496 755
515 354 561 538
763 879 837 1000
240 689 376 755
955 665 998 897
678 879 763 1000
438 755 495 936
678 831 929 879
448 354 515 534
384 755 438 1000
448 232 561 354
326 755 384 1000
249 755 326 1000
166 755 249 1000
678 750 929 831
678 665 955 750
678 590 1000 665
388 232 448 681
678 500 1000 590
316 232 388 689
678 395 1000 500
240 232 316 689
620 395 678 1000
561 395 620 1000
561 312 1000 395
561 224 1000 312
166 232 240 755
98 232 166 1000
561 92 1000 224
98 92 561 232
98 0 1000 92
0 0 98 1000
958 947 959 988
995 797 998 975
71 884 100 928
801 911 851 990
854 931 925 990
527 990 954 1000
0 953 109 1000
127 900 179 1000
71 790 127 884
664 921 745 990
958 797 995 947
188 577 211 917
801 759 854 911
664 855 801 921
958 540 1000 797
0 790 71 953
854 760 927 931
664 759 801 855
927 540 958 990
664 681 854 759
613 681 664 990
854 540 927 760
613 612 854 681
613 540 854 612
127 577 188 900
613 487 1000 540
570 487 613 990
527 487 570 990
483 487 527 1000
483 441 1000 487
439 441 483 1000
0 577 127 790
439 392 1000 441
388 392 439 1000
388 337 1000 392
334 337 388 1000
0 400 211 577
271 337 334 1000
271 279 1000 337
211 279 271 1000
211 223 1000 279
211 165 1000 223
211 105 1000 165
211 0 1000 105
0 0 211 400
837 964 866 975
257 818 274 906
866 889 897 942
274 323 277 997
637 900 666 979
101 933 140 1000
801 867 834 1000
986 627 1000 954
897 939 983 1000
678 698 705 903
866 651 897 889
740 867 801 989
897 850 986 939
637 698 678 900
897 756 986 850
257 323 274 818
837 651 866 964
740 763 837 867
740 651 837 763
740 581 897 651
172 598 209 894
897 627 986 756
592 698 637 979
897 486 1000 627
740 486 897 581
705 486 740 1000
101 598 172 933
592 486 705 698
592 423 1000 486
542 423 592 1000
490 423 542 1000
210 323 257 960
101 323 210 598
490 354 1000 423
490 284 1000 354
440 284 490 1000
440 217 1000 284
392 217 440 1000
337 217 392 1000
280 217 337 1000
280 149 1000 217
280 76 1000 149
280 0 1000 76
101 0 280 323
0 0 101 1000
909 794 913 985
856 956 909 984
917 955 952 1000
834 707 856 781
970 899 1000 961
701 847 730 930
117 914 159 975
298 980 457 1000
598 747 627 945
809 839 856 972
786 707 834 839
701 626 730 847
463 874 542 971
970 630 1000 899
856 794 909 956
117 660 160 914
786 543 856 707
730 839 809 997
463 717 543 874
543 747 598 1000
543 575 627 747
71 660 117 991
403 717 463 980
917 630 970 955
786 276 856 543
917 401 1000 630
543 272 627 575
627 626 701 993
917 68 1000 401
298 717 403 980
298 598 543 717
730 276 786 839
298 468 543 598
230 468 298 1000
627 276 730 626
160 468 230 1000
160 370 543 468
160 272 543 370
856 68 917 794
160 171 627 272
627 68 856 276
160 68 627 171
71 68 160 660
71 0 1000 68
0 0 71 1000
296 891 307 912
151 834 198 850
988 618 1000 683
142 834 151 920
752 941 768 1000
959 936 982 996
706 450 711 790
922 936 959 997
633 937 676 1000
507 850 541 933
441 831 481 975
541 789 572 983
481 714 507 1000
86 920 199 991
795 915 922 985
922 794 988 936
199 891 296 995
142 643 199 834
679 450 706 883
507 498 541 850
541 309 572 789
199 754 308 891
795 794 922 915
86 643 142 920
795 710 988 794
795 618 988 710
795 523 1000 618
308 831 441 980
308 714 481 831
633 450 679 937
795 404 1000 523
795 276 1000 404
752 276 795 941
752 150 1000 276
572 450 633 980
711 150 752 1000
572 150 711 450
308 498 507 714
308 309 541 498
199 309 308 754
199 150 572 309
199 75 1000 150
86 75 199 643
86 0 1000 75
0 0 86 1000
431 404 433 958
414 794 431 884
0 973 116 1000
335 910 378 1000
404 583 414 972
288 885 335 988
250 840 283 1000
433 308 443 865
907 908 1000 971
197 840 250 954
414 404 431 794
831 908 907 1000
831 860 1000 908
54 834 121 966
139 840 197 1000
139 776 288 840
831 802 1000 860
780 802 831 1000
378 583 404 972
139 695 288 776
335 583 378 910
139 600 288 695
335 404 414 583
54 624 133 834
780 721 1000 802
716 721 780 1000
0 624 54 973
640 721 716 1000
288 404 335 885
640 654 1000 721
640 585 1000 654
575 585 640 1000
575 519 1000 585
139 404 288 600
511 519 575 1000
0 404 139 624
443 519 511 1000
443 460 1000 519
0 308 433 404
0 202 443 308
443 351 1000 460
443 235 1000 351
443 118 1000 235
443 0 1000 118
0 0 443 202
410 938 420 999
875 869 894 912
963 818 977 889
821 761 828 909
499 910 536 943
828 846 875 887
942 818 963 925
303 953 354 999
933 925 1000 967
983 607 1000 925
875 588 895 869
410 825 460 938
942 660 983 818
499 717 536 910
983 152 1000 607
819 925 933 1000
749 761 821 912
460 717 499 998
661 925 819 1000
828 588 875 846
303 825 410 953
749 578 828 761
828 373 895 588
749 373 828 578
303 717 460 825
303 641 538 717
714 373 749 925
942 152 983 660
303 538 538 641
248 538 303 999
192 538 248 1000
192 460 538 538
141 460 192 1000
81 460 141 1000
895 152 942 900
81 377 538 460
81 294 538 377
714 152 895 373
661 152 714 925
608 152 661 1000
81 176 538 294
608 0 1000 152
538 0 608 1000
81 0 538 176
0 0 81 1000
973 701 974 958
417 457 422 585
962 701 973 866
246 636 307 668
962 483 974 701
337 901 424 955
916 868 959 983
75 980 359 1000
308 557 385 636
814 872 868 985
974 619 1000 906
247 836 371 901
916 668 962 868
736 872 814 1000
653 872 736 1000
308 457 417 557
653 822 873 872
246 457 308 636
590 822 653 1000
246 382 424 457
873 668 916 991
246 303 424 382
590 765 873 822
974 0 1000 619
201 303 246 668
873 483 962 668
590 696 873 765
75 901 337 980
201 207 424 303
590 613 873 696
520 613 590 1000
520 536 873 613
247 668 420 836
520 453 873 536
520 359 873 453
520 262 873 359
473 262 520 1000
424 262 473 1000
75 668 247 901
873 0 974 483
424 143 873 262
75 207 201 668
424 0 873 143
75 0 424 207
0 0 75 1000
627 893 833 896
482 918 795 921
246 674 254 971
932 684 967 755
765 739 932 756
797 899 954 918
801 608 947 629
816 869 952 893
834 968 949 1000
990 474 1000 893
254 652 271 926
819 921 967 954
895 756 967 838
254 304 271 652
482 899 797 918
569 968 834 1000
816 756 895 869
765 684 932 739
0 884 90 997
765 629 967 684
967 474 990 978
730 756 816 893
569 921 819 968
801 532 958 608
410 921 569 1000
627 756 730 893
627 629 765 756
558 629 627 899
185 674 246 985
558 532 801 629
103 674 185 985
482 532 558 899
410 532 482 921
348 532 410 1000
348 474 967 532
348 414 1000 474
271 414 348 1000
271 340 1000 414
271 264 1000 340
103 304 254 674
271 186 1000 264
0 304 103 884
271 93 1000 186
271 0 1000 93
0 0 271 304
902 978 952 991
853 738 876 769
484 998 923 1000
200 986 297 1000
987 841 1000 954
463 877 479 980
902 955 987 978
327 954 373 1000
957 638 987 737
294 840 317 972
484 991 931 998
184 658 197 915
697 738 853 769
902 884 987 955
400 877 463 1000
87 892 184 982
987 160 1000 841
888 638 957 769
294 519 327 840
327 777 400 954
750 884 902 991
400 681 484 877
750 814 987 884
400 483 484 681
651 814 750 991
544 814 651 991
697 638 888 738
544 769 987 814
544 638 697 769
484 638 544 991
327 483 400 777
87 658 184 892
484 584 987 638
484 529 987 584
484 448 987 529
200 519 294 986
484 355 987 448
484 258 987 355
484 160 987 258
327 160 484 483
327 83 1000 160
200 83 327 519
200 0 1000 83
87 0 200 658
0 0 87 1000
893 857 895 916
587 820 588 969
904 189 907 367
851 504 898 521
851 481 904 504
103 928 126 987
762 507 851 524
862 919 891 985
570 820 587 995
542 820 570 1000
763 717 863 782
776 857 893 916
762 919 862 992
0 928 103 999
963 570 1000 812
907 877 993 986
776 782 907 857
763 648 907 717
0 836 131 928
672 648 763 782
471 820 542 992
594 919 762 992
851 189 904 481
0 710 131 836
374 820 471 1000
672 562 907 648
374 724 594 820
963 0 1000 570
374 622 594 724
594 782 776 919
762 189 851 507
374 487 594 622
313 487 374 1000
313 371 594 487
672 189 762 562
257 371 313 1000
198 371 257 1000
198 268 594 371
198 159 594 268
594 189 672 782
907 0 963 877
131 159 198 1000
594 0 907 189
131 0 594 159
0 0 131 710
998 546 1000 965
586 981 703 1000
887 919 987 945
293 983 450 1000
505 837 586 872
714 977 848 1000
586 950 686 981
987 546 998 900
660 738 690 895
476 910 549 983
703 123 714 658
887 857 987 919
505 737 586 837
660 427 688 738
887 767 987 857
690 123 703 858
446 737 505 910
887 659 987 767
446 656 586 737
848 659 887 977
293 910 476 983
446 548 586 656
399 548 446 877
848 546 987 659
399 463 586 548
806 546 848 977
806 448 1000 546
351 463 399 910
763 448 806 948
351 369 586 463
617 427 660 942
617 123 690 427
763 354 1000 448
351 263 586 369
586 123 617 950
763 243 1000 354
763 130 1000 243
763 0 1000 130
293 263 351 910
293 123 586 263
714 0 763 977
293 0 714 123
236 0 293 1000
141 0 236 1000
0 0 141 1000
