877 776 974 803
877 744 978 776
813 483 877 546
918 809 985 871
418 987 887 998
877 701 1000 744
863 809 918 918
877 630 1000 701
823 630 877 809
813 416 973 483
813 355 1000 416
172 776 245 950
746 355 813 546
418 956 916 987
725 630 823 809
418 918 917 956
627 355 746 546
654 809 863 918
725 546 1000 630
627 289 1000 355
630 546 725 809
418 809 654 918
520 289 627 546
512 546 630 809
251 809 418 1000
394 289 520 546
384 546 512 809
251 546 384 809
251 289 394 546
251 225 1000 289
251 158 1000 225
251 87 1000 158
172 87 251 776
108 87 172 1000
108 0 1000 87
0 0 108 1000
814 971 828 1000
706 681 732 709
678 681 706 709
949 249 996 287
929 550 966 609
981 809 994 981
900 249 949 332
904 369 1000 418
777 421 890 464
968 476 999 644
777 369 904 421
713 369 777 476
814 898 949 971
713 332 1000 369
629 332 713 476
678 621 919 681
814 809 981 898
678 550 929 621
814 709 1000 809
547 550 678 709
736 709 814 1000
463 332 629 476
631 709 736 1000
547 476 968 550
517 709 631 1000
397 709 517 1000
397 476 547 709
463 249 900 332
318 476 397 1000
235 476 318 1000
235 249 463 476
235 178 1000 249
148 178 235 1000
148 90 1000 178
148 0 1000 90
0 0 148 1000
354 891 407 905
221 530 233 705
481 374 486 839
295 891 354 951
94 951 210 1000
886 861 951 951
649 735 697 916
408 798 481 942
701 951 956 994
192 530 221 930
295 784 408 891
295 663 408 784
486 846 646 949
886 694 989 861
486 735 649 846
808 694 886 951
233 951 701 994
486 622 697 735
808 567 999 694
486 486 697 622
486 350 697 486
808 412 999 567
752 412 808 951
752 288 1000 412
408 374 481 798
295 374 408 663
697 288 752 951
697 155 1000 288
486 155 697 350
94 530 192 951
295 155 486 374
295 88 1000 155
233 88 295 951
94 88 233 530
94 0 1000 88
0 0 94 1000
797 875 864 943
898 829 945 927
603 887 673 966
243 973 456 1000
658 721 705 862
555 769 591 966
864 567 898 803
965 667 990 998
750 783 793 990
502 769 555 956
965 333 1000 667
429 769 502 931
429 695 603 769
377 695 429 973
898 583 957 829
658 426 711 721
898 333 965 583
310 695 377 973
310 628 603 695
797 567 864 875
310 551 603 628
797 333 898 567
603 426 658 887
797 177 1000 333
797 0 1000 177
310 426 603 551
243 426 310 973
750 0 797 783
711 0 750 1000
169 426 243 1000
94 426 169 1000
94 355 711 426
94 259 711 355
94 146 711 259
94 0 711 146
0 0 94 1000
525 517 536 669
225 911 286 943
525 306 536 517
517 452 524 805
890 842 957 933
346 923 477 974
501 452 517 885
708 951 918 1000
346 840 477 923
890 736 999 842
477 452 501 961
890 620 1000 736
346 718 477 840
286 718 346 1000
833 620 890 933
776 620 833 951
286 605 477 718
708 620 776 951
708 537 1000 620
650 537 708 1000
592 537 650 1000
592 471 1000 537
538 471 592 1000
286 452 477 605
538 406 1000 471
286 306 525 452
538 326 1000 406
225 306 286 911
538 245 1000 326
538 160 1000 245
225 160 538 306
170 160 225 1000
107 160 170 1000
107 88 1000 160
107 0 1000 88
0 0 107 1000
241 973 249 990
298 663 300 892
197 973 241 990
813 949 1000 962
51 935 93 996
436 516 443 968
157 745 197 842
51 896 157 935
0 896 51 1000
673 949 813 1000
878 622 927 773
827 622 878 777
673 920 958 949
771 622 827 777
673 879 1000 920
771 540 964 622
395 516 436 945
501 879 673 1000
0 745 157 896
0 623 197 745
771 432 1000 540
501 829 1000 879
501 777 1000 829
197 663 298 973
677 432 771 777
306 516 395 966
677 305 1000 432
589 305 677 777
589 190 1000 305
501 190 589 777
501 86 1000 190
443 86 501 1000
306 86 443 516
306 0 1000 86
197 0 306 663
0 0 197 623
599 424 826 427
915 866 931 973
599 411 756 424
894 866 915 979
697 981 838 998
878 332 916 427
878 293 1000 332
832 293 878 427
823 777 860 958
780 777 823 937
832 246 1000 293
736 777 780 981
947 649 981 912
736 718 894 777
697 718 736 981
894 649 947 866
653 718 697 1000
653 649 894 718
597 649 653 1000
597 600 1000 649
544 600 597 1000
544 552 1000 600
544 495 1000 552
489 495 544 1000
599 246 832 411
410 495 489 1000
328 495 410 1000
245 495 328 1000
245 427 1000 495
245 246 599 427
157 246 245 1000
157 165 1000 246
157 80 1000 165
78 80 157 1000
78 0 1000 80
0 0 78 1000
998 118 1000 320
985 118 998 293
860 526 994 543
786 916 869 947
969 762 1000 864
699 526 860 552
888 618 961 679
931 395 1000 505
736 293 825 390
911 244 985 364
389 599 905 618
725 552 934 599
920 762 969 995
834 244 911 395
869 762 920 995
786 762 869 916
725 762 786 1000
661 762 725 1000
595 762 661 1000
389 552 725 599
637 618 888 685
834 118 985 244
595 701 1000 762
512 701 595 1000
475 293 736 390
699 395 931 526
388 701 512 1000
257 701 388 1000
117 701 257 1000
117 618 637 701
389 395 699 552
117 395 389 618
475 118 834 293
117 118 475 395
117 0 1000 118
0 0 117 1000
910 923 929 991
930 851 950 1000
352 876 389 971
659 959 829 982
631 882 824 907
594 766 751 802
829 923 910 1000
659 917 829 959
751 684 816 797
262 876 352 1000
829 798 930 923
631 811 829 882
594 659 728 766
751 497 829 684
262 735 389 876
451 811 631 917
393 917 659 996
829 570 930 798
971 0 1000 815
262 542 389 735
594 497 751 659
594 376 829 497
519 376 594 811
519 270 829 376
930 0 971 851
451 270 519 811
393 270 451 917
393 168 829 270
262 168 393 542
203 168 262 1000
203 85 829 168
146 85 203 1000
829 0 930 570
146 0 829 85
87 0 146 1000
0 0 87 1000
484 891 491 977
805 797 820 924
665 738 676 930
991 177 1000 626
954 511 991 625
738 818 781 918
805 573 827 797
108 991 690 1000
545 937 668 990
894 830 1000 899
491 754 545 972
363 891 484 991
954 177 991 511
827 684 886 903
363 789 491 891
491 460 545 754
738 573 805 818
677 928 979 987
894 626 1000 830
363 609 491 789
545 738 665 937
545 556 677 738
294 609 363 991
894 177 954 626
545 336 677 556
294 460 491 609
294 336 545 460
827 177 894 684
738 177 827 573
677 177 738 928
294 177 677 336
216 177 294 991
216 96 1000 177
216 0 1000 96
108 0 216 991
0 0 108 1000
380 478 382 728
377 478 380 924
768 793 847 810
727 576 909 589
884 590 929 657
940 439 1000 498
927 889 1000 948
316 799 345 1000
874 439 940 576
842 889 927 1000
746 889 842 1000
768 722 918 793
649 889 746 1000
649 857 1000 889
649 811 1000 857
553 811 649 1000
553 722 768 811
316 478 377 799
727 439 874 576
553 668 1000 722
524 590 884 657
474 668 553 1000
382 668 474 1000
524 439 727 590
382 439 524 668
382 380 1000 439
382 315 1000 380
382 237 1000 315
209 478 316 964
382 152 1000 237
209 152 382 478
209 79 1000 152
143 79 209 1000
143 0 1000 79
72 0 143 1000
0 0 72 1000
996 523 999 920
996 0 1000 523
647 888 739 922
862 865 965 901
546 846 574 983
546 785 612 846
647 834 739 888
612 834 647 1000
546 666 612 785
329 801 418 901
792 865 862 1000
612 760 739 834
516 666 546 1000
792 799 965 865
268 801 329 998
612 656 739 760
476 666 516 1000
268 699 419 801
792 699 965 799
208 699 268 1000
419 666 476 1000
792 554 965 699
419 528 612 666
792 392 965 554
965 0 996 945
792 186 965 392
208 528 419 699
739 186 792 928
208 429 612 528
208 310 612 429
208 189 612 310
612 186 739 656
133 189 208 1000
612 0 965 186
133 0 612 189
0 0 133 1000
991 685 998 833
612 864 671 894
287 997 916 1000
492 838 545 883
492 788 545 838
287 992 934 997
551 839 596 936
612 784 671 864
551 756 612 839
448 788 492 937
612 670 671 784
913 820 975 933
852 820 913 937
612 539 671 670
852 759 991 820
612 390 671 539
448 686 545 788
852 685 991 759
852 607 1000 685
795 607 852 937
724 607 795 877
724 531 1000 607
551 390 612 756
724 442 1000 531
448 390 551 686
724 329 1000 442
671 329 724 937
287 937 970 992
671 204 1000 329
448 204 671 390
370 204 448 937
370 104 1000 204
370 0 1000 104
287 0 370 937
178 0 287 1000
0 0 178 1000
883 959 887 990
906 960 937 965
323 696 328 854
438 241 443 801
706 952 772 995
779 959 883 990
378 859 404 1000
906 829 937 960
303 696 323 947
189 947 326 984
942 866 990 1000
850 766 906 902
272 696 303 947
906 605 942 829
942 693 1000 866
328 721 375 941
328 506 378 721
421 241 438 949
779 766 850 959
942 435 1000 693
779 605 906 766
189 696 272 947
378 241 421 859
101 696 189 1000
779 435 942 605
706 435 779 952
631 435 706 1000
101 506 328 696
631 311 1000 435
547 311 631 1000
443 311 547 1000
101 241 378 506
0 241 101 985
443 174 1000 311
443 0 1000 174
0 0 443 241
967 844 968 953
821 821 832 923
896 913 967 936
288 939 378 976
967 725 1000 844
692 923 846 963
815 963 984 1000
663 690 692 906
409 826 463 972
748 775 821 901
409 647 463 826
525 963 815 1000
896 671 967 913
967 142 1000 725
589 690 663 959
288 764 409 939
463 556 520 965
182 764 288 1000
182 647 409 764
821 400 885 821
748 400 821 775
104 647 182 1000
692 400 748 923
589 400 692 690
589 294 896 400
104 556 463 647
104 474 525 556
104 387 525 474
896 142 967 671
104 292 525 387
104 193 525 292
589 142 896 294
525 142 589 963
525 0 1000 142
104 0 525 193
0 0 104 1000
821 809 884 838
819 701 851 762
909 405 975 472
970 762 997 961
820 405 909 471
840 868 970 914
901 618 982 701
811 618 901 701
820 363 1000 405
622 701 819 747
754 868 840 975
317 975 850 998
811 552 1000 618
820 288 1000 363
587 868 754 975
711 288 820 476
711 199 1000 288
612 199 711 476
622 552 811 701
622 476 1000 552
507 199 612 476
317 868 587 975
317 809 821 868
516 476 622 762
317 762 970 809
394 199 507 476
383 476 516 762
157 762 317 1000
238 476 383 762
238 199 394 476
157 199 238 762
157 139 1000 199
157 77 1000 139
96 77 157 1000
96 0 1000 77
0 0 96 1000
935 748 937 946
984 811 995 945
812 935 845 1000
813 464 937 483
996 0 999 947
188 513 651 520
916 748 935 949
718 380 777 464
984 323 996 811
686 935 812 1000
667 464 813 524
937 714 978 934
807 299 878 436
519 935 686 1000
519 902 916 935
519 856 916 902
937 323 984 714
937 0 996 323
519 803 916 856
519 748 916 803
807 105 920 299
188 464 667 513
718 105 807 380
643 105 718 464
409 748 519 1000
547 105 643 464
409 680 937 748
281 680 409 1000
281 604 937 680
402 105 547 464
136 604 281 1000
136 524 937 604
0 524 136 1000
188 105 402 464
0 105 188 524
0 0 937 105
110 999 381 1000
868 353 869 960
981 854 998 909
398 868 604 875
398 863 745 868
681 947 752 984
303 875 739 886
693 491 757 592
771 902 847 1000
611 886 756 947
704 664 771 836
871 786 938 961
110 977 667 999
570 491 693 592
771 758 868 902
981 94 1000 854
623 664 704 863
110 947 681 977
530 664 623 863
398 664 530 863
398 592 771 664
303 592 398 875
303 491 570 592
110 886 611 947
206 491 303 886
206 423 771 491
938 94 981 996
771 353 868 758
110 423 206 886
110 353 771 423
871 94 938 786
110 276 871 353
110 187 871 276
110 94 871 187
110 0 1000 94
0 0 110 1000
998 209 1000 214
933 978 1000 987
332 928 385 947
259 904 308 1000
790 909 860 991
365 405 382 791
785 562 933 619
512 858 615 948
615 547 649 826
259 756 332 904
512 741 615 858
785 474 933 562
790 808 933 909
708 808 790 991
785 367 933 474
708 736 933 808
708 660 933 736
332 405 365 928
717 367 785 648
649 660 708 991
649 367 717 660
969 209 998 897
512 547 615 741
512 367 649 547
259 405 332 756
933 209 969 978
512 293 933 367
512 209 933 293
188 405 259 1000
512 110 1000 209
456 110 512 991
385 110 456 968
385 0 1000 110
188 0 385 405
100 0 188 1000
0 0 100 1000
613 993 661 1000
763 823 774 975
957 786 966 985
546 918 599 966
928 786 957 876
423 864 451 995
613 953 714 993
392 710 420 891
720 823 763 1000
467 866 534 985
928 509 959 785
260 907 423 975
423 541 467 864
973 144 1000 739
546 649 613 918
613 777 720 953
836 786 928 1000
720 470 776 823
546 306 613 649
836 509 928 786
260 710 392 907
260 541 423 710
776 509 836 1000
776 354 973 509
613 470 720 777
185 541 260 998
776 144 973 354
94 541 185 998
0 541 94 1000
467 306 546 866
0 439 467 541
613 144 776 470
613 0 1000 144
0 306 467 439
0 165 613 306
0 0 613 165
995 741 1000 920
728 885 749 998
318 674 332 853
332 880 361 971
295 674 318 802
170 981 361 998
978 741 995 936
728 840 827 885
696 840 728 1000
660 840 696 1000
234 674 295 815
660 756 827 840
889 741 978 909
234 549 361 674
827 741 889 1000
170 880 332 981
234 419 361 549
827 633 1000 741
660 633 827 756
660 558 1000 633
170 419 234 880
592 558 660 1000
592 482 1000 558
592 400 1000 482
592 317 1000 400
538 317 592 1000
478 317 538 1000
416 317 478 1000
416 242 1000 317
416 164 1000 242
361 164 416 1000
170 164 361 419
170 93 1000 164
91 93 170 1000
91 0 1000 93
0 0 91 1000
682 407 683 864
679 407 682 805
513 800 535 903
922 829 993 872
461 948 535 1000
993 304 1000 935
922 760 993 829
893 760 922 959
461 911 621 948
802 959 981 995
893 690 993 760
865 690 893 959
836 690 865 959
773 523 797 902
802 690 836 959
619 528 646 881
655 407 679 864
802 617 993 690
572 528 619 826
802 539 993 617
802 457 993 539
513 528 572 800
461 528 513 911
416 528 461 1000
416 407 655 528
802 304 993 457
802 155 1000 304
416 289 689 407
689 523 773 966
358 289 416 1000
689 155 802 523
358 155 689 289
293 155 358 1000
141 155 293 1000
141 0 1000 155
0 0 141 1000
486 851 497 945
0 946 91 1000
934 802 1000 877
265 891 311 1000
392 882 463 955
918 894 976 1000
499 974 738 1000
0 885 107 946
486 341 499 851
858 730 917 862
331 772 392 942
265 716 331 891
934 605 1000 802
392 695 463 882
0 750 107 885
463 341 486 988
741 730 858 894
182 716 265 972
741 605 934 730
392 341 463 695
651 605 741 894
331 341 392 772
651 529 1000 605
651 452 1000 529
651 375 1000 452
499 894 918 974
651 272 1000 375
651 161 1000 272
576 161 651 894
182 341 331 716
499 161 576 894
182 161 499 341
182 90 1000 161
182 0 1000 90
107 0 182 1000
0 0 107 750
180 697 191 759
191 939 217 1000
945 890 977 1000
518 918 570 1000
908 729 945 866
454 918 518 1000
454 876 614 918
751 261 763 838
263 322 275 899
945 753 998 890
727 496 750 861
614 908 723 987
945 585 1000 753
854 729 908 1000
614 752 727 908
454 732 614 876
764 729 854 1000
361 732 454 1000
361 631 614 732
764 585 945 729
614 496 727 752
277 631 361 1000
764 454 1000 585
614 261 751 496
277 533 614 631
764 309 1000 454
764 158 1000 309
277 409 614 533
191 322 263 939
277 261 614 409
277 158 764 261
0 697 180 990
277 81 1000 158
277 0 1000 81
0 322 191 697
0 0 277 322
996 0 999 441
677 961 755 1000
872 916 916 1000
933 871 980 959
787 888 846 979
336 807 377 944
139 970 378 1000
677 879 787 961
933 675 980 871
846 517 867 978
378 704 415 966
677 767 787 879
624 767 677 1000
565 767 624 1000
565 704 787 767
980 0 996 877
246 807 336 970
565 633 787 704
139 807 246 970
787 517 846 888
139 704 378 807
495 633 565 1000
139 610 420 704
420 633 495 1000
139 500 420 610
139 387 420 500
933 0 980 675
420 517 787 633
420 422 872 517
420 311 872 422
420 198 872 311
139 198 420 387
872 0 933 916
139 112 872 198
139 0 872 112
0 0 139 1000
897 902 937 913
478 995 611 1000
702 818 721 907
916 717 957 796
897 864 998 902
866 913 956 966
739 760 793 853
897 806 1000 864
916 640 1000 717
600 818 702 913
255 907 382 984
739 571 793 760
478 966 837 995
793 806 897 913
461 336 478 993
600 710 739 818
916 447 1000 640
600 571 739 710
478 913 866 966
856 447 916 796
793 447 856 806
600 447 793 571
255 708 391 907
541 447 600 913
541 377 1000 447
541 296 1000 377
478 296 541 913
394 336 461 941
478 217 1000 296
478 120 1000 217
255 336 394 708
478 0 1000 120
255 0 478 336
178 0 255 1000
98 0 178 1000
0 0 98 1000
938 518 939 757
999 242 1000 519
639 390 646 640
488 824 507 928
994 242 999 797
867 921 926 990
369 884 440 964
622 390 639 728
440 824 488 951
867 826 939 921
570 791 646 895
891 518 938 714
980 242 994 933
809 826 867 1000
746 826 809 1000
511 791 570 987
846 518 891 787
803 518 846 826
579 390 622 698
803 377 939 518
746 377 803 826
511 390 579 791
700 377 746 1000
939 242 980 970
440 390 511 824
646 377 700 1000
369 390 440 884
646 242 939 377
369 242 646 390
314 242 369 1000
254 242 314 1000
254 181 1000 242
254 112 1000 181
159 112 254 1000
159 0 1000 112
0 0 159 1000
793 915 822 1000
620 844 656 928
238 930 314 1000
973 698 1000 908
945 682 973 890
913 683 945 883
541 928 644 999
793 814 866 915
973 415 1000 698
945 394 973 682
511 835 606 924
973 88 1000 415
866 683 913 886
620 647 686 844
793 634 866 814
620 460 694 647
335 928 541 999
511 636 591 835
511 460 620 636
866 394 945 683
238 672 327 930
461 460 511 928
461 358 694 460
407 358 461 928
866 88 973 394
407 237 694 358
793 88 866 634
748 88 793 1000
694 88 748 1000
335 237 407 928
335 88 694 237
238 88 335 672
168 88 238 1000
81 88 168 1000
81 0 1000 88
0 0 81 1000
993 439 1000 468
490 679 509 719
490 616 509 679
0 982 448 989
726 891 811 957
892 836 959 925
154 871 257 932
959 756 990 975
811 852 892 939
660 891 726 1000
660 842 811 891
347 883 484 955
347 812 490 883
959 439 993 756
811 689 892 852
154 736 257 871
154 600 257 736
257 812 347 982
257 742 490 812
660 689 811 842
892 439 959 836
660 567 892 689
257 616 490 742
257 493 509 616
585 567 660 1000
257 361 509 493
257 213 509 361
585 439 892 567
154 213 257 600
509 439 585 1000
509 349 1000 439
77 213 154 982
0 213 77 982
509 178 1000 349
509 0 1000 178
0 0 509 213
951 644 956 856
574 819 614 878
957 769 977 899
670 751 702 895
562 971 845 988
702 899 892 929
158 988 788 1000
642 518 670 803
431 882 622 924
957 546 1000 769
760 830 923 891
670 392 702 751
574 613 642 819
760 744 951 830
562 929 993 971
505 613 574 882
760 644 951 744
760 546 957 644
431 613 505 882
431 518 642 613
702 546 760 899
702 471 1000 546
158 929 562 988
431 392 670 518
702 367 1000 471
431 274 702 392
702 252 1000 367
702 93 1000 252
431 93 702 274
431 0 1000 93
364 0 431 851
301 0 364 929
231 0 301 929
158 0 231 929
82 0 158 1000
0 0 82 1000
715 973 762 996
278 996 746 999
832 277 840 558
743 571 778 660
900 896 968 943
937 946 1000 999
900 860 999 896
743 519 832 571
842 860 900 946
775 775 816 927
775 660 842 775
842 803 999 860
278 973 715 996
653 519 743 660
842 710 999 803
708 660 775 891
648 660 708 946
278 946 937 973
653 384 832 519
842 556 1000 710
563 384 653 660
561 660 648 946
842 389 1000 556
463 660 561 946
563 277 832 384
842 168 1000 389
463 277 563 660
463 168 842 277
463 83 1000 168
409 83 463 946
345 83 409 946
278 83 345 946
278 0 1000 83
211 0 278 1000
136 0 211 1000
0 0 136 1000
255 992 266 995
223 992 255 995
211 614 215 931
969 785 982 982
336 554 373 667
294 881 373 942
908 826 969 921
795 906 861 1000
336 334 373 554
294 777 373 881
795 826 908 906
742 826 795 1000
0 912 193 960
742 785 969 826
742 745 1000 785
677 745 742 1000
605 745 677 1000
294 334 336 777
605 697 1000 745
533 697 605 1000
533 644 1000 697
457 644 533 1000
0 775 211 912
373 644 457 1000
373 593 1000 644
0 614 211 775
373 538 1000 593
373 481 1000 538
223 334 294 992
373 399 1000 481
373 313 1000 399
373 218 1000 313
0 334 223 614
373 112 1000 218
373 0 1000 112
0 0 373 334
307 286 310 368
884 928 1000 943
69 948 112 991
136 883 203 935
922 654 981 715
300 286 307 825
923 815 980 918
421 981 856 1000
981 82 1000 705
739 642 831 799
831 654 922 815
831 553 981 654
632 642 739 809
632 540 831 642
734 815 923 922
831 417 981 553
632 430 831 540
831 271 981 417
203 697 293 966
421 928 884 981
632 271 831 430
632 178 981 271
632 82 981 178
584 82 632 815
421 815 734 928
531 82 584 815
203 286 300 697
136 286 203 883
476 82 531 815
421 82 476 815
69 286 136 948
421 0 1000 82
366 0 421 1000
310 0 366 1000
69 0 310 286
0 0 69 1000
996 0 998 512
388 826 463 857
935 887 975 953
868 873 913 953
783 831 815 955
674 947 783 990
815 953 969 1000
413 862 490 956
985 0 996 680
388 748 490 826
783 560 813 831
935 727 1000 887
674 851 783 947
868 708 935 873
313 862 413 1000
578 851 674 1000
388 551 490 748
578 742 783 851
490 742 578 1000
313 551 388 862
490 658 783 742
313 409 490 551
267 409 313 1000
490 560 783 658
490 469 815 560
935 0 985 727
490 347 815 469
490 224 815 347
267 224 490 409
868 0 935 708
815 0 868 953
198 224 267 1000
198 127 815 224
198 0 815 127
117 0 198 1000
0 0 117 1000
983 481 986 584
257 927 300 975
160 934 257 975
317 661 341 850
628 948 717 999
257 847 317 927
988 137 1000 644
317 405 341 661
824 851 931 959
257 612 317 847
628 751 702 948
567 751 628 1000
567 647 718 751
947 481 983 948
824 691 931 851
767 691 824 1000
767 580 947 691
718 580 767 1000
718 481 947 580
567 481 718 647
516 481 567 1000
516 421 988 481
160 612 257 934
516 353 988 421
160 405 317 612
458 353 516 1000
400 353 458 1000
341 353 400 1000
341 282 988 353
341 211 988 282
341 137 988 211
160 137 341 405
160 78 1000 137
98 78 160 1000
98 0 1000 78
0 0 98 1000
214 630 219 902
228 933 311 973
925 826 951 989
705 638 880 667
196 630 214 937
881 826 925 1000
863 489 960 584
228 811 311 933
820 826 881 1000
790 489 863 638
820 747 960 826
162 630 196 979
119 630 162 906
771 747 820 1000
705 489 790 638
719 747 771 1000
612 489 705 667
719 667 960 747
960 365 997 935
612 426 960 489
653 667 719 1000
521 426 612 667
582 667 653 1000
478 667 582 1000
373 667 478 1000
373 426 521 667
373 365 960 426
373 298 1000 365
373 223 1000 298
311 223 373 1000
228 223 311 811
228 154 1000 223
228 84 1000 154
228 0 1000 84
119 0 228 630
0 0 119 1000
715 745 872 748
682 931 744 948
682 909 744 931
813 619 866 659
715 726 855 745
817 873 843 1000
928 704 942 961
942 837 989 916
912 704 928 997
989 99 1000 793
494 726 715 762
737 619 813 726
581 909 682 1000
744 873 817 1000
875 704 912 989
461 909 581 1000
631 619 737 726
744 762 875 873
461 843 744 909
631 535 875 619
461 762 744 843
361 762 461 1000
494 535 631 726
361 535 494 762
361 471 875 535
942 99 989 837
875 99 942 704
361 387 875 471
361 300 875 387
361 212 875 300
276 212 361 1000
276 99 875 212
276 0 1000 99
198 0 276 1000
111 0 198 1000
0 0 111 1000
909 913 976 932
849 727 875 880
895 487 906 858
318 916 419 965
187 933 286 1000
786 837 839 978
982 307 1000 767
591 876 691 965
875 487 895 1000
318 810 419 916
591 777 712 876
712 837 786 1000
530 777 591 987
712 727 849 837
530 677 712 777
712 614 875 727
470 677 530 988
909 633 976 913
470 591 712 677
712 487 875 614
318 600 419 810
470 497 712 591
909 307 982 633
419 497 470 1000
419 407 712 497
419 311 712 407
712 307 909 487
712 159 1000 307
419 159 712 311
318 159 419 600
187 562 318 933
187 159 318 562
187 92 1000 159
101 92 187 1000
101 0 1000 92
0 0 101 1000
0 954 89 975
401 907 442 962
442 856 468 963
832 901 887 957
319 912 401 952
472 198 479 760
790 901 832 1000
935 852 1000 929
442 669 472 856
319 833 401 912
887 852 935 1000
319 738 401 833
401 669 442 907
887 756 1000 852
206 867 313 992
790 756 887 901
206 738 319 867
790 678 1000 756
206 651 401 738
790 586 1000 678
206 551 401 651
158 551 206 1000
790 480 1000 586
738 480 790 1000
158 423 401 551
103 423 158 1000
401 198 472 669
656 480 738 1000
0 423 103 954
656 305 1000 480
567 305 656 1000
567 153 1000 305
567 0 1000 153
479 0 567 1000
0 198 401 423
0 0 479 198
795 976 922 987
84 939 155 993
255 854 326 915
912 863 978 937
583 976 795 999
912 807 1000 863
155 731 185 930
863 807 912 937
187 976 583 999
406 301 426 788
783 807 863 937
369 503 402 856
84 731 155 939
326 503 369 886
649 807 783 937
649 751 1000 807
649 683 1000 751
649 612 1000 683
255 503 326 854
572 612 649 937
572 546 1000 612
187 937 944 976
572 475 1000 546
255 301 406 503
572 399 1000 475
505 399 572 937
434 399 505 937
434 328 1000 399
434 252 1000 328
434 174 1000 252
434 95 1000 174
434 0 1000 95
255 0 434 301
187 0 255 937
84 0 187 731
0 0 84 1000
996 471 998 703
991 471 996 836
186 956 236 999
186 891 246 956
883 906 938 1000
137 891 186 1000
0 892 127 950
299 218 317 754
0 810 127 892
883 749 991 906
137 727 246 891
527 894 708 1000
527 787 708 894
0 658 137 810
799 749 883 1000
527 665 708 787
708 749 799 1000
527 535 708 665
708 664 991 749
708 571 991 664
708 471 991 571
708 370 1000 471
527 370 708 535
477 370 527 1000
477 305 1000 370
477 234 1000 305
428 234 477 1000
428 164 1000 234
246 218 299 992
375 164 428 1000
375 86 1000 164
375 0 1000 86
137 218 246 727
317 0 375 1000
0 218 137 658
0 0 317 218
