972 888 1000 958
542 895 569 1000
511 895 542 1000
935 817 964 945
750 893 875 952
972 556 1000 888
421 895 511 1000
421 836 582 895
935 556 972 817
661 957 918 997
340 836 421 1000
750 793 917 893
750 674 935 793
340 741 582 836
247 741 340 1000
247 669 582 741
661 674 750 957
582 674 661 1000
247 556 582 669
161 556 247 1000
582 556 935 674
161 454 582 556
582 430 1000 556
161 320 582 454
582 294 1000 430
582 120 1000 294
161 120 582 320
161 0 1000 120
0 0 161 1000
389 301 393 800
874 901 931 947
325 893 359 972
756 868 806 939
806 947 953 1000
376 301 389 957
246 764 339 893
657 868 756 1000
874 778 1000 901
657 764 806 868
113 893 325 990
874 610 1000 778
806 610 874 947
657 610 806 764
246 556 373 764
574 610 657 1000
487 610 574 1000
396 610 487 1000
396 548 1000 610
396 478 1000 548
396 404 1000 478
113 556 246 893
396 320 1000 404
396 228 1000 320
396 117 1000 228
113 301 376 556
396 0 1000 117
113 0 396 301
0 0 113 1000
997 225 1000 532
151 991 468 995
151 986 435 991
870 764 997 791
742 975 935 996
641 905 735 1000
543 851 641 955
641 789 742 905
543 726 641 851
641 659 742 789
151 955 578 986
870 645 997 764
474 726 543 955
870 470 997 645
371 726 474 955
870 225 997 470
742 824 963 975
371 596 641 726
810 225 870 824
261 596 371 955
151 596 261 955
742 225 810 824
151 512 641 596
641 225 742 659
151 381 641 512
641 0 1000 225
0 381 151 1000
0 221 641 381
0 0 641 221
996 382 999 788
623 786 754 814
935 710 996 784
924 897 969 1000
753 824 798 926
869 897 924 1000
711 824 753 1000
623 722 760 786
869 825 1000 897
623 643 798 722
106 883 255 977
106 792 263 883
935 382 996 710
593 824 711 1000
106 635 263 792
431 824 593 1000
869 382 935 825
869 123 1000 382
431 643 623 824
431 544 798 643
431 421 798 544
431 288 798 421
798 123 869 904
431 123 798 288
357 123 431 1000
263 123 357 1000
263 0 1000 123
106 0 263 635
0 0 106 1000
934 803 964 853
611 806 663 847
904 725 934 802
890 960 1000 983
723 828 883 853
682 703 723 818
932 853 1000 952
527 552 592 659
934 659 1000 803
592 960 890 1000
904 264 934 725
395 762 597 841
968 0 1000 583
682 197 723 703
395 659 611 762
280 659 395 853
934 0 968 659
280 552 527 659
280 453 611 552
592 853 932 960
611 197 682 806
723 548 904 828
723 264 904 548
723 0 934 264
153 853 592 994
280 197 611 453
280 0 723 197
153 0 280 853
0 0 153 1000
554 637 560 878
312 987 457 1000
901 823 921 924
881 607 892 886
921 879 982 961
469 906 552 980
646 950 834 1000
988 0 1000 951
312 908 469 987
901 145 921 823
646 860 834 950
834 607 881 986
312 792 469 908
646 743 834 860
469 637 554 906
469 367 563 637
312 595 469 792
834 145 901 607
646 573 834 743
563 573 646 1000
312 367 469 595
563 402 834 573
228 367 312 1000
921 0 988 879
124 367 228 1000
563 145 834 402
124 145 563 367
124 0 921 145
0 0 124 1000
711 717 715 728
780 501 791 632
711 680 785 717
0 968 130 1000
901 892 972 966
669 934 794 976
794 918 895 1000
990 148 1000 1000
901 751 972 892
711 501 780 680
669 822 794 934
648 501 711 728
0 885 193 968
901 544 990 751
794 698 895 918
0 768 193 885
528 822 669 1000
494 501 648 728
901 148 990 544
282 822 528 1000
282 728 794 822
282 501 494 728
282 401 794 501
193 401 282 1000
193 304 794 401
794 148 901 698
193 148 794 304
193 0 1000 148
0 0 193 768
538 324 540 683
974 823 1000 1000
300 946 403 1000
878 927 967 995
527 324 538 885
507 498 526 886
818 820 878 978
974 428 1000 823
403 682 467 982
541 901 777 984
467 498 507 1000
541 820 818 901
541 749 878 820
300 682 403 946
541 659 878 749
300 498 467 682
878 537 967 927
300 324 527 498
541 537 878 659
541 428 974 537
541 322 1000 428
541 211 1000 322
541 98 1000 211
300 98 541 324
235 98 300 1000
164 98 235 1000
89 98 164 1000
89 0 1000 98
0 0 89 1000
983 730 1000 810
502 943 573 991
407 896 502 967
407 821 502 896
363 821 407 1000
573 656 604 949
363 752 502 821
363 663 502 752
929 730 983 957
876 730 929 988
809 730 876 1000
733 730 809 1000
502 656 573 943
733 644 1000 730
733 556 1000 644
502 414 609 656
733 447 1000 556
733 328 1000 447
363 414 502 663
674 328 733 1000
614 328 674 1000
614 214 1000 328
363 214 614 414
286 214 363 1000
203 214 286 1000
113 214 203 1000
113 112 1000 214
113 0 1000 112
0 0 113 1000
984 607 1000 788
838 829 888 929
888 853 953 999
980 0 1000 490
244 929 390 997
369 700 439 873
953 607 984 1000
763 829 838 1000
888 653 953 853
677 829 763 1000
920 130 951 609
953 0 980 607
888 130 920 653
244 700 369 929
677 690 888 829
244 531 439 700
569 690 677 1000
244 356 439 531
439 690 569 1000
439 599 888 690
439 493 888 599
439 379 888 493
439 263 888 379
162 356 244 997
439 130 888 263
162 130 439 356
86 130 162 1000
0 130 86 1000
0 0 953 130
528 986 581 999
953 622 956 948
578 569 587 780
827 850 852 951
852 959 938 1000
528 906 589 986
400 921 528 985
961 664 992 931
852 863 953 959
750 850 827 1000
400 822 528 921
961 299 1000 664
528 569 578 906
589 850 750 1000
852 622 953 863
221 822 400 1000
589 721 852 850
221 710 528 822
852 299 961 622
589 579 852 721
221 569 528 710
221 440 589 569
110 440 221 1000
589 299 852 579
110 281 589 440
589 104 1000 299
110 104 589 281
110 0 1000 104
0 0 110 1000
261 940 292 994
541 943 605 983
204 940 261 1000
952 750 978 917
99 940 204 1000
541 863 638 943
332 983 998 996
755 789 823 948
292 668 332 950
755 617 823 789
889 750 952 949
755 318 823 617
889 548 1000 750
823 548 889 983
823 380 1000 548
823 208 1000 380
541 474 632 863
823 0 1000 208
684 318 755 940
684 0 823 318
638 0 684 983
541 0 638 474
99 668 292 940
484 0 541 983
99 385 332 668
411 0 484 983
332 0 411 983
99 0 332 385
0 0 99 1000
368 998 438 1000
500 955 602 998
749 662 769 885
748 303 769 597
649 729 681 960
769 924 879 1000
900 874 979 1000
871 467 894 921
900 767 1000 874
712 662 749 979
712 303 748 662
500 860 649 955
900 601 1000 767
900 424 1000 601
681 303 712 901
900 229 1000 424
500 729 649 860
900 0 1000 229
368 729 500 998
368 608 681 729
368 463 681 608
769 467 871 924
368 303 681 463
368 172 769 303
769 0 900 467
368 0 769 172
280 0 368 1000
155 0 280 1000
0 0 155 1000
341 632 348 832
222 969 302 1000
349 990 953 997
862 793 969 839
584 733 657 805
799 945 919 990
657 679 709 794
920 580 978 712
709 793 862 853
657 455 709 679
794 580 920 712
799 853 1000 945
584 455 657 733
709 712 992 793
794 438 1000 580
498 455 584 853
794 269 1000 438
709 269 794 712
498 269 709 455
222 632 341 969
498 187 1000 269
498 101 1000 187
498 0 1000 101
431 0 498 853
349 853 799 990
349 0 431 853
222 0 349 632
134 0 222 1000
0 0 134 1000
361 866 434 928
951 885 998 987
249 931 411 961
587 876 634 1000
70 847 137 948
654 854 725 958
872 885 951 1000
587 728 654 876
361 726 434 866
0 847 70 996
872 800 1000 885
137 961 436 998
361 537 444 726
515 728 587 1000
361 288 444 537
725 800 872 1000
515 496 654 728
725 679 1000 800
725 556 1000 679
725 391 1000 556
725 219 1000 391
725 0 1000 219
654 0 725 854
515 0 654 496
444 0 515 1000
249 288 361 931
137 288 249 961
137 0 444 288
0 0 137 847
478 244 485 463
174 926 248 1000
956 774 1000 945
320 881 391 1000
407 827 478 950
916 774 956 1000
320 737 407 881
407 642 478 827
853 774 916 1000
257 737 320 1000
771 774 853 1000
257 602 407 737
669 774 771 1000
257 444 407 602
669 695 1000 774
577 695 669 1000
407 244 478 642
577 620 1000 695
577 526 1000 620
174 444 257 926
485 526 577 1000
174 244 407 444
485 407 1000 526
485 281 1000 407
485 146 1000 281
485 0 1000 146
174 0 485 244
91 0 174 1000
0 0 91 1000
860 969 879 1000
791 969 860 1000
830 926 974 969
220 728 250 965
113 918 220 993
763 873 962 926
876 742 1000 855
332 969 791 1000
876 618 1000 742
809 618 876 873
809 519 1000 618
113 728 220 918
332 926 830 969
332 873 763 926
743 519 809 873
671 519 743 873
671 434 1000 519
607 434 671 873
542 434 607 873
438 434 542 873
332 434 438 873
332 362 1000 434
332 281 1000 362
332 196 1000 281
332 100 1000 196
332 0 1000 100
250 0 332 1000
113 0 250 728
0 0 113 1000
882 960 922 997
943 900 989 960
526 600 601 640
792 960 882 1000
235 918 324 983
764 310 788 640
989 0 1000 922
657 530 764 640
755 640 792 987
338 755 398 987
943 556 989 900
792 854 943 960
235 728 324 918
698 640 755 987
338 425 398 755
657 310 764 530
115 728 235 1000
526 310 657 600
792 556 943 854
526 137 792 310
561 640 698 987
792 303 989 556
398 640 561 1000
792 0 989 303
398 137 526 640
115 425 338 728
115 137 398 425
115 0 792 137
0 0 115 1000
453 959 506 960
996 530 999 864
766 987 910 1000
586 987 766 1000
426 729 444 992
774 899 858 956
709 899 774 987
925 811 972 983
230 873 345 976
367 729 426 967
453 634 506 959
230 729 367 873
925 530 996 811
230 634 453 729
230 552 513 634
858 530 925 965
164 552 230 1000
164 419 513 552
164 282 513 419
709 530 858 899
586 530 709 987
586 389 1000 530
586 242 1000 389
586 89 1000 242
513 89 586 1000
164 89 513 282
164 0 1000 89
88 0 164 1000
0 0 88 1000
757 945 758 964
544 994 657 997
610 798 665 825
839 894 900 1000
918 880 985 977
544 964 839 994
757 825 839 945
769 619 839 773
199 964 544 1000
985 0 998 959
633 825 757 964
918 565 985 880
839 608 918 894
433 825 633 964
610 619 769 798
610 494 839 619
513 494 610 825
199 825 433 964
413 494 513 825
306 494 413 825
199 494 306 825
126 494 199 1000
918 0 985 565
126 435 839 494
839 0 918 608
126 345 839 435
0 345 126 1000
0 234 839 345
0 0 839 234
994 763 999 831
815 968 930 1000
80 917 157 975
511 875 558 972
80 857 157 917
473 875 511 1000
44 857 80 1000
44 773 157 857
0 773 44 1000
0 702 157 773
815 859 948 968
815 763 994 859
736 763 815 1000
346 796 457 977
639 763 736 1000
639 687 1000 763
639 607 1000 687
639 515 1000 607
570 515 639 1000
570 432 1000 515
570 342 1000 432
570 218 1000 342
473 218 570 875
346 218 473 796
346 105 1000 218
263 105 346 1000
263 0 1000 105
157 0 263 1000
0 0 157 702
580 719 603 951
510 829 556 1000
858 910 999 1000
758 718 811 974
667 486 702 899
423 829 510 1000
858 801 1000 910
702 718 758 1000
858 679 1000 801
423 719 580 829
858 546 1000 679
423 611 606 719
811 546 858 1000
365 611 423 1000
811 399 1000 546
606 486 667 969
365 486 606 611
365 384 702 486
702 399 811 718
702 256 1000 399
365 256 702 384
365 177 1000 256
365 90 1000 177
299 90 365 1000
230 90 299 1000
159 90 230 1000
85 90 159 1000
85 0 1000 90
0 0 85 1000
990 778 991 857
334 914 374 926
444 900 481 935
555 211 560 851
967 879 1000 1000
444 780 481 900
334 757 374 914
334 599 374 757
906 879 967 1000
906 778 990 879
374 780 444 1000
822 778 906 1000
374 591 481 780
524 211 555 928
822 633 1000 778
481 211 524 981
714 633 822 1000
374 211 481 591
714 470 1000 633
714 304 1000 470
211 599 334 996
642 304 714 1000
560 304 642 1000
560 164 1000 304
211 211 374 599
560 0 1000 164
211 0 560 211
121 0 211 1000
0 0 121 1000
949 513 992 535
937 933 978 995
823 648 987 673
855 513 949 571
581 648 823 673
807 933 937 1000
581 625 1000 648
855 434 988 513
856 753 977 860
807 860 1000 933
700 860 807 1000
700 753 856 860
581 571 1000 625
700 673 1000 753
616 673 700 1000
525 673 616 1000
419 673 525 1000
581 434 855 571
419 434 581 673
349 434 419 1000
278 434 349 1000
278 367 1000 434
278 286 1000 367
278 199 1000 286
198 199 278 1000
198 103 1000 199
94 103 198 1000
94 0 1000 103
0 0 94 1000
915 903 934 967
522 933 551 1000
960 900 989 976
960 817 1000 900
915 820 960 903
870 897 912 998
870 766 915 897
839 766 870 997
915 579 960 820
960 495 1000 817
915 243 960 579
839 522 915 766
960 0 1000 495
788 522 839 1000
522 690 629 933
431 690 522 1000
337 690 431 1000
337 579 647 690
788 243 915 522
250 579 337 1000
732 243 788 1000
128 579 250 1000
647 243 732 1000
128 447 647 579
0 447 128 1000
647 0 960 243
0 315 647 447
0 165 647 315
0 0 647 165
590 295 592 945
524 516 540 735
583 295 590 822
540 850 565 999
919 894 977 1000
812 877 919 974
919 734 1000 894
812 734 919 877
754 734 812 1000
754 662 1000 734
691 662 754 1000
691 585 1000 662
540 295 583 850
470 516 524 965
691 503 1000 585
691 417 1000 503
403 516 470 929
691 326 1000 417
691 229 1000 326
403 295 540 516
691 115 1000 229
650 115 691 1000
650 0 1000 115
594 0 650 1000
403 0 594 295
332 0 403 1000
258 0 332 1000
175 0 258 1000
0 0 175 1000
996 828 999 849
942 697 961 828
818 897 979 929
557 982 851 1000
681 695 753 769
895 697 942 828
214 982 557 1000
620 695 681 828
427 897 818 929
895 547 984 697
514 695 620 828
842 547 895 828
514 629 753 695
514 561 753 629
753 547 842 828
514 449 753 561
753 434 1000 547
753 312 1000 434
514 312 753 449
514 241 1000 312
427 828 996 897
214 929 974 982
427 241 514 828
318 241 427 897
318 127 1000 241
318 0 1000 127
214 0 318 929
115 0 214 1000
0 0 115 1000
190 901 222 947
863 797 892 875
804 840 863 899
976 716 998 947
708 804 744 947
663 805 708 947
293 871 420 947
708 480 744 804
577 805 663 947
863 432 901 797
611 947 915 1000
901 716 976 947
293 715 420 871
901 494 998 716
804 432 863 840
96 947 611 1000
901 202 1000 494
744 432 804 923
744 202 901 432
577 480 708 805
577 202 744 480
507 202 577 947
420 202 507 947
293 202 420 715
293 103 1000 202
190 103 293 901
190 0 1000 103
96 0 190 947
0 0 96 1000
530 847 537 996
929 854 960 996
966 668 983 930
600 927 677 987
600 886 799 927
600 833 799 886
600 778 799 833
600 718 799 778
554 718 600 987
441 847 530 998
966 115 997 668
929 341 966 854
554 632 799 718
441 632 554 847
372 632 441 1000
846 665 929 972
846 341 929 665
372 566 799 632
799 341 846 966
372 491 799 566
302 491 372 1000
229 491 302 1000
799 115 966 341
146 491 229 1000
146 373 799 491
146 248 799 373
146 115 799 248
146 0 1000 115
0 0 146 1000
997 431 1000 522
869 572 872 820
795 889 872 901
632 895 643 984
784 889 795 1000
565 895 632 922
985 431 997 660
914 793 932 974
565 837 645 895
854 572 869 879
872 793 914 1000
645 889 784 1000
872 555 938 793
446 837 565 1000
872 255 938 555
938 431 985 954
446 712 645 837
938 0 1000 431
446 553 645 712
372 553 446 1000
276 553 372 1000
158 553 276 1000
645 572 854 889
645 255 872 572
158 401 645 553
645 0 938 255
158 207 645 401
158 0 645 207
0 0 158 1000
104 997 183 1000
397 964 454 1000
875 926 964 979
808 881 875 953
987 369 1000 826
518 761 561 940
659 929 808 986
104 964 397 997
469 761 518 960
659 849 808 929
964 369 987 961
875 733 964 926
339 761 469 964
659 654 808 849
339 629 569 761
569 654 659 1000
875 369 964 733
339 488 569 629
808 369 875 881
266 488 339 964
266 371 569 488
194 371 266 964
104 371 194 964
569 369 808 654
569 192 1000 369
104 197 569 371
569 0 1000 192
0 197 104 1000
0 0 569 197
497 998 867 1000
385 660 392 872
974 716 1000 864
878 887 974 936
351 771 385 992
254 918 351 1000
396 884 497 967
878 794 974 887
720 951 977 986
814 794 878 951
497 951 720 998
746 794 814 951
254 771 351 918
188 771 254 1000
607 794 746 951
188 660 385 771
188 546 396 660
607 716 974 794
115 546 188 981
607 619 1000 716
115 372 396 546
607 482 1000 619
607 320 1000 482
497 320 607 951
497 166 1000 320
497 0 1000 166
396 0 497 884
115 0 396 372
0 0 115 1000
528 681 541 714
357 867 362 957
526 671 528 952
452 895 496 998
852 920 918 1000
528 422 551 681
498 671 526 954
371 895 452 1000
268 867 357 1000
852 785 1000 920
750 785 852 1000
635 785 750 1000
635 717 1000 785
371 671 498 895
635 633 1000 717
635 537 1000 633
551 537 635 1000
371 422 528 671
551 448 1000 537
551 357 1000 448
551 256 1000 357
268 422 371 867
268 256 551 422
204 256 268 1000
137 256 204 1000
137 183 1000 256
137 104 1000 183
137 0 1000 104
0 0 137 1000
598 915 651 949
893 654 909 833
812 923 855 1000
950 761 991 885
991 0 1000 1000
651 924 778 1000
431 830 499 1000
778 445 812 886
651 799 778 924
336 830 431 1000
447 447 497 826
950 256 991 761
812 654 893 923
651 626 778 799
651 445 778 626
598 445 651 915
913 256 950 965
550 445 598 1000
550 335 812 445
499 335 550 1000
812 256 913 654
336 447 447 830
499 199 812 335
812 0 991 256
499 0 812 199
336 0 499 447
262 0 336 1000
172 0 262 1000
0 0 172 1000
955 870 990 941
542 748 567 929
819 662 994 698
346 937 451 1000
955 698 1000 870
923 485 983 636
922 698 955 1000
923 349 1000 485
346 770 426 937
854 698 922 1000
459 748 542 995
346 583 459 770
459 552 567 748
783 698 854 1000
459 345 567 552
703 698 783 1000
346 345 459 583
819 349 923 662
286 345 346 1000
703 349 819 698
640 349 703 1000
567 349 640 1000
567 229 1000 349
567 100 1000 229
286 100 567 345
286 0 1000 100
214 0 286 1000
110 0 214 1000
0 0 110 1000
600 937 633 988
948 822 1000 896
321 917 380 992
909 822 948 1000
600 896 781 937
858 822 909 1000
600 839 781 896
858 745 1000 822
600 785 811 839
811 745 858 1000
600 717 811 785
811 664 1000 745
811 564 1000 664
811 447 1000 564
518 717 600 988
518 635 811 717
518 547 811 635
518 447 811 547
518 373 1000 447
459 373 518 984
400 373 459 1000
400 306 1000 373
321 306 400 917
321 234 1000 306
241 234 321 1000
241 135 1000 234
135 135 241 1000
135 0 1000 135
0 0 135 1000
993 548 998 862
993 169 1000 548
548 882 582 991
878 876 993 923
764 798 807 977
548 810 661 882
878 783 993 876
486 810 548 991
812 783 878 994
486 721 661 810
812 694 993 783
424 721 486 1000
812 596 993 694
661 798 764 974
353 721 424 1000
812 461 993 596
353 636 661 721
661 540 812 798
240 636 353 1000
240 530 661 636
131 530 240 1000
131 433 661 530
812 169 993 461
661 169 812 540
661 0 1000 169
131 306 661 433
131 170 661 306
0 170 131 1000
0 0 661 170
321 996 709 999
553 983 986 988
321 983 553 996
321 972 622 983
928 845 975 926
849 845 928 972
755 845 849 972
755 766 914 845
755 714 1000 766
755 658 1000 714
710 658 755 972
710 602 1000 658
662 602 710 972
608 602 662 972
547 602 608 972
547 551 1000 602
486 551 547 972
422 551 486 972
321 551 422 972
321 488 1000 551
321 423 1000 488
243 423 321 1000
243 354 1000 423
243 283 1000 354
243 196 1000 283
243 102 1000 196
243 0 1000 102
131 0 243 1000
0 0 131 1000
766 994 805 999
965 821 973 972
982 690 999 923
914 774 965 879
901 634 965 725
868 774 914 923
483 607 503 974
982 143 999 690
834 634 901 774
766 923 913 994
793 774 868 923
965 143 982 821
834 542 965 634
568 923 766 1000
754 542 834 774
654 542 754 774
654 458 965 542
654 373 965 458
654 265 965 373
568 774 793 923
374 607 483 993
568 265 654 774
568 143 965 265
511 143 568 1000
374 143 511 607
374 0 1000 143
281 0 374 1000
172 0 281 1000
0 0 172 1000
