255 978 548 979
392 975 535 978
806 701 809 946
392 962 451 975
699 243 701 937
964 356 971 680
876 830 941 870
971 617 1000 719
876 780 941 830
876 710 941 780
692 243 699 954
741 810 772 987
702 810 741 991
876 599 941 710
775 701 806 947
702 701 775 810
446 866 557 939
850 599 876 1000
446 739 530 866
850 473 941 599
392 739 446 962
941 356 964 882
392 664 562 739
346 664 392 978
809 473 850 846
971 73 1000 617
293 664 346 978
293 602 562 664
293 519 562 602
293 435 562 519
293 347 562 435
255 347 293 978
562 578 621 988
702 473 809 701
645 243 692 833
562 243 645 578
702 356 941 473
702 248 971 356
203 347 255 1000
203 243 562 347
145 243 203 1000
145 163 702 243
702 73 971 248
145 73 702 163
83 73 145 1000
83 0 1000 73
0 0 83 1000
550 998 847 1000
799 719 870 741
254 469 260 746
423 616 430 873
768 937 798 998
176 804 212 883
815 798 870 858
752 513 861 544
244 469 254 828
212 878 259 958
747 719 799 798
967 648 1000 834
770 798 815 937
752 453 861 513
718 798 770 937
930 648 967 865
752 369 870 453
930 503 1000 648
703 369 752 587
930 341 1000 503
650 369 703 587
212 469 244 878
550 937 768 998
370 616 423 905
85 804 176 985
574 369 650 587
930 64 1000 341
574 301 870 369
550 798 718 937
431 798 550 1000
574 216 870 301
431 719 747 798
901 64 930 961
501 216 574 587
431 657 870 719
870 64 901 964
501 138 870 216
431 587 870 657
431 138 501 587
431 64 870 138
370 64 431 616
333 64 370 1000
333 0 1000 64
85 469 212 804
264 0 333 1000
85 0 264 469
0 0 85 1000
971 661 982 662
927 586 929 755
929 922 982 931
825 860 859 887
508 970 647 978
790 637 808 709
815 860 825 997
963 661 971 834
963 575 982 661
428 970 508 1000
646 754 813 782
240 611 258 899
131 934 240 988
781 507 859 583
706 637 790 709
646 709 825 754
745 860 815 1000
900 586 927 953
428 923 655 970
131 829 240 934
781 360 859 507
929 575 963 922
655 860 745 1000
428 866 655 923
929 318 982 575
655 782 859 860
982 0 999 936
929 0 982 318
900 0 929 586
428 782 655 866
706 360 781 637
646 360 706 709
595 360 646 782
595 271 859 360
595 181 859 271
131 611 240 829
540 181 595 782
484 181 540 782
428 181 484 782
428 96 859 181
859 0 900 920
428 0 859 96
381 0 428 1000
326 0 381 1000
258 0 326 1000
131 0 258 611
0 0 131 1000
914 936 961 957
832 848 855 908
0 964 109 979
914 900 961 936
868 695 896 762
868 649 914 695
212 870 249 937
777 848 832 908
456 990 829 999
714 775 865 802
212 765 251 870
961 815 992 962
914 790 961 900
0 909 109 964
868 506 914 649
615 848 777 908
831 506 868 775
109 875 198 999
109 765 212 875
615 804 892 848
456 958 877 990
778 506 831 775
109 649 251 765
714 506 778 775
653 506 714 804
653 436 914 506
653 366 914 436
653 295 914 366
615 295 653 804
582 295 615 908
456 908 899 958
545 295 582 908
961 147 998 815
503 295 545 908
0 649 109 909
456 295 503 908
415 295 456 1000
914 147 961 790
415 230 914 295
0 518 251 649
415 147 914 230
366 147 415 1000
314 147 366 1000
314 76 1000 147
257 76 314 1000
257 0 1000 76
0 0 257 518
820 675 822 779
995 460 1000 595
791 868 820 929
963 340 973 522
995 88 1000 460
984 806 995 979
849 521 861 814
951 563 963 930
73 956 177 999
541 921 654 964
654 893 701 1000
890 787 921 958
791 675 820 868
541 866 654 921
541 809 654 866
984 88 995 806
499 809 541 1000
762 675 791 958
973 88 984 947
822 521 849 874
822 257 864 521
440 809 499 1000
762 406 807 675
654 767 751 893
373 809 440 1000
890 563 951 787
890 340 963 563
162 535 209 889
864 340 890 1000
373 740 654 809
654 554 755 767
373 650 654 740
373 554 654 650
864 88 973 340
373 481 762 554
373 406 762 481
323 406 373 1000
210 642 307 970
323 341 822 406
73 535 162 956
323 257 822 341
323 175 864 257
323 88 864 175
323 0 1000 88
210 0 323 642
73 0 210 535
0 0 73 1000
470 820 474 959
740 869 751 935
262 432 269 608
824 979 963 990
470 792 563 820
139 954 204 997
681 869 740 918
888 763 1000 796
646 869 681 997
470 732 563 792
646 825 774 869
888 709 1000 763
470 665 563 732
646 776 774 825
0 941 137 995
646 715 774 776
239 432 262 797
212 432 239 815
470 538 563 665
603 715 646 997
603 644 774 715
824 906 995 979
824 709 888 906
774 709 824 990
563 644 603 997
432 538 470 959
774 629 1000 709
563 553 774 644
774 540 1000 629
563 456 774 553
774 448 1000 540
774 348 1000 448
563 348 774 456
432 348 563 538
269 266 310 909
0 738 139 941
432 296 1000 348
432 237 1000 296
383 237 432 1000
383 175 1000 237
139 432 212 954
0 432 139 738
0 266 269 432
383 90 1000 175
383 0 1000 90
311 0 383 1000
0 0 311 266
382 779 387 938
515 856 525 995
780 987 903 1000
907 860 921 1000
434 672 457 809
855 820 880 983
0 930 83 980
965 733 982 1000
512 505 540 679
387 873 428 995
231 847 292 930
109 868 153 1000
89 536 105 919
434 397 457 672
512 249 540 505
907 721 960 860
339 779 382 955
457 856 515 995
109 764 188 868
965 463 1000 733
339 543 387 779
780 820 855 987
780 721 907 820
780 650 965 721
738 650 780 1000
292 543 339 924
231 543 292 847
188 543 231 1000
738 559 965 650
738 463 965 559
697 463 738 1000
387 397 434 873
648 463 697 1000
188 397 387 543
457 249 512 856
0 536 89 930
648 360 1000 463
188 249 457 397
648 237 1000 360
188 124 540 249
590 237 648 1000
590 121 1000 237
590 0 1000 121
540 0 590 1000
109 124 188 764
109 0 540 124
0 0 109 536
863 781 872 947
969 823 1000 874
76 775 89 964
157 995 660 1000
890 947 966 990
376 887 432 947
157 990 882 995
799 947 890 990
376 845 473 887
745 870 813 929
689 870 745 947
689 823 799 870
512 538 526 947
636 823 689 947
935 658 964 901
489 538 512 845
376 767 473 845
636 781 863 823
636 729 886 781
886 658 935 927
573 729 636 947
573 683 886 729
0 775 76 972
573 631 886 683
573 577 886 631
886 431 965 658
573 505 886 577
969 70 1000 823
573 430 886 505
527 430 573 947
527 360 886 430
376 538 489 767
376 360 527 538
157 947 799 990
327 360 376 947
327 308 886 360
327 255 886 308
886 70 969 431
277 255 327 947
227 255 277 947
227 199 886 255
227 139 886 199
227 70 886 139
157 70 227 947
89 70 157 1000
89 0 1000 70
0 0 89 775
399 237 401 703
961 847 978 949
338 959 397 995
235 894 338 916
594 600 601 967
338 910 397 959
655 293 660 898
594 446 614 600
978 510 993 793
614 845 651 975
614 725 655 845
882 267 895 771
899 847 961 986
740 845 859 919
235 779 338 894
108 817 178 990
899 693 978 847
660 845 740 1000
520 715 591 890
235 657 338 779
463 715 520 938
660 779 859 845
108 699 221 817
108 591 235 699
859 267 882 889
899 510 978 693
463 603 594 715
660 705 859 779
899 344 1000 510
660 618 859 705
614 293 655 725
899 157 1000 344
463 446 594 603
660 508 859 618
660 393 859 508
463 293 614 446
660 267 859 393
660 157 899 267
463 157 660 293
463 95 1000 157
338 237 399 910
235 237 338 657
108 237 235 591
401 95 463 1000
401 0 1000 95
108 0 401 237
0 0 108 1000
902 626 904 793
889 854 902 880
986 606 989 889
193 597 198 949
824 725 885 767
889 626 902 854
792 966 889 998
339 243 346 781
717 918 777 991
889 366 906 626
717 846 784 918
967 606 986 871
680 846 717 1000
302 443 327 714
680 785 792 846
302 243 339 443
792 725 824 966
680 714 792 785
199 916 330 979
989 0 999 883
0 904 181 958
792 622 889 725
906 774 958 971
906 606 967 774
906 475 989 606
636 714 680 1000
585 714 636 1000
906 283 989 475
523 714 585 1000
265 243 302 724
523 643 792 714
523 558 792 643
906 0 989 283
523 467 792 558
792 366 889 622
523 366 792 467
523 288 906 366
523 196 906 288
523 100 906 196
523 0 906 100
476 0 523 884
199 243 265 916
426 0 476 1000
0 597 193 904
0 243 199 597
347 0 426 1000
0 0 347 243
655 723 657 950
844 900 913 908
575 211 576 950
943 878 1000 894
409 880 468 930
306 748 336 854
570 211 575 955
336 893 409 953
576 867 655 925
844 824 913 900
336 801 409 893
409 750 468 880
306 472 336 748
250 723 291 934
665 897 751 1000
943 707 1000 878
576 723 655 867
772 824 844 1000
468 646 511 969
943 455 1000 707
468 405 529 646
665 749 772 897
772 710 913 824
913 455 943 1000
772 587 913 710
665 587 772 749
665 515 913 587
576 515 665 723
179 723 250 1000
576 455 913 515
409 405 468 750
576 405 1000 455
576 342 1000 405
529 211 570 871
576 278 1000 342
336 405 409 801
179 472 306 723
576 198 1000 278
336 211 529 405
576 106 1000 198
179 211 336 472
179 106 576 211
132 106 179 1000
132 55 1000 106
132 0 1000 55
71 0 132 893
0 0 71 1000
652 998 671 1000
996 368 998 649
884 604 931 623
870 884 883 1000
960 460 983 526
763 638 776 798
737 915 774 975
985 368 996 609
652 775 666 998
931 460 960 594
342 835 445 880
870 842 1000 884
870 796 1000 842
884 460 931 604
342 769 445 835
737 638 763 915
308 769 342 983
870 739 1000 796
605 775 652 954
265 769 308 983
884 368 985 460
870 666 1000 739
884 287 1000 368
838 666 870 1000
265 698 463 769
215 698 265 983
779 672 832 949
215 634 463 698
168 634 215 983
838 287 884 666
676 638 737 983
168 560 463 634
168 483 463 560
779 287 838 672
115 483 168 1000
115 404 463 483
62 404 115 1000
62 321 463 404
676 287 779 638
676 159 1000 287
0 321 62 1000
605 159 676 775
0 205 463 321
537 159 605 1000
463 159 537 1000
463 0 1000 159
0 0 463 205
170 516 173 847
995 0 1000 431
975 858 995 1000
353 720 369 916
73 954 156 1000
840 913 907 980
666 796 701 930
531 812 572 926
975 661 1000 858
353 402 369 720
748 117 755 929
503 654 531 885
701 777 746 940
757 879 836 974
914 817 975 956
212 876 283 1000
472 654 503 940
212 782 309 876
212 682 309 782
443 654 472 996
840 761 907 913
611 796 666 993
73 815 151 954
611 653 701 796
975 0 995 661
840 521 914 761
443 431 531 654
611 408 701 653
404 431 443 1000
572 408 611 1000
572 227 701 408
531 227 572 812
309 402 353 973
404 227 531 431
369 227 404 1000
212 402 309 682
212 227 369 402
73 516 170 815
174 227 212 1000
73 227 174 516
757 521 840 879
701 117 748 777
914 0 975 817
0 227 73 1000
0 117 701 227
757 0 914 521
0 0 757 117
200 559 202 767
589 848 600 971
178 761 200 830
345 853 364 962
464 822 516 869
277 603 293 785
759 864 895 893
928 911 977 1000
956 604 978 808
0 926 72 1000
589 337 600 848
978 559 1000 816
153 761 178 988
293 853 345 1000
204 849 277 964
366 940 507 1000
825 911 928 1000
978 129 1000 559
464 735 573 822
0 819 97 926
759 776 895 864
97 761 153 988
366 869 589 940
464 600 589 735
0 639 97 819
204 603 277 849
895 604 956 900
600 911 825 1000
759 626 895 776
97 559 200 761
759 446 895 626
366 600 464 869
702 446 759 911
702 306 895 446
366 474 589 600
654 306 702 911
366 337 589 474
366 171 600 337
895 129 978 604
654 129 895 306
654 0 1000 129
600 0 654 911
293 171 366 853
293 0 600 171
204 0 293 603
97 0 204 559
0 0 97 639
645 748 648 768
958 859 961 968
616 651 645 670
195 998 868 999
616 620 645 651
645 336 648 748
648 854 990 859
859 726 896 777
370 610 379 833
469 778 495 859
648 847 965 854
195 991 714 998
863 777 1000 806
801 777 863 847
112 880 195 937
859 675 1000 726
692 777 801 847
572 620 616 811
859 607 1000 675
801 607 859 777
801 547 1000 607
801 477 1000 547
310 610 370 851
195 968 886 991
469 564 558 778
801 380 1000 477
742 380 801 716
692 380 742 777
648 380 692 847
572 336 645 620
648 318 1000 380
648 253 1000 318
469 336 572 564
707 859 958 958
648 169 1000 253
469 169 648 336
425 169 469 859
425 115 1000 169
425 59 1000 115
381 59 425 859
310 59 381 610
310 0 1000 59
262 0 310 859
195 859 707 968
195 0 262 859
112 0 195 880
0 0 112 1000
647 408 649 671
644 408 647 751
561 748 644 779
720 979 893 995
561 713 644 748
800 756 824 883
776 756 800 893
949 700 990 808
388 808 413 987
928 700 949 993
776 705 899 756
720 942 895 979
527 713 561 914
388 726 487 808
776 637 899 705
899 700 928 993
527 638 644 713
356 726 388 1000
720 893 899 942
776 562 899 637
899 580 1000 700
527 531 644 638
356 628 487 726
899 432 1000 580
356 511 487 628
487 531 527 914
720 562 776 893
487 408 644 531
487 287 649 408
720 432 899 562
720 348 1000 432
720 262 1000 348
686 262 720 1000
649 262 686 1000
356 287 487 511
649 177 1000 262
356 177 649 287
315 177 356 991
271 177 315 1000
271 120 1000 177
271 60 1000 120
271 0 1000 60
224 0 271 1000
175 0 224 1000
121 0 175 1000
67 0 121 1000
0 0 67 1000
767 981 793 1000
996 0 998 658
953 252 956 764
715 694 731 808
940 571 953 717
872 908 894 1000
575 904 642 944
484 896 551 947
551 737 574 902
642 890 715 944
484 837 551 896
820 908 872 1000
575 807 642 904
820 841 940 908
987 0 996 997
426 837 484 1000
820 749 940 841
357 837 426 1000
767 749 820 981
280 837 357 1000
767 672 940 749
280 787 551 837
642 694 715 890
204 787 280 1000
204 737 551 787
767 571 940 672
767 469 953 571
204 686 575 737
731 469 767 1000
204 634 575 686
731 361 953 469
204 565 575 634
204 488 575 565
204 411 575 488
154 411 204 1000
642 361 731 694
154 340 575 411
956 0 987 974
642 252 953 361
154 252 575 340
575 252 642 807
575 151 956 252
154 151 575 252
97 151 154 1000
97 90 956 151
97 0 956 90
0 0 97 1000
833 978 892 987
892 812 900 975
665 912 686 1000
641 912 665 1000
234 944 293 982
995 0 999 653
912 857 1000 895
293 847 318 1000
421 199 428 753
990 0 995 783
778 779 800 970
641 871 778 912
293 780 380 847
413 199 421 950
892 441 909 812
380 424 393 952
234 780 293 944
183 780 234 1000
641 779 778 871
394 199 413 952
641 699 820 779
111 780 183 1000
641 615 833 699
111 702 380 780
111 622 380 702
570 615 641 938
111 531 380 622
570 519 833 615
517 519 570 1000
517 438 833 519
947 0 990 628
111 424 380 531
111 322 394 424
517 344 833 438
912 0 947 857
470 344 517 1000
470 259 833 344
428 259 470 1000
833 441 892 978
111 199 394 322
833 0 912 441
428 168 833 259
428 71 833 168
111 71 428 199
64 71 111 1000
64 0 833 71
0 0 64 1000
973 582 978 663
584 483 586 785
949 820 1000 841
499 898 584 921
273 309 280 608
132 885 154 1000
993 55 999 486
949 764 1000 820
471 898 499 1000
978 546 997 708
944 582 973 699
471 862 584 898
711 855 808 916
132 808 214 885
711 788 808 855
978 55 993 546
471 791 584 862
899 582 944 761
83 808 132 1000
808 673 851 921
899 382 978 582
635 788 711 1000
471 639 584 791
471 483 584 639
83 658 214 808
635 673 808 788
857 764 949 987
424 483 471 978
635 561 857 673
376 483 424 1000
899 55 978 382
635 444 857 561
587 444 635 1000
587 340 857 444
220 309 273 869
857 55 899 764
376 340 587 483
376 277 857 340
332 277 376 1000
332 215 857 277
332 135 857 215
280 135 332 1000
280 55 857 135
83 309 220 658
83 55 280 309
83 0 1000 55
0 0 83 1000
996 742 999 771
646 761 651 816
285 977 599 982
996 131 999 742
812 788 919 808
447 811 512 850
731 970 867 999
208 747 577 760
75 977 285 1000
923 851 984 968
836 833 908 934
812 720 923 788
494 643 578 747
812 635 923 720
447 761 646 811
812 528 923 635
494 557 643 643
420 557 494 747
812 400 923 528
731 833 836 970
341 557 420 747
775 400 812 805
923 630 994 851
341 504 652 557
341 451 652 504
341 397 652 451
329 894 545 977
341 338 652 397
731 400 775 833
75 894 329 977
695 400 731 1000
75 850 616 894
278 338 341 747
695 284 923 400
208 338 278 747
652 284 695 981
208 270 652 338
75 761 447 850
208 194 652 270
146 194 208 761
923 131 996 630
146 114 652 194
652 131 923 284
652 0 1000 131
75 114 146 761
75 0 652 114
0 0 75 1000
990 487 997 549
675 812 743 824
675 800 743 812
893 647 898 824
469 601 480 702
972 733 977 991
977 768 988 927
674 527 743 563
997 0 1000 822
402 936 499 967
990 0 997 487
781 939 870 978
870 647 893 803
469 565 580 601
781 880 870 939
781 819 870 880
675 709 743 800
899 318 910 921
422 565 469 709
781 742 870 819
781 664 870 742
422 516 580 565
402 848 499 936
402 786 550 848
870 318 899 647
357 786 402 1000
977 0 990 768
743 664 781 1000
349 516 422 709
910 733 972 996
580 527 674 706
580 416 743 527
245 786 357 1000
221 516 349 709
89 786 245 1000
550 709 675 980
89 709 550 786
221 416 580 516
89 416 221 709
743 318 870 664
910 0 977 733
743 0 910 318
89 325 743 416
89 233 743 325
89 133 743 233
0 133 89 1000
0 0 743 133
460 877 461 986
998 734 1000 997
807 993 938 1000
807 988 998 993
585 572 589 843
555 698 562 860
0 910 83 934
555 304 562 698
275 850 316 929
275 770 318 850
862 839 998 865
252 770 275 979
353 775 460 828
252 712 353 770
353 716 460 775
562 572 585 909
536 304 555 713
460 537 483 877
807 839 862 988
807 796 998 839
353 630 460 716
353 537 460 630
562 198 591 572
807 734 998 796
759 734 807 1000
759 680 1000 734
759 617 1000 680
759 550 1000 617
252 537 353 712
213 537 252 1000
712 550 759 1000
213 438 484 537
649 550 712 1000
649 465 1000 550
649 371 1000 465
484 304 536 957
592 371 649 1000
213 304 484 438
592 281 1000 371
213 198 562 304
592 184 1000 281
592 68 1000 184
213 68 592 198
156 68 213 1000
156 0 1000 68
83 0 156 1000
0 0 83 910
996 411 997 974
883 556 887 939
712 396 717 992
298 733 326 860
854 817 883 949
598 910 712 954
598 862 712 910
558 862 598 999
237 833 296 928
237 733 298 833
717 864 814 934
854 556 883 817
326 488 343 974
558 800 712 862
237 624 326 733
890 794 949 958
508 800 558 999
508 750 712 800
508 699 712 750
508 646 712 699
477 646 508 999
237 488 326 624
477 592 712 646
477 536 712 592
164 716 211 997
439 536 477 999
401 536 439 999
717 710 848 864
949 411 996 850
237 295 344 488
717 556 854 710
401 467 712 536
401 396 712 467
890 411 949 794
717 411 890 556
717 313 1000 411
350 396 401 1000
164 295 237 716
717 197 1000 313
350 303 717 396
111 295 164 939
350 197 717 303
350 136 1000 197
350 72 1000 136
350 0 1000 72
111 0 350 295
0 0 111 1000
975 749 981 790
157 979 195 998
0 979 157 988
912 790 932 884
906 903 993 932
808 903 906 932
808 884 1000 903
519 988 942 999
230 635 269 778
320 880 427 936
847 790 912 884
519 974 958 988
780 790 847 884
780 749 975 790
200 635 230 904
780 709 1000 749
780 668 1000 709
780 623 1000 668
742 623 780 884
141 635 200 811
742 581 1000 623
704 581 742 884
704 537 1000 581
519 937 910 974
662 537 704 884
619 537 662 884
519 884 808 937
574 537 619 884
0 912 239 979
519 537 574 884
519 492 1000 537
519 437 1000 492
519 382 1000 437
472 382 519 949
427 382 472 1000
427 331 1000 382
427 277 1000 331
320 559 427 880
427 214 1000 277
320 214 427 559
0 635 141 912
320 154 1000 214
0 478 269 635
269 154 320 1000
269 88 1000 154
269 0 1000 88
0 0 269 478
