622 634 813 724
494 634 622 1000
853 0 1000 1000
494 0 853 634
0 0 494 1000
456 969 721 1000
456 784 1000 969
456 552 1000 784
456 0 1000 552
0 0 456 1000
948 509 1000 1000
347 834 850 1000
347 509 948 834
347 0 1000 509
0 0 347 1000
786 722 1000 820
631 722 786 1000
0 736 631 1000
631 0 1000 722
0 0 631 736
752 836 974 1000
752 405 977 836
489 405 752 1000
489 0 1000 405
0 0 489 1000
681 718 979 1000
681 327 1000 718
426 327 681 1000
426 0 1000 327
0 0 426 1000
934 458 1000 810
742 458 934 1000
531 458 742 1000
531 0 1000 458
0 0 531 1000
957 0 973 307
714 563 1000 1000
714 0 957 563
413 0 714 1000
0 0 413 1000
910 506 1000 903
778 506 910 1000
530 506 778 1000
530 0 1000 506
0 0 530 1000
0 785 162 1000
884 0 1000 593
421 663 884 1000
421 0 884 663
0 0 421 785
701 572 743 1000
743 604 1000 942
743 0 1000 604
0 572 701 1000
0 0 743 572
943 0 1000 478
803 677 1000 980
803 0 943 677
559 0 803 1000
0 0 559 1000
