681 874 760 935
848 879 911 1000
937 812 1000 949
875 668 917 879
764 879 848 1000
681 742 764 874
937 505 1000 812
574 708 681 907
764 668 875 879
764 505 937 668
764 383 1000 505
681 383 764 742
574 383 681 708
488 383 574 1000
387 383 488 933
286 383 387 1000
157 383 286 1000
157 269 1000 383
157 143 1000 269
157 0 1000 143
0 0 157 1000
996 313 998 533
419 958 489 1000
548 855 581 952
494 855 548 958
344 794 505 855
162 958 419 1000
979 313 996 952
893 767 960 951
369 855 494 958
893 577 979 767
162 855 369 958
344 678 577 794
344 577 619 678
782 577 893 1000
344 394 619 577
782 313 979 577
782 0 1000 313
162 394 344 855
0 394 162 1000
619 0 782 1000
0 0 619 394
845 869 937 944
481 833 616 897
845 809 1000 869
281 934 514 987
616 944 928 985
737 809 845 944
737 740 1000 809
281 833 481 934
281 754 616 833
737 623 1000 740
737 495 1000 623
281 636 616 754
281 479 616 636
616 495 737 944
281 311 616 479
616 325 1000 495
183 311 281 1000
616 148 1000 325
183 148 616 311
183 0 1000 148
0 0 183 1000
605 944 763 985
258 985 729 1000
798 528 821 884
821 902 952 991
952 691 995 991
891 481 952 844
605 827 798 944
605 682 798 827
821 481 891 902
952 0 995 691
605 528 798 682
522 528 605 985
394 528 522 985
258 528 394 985
821 0 952 481
258 413 821 528
258 289 821 413
135 289 258 1000
0 289 135 1000
0 147 821 289
0 0 821 147
674 935 777 941
674 920 811 935
938 786 991 940
136 936 312 1000
853 792 938 970
359 970 951 1000
938 499 1000 786
674 792 853 920
674 690 938 792
555 690 674 970
555 600 938 690
555 499 938 600
555 401 1000 499
555 279 1000 401
457 279 555 970
359 279 457 970
359 146 1000 279
359 0 1000 146
136 470 359 936
136 0 359 470
0 0 136 1000
747 843 827 859
859 822 918 863
827 822 859 979
950 724 973 975
747 745 827 843
950 537 1000 724
927 537 950 978
827 635 927 822
927 248 1000 537
827 406 927 635
634 745 747 986
478 745 634 1000
478 592 827 745
478 406 827 592
478 248 927 406
372 248 478 1000
254 248 372 1000
254 126 1000 248
133 126 254 1000
133 0 1000 126
0 0 133 1000
801 854 842 857
925 861 948 959
870 629 1000 654
894 861 925 978
521 988 929 999
857 861 894 988
870 578 1000 629
801 751 904 854
760 861 857 988
782 578 870 751
631 751 801 861
782 488 1000 578
782 382 1000 488
521 861 760 988
782 230 1000 382
715 230 782 751
631 230 715 751
521 230 631 861
361 230 521 1000
361 0 1000 230
0 0 361 1000
963 733 966 962
956 733 963 853
890 817 940 920
104 955 314 1000
104 910 385 955
795 817 890 1000
673 817 795 1000
673 733 956 817
104 810 385 910
104 665 389 810
673 604 1000 733
104 505 389 665
673 457 1000 604
0 505 104 1000
673 292 1000 457
591 292 673 1000
494 292 591 1000
389 292 494 1000
389 161 1000 292
389 0 1000 161
0 0 389 505
989 489 992 612
308 962 473 1000
519 981 1000 1000
499 505 519 1000
956 489 989 898
159 874 308 983
308 805 499 962
596 765 877 877
877 489 956 898
519 898 926 981
596 635 877 765
596 489 877 635
596 374 1000 489
596 251 1000 374
519 251 596 898
519 134 1000 251
308 505 499 805
308 134 519 505
308 0 1000 134
159 0 308 874
0 0 159 1000
221 934 282 981
918 908 989 961
862 908 918 1000
926 727 975 864
221 810 282 934
221 629 283 810
862 727 926 908
171 629 221 996
791 727 862 1000
706 727 791 1000
706 621 989 727
706 510 1000 621
639 510 706 1000
639 380 1000 510
0 629 171 996
512 380 639 1000
512 192 1000 380
512 0 1000 192
406 0 512 1000
283 0 406 1000
0 0 283 629
456 775 500 905
588 914 689 982
934 831 1000 985
934 613 1000 831
588 723 697 914
351 775 456 1000
861 613 934 936
500 723 588 1000
351 592 500 775
786 613 861 1000
697 613 786 1000
697 498 1000 613
500 498 697 723
500 404 1000 498
500 300 1000 404
500 159 1000 300
500 0 1000 159
351 0 500 592
261 0 351 1000
134 0 261 1000
0 0 134 1000
998 149 1000 362
751 901 804 998
989 149 998 796
966 149 989 687
877 822 966 977
751 750 873 901
672 750 751 1000
588 750 672 1000
588 675 877 750
497 675 588 1000
405 675 497 1000
405 611 877 675
320 611 405 1000
320 549 877 611
320 442 877 549
877 149 966 822
320 323 877 442
320 149 877 323
320 0 1000 149
182 0 320 1000
0 0 182 1000
562 956 609 993
678 851 746 897
928 535 941 819
954 861 991 972
678 755 746 851
678 643 746 755
562 778 669 956
746 743 847 992
954 135 1000 861
409 778 562 1000
409 643 678 778
847 535 928 992
409 523 746 643
847 135 954 535
409 356 746 523
746 135 847 743
409 135 746 356
409 0 1000 135
319 0 409 1000
169 0 319 1000
0 0 169 1000
996 0 999 678
953 880 996 962
712 731 929 785
765 902 904 990
818 590 953 709
0 965 558 1000
765 785 953 902
818 412 953 590
647 785 765 1000
191 731 712 780
737 412 818 731
737 278 953 412
654 278 737 731
953 0 996 880
535 278 654 731
535 138 953 278
399 138 535 731
0 785 647 965
191 138 399 731
0 138 191 785
0 0 953 138
925 669 927 773
931 894 944 990
698 965 851 1000
254 953 371 1000
433 897 542 989
254 894 433 953
931 648 1000 894
698 876 925 965
254 758 433 894
931 207 1000 648
122 758 254 1000
122 607 433 758
698 669 925 876
698 447 931 669
122 330 433 607
542 447 698 1000
542 207 931 447
542 0 1000 207
433 0 542 897
122 0 433 330
0 0 122 1000
645 979 740 998
790 935 931 1000
173 938 328 1000
0 915 167 985
173 885 397 938
790 868 1000 935
645 812 731 979
173 796 397 885
533 812 645 1000
790 764 1000 868
173 683 397 796
533 705 790 812
790 588 1000 764
790 385 1000 588
173 414 397 683
533 385 790 705
533 207 1000 385
0 414 173 915
397 207 533 1000
397 0 1000 207
0 0 397 414
895 843 908 907
895 817 1000 843
862 817 895 1000
294 770 430 868
788 817 862 1000
294 663 430 770
695 817 788 1000
243 663 294 1000
695 743 1000 817
159 663 243 1000
535 743 695 1000
159 493 430 663
535 644 1000 743
535 522 1000 644
535 394 1000 522
430 394 535 1000
430 278 1000 394
430 140 1000 278
430 0 1000 140
159 0 430 493
0 0 159 1000
176 827 251 876
874 712 906 983
906 862 1000 960
0 940 251 1000
814 712 874 1000
906 668 1000 862
0 827 176 940
906 425 1000 668
717 712 814 964
624 712 717 1000
505 712 624 1000
0 665 251 827
0 468 263 665
505 574 906 712
505 425 906 574
505 300 1000 425
505 164 1000 300
403 164 505 1000
263 164 403 1000
263 0 1000 164
0 0 263 468
203 939 256 988
257 984 550 1000
203 836 257 939
866 894 947 1000
538 865 665 984
105 836 203 1000
714 894 866 1000
538 755 714 865
105 693 257 836
421 755 538 984
0 693 105 1000
257 755 421 984
714 711 983 894
714 494 1000 711
257 618 714 755
714 265 1000 494
257 455 714 618
714 0 1000 265
257 266 714 455
257 0 714 266
0 0 257 693
371 890 390 903
371 830 402 890
965 829 1000 888
371 754 402 830
324 754 371 938
882 829 965 999
815 497 967 636
745 829 882 1000
211 754 324 1000
745 716 1000 829
642 716 745 1000
512 716 642 1000
512 636 1000 716
402 636 512 1000
402 497 815 636
402 400 1000 497
402 300 1000 400
402 173 1000 300
211 173 402 754
211 0 1000 173
0 0 211 1000
942 756 1000 801
760 955 881 1000
835 756 942 816
942 562 1000 756
654 845 757 967
835 638 942 756
760 873 1000 955
942 140 1000 562
447 845 654 1000
447 735 760 845
447 620 760 735
447 492 760 620
447 336 760 492
174 680 347 961
835 140 942 638
760 140 835 873
447 140 760 336
367 140 447 1000
174 140 367 680
174 0 1000 140
0 0 174 1000
684 991 766 998
955 525 995 656
880 901 1000 951
265 962 666 996
776 644 955 741
880 752 1000 901
265 915 646 962
265 844 548 915
776 525 955 644
776 388 1000 525
265 764 666 844
776 231 1000 388
265 671 666 764
265 556 666 671
684 752 880 991
684 231 776 752
265 420 666 556
265 246 684 420
684 0 1000 231
265 0 684 246
0 0 265 1000
955 916 984 956
469 976 552 994
986 174 993 794
469 878 552 976
915 619 955 1000
574 531 608 984
770 858 915 981
291 878 469 1000
608 858 770 1000
955 174 986 916
608 779 915 858
608 700 915 779
608 619 915 700
608 507 955 619
608 395 955 507
608 174 955 395
291 531 574 878
291 174 608 531
291 0 1000 174
162 0 291 1000
0 0 162 1000
924 667 1000 682
919 756 938 861
878 667 924 756
828 667 878 756
816 909 947 1000
792 756 919 863
628 909 816 1000
628 863 1000 909
628 756 792 863
628 667 828 756
564 667 628 1000
500 667 564 1000
500 594 1000 667
500 498 1000 594
371 498 500 1000
371 393 1000 498
371 273 1000 393
263 273 371 1000
263 155 1000 273
263 0 1000 155
0 0 263 1000
952 503 1000 616
910 661 977 764
948 240 1000 474
862 877 989 978
297 978 943 1000
701 877 862 978
796 503 952 661
688 661 910 797
499 797 962 874
796 240 948 503
297 877 701 978
688 240 796 661
594 240 688 797
499 240 594 797
384 240 499 877
384 121 1000 240
384 0 1000 121
297 0 384 877
205 0 297 1000
108 0 205 1000
0 0 108 1000
402 961 586 1000
903 906 982 1000
988 245 1000 958
837 831 903 966
586 458 615 822
615 834 724 971
724 831 837 1000
903 599 982 906
402 794 586 961
402 615 586 794
305 615 402 1000
724 599 903 831
724 438 988 599
615 438 724 834
305 458 586 615
206 458 305 1000
206 310 615 458
615 245 988 438
615 0 1000 245
206 0 615 310
0 0 206 1000
384 898 436 935
919 878 1000 941
243 898 384 1000
516 737 609 944
759 878 919 1000
436 737 516 1000
759 790 1000 878
759 698 1000 790
243 763 436 898
436 576 609 737
759 580 1000 698
759 422 1000 580
687 422 759 1000
610 422 687 1000
436 265 609 576
610 212 1000 422
610 0 1000 212
243 265 436 763
243 0 610 265
124 0 243 1000
0 0 124 1000
699 967 746 998
800 944 997 956
425 784 508 878
616 707 687 870
163 967 699 1000
800 804 1000 944
508 707 616 967
800 652 1000 804
508 528 687 707
800 488 1000 652
800 310 1000 488
745 310 800 967
687 310 745 967
508 310 687 528
508 211 1000 310
508 112 1000 211
508 0 1000 112
425 0 508 784
322 0 425 967
163 0 322 967
0 0 163 1000
928 674 981 718
656 981 1000 989
981 290 1000 819
916 772 981 942
928 405 981 674
836 772 916 981
866 405 928 772
704 772 836 981
785 405 866 772
704 405 785 772
704 290 981 405
656 290 704 981
597 290 656 1000
597 171 1000 290
597 0 1000 171
522 0 597 1000
437 0 522 1000
348 0 437 1000
243 0 348 1000
128 0 243 1000
0 0 128 1000
783 957 982 985
793 889 881 957
571 957 783 1000
900 615 968 800
793 800 1000 889
790 615 900 800
134 555 227 848
790 479 1000 615
684 479 790 800
571 800 793 957
684 361 1000 479
571 361 684 800
571 244 1000 361
499 244 571 1000
423 244 499 1000
0 555 134 986
423 134 1000 244
346 134 423 1000
227 134 346 1000
227 0 1000 134
0 0 227 555
