875 893 882 940
562 468 741 470
816 983 974 994
626 639 788 651
927 471 988 514
788 593 933 613
614 639 626 893
788 569 933 593
614 617 788 639
788 540 933 569
614 586 788 617
816 946 959 983
933 514 1000 595
591 586 614 893
591 540 788 586
565 540 591 893
536 540 565 893
536 514 933 540
562 439 973 468
498 514 536 893
459 514 498 893
746 332 968 405
562 332 746 439
459 471 927 514
409 471 459 893
409 332 562 471
366 946 816 999
409 287 1000 332
366 893 875 946
409 240 1000 287
366 240 409 893
328 240 366 1000
328 196 1000 240
291 196 328 1000
247 196 291 1000
247 146 1000 196
247 82 1000 146
187 82 247 1000
187 0 1000 82
105 0 187 1000
0 0 105 1000
992 648 999 730
868 208 873 485
719 564 748 645
973 648 992 776
719 417 748 564
596 816 638 943
559 816 596 1000
498 816 559 937
946 648 973 941
873 790 940 911
453 816 498 1000
397 816 453 1000
873 648 946 790
873 556 1000 648
831 604 863 971
397 769 658 816
873 451 1000 556
831 208 868 604
397 710 658 769
873 322 1000 451
338 710 397 1000
748 581 801 930
271 710 338 1000
191 710 271 1000
191 660 658 710
191 609 658 660
191 554 658 609
748 208 831 581
191 487 658 554
658 417 719 944
191 417 658 487
191 352 748 417
191 283 748 352
873 0 1000 322
191 208 748 283
191 146 873 208
191 73 873 146
134 73 191 1000
134 0 873 73
67 0 134 1000
0 0 67 1000
735 915 907 917
389 432 391 718
891 571 1000 584
568 557 574 810
891 555 1000 571
560 557 568 810
902 917 999 939
799 844 871 881
746 917 902 940
735 844 799 915
560 514 673 557
891 499 1000 555
868 499 891 810
842 499 868 810
842 447 1000 499
498 970 884 993
735 810 998 844
815 447 842 810
788 447 815 810
316 826 389 967
759 447 788 810
759 396 1000 447
498 917 746 970
759 309 1000 396
717 309 759 810
673 309 717 810
560 309 673 514
498 810 735 917
316 432 389 826
560 241 1000 309
257 432 316 942
198 432 257 995
498 241 560 810
498 170 1000 241
498 97 1000 170
448 97 498 1000
391 97 448 1000
198 97 391 432
198 0 1000 97
109 0 198 1000
0 0 109 1000
537 683 542 699
681 952 704 963
720 183 722 358
542 736 626 750
685 579 704 655
681 579 685 952
664 761 681 858
681 493 704 579
459 953 512 1000
241 744 330 776
520 683 537 939
937 611 996 688
712 183 720 770
802 736 914 797
542 639 626 736
802 661 914 736
542 537 626 639
681 183 712 493
664 183 681 761
542 407 626 537
765 661 802 992
937 396 996 611
914 396 937 1000
128 738 231 889
459 683 520 953
765 546 914 661
765 396 914 546
459 407 542 683
330 452 395 805
241 452 330 744
626 183 664 980
765 264 1000 396
722 264 765 1000
722 147 1000 264
459 183 626 407
722 0 1000 147
459 0 722 183
398 0 459 1000
241 0 398 452
128 0 241 738
0 0 128 1000
541 709 558 760
908 370 911 673
962 620 965 935
283 916 424 923
833 799 839 1000
976 632 999 709
949 620 962 847
912 869 949 971
965 632 976 1000
833 722 897 799
897 370 908 910
283 863 424 916
965 410 1000 632
833 597 897 722
283 801 424 863
912 620 949 869
470 709 541 839
808 597 833 1000
231 801 283 1000
912 410 965 620
742 613 779 915
424 709 470 978
424 590 558 709
231 700 424 801
912 182 1000 410
808 370 897 597
231 590 424 700
231 504 558 590
231 415 558 504
180 415 231 1000
180 335 558 415
180 255 558 335
180 166 558 255
629 613 742 954
629 370 808 613
125 166 180 1000
629 182 912 370
629 0 1000 182
558 0 629 1000
125 0 558 166
0 0 125 1000
331 296 333 792
705 535 717 683
828 890 848 1000
242 928 295 972
675 535 705 683
784 890 828 1000
523 683 646 724
639 535 675 683
989 0 1000 513
129 838 167 989
725 890 784 1000
661 890 725 1000
242 738 295 928
639 476 824 535
312 296 331 870
129 738 242 838
536 890 661 1000
639 402 824 476
129 659 312 738
394 890 536 1000
639 311 824 402
79 659 129 1000
394 859 999 890
586 311 639 683
79 570 312 659
586 220 824 311
79 460 312 570
946 0 989 600
523 220 586 683
394 792 864 859
394 733 945 792
457 220 523 733
891 0 946 647
79 296 312 460
457 114 824 220
824 0 891 595
457 0 824 114
394 0 457 733
336 0 394 1000
79 0 336 296
0 0 79 986
681 165 703 236
933 623 957 712
843 799 980 815
666 706 841 723
479 775 513 881
444 775 479 881
389 775 444 881
69 993 909 1000
666 597 723 706
562 922 664 983
330 775 389 881
739 833 980 865
681 136 988 165
425 922 562 993
843 724 980 799
666 558 933 597
269 922 425 993
739 724 843 833
666 512 933 558
666 460 933 512
69 922 269 993
666 397 933 460
614 397 666 724
614 336 933 397
330 724 739 775
933 289 1000 623
551 336 614 724
488 336 551 724
417 336 488 724
339 336 417 724
260 336 339 724
69 881 812 922
260 289 933 336
180 289 260 724
69 724 330 881
180 237 1000 289
69 237 180 724
69 136 681 237
69 68 1000 136
69 0 1000 68
0 0 69 1000
146 619 147 992
803 704 1000 707
376 493 378 753
376 227 378 493
800 704 803 1000
796 704 800 1000
302 574 307 911
295 574 302 859
278 574 295 710
796 691 1000 704
786 691 796 1000
786 672 1000 691
265 574 278 983
85 872 138 992
194 574 265 693
753 672 786 1000
718 672 753 1000
677 672 718 1000
636 672 677 1000
85 619 146 872
636 625 1000 672
588 625 636 1000
588 578 1000 625
542 578 588 1000
343 227 376 840
486 578 542 1000
307 227 343 918
486 517 1000 578
486 451 1000 517
486 384 1000 451
486 312 1000 384
486 237 1000 312
486 161 1000 237
486 85 1000 161
194 227 307 574
85 227 194 619
486 0 1000 85
439 0 486 1000
378 0 439 989
85 0 378 227
0 0 85 1000
992 434 999 457
485 998 627 1000
662 872 961 874
826 759 849 866
398 681 445 745
992 0 999 434
485 987 897 998
826 723 973 759
546 574 581 723
724 874 785 971
398 588 475 681
829 523 880 680
546 516 695 574
79 867 159 980
829 453 973 523
546 444 695 516
608 874 724 971
787 453 829 723
743 453 787 723
695 453 743 723
695 405 973 453
485 874 608 987
973 0 992 747
695 350 973 405
695 282 973 350
221 629 289 960
546 282 695 444
662 723 826 872
546 220 973 282
485 723 662 874
318 588 398 961
485 220 546 723
485 149 973 220
318 368 475 588
318 149 485 368
221 149 318 629
162 149 221 1000
162 86 973 149
162 0 973 86
79 0 162 867
0 0 79 1000
333 708 336 966
286 794 333 826
386 326 389 870
353 504 358 943
598 777 610 1000
745 915 785 988
581 777 598 1000
745 894 935 915
286 708 333 794
379 326 386 998
745 866 935 894
745 836 935 866
745 802 935 836
709 802 745 1000
336 504 353 970
360 326 379 857
709 749 935 802
935 535 977 884
709 680 935 749
709 604 935 680
664 604 709 1000
664 535 935 604
581 535 664 777
456 651 527 942
581 485 1000 535
539 485 581 1000
197 708 286 961
539 431 1000 485
539 371 1000 431
539 310 1000 371
456 310 539 651
197 504 336 708
197 326 360 504
138 326 197 887
67 326 138 830
0 326 67 935
456 211 1000 310
456 108 1000 211
456 0 1000 108
389 0 456 1000
0 0 389 326
