962 786 973 967
528 576 769 585
962 588 979 786
528 558 769 576
528 510 769 558
497 510 528 959
921 588 962 960
921 164 980 588
880 164 921 942
497 398 880 510
497 284 880 398
497 164 880 284
397 164 497 1000
281 164 397 1000
281 0 1000 164
0 0 281 1000
979 0 992 700
753 463 789 966
386 463 753 513
386 421 888 463
345 421 386 1000
935 236 972 922
345 369 888 421
888 236 935 964
289 369 345 1000
289 307 888 369
289 236 888 307
215 236 289 1000
215 132 979 236
120 132 215 1000
120 0 979 132
0 0 120 1000
592 528 602 879
473 879 557 958
592 476 771 528
565 476 592 879
525 476 565 879
525 416 832 476
473 416 525 879
905 297 978 665
311 492 367 995
832 297 905 745
473 297 832 416
379 297 473 1000
379 169 1000 297
379 0 1000 169
0 492 311 875
0 0 379 492
0 995 364 1000
298 764 318 995
298 719 577 764
773 390 819 743
298 641 577 719
298 562 577 641
298 448 577 562
577 907 965 990
670 390 773 743
670 244 1000 390
166 448 298 995
670 0 1000 244
577 0 670 907
0 448 166 995
0 231 577 448
0 0 577 231
570 839 593 907
428 790 457 915
397 790 428 989
570 420 585 839
551 420 570 959
468 420 551 601
623 355 1000 399
597 355 623 1000
397 420 468 790
266 420 397 684
597 264 1000 355
266 264 597 420
194 264 266 1000
194 191 1000 264
194 0 1000 191
0 0 194 1000
147 979 190 992
512 558 519 799
147 888 278 979
645 606 686 917
599 606 645 917
527 606 599 917
411 558 512 964
304 558 411 989
527 502 1000 606
527 390 1000 502
527 270 1000 390
304 270 527 558
304 139 1000 270
147 139 304 888
147 0 1000 139
0 0 147 1000
147 997 916 1000
467 674 966 687
410 674 467 925
147 968 653 997
341 674 410 925
147 925 555 968
262 674 341 925
147 674 262 925
147 637 985 674
147 599 1000 637
147 515 1000 599
147 420 1000 515
147 315 1000 420
147 161 1000 315
147 0 1000 161
0 0 147 1000
407 674 412 915
766 665 933 681
304 674 407 739
304 600 413 674
710 365 1000 405
724 665 766 982
710 301 1000 365
644 301 710 665
617 665 724 982
515 665 617 1000
644 162 1000 301
515 162 644 665
304 162 515 600
304 0 1000 162
156 0 304 1000
0 0 156 1000
395 284 397 819
785 401 1000 412
598 823 638 1000
598 784 1000 823
785 312 1000 401
785 211 1000 312
598 720 1000 784
733 211 785 720
292 284 395 618
598 211 733 720
506 211 598 1000
179 284 292 965
506 0 1000 211
397 0 506 1000
0 284 179 907
0 0 397 284
0 805 18 984
281 960 720 973
0 780 281 805
459 739 535 960
914 437 993 671
459 680 780 739
914 121 997 437
883 121 914 1000
459 581 780 680
780 121 883 724
281 581 459 960
281 438 780 581
281 281 780 438
281 121 780 281
281 0 1000 121
0 0 281 780
513 770 764 790
947 473 966 807
947 279 990 473
164 792 513 844
164 737 513 792
880 279 947 587
164 663 513 737
827 279 880 951
513 622 764 770
164 528 513 663
827 0 1000 279
513 435 827 622
513 234 827 435
164 234 513 528
0 234 164 1000
0 0 827 234
788 294 804 361
981 0 986 628
579 618 601 895
527 618 579 895
474 618 527 895
417 618 474 895
352 618 417 895
391 367 560 480
272 618 352 895
272 367 391 618
272 294 788 367
272 226 981 294
272 118 981 226
272 0 981 118
152 0 272 1000
0 0 152 1000
