470 671 536 822
470 652 1000 671
404 652 470 1000
404 513 574 652
260 513 404 1000
260 278 1000 513
260 0 1000 278
0 0 260 1000
959 0 961 428
485 701 499 1000
916 0 959 383
429 701 485 1000
429 635 916 701
429 406 916 635
429 0 916 406
0 0 429 1000
710 540 907 589
669 540 710 877
669 479 1000 540
669 392 1000 479
518 392 669 944
373 392 518 1000
373 0 1000 392
0 0 373 1000
764 564 947 721
764 295 947 564
625 295 764 800
514 295 625 1000
287 295 514 651
145 295 287 1000
0 295 145 1000
0 0 947 295
656 726 685 866
615 726 656 891
718 441 1000 478
686 441 718 1000
615 441 686 726
375 441 615 1000
375 0 1000 441
0 0 375 1000
855 446 958 518
811 446 855 1000
638 446 811 608
638 255 1000 446
511 255 638 1000
511 0 1000 255
314 0 511 957
0 0 314 1000
762 600 803 805
762 527 1000 600
303 642 360 991
762 288 1000 527
653 288 762 1000
653 0 1000 288
0 642 303 991
0 0 653 642
672 515 693 784
610 515 672 784
439 784 571 935
439 515 610 784
439 364 1000 515
295 364 439 1000
295 0 1000 364
0 0 295 1000
898 505 999 519
491 695 521 972
491 633 898 695
329 633 491 1000
329 505 898 633
329 363 1000 505
329 0 1000 363
0 0 329 1000
482 598 715 798
482 451 882 598
223 798 847 911
223 451 482 798
882 0 991 872
223 240 882 451
223 0 882 240
0 0 223 1000
590 633 601 832
427 633 590 669
0 866 383 1000
764 365 1000 704
631 365 764 1000
0 633 427 866
631 0 1000 365
0 0 631 633
655 409 806 551
343 646 534 946
542 409 655 1000
542 261 1000 409
343 261 542 646
343 135 1000 261
343 0 1000 135
0 0 343 1000
773 809 804 869
773 564 816 809
709 564 773 1000
472 564 709 1000
472 258 1000 564
226 258 472 1000
226 0 1000 258
0 0 226 1000
650 424 721 674
879 214 935 807
650 214 879 424
650 0 1000 214
534 0 650 1000
375 0 534 1000
197 0 375 1000
0 0 197 1000
579 573 750 585
559 573 579 1000
750 663 1000 888
377 573 559 1000
750 322 1000 663
377 322 750 573
377 0 1000 322
0 0 377 1000
718 686 753 955
654 686 718 955
418 516 521 788
271 516 418 959
654 416 1000 686
654 0 1000 416
271 0 654 516
0 0 271 1000
437 893 587 904
609 533 624 893
609 389 1000 533
609 210 1000 389
437 210 609 893
437 0 1000 210
248 0 437 1000
0 0 248 1000
596 776 983 843
596 649 914 776
596 490 983 649
426 490 596 1000
426 221 983 490
232 221 426 1000
232 0 1000 221
0 0 232 1000
585 814 1000 848
585 711 889 814
396 711 585 1000
396 604 913 711
396 504 1000 604
396 274 1000 504
396 0 1000 274
0 0 396 1000
619 481 786 513
619 422 1000 481
619 357 1000 422
619 225 1000 357
544 225 619 1000
544 0 1000 225
423 0 544 1000
0 0 423 1000
325 983 338 996
519 669 563 983
519 586 1000 669
325 586 519 983
325 345 686 586
325 180 1000 345
325 0 1000 180
0 0 325 1000
866 658 1000 672
866 521 1000 658
856 0 1000 222
714 521 866 1000
551 521 714 1000
551 0 856 521
390 0 551 1000
0 0 390 1000
962 0 981 512
521 649 622 853
300 702 449 992
300 449 521 702
828 0 962 1000
0 449 300 1000
521 0 828 649
0 0 521 449
157 615 337 683
873 431 1000 563
0 615 157 933
337 573 551 1000
648 431 873 1000
648 0 976 431
337 0 648 573
0 0 337 615
649 685 1000 701
649 651 1000 685
332 907 796 954
649 584 1000 651
649 428 1000 584
649 0 1000 428
332 0 649 907
0 0 332 1000
555 666 812 701
555 485 812 666
812 284 1000 544
812 0 1000 284
284 658 549 975
555 0 812 485
284 0 555 658
0 0 284 1000
588 584 651 741
398 811 697 948
398 584 588 811
220 584 398 1000
220 458 1000 584
220 230 1000 458
220 0 1000 230
0 0 220 1000
