924 544 950 645
840 911 891 972
99 918 147 1000
638 826 802 859
941 859 1000 991
952 450 1000 647
535 972 920 1000
695 708 942 752
871 752 1000 837
803 544 924 647
803 450 952 544
638 752 871 826
695 647 990 708
535 911 840 972
300 911 535 1000
695 450 803 647
616 450 695 752
616 387 1000 450
616 321 1000 387
544 321 616 752
468 321 544 752
300 859 941 911
387 321 468 752
300 752 638 859
300 321 387 752
242 321 300 1000
242 267 1000 321
242 211 1000 267
242 150 1000 211
242 81 1000 150
182 81 242 1000
99 81 182 918
99 0 1000 81
0 0 99 1000
992 747 996 998
943 803 973 886
439 942 500 1000
534 217 542 704
973 747 992 960
943 632 973 803
391 793 450 883
439 890 544 942
0 930 116 1000
294 793 391 890
353 890 439 1000
973 153 1000 747
294 702 487 793
191 890 353 1000
884 632 943 938
831 632 884 1000
294 596 487 702
493 217 534 751
831 463 973 632
294 462 487 596
781 463 831 1000
730 463 781 1000
677 463 730 990
677 367 973 463
677 270 973 367
624 270 677 1000
624 153 973 270
294 217 493 462
0 635 181 930
544 153 624 1000
191 217 294 890
544 0 1000 153
191 0 544 217
0 0 191 635
982 702 988 959
993 269 1000 530
271 993 642 1000
809 887 880 932
982 269 993 702
517 896 611 949
880 680 904 891
508 796 608 855
809 785 880 887
508 741 644 796
341 862 611 891
412 896 517 985
428 741 508 862
428 686 644 741
428 629 644 686
741 785 809 976
271 896 412 993
741 680 880 785
741 591 915 680
644 771 727 1000
341 629 428 862
741 461 915 591
341 554 644 629
341 475 644 554
271 475 341 896
644 461 741 771
271 373 644 475
271 250 644 373
915 269 982 968
205 250 271 1000
644 269 915 461
644 0 1000 269
205 0 644 250
0 0 205 1000
726 830 905 839
646 947 906 954
473 886 518 1000
991 0 1000 597
830 693 901 808
372 872 469 960
595 956 792 1000
473 753 545 886
907 763 971 920
974 0 991 677
907 567 974 763
726 693 830 830
473 523 545 753
372 698 469 872
726 595 907 693
372 523 473 698
646 864 888 947
646 595 726 864
646 510 907 595
646 421 907 510
646 325 907 421
595 325 646 956
545 325 595 1000
372 325 545 523
907 0 974 567
315 325 372 1000
315 257 907 325
246 257 315 1000
246 178 907 257
180 178 246 1000
180 96 907 178
180 0 907 96
95 0 180 1000
0 0 95 1000
470 830 473 914
274 861 364 874
786 862 839 890
924 886 941 995
786 804 839 862
889 886 924 1000
441 830 470 977
183 821 207 1000
889 842 1000 886
405 830 441 997
364 830 405 1000
742 804 786 1000
274 712 364 861
107 821 183 1000
364 704 473 830
889 709 1000 842
665 804 742 1000
274 536 364 712
889 507 1000 709
546 804 665 1000
889 257 1000 507
546 704 839 804
546 599 839 704
839 257 889 1000
839 0 1000 257
546 445 839 599
107 536 274 821
107 333 364 536
546 237 839 445
546 0 839 237
473 0 546 1000
364 0 473 704
107 0 364 333
0 0 107 1000
613 993 653 1000
262 993 613 1000
938 340 1000 412
898 871 1000 922
0 837 103 892
837 871 898 993
136 713 170 954
103 713 136 970
890 340 938 521
837 791 1000 871
819 340 890 533
762 791 837 993
740 340 819 533
684 791 762 993
103 486 176 713
653 340 740 533
684 736 1000 791
557 340 653 533
684 657 1000 736
601 657 684 993
517 657 601 993
517 596 1000 657
430 596 517 993
0 486 103 837
337 596 430 993
337 533 1000 596
337 340 557 533
262 340 337 993
179 340 262 1000
179 261 1000 340
179 182 1000 261
179 99 1000 182
179 0 1000 99
0 0 179 486
704 692 711 756
637 959 726 969
892 947 922 1000
704 668 773 692
617 694 652 755
578 694 617 755
637 932 726 959
734 834 752 985
892 908 978 947
523 694 578 755
851 908 892 1000
851 875 978 908
523 668 704 694
851 835 996 875
637 834 734 932
408 668 523 756
637 756 773 834
773 835 851 1000
244 668 408 756
531 756 637 1000
244 618 773 668
773 687 996 835
382 756 531 1000
773 519 1000 687
244 544 773 618
219 756 382 1000
773 341 1000 519
244 451 773 544
0 756 219 1000
244 335 773 451
773 0 1000 341
0 335 244 756
0 169 773 335
0 0 773 169
846 786 848 828
655 934 679 1000
949 776 960 996
848 870 927 910
309 871 346 976
927 776 949 1000
266 871 309 1000
974 624 995 887
426 801 489 908
392 801 426 1000
392 729 489 801
392 656 489 729
927 624 974 776
655 870 792 934
349 656 392 1000
655 786 846 870
266 656 349 871
848 624 927 870
202 656 266 1000
130 656 202 1000
130 580 489 656
655 624 848 786
571 624 655 1000
130 489 489 580
571 547 1000 624
130 374 489 489
571 450 1000 547
130 229 489 374
571 327 1000 450
571 166 1000 327
571 0 1000 166
489 0 571 1000
130 0 489 229
0 0 130 1000
622 877 651 960
772 964 980 987
756 472 772 785
963 716 1000 901
365 883 443 975
443 950 619 991
301 883 365 1000
963 503 1000 716
443 894 622 950
443 823 622 894
622 415 651 877
301 774 443 883
228 774 301 1000
443 726 622 823
228 680 443 774
443 594 622 726
896 503 963 863
835 503 896 960
228 546 443 680
772 503 835 964
228 410 443 546
772 368 1000 503
174 410 228 1000
443 415 622 594
443 240 659 415
772 192 1000 368
772 0 1000 192
174 240 443 410
659 472 756 944
174 136 659 240
659 0 772 472
96 136 174 1000
96 0 659 136
0 0 96 1000
346 998 483 999
207 998 346 1000
495 206 498 868
368 749 387 931
593 819 660 877
207 975 409 998
331 749 368 929
903 822 1000 894
331 598 394 749
845 822 903 1000
771 822 845 1000
394 742 491 912
394 570 495 742
285 598 331 975
771 716 1000 822
771 603 1000 716
771 484 1000 603
717 484 771 1000
660 484 717 1000
660 394 1000 484
660 290 1000 394
593 290 660 819
394 206 495 570
593 191 1000 290
593 91 1000 191
547 91 593 1000
500 91 547 1000
285 206 394 598
500 0 1000 91
207 206 285 975
207 0 500 206
142 0 207 1000
71 0 142 1000
0 0 71 1000
597 952 703 962
254 494 257 863
925 761 979 786
0 963 44 1000
548 956 592 997
446 956 548 1000
174 867 241 951
893 869 979 942
241 494 254 987
597 890 703 952
856 761 925 869
349 862 446 1000
979 290 1000 1000
446 842 597 956
756 869 893 1000
856 606 979 761
597 682 703 890
446 682 597 842
174 494 241 867
446 582 703 682
756 606 856 869
756 479 979 606
446 467 703 582
113 494 174 1000
446 320 703 467
756 290 979 479
756 115 1000 290
703 115 756 1000
446 115 703 320
0 494 113 963
349 115 446 862
349 0 1000 115
257 0 349 1000
0 0 257 494
