643 936 822 962
517 704 643 769
517 609 643 704
962 0 980 757
824 513 877 828
469 609 517 1000
469 480 643 609
921 0 962 674
469 311 643 480
422 311 469 1000
643 710 824 936
315 311 422 711
250 311 315 1000
180 311 250 1000
180 203 643 311
824 0 921 513
91 203 180 1000
0 203 91 1000
643 0 824 710
0 0 643 203
698 583 701 927
500 784 625 850
625 842 684 995
500 705 625 784
625 583 698 842
943 347 1000 681
434 705 500 1000
434 583 625 705
434 492 709 583
434 390 709 492
434 287 709 390
836 347 943 796
352 287 434 1000
709 347 836 842
709 117 1000 347
248 287 352 1000
248 117 709 287
248 0 1000 117
157 0 248 1000
0 0 157 1000
127 719 188 765
719 609 738 903
719 587 1000 609
697 587 719 1000
671 587 697 1000
671 539 1000 587
624 539 671 914
574 539 624 1000
0 719 127 963
193 460 276 851
293 287 372 752
574 431 1000 539
486 431 574 1000
0 460 193 719
0 287 293 460
486 322 1000 431
486 173 1000 322
486 0 1000 173
379 0 486 875
0 0 379 287
827 554 830 590
871 367 1000 418
854 367 871 763
837 367 854 846
790 554 827 787
790 367 837 554
775 367 790 1000
752 367 775 933
533 705 616 897
703 367 752 1000
642 367 703 955
533 367 642 705
461 367 533 1000
382 367 461 1000
382 281 1000 367
300 281 382 1000
215 281 300 1000
215 178 1000 281
215 0 1000 178
0 0 215 1000
913 723 925 946
86 818 269 839
86 787 269 818
560 955 704 998
0 787 86 1000
0 714 269 787
560 798 725 955
0 617 269 714
0 519 269 617
560 723 913 798
560 650 1000 723
560 576 1000 650
560 430 1000 576
269 578 436 966
442 430 560 1000
442 303 1000 430
442 153 1000 303
442 0 1000 153
269 0 442 578
0 0 269 519
853 826 896 849
646 739 764 752
715 266 992 275
510 866 532 996
853 799 990 826
646 590 684 739
646 570 1000 590
646 543 1000 570
715 211 1000 266
510 799 853 866
646 474 1000 543
385 799 510 996
547 474 646 752
385 752 1000 799
420 474 547 752
196 752 385 1000
420 211 715 474
196 211 420 752
196 0 1000 211
0 0 196 1000
624 552 701 595
813 859 1000 877
689 727 776 780
624 521 1000 552
689 678 1000 727
667 859 813 1000
667 788 1000 859
689 595 978 678
624 414 916 521
487 788 667 1000
487 595 689 788
382 595 487 1000
665 127 951 278
248 595 382 1000
248 414 624 595
248 300 1000 414
121 300 248 1000
121 127 665 300
121 0 1000 127
0 0 121 1000
249 986 715 991
820 714 837 939
945 239 951 940
683 714 820 762
249 969 725 986
945 0 1000 239
683 615 842 714
419 657 612 750
683 448 842 615
419 505 612 657
683 263 842 448
612 263 683 873
419 263 612 505
351 263 419 969
842 0 945 531
351 148 842 263
249 148 351 969
249 0 842 148
142 0 249 1000
0 0 142 1000
196 455 281 557
152 738 281 806
726 713 835 801
835 752 911 1000
835 620 1000 752
835 481 1000 620
726 481 835 713
647 481 726 850
0 738 152 961
647 384 1000 481
558 384 647 780
558 303 1000 384
479 303 558 771
424 303 479 1000
361 303 424 1000
281 303 361 1000
0 455 196 738
281 169 1000 303
281 0 1000 169
0 0 281 455
760 886 971 919
303 729 420 795
668 886 760 1000
250 729 303 1000
668 825 1000 886
169 729 250 1000
531 825 668 1000
834 477 973 659
834 317 1000 477
637 587 830 729
169 605 420 729
85 605 169 1000
85 508 439 605
0 508 85 1000
637 317 834 587
637 166 1000 317
531 166 637 825
531 0 1000 166
439 0 531 1000
0 0 439 508
721 978 831 997
876 747 893 942
450 801 493 915
721 942 972 978
287 818 338 1000
812 747 876 942
450 518 510 801
812 631 983 747
721 631 812 942
607 631 721 1000
607 512 983 631
607 391 983 512
287 518 450 818
526 391 607 1000
526 275 983 391
526 161 1000 275
287 161 526 518
162 161 287 1000
162 0 1000 161
0 0 162 1000
322 947 401 966
486 687 503 862
486 662 643 687
401 935 578 1000
643 520 763 664
763 559 859 782
486 520 643 662
486 432 763 520
894 316 965 760
763 316 894 559
486 316 763 432
486 243 1000 316
401 862 941 935
401 243 486 862
322 243 401 947
239 243 322 1000
121 243 239 1000
121 136 1000 243
121 0 1000 136
0 0 121 1000
776 526 779 1000
958 350 989 431
617 621 718 682
941 350 958 878
748 526 776 1000
549 621 617 854
549 526 748 621
549 476 941 526
496 476 549 1000
443 476 496 1000
443 420 941 476
384 420 443 1000
384 350 941 420
384 276 1000 350
321 276 384 1000
226 276 321 1000
126 276 226 1000
126 143 1000 276
126 0 1000 143
0 0 126 1000
483 740 560 781
984 224 997 497
624 800 1000 813
385 500 935 513
588 800 624 1000
385 463 914 500
480 800 588 1000
371 800 480 1000
597 517 854 615
483 517 597 740
716 312 905 449
371 517 483 800
279 517 371 1000
385 312 716 463
385 224 984 312
134 517 279 1000
134 224 385 517
134 127 1000 224
134 0 1000 127
0 0 134 1000
361 795 404 935
361 727 468 795
947 299 988 509
727 725 947 771
676 725 727 1000
676 672 947 725
676 573 947 672
613 573 676 1000
533 573 613 1000
533 484 947 573
533 394 947 484
468 394 533 1000
468 299 947 394
361 299 468 727
288 299 361 1000
288 217 1000 299
288 121 1000 217
193 121 288 1000
193 0 1000 121
0 0 193 812
986 0 999 440
635 643 919 673
919 617 986 762
771 730 919 813
449 643 635 730
654 730 771 917
524 730 654 917
449 564 801 643
135 917 572 984
449 500 919 564
320 730 524 917
449 413 919 500
320 413 449 730
919 0 986 617
227 413 320 917
227 340 919 413
135 340 227 917
0 340 135 1000
0 194 919 340
0 0 919 194
435 956 541 1000
872 601 999 651
748 446 819 601
255 854 356 999
643 446 748 601
643 369 920 446
547 369 643 601
920 119 981 496
789 752 968 892
435 909 980 956
547 238 842 369
547 119 920 238
547 0 1000 119
435 752 789 909
435 601 872 752
435 0 547 601
356 0 435 1000
255 0 356 854
152 0 255 1000
0 0 152 1000
997 0 999 557
386 711 517 772
626 745 821 815
626 668 821 745
576 668 626 1000
576 589 821 668
912 202 955 661
517 589 576 1000
517 501 821 589
386 501 517 711
865 202 912 871
386 426 821 501
326 426 386 1000
821 202 865 999
244 426 326 1000
244 323 821 426
126 323 244 1000
0 323 126 1000
0 202 821 323
0 0 997 202
457 988 956 989
781 492 787 751
781 470 996 492
457 965 828 988
742 470 781 751
653 834 833 941
742 385 996 470
683 385 742 751
457 834 653 965
683 286 996 385
457 751 899 834
683 165 1000 286
683 0 1000 165
613 0 683 751
536 0 613 751
457 0 536 751
380 0 457 1000
300 0 380 1000
133 0 300 722
0 0 133 1000
577 581 686 595
851 844 1000 876
490 864 700 911
833 543 934 646
780 844 851 1000
833 380 934 543
490 780 723 864
965 111 998 728
934 111 965 805
833 111 934 380
577 313 686 581
780 111 833 844
490 313 577 780
731 111 780 1000
490 111 731 313
418 111 490 1000
418 0 1000 111
345 0 418 1000
269 0 345 1000
0 0 269 1000
214 917 227 951
618 786 628 1000
214 740 227 917
199 740 214 979
618 757 1000 786
567 757 618 1000
423 264 460 772
567 710 1000 757
567 656 1000 710
567 592 1000 656
0 740 199 936
320 264 423 656
461 592 567 1000
229 264 320 841
461 455 1000 592
461 309 1000 455
461 162 1000 309
461 0 1000 162
0 264 229 740
0 0 461 264
987 301 994 515
601 927 826 944
642 610 667 927
851 503 987 568
828 503 851 1000
601 610 642 927
601 503 828 610
551 503 601 1000
490 503 551 1000
490 438 987 503
490 371 987 438
429 371 490 1000
368 371 429 1000
368 301 987 371
368 220 1000 301
299 220 368 1000
299 124 1000 220
200 124 299 1000
200 0 1000 124
0 0 200 1000
370 980 405 987
436 845 459 976
509 684 553 980
509 597 663 684
753 648 916 738
436 597 509 845
753 555 1000 648
370 597 436 980
753 449 1000 555
370 501 663 597
753 327 1000 449
370 402 684 501
753 199 1000 327
370 259 684 402
684 199 753 1000
288 259 370 1000
684 0 1000 199
175 259 288 1000
175 0 684 259
0 0 175 1000
648 604 689 653
648 595 996 604
635 595 648 1000
635 568 996 595
612 568 635 1000
612 538 996 568
584 538 612 1000
552 538 584 1000
512 538 552 1000
455 538 512 1000
455 485 996 538
455 420 996 485
455 342 996 420
455 249 996 342
383 249 455 1000
311 249 383 1000
311 147 1000 249
311 0 1000 147
155 0 311 1000
0 0 155 1000
581 632 592 639
677 671 1000 676
570 632 581 999
677 655 1000 671
677 625 1000 655
499 632 570 819
636 625 677 1000
636 570 1000 625
636 499 1000 570
636 418 1000 499
636 332 1000 418
499 332 636 632
436 332 499 1000
365 332 436 1000
262 332 365 1000
262 237 1000 332
262 138 1000 237
262 0 1000 138
154 0 262 1000
0 0 154 1000
874 234 879 407
460 900 501 1000
851 744 874 924
851 234 874 744
932 484 1000 731
460 844 767 900
932 118 1000 484
297 627 460 869
797 234 851 1000
460 719 797 844
884 118 932 1000
460 562 797 719
460 399 797 562
460 234 797 399
297 234 460 627
297 118 884 234
297 0 1000 118
203 0 297 1000
106 0 203 1000
0 0 106 1000
913 678 1000 693
913 635 1000 678
693 644 834 716
649 644 693 895
834 635 913 807
834 535 1000 635
204 675 317 845
593 644 649 1000
834 352 1000 535
593 511 834 644
593 352 834 511
593 252 1000 352
532 252 593 993
441 252 532 1000
331 252 441 1000
331 127 1000 252
331 0 1000 127
204 0 331 675
105 0 204 1000
0 0 105 1000
208 830 309 848
820 885 908 1000
820 822 1000 885
466 709 539 951
317 744 466 867
676 822 820 1000
466 470 587 709
676 732 1000 822
676 640 1000 732
676 539 1000 640
676 420 1000 539
317 470 466 744
317 299 587 470
587 420 676 1000
208 299 317 830
587 277 1000 420
587 102 1000 277
208 102 587 299
208 0 1000 102
0 0 208 1000
