752 690 823 710
988 389 993 674
403 822 530 854
752 632 823 690
642 799 669 978
994 0 1000 883
613 799 642 1000
897 494 914 877
403 768 530 822
613 749 752 799
947 815 986 996
947 639 988 815
369 768 403 1000
876 494 897 933
947 389 988 639
318 768 369 1000
318 693 530 768
318 618 530 693
613 632 752 749
273 618 318 1000
947 0 994 389
613 532 823 632
613 430 823 532
273 532 530 618
573 430 613 1000
530 430 573 1000
273 430 530 532
273 381 823 430
218 381 273 1000
876 0 947 494
218 320 823 381
823 0 876 716
162 320 218 1000
89 320 162 1000
89 239 823 320
89 142 823 239
0 142 89 1000
0 0 823 142
818 972 990 979
441 619 562 630
433 619 441 848
469 423 500 528
433 590 562 619
166 897 214 980
541 231 558 483
873 805 976 863
512 231 541 499
469 231 512 423
166 729 219 897
818 805 873 972
766 805 818 984
766 759 1000 805
766 709 1000 759
433 231 469 590
721 709 766 1000
409 231 433 848
721 644 1000 709
721 577 1000 644
676 577 721 1000
620 577 676 1000
357 848 546 985
620 504 1000 577
562 504 620 1000
562 435 1000 504
357 231 409 848
562 357 1000 435
298 231 357 847
245 231 298 921
562 265 1000 357
562 171 1000 265
562 71 1000 171
245 71 562 231
245 0 1000 71
166 0 245 729
97 0 166 1000
0 0 97 1000
709 978 990 981
657 416 660 744
846 779 990 788
990 408 993 906
846 757 990 779
846 730 990 757
595 612 606 979
846 700 990 730
828 700 846 978
190 637 221 834
642 416 657 877
828 657 990 700
399 804 452 939
800 657 828 978
619 416 642 940
759 657 800 978
399 634 478 804
759 589 990 657
488 612 595 777
709 589 759 978
709 499 990 589
709 408 990 499
488 416 619 612
661 408 709 1000
63 637 190 870
661 313 1000 408
661 211 1000 313
488 211 661 416
399 211 488 634
343 211 399 1000
286 211 343 1000
286 147 1000 211
63 344 219 637
286 75 1000 147
286 0 1000 75
230 0 286 1000
63 0 230 344
0 0 63 1000
998 196 1000 423
381 235 383 854
631 475 638 733
127 839 168 912
625 475 631 996
879 690 932 759
985 196 998 686
179 805 220 967
76 839 127 1000
362 235 381 732
932 679 985 898
506 835 589 978
681 891 791 1000
179 515 227 805
273 563 333 802
681 816 879 891
506 628 607 835
681 705 879 816
446 628 506 1000
681 586 879 705
681 459 879 586
681 331 879 459
643 331 681 1000
932 196 985 679
879 196 932 690
446 475 625 628
446 331 643 475
446 265 879 331
273 235 362 563
446 196 879 265
227 235 273 896
76 515 179 839
76 235 227 515
446 102 1000 196
383 102 446 1000
383 0 1000 102
76 0 383 235
0 0 76 1000
508 998 682 1000
190 829 207 885
371 722 422 750
991 197 993 958
190 730 207 829
603 907 664 942
748 863 768 1000
901 705 960 799
371 604 422 722
748 799 857 863
603 760 664 907
347 604 371 1000
748 678 857 799
313 604 347 1000
603 531 670 760
699 678 748 1000
121 730 190 963
313 421 422 604
559 531 603 998
699 544 861 678
508 531 559 998
960 197 991 993
699 382 861 544
508 382 699 531
901 197 960 705
861 197 901 994
508 291 861 382
508 197 861 291
464 197 508 1000
464 130 1000 197
422 130 464 1000
422 64 1000 130
313 64 422 421
313 0 1000 64
267 0 313 1000
210 0 267 1000
121 0 210 730
0 0 121 1000
982 250 984 702
982 180 999 250
707 952 769 983
246 757 265 860
649 952 707 989
905 660 978 702
889 660 905 857
824 857 991 877
649 940 942 952
889 616 978 660
246 508 269 757
0 945 164 988
859 616 889 857
828 616 859 857
793 616 828 857
173 717 219 994
793 543 982 616
649 857 824 940
542 857 649 1000
173 508 246 717
736 543 793 857
400 857 542 1000
736 458 982 543
736 338 982 458
0 761 167 945
667 338 736 857
596 338 667 857
524 338 596 857
524 256 982 338
459 256 524 857
459 180 982 256
400 180 459 857
0 508 173 761
341 180 400 1000
341 90 1000 180
269 90 341 1000
269 0 1000 90
0 0 269 508
