817 863 969 990
577 591 680 862
577 455 817 591
510 455 577 967
817 0 973 863
510 0 817 455
301 0 510 1000
0 0 301 1000
172 889 777 912
323 588 466 889
323 516 1000 588
172 516 323 889
172 369 1000 516
172 185 1000 369
172 0 1000 185
0 0 172 1000
473 691 1000 727
473 647 1000 691
473 568 941 647
385 568 473 1000
385 499 1000 568
385 281 1000 499
385 0 1000 281
0 0 385 1000
708 538 1000 658
629 538 708 1000
629 375 1000 538
629 188 1000 375
629 0 1000 188
472 0 629 602
273 0 472 1000
0 0 273 1000
185 778 418 943
185 673 694 778
733 360 871 1000
185 490 694 673
733 0 1000 360
185 256 694 490
0 256 185 1000
0 0 733 256
824 529 871 657
793 529 824 740
793 422 1000 529
734 422 793 1000
660 422 734 1000
660 252 1000 422
660 0 1000 252
0 0 660 1000
501 704 524 1000
501 555 562 704
466 555 501 1000
466 501 1000 555
200 501 466 1000
200 244 948 501
200 0 1000 244
0 0 200 1000
483 804 510 1000
483 655 930 804
483 510 1000 655
226 555 434 922
483 266 1000 510
483 0 1000 266
226 0 483 555
0 0 226 1000
777 660 1000 769
768 221 847 660
638 660 777 1000
638 221 768 660
531 221 638 870
531 0 1000 221
248 0 531 784
0 0 248 1000
511 368 539 945
816 476 1000 686
411 368 511 1000
816 0 1000 476
210 368 411 1000
653 0 816 1000
210 0 653 368
0 0 210 1000
463 466 1000 564
463 359 1000 466
284 585 423 998
463 247 1000 359
284 247 463 585
284 157 1000 247
284 0 1000 157
0 0 284 1000
836 543 919 751
565 543 836 644
565 428 1000 543
565 247 1000 428
436 247 565 1000
436 0 1000 247
247 0 436 1000
0 0 247 1000
436 829 811 836
650 518 697 829
650 446 1000 518
650 236 1000 446
650 0 1000 236
436 0 650 829
239 0 436 1000
0 0 239 1000
691 456 708 552
598 456 691 1000
598 237 837 456
467 237 598 1000
467 0 1000 237
328 0 467 1000
187 0 328 1000
0 0 187 1000
0 979 170 996
845 347 1000 375
466 590 539 730
733 347 845 1000
733 0 1000 347
587 0 733 1000
0 590 466 979
0 0 587 590
682 704 714 987
682 430 918 704
545 430 682 1000
545 202 918 430
545 0 1000 202
383 0 545 1000
220 0 383 1000
0 0 220 1000
285 875 314 996
800 356 1000 529
571 356 800 694
571 159 1000 356
398 159 571 672
398 0 1000 159
285 0 398 875
0 0 285 1000
973 337 976 665
600 516 900 543
900 337 973 786
481 516 600 1000
481 337 900 516
481 0 1000 337
265 0 481 1000
0 0 265 1000
726 554 1000 593
726 494 1000 554
726 424 1000 494
535 424 726 569
428 424 535 1000
428 311 1000 424
428 0 1000 311
0 0 428 1000
460 862 705 881
460 831 987 862
604 190 1000 387
460 190 604 831
342 190 460 1000
196 190 342 1000
196 0 1000 190
0 0 196 1000
650 685 754 1000
650 526 921 685
650 285 921 526
543 285 650 1000
401 285 543 1000
248 285 401 1000
248 0 921 285
0 0 248 1000
766 0 1000 18
323 881 870 898
745 748 828 875
745 479 861 748
549 479 745 881
549 0 766 479
323 0 549 881
0 0 323 1000
443 529 504 1000
443 477 1000 529
443 406 1000 477
359 406 443 1000
359 207 1000 406
171 207 359 1000
171 0 1000 207
0 0 171 1000
786 685 841 1000
786 514 1000 685
786 249 1000 514
687 249 786 1000
687 0 1000 249
560 0 687 726
427 0 560 1000
0 0 427 1000
700 728 1000 769
700 677 1000 728
700 461 1000 677
558 461 700 1000
558 250 1000 461
558 0 1000 250
433 0 558 1000
0 0 433 892
623 746 1000 779
585 537 692 746
585 475 1000 537
441 746 623 919
441 475 585 746
441 298 1000 475
441 0 1000 298
0 0 441 1000
977 0 994 347
429 513 592 661
369 513 429 1000
676 499 1000 604
237 513 369 1000
676 0 977 499
237 0 676 513
0 0 237 1000
911 0 1000 229
704 485 801 725
638 485 704 1000
866 0 911 809
828 0 866 967
449 485 638 1000
449 0 828 485
0 0 449 956
971 327 987 946
728 560 971 628
624 560 728 1000
624 327 971 560
491 327 624 1000
257 327 491 1000
257 0 1000 327
0 0 257 1000
675 826 689 867
675 747 993 826
562 747 675 1000
436 747 562 1000
436 506 701 747
436 356 1000 506
436 0 1000 356
0 0 436 1000
960 0 997 383
809 484 960 793
809 0 960 484
256 687 699 863
256 433 809 687
0 433 256 1000
0 237 809 433
0 0 809 237
605 292 1000 368
553 292 605 1000
441 292 553 1000
312 292 441 1000
312 159 1000 292
312 0 1000 159
192 0 312 1000
0 0 192 1000
502 592 868 665
410 592 502 1000
410 509 1000 592
303 509 410 1000
303 389 1000 509
303 253 1000 389
303 0 1000 253
0 0 303 1000
389 786 442 985
389 647 492 786
389 510 1000 647
389 366 1000 510
223 366 389 1000
223 185 1000 366
223 0 1000 185
0 0 223 1000
510 529 803 604
510 426 803 529
510 338 1000 426
510 207 1000 338
355 207 510 946
355 0 1000 207
186 0 355 1000
0 0 186 1000
