836 851 859 880
851 430 854 653
803 977 850 994
592 871 709 878
859 970 891 999
986 888 999 980
859 940 920 970
846 430 851 811
94 931 127 998
623 560 636 871
836 430 846 851
803 887 856 977
859 831 920 940
410 557 517 622
623 492 732 560
386 557 410 879
380 879 454 1000
303 879 380 1000
986 127 999 888
350 557 386 879
592 492 623 871
859 631 920 831
559 492 592 879
803 430 836 887
350 461 517 557
517 492 559 879
517 410 732 492
517 308 732 410
350 308 517 461
303 308 350 879
859 356 962 631
859 127 986 356
732 430 803 936
732 127 859 430
303 213 732 308
250 213 303 1000
191 213 250 1000
191 127 732 213
191 69 1000 127
191 0 1000 69
94 0 191 931
0 0 94 1000
998 148 1000 245
996 148 998 515
740 342 744 781
165 629 325 647
799 692 950 720
165 603 325 629
799 664 950 692
165 572 325 603
730 342 740 833
799 620 950 664
799 576 950 620
799 530 950 576
670 447 695 724
140 909 269 970
140 572 165 909
950 429 987 678
331 938 648 970
114 572 140 973
114 512 325 572
621 447 670 730
114 441 325 512
799 429 950 530
799 348 996 429
799 260 996 348
698 342 730 935
114 351 325 441
554 447 621 751
395 796 584 909
80 351 114 1000
799 148 996 260
483 447 554 796
80 236 331 351
799 0 1000 148
395 447 483 796
331 447 395 938
762 0 799 952
331 342 698 447
331 240 762 342
331 125 762 240
331 0 762 125
80 0 331 236
0 0 80 1000
996 924 999 969
332 670 334 845
332 408 334 670
494 699 510 808
382 747 435 787
996 134 999 924
739 973 887 990
977 766 996 934
335 970 447 999
761 700 952 725
761 675 952 700
761 652 977 675
382 649 449 747
184 896 258 985
761 619 977 652
761 584 977 619
739 584 761 973
291 716 326 973
494 507 541 699
584 173 615 469
566 173 584 786
711 584 739 991
547 173 566 792
977 134 996 766
291 408 332 716
494 173 547 507
666 584 711 991
666 523 977 584
666 460 977 523
455 173 494 832
666 369 977 460
666 257 977 369
382 173 455 649
335 173 382 970
666 134 977 257
666 0 1000 134
618 0 666 991
335 0 618 173
184 408 291 896
184 0 335 408
118 0 184 1000
0 0 118 1000
71 997 407 1000
518 270 520 961
476 424 499 534
71 994 957 997
373 487 379 954
470 424 476 923
373 454 470 487
261 497 272 824
511 270 518 898
803 607 827 818
362 454 373 958
470 270 511 424
779 607 803 874
362 389 470 454
779 564 1000 607
343 389 362 958
743 564 779 874
743 520 1000 564
520 941 981 966
707 520 743 874
668 520 707 874
343 270 470 389
214 497 261 819
668 464 1000 520
141 497 214 761
71 971 916 994
343 152 520 270
614 464 668 874
315 152 343 971
614 396 1000 464
614 323 1000 396
614 243 1000 323
564 243 614 874
272 152 315 927
564 163 1000 243
564 82 1000 163
564 0 1000 82
520 0 564 941
141 152 272 497
141 0 520 152
71 0 141 971
0 0 71 1000
966 991 971 996
267 862 339 865
786 998 970 1000
588 998 786 1000
187 997 386 1000
187 991 386 997
483 528 536 561
588 991 966 998
836 820 948 845
660 833 797 867
836 775 948 820
370 519 429 629
660 773 797 833
797 775 836 991
660 710 797 773
797 715 948 775
797 668 1000 715
797 621 1000 668
483 303 536 528
660 621 797 710
660 583 1000 621
660 541 1000 583
660 496 1000 541
267 703 370 862
660 444 1000 496
267 519 370 703
660 384 1000 444
660 310 1000 384
660 230 1000 310
624 230 660 991
187 874 420 991
588 230 624 991
588 162 1000 230
430 303 483 860
267 303 430 519
536 162 588 1000
187 303 267 874
187 162 536 303
118 162 187 1000
118 89 1000 162
118 0 1000 89
0 0 118 1000
908 618 909 931
999 216 1000 917
264 336 266 948
898 587 903 857
253 336 264 532
670 776 783 797
248 336 253 936
557 770 670 806
539 770 557 1000
825 879 898 957
783 364 799 765
908 479 967 618
986 216 999 850
670 690 783 776
539 690 670 770
502 690 539 1000
463 690 502 1000
69 854 194 951
463 651 783 690
149 657 222 838
463 607 783 651
967 216 986 957
424 607 463 1000
908 216 967 479
69 657 149 854
424 561 783 607
825 587 898 879
424 500 783 561
424 438 783 500
424 364 783 438
424 290 825 364
382 290 424 1000
825 216 908 587
382 216 825 290
382 149 1000 216
382 81 1000 149
328 81 382 1000
266 81 328 1000
69 336 248 657
266 0 1000 81
69 0 266 336
0 0 69 1000
245 970 382 971
706 336 708 732
704 336 706 745
672 938 695 978
635 718 652 786
412 249 417 549
754 814 763 1000
745 814 754 1000
733 814 745 1000
635 596 654 718
598 596 635 714
708 814 733 1000
654 486 665 942
992 58 999 795
695 336 704 949
245 925 382 970
708 789 972 814
708 746 972 789
515 596 598 744
672 336 695 938
708 691 972 746
515 486 654 596
708 621 972 691
972 58 992 995
708 533 972 621
515 336 672 486
708 443 972 533
708 349 972 443
708 250 972 349
708 148 972 250
245 608 332 925
245 436 412 608
245 249 412 436
515 148 708 336
166 249 245 714
515 58 972 148
467 58 515 1000
417 58 467 1000
166 58 417 249
166 0 1000 58
87 0 166 1000
0 0 87 1000
