723 529 1000 590
606 529 723 1000
356 529 606 1000
356 0 1000 529
0 0 356 1000
543 263 1000 325
504 263 543 1000
504 0 1000 263
370 0 504 1000
0 0 370 1000
706 0 1000 178
410 659 703 1000
410 0 706 659
214 0 410 1000
0 0 214 1000
702 490 1000 539
430 823 784 1000
702 0 1000 490
430 0 702 823
0 0 430 1000
819 0 1000 133
590 659 1000 746
735 0 819 659
590 0 735 659
0 0 590 1000
675 113 1000 167
675 0 1000 113
473 0 675 1000
242 0 473 1000
0 0 242 1000
552 222 682 665
463 222 552 1000
270 222 463 966
270 0 931 222
0 0 270 1000
430 481 625 924
430 304 1000 481
271 304 430 1000
271 0 1000 304
0 0 271 1000
689 244 1000 318
689 0 1000 244
582 0 689 828
395 0 582 1000
0 0 395 1000
490 426 899 430
420 426 490 1000
899 0 958 840
420 0 899 426
0 0 420 1000
320 641 1000 728
320 444 779 641
320 269 1000 444
320 0 1000 269
0 0 320 1000
463 468 632 709
463 276 1000 468
216 276 463 1000
216 0 1000 276
0 0 216 1000
438 704 677 819
438 422 691 704
691 0 870 861
0 422 438 1000
0 0 691 422
776 375 962 452
711 375 776 1000
711 0 962 375
454 0 711 790
0 0 454 1000
760 0 1000 52
712 0 760 1000
615 0 712 1000
412 0 615 1000
0 0 412 1000
525 698 560 1000
525 380 1000 698
525 0 1000 380
312 0 525 1000
0 0 312 1000
468 563 1000 617
468 394 1000 563
317 394 468 1000
317 0 1000 394
0 0 317 896
402 436 524 629
251 436 402 1000
251 312 1000 436
251 0 1000 312
0 0 251 1000
746 500 1000 716
569 500 746 1000
0 567 569 881
569 0 1000 500
0 0 569 567
846 0 1000 408
343 642 846 840
343 341 846 642
343 0 846 341
0 0 343 1000
543 545 693 1000
543 255 1000 545
322 255 543 1000
322 0 1000 255
0 0 322 1000
505 501 523 1000
505 229 914 501
505 0 1000 229
348 0 505 1000
0 0 348 1000
450 430 524 1000
338 430 450 1000
338 309 1000 430
338 0 1000 309
0 0 338 1000
491 415 563 1000
491 305 1000 415
294 305 491 1000
294 0 1000 305
0 0 294 1000
865 267 926 792
865 0 1000 267
708 0 865 499
483 0 708 883
0 0 483 1000
424 504 653 889
424 288 877 504
239 288 424 889
0 288 239 889
0 0 877 288
631 381 1000 396
346 727 755 748
631 0 1000 381
346 0 631 727
0 0 346 1000
426 517 504 1000
426 297 917 517
426 0 917 297
218 0 426 1000
0 0 218 1000
425 550 1000 563
350 550 425 1000
350 359 707 550
350 0 1000 359
0 0 350 1000
762 522 771 955
629 522 762 965
629 0 1000 522
352 0 629 991
0 0 352 1000
