575 834 761 905
575 785 1000 834
575 686 1000 785
296 686 575 1000
296 522 1000 686
296 312 1000 522
296 0 1000 312
0 0 296 1000
856 738 923 1000
708 738 856 1000
559 738 708 1000
257 738 559 1000
257 547 841 738
257 293 1000 547
257 0 1000 293
0 0 257 1000
866 550 1000 731
753 550 866 849
593 550 753 1000
593 275 1000 550
436 275 593 1000
279 275 436 1000
279 0 1000 275
0 0 279 1000
812 681 1000 742
812 590 1000 681
711 590 812 998
711 368 1000 590
547 368 711 1000
357 368 547 1000
357 0 1000 368
0 0 357 1000
806 844 1000 905
702 659 787 1000
583 659 702 1000
806 539 1000 844
806 0 1000 539
583 0 806 659
377 0 583 1000
0 0 377 1000
811 883 861 1000
811 840 1000 883
897 613 968 839
811 613 897 840
729 613 811 1000
729 477 1000 613
729 0 1000 477
0 0 729 1000
808 874 844 885
808 681 819 874
698 681 808 1000
243 681 698 1000
243 478 1000 681
243 252 1000 478
243 0 1000 252
0 0 243 1000
734 765 1000 767
734 584 1000 765
592 584 734 1000
592 386 1000 584
457 386 592 1000
457 218 1000 386
457 0 1000 218
0 0 457 1000
864 505 947 576
871 716 953 1000
864 297 1000 505
687 716 871 1000
687 297 864 716
553 297 687 1000
553 0 1000 297
0 0 553 1000
869 656 915 913
499 773 706 882
317 773 499 1000
706 656 869 1000
317 584 706 773
706 0 1000 656
317 0 706 584
0 0 317 1000
757 739 871 1000
632 739 757 1000
632 540 1000 739
632 323 1000 540
500 323 632 1000
292 323 500 1000
292 0 1000 323
0 0 292 1000
580 832 730 921
772 911 970 994
203 832 580 1000
203 605 772 832
203 347 772 605
772 0 955 911
203 0 772 347
0 0 203 1000
769 707 1000 745
734 707 769 995
734 576 1000 707
620 576 734 995
620 411 1000 576
620 0 1000 411
449 0 620 1000
0 0 449 1000
825 290 1000 514
359 887 1000 973
359 780 895 887
592 290 825 639
359 647 1000 780
592 0 1000 290
359 0 592 647
0 0 359 1000
504 957 593 958
733 798 1000 921
504 680 676 957
302 680 504 1000
733 468 1000 798
733 0 1000 468
302 0 733 680
0 0 302 1000
317 932 594 954
748 798 910 1000
748 641 1000 798
748 460 1000 641
748 0 1000 460
317 531 736 932
317 0 748 531
0 0 317 1000
788 787 937 1000
609 661 788 939
788 537 1000 787
788 242 1000 537
609 242 788 661
609 0 1000 242
451 0 609 1000
0 0 451 1000
785 761 851 868
753 639 1000 708
676 868 845 1000
425 868 676 1000
425 761 785 868
753 0 1000 639
425 0 753 761
0 0 425 1000
555 846 739 1000
555 744 1000 846
210 744 555 1000
210 609 1000 744
210 439 1000 609
210 264 1000 439
210 0 1000 264
0 0 210 1000
520 545 561 708
844 592 1000 911
844 0 1000 592
273 545 520 928
732 0 844 1000
586 0 732 1000
273 0 586 545
0 0 273 1000
655 847 917 888
319 945 930 992
655 617 1000 847
655 374 1000 617
488 374 655 945
319 374 488 945
319 0 1000 374
0 0 319 1000
876 589 1000 878
683 589 876 817
560 589 683 1000
386 589 560 1000
386 467 1000 589
386 283 1000 467
386 0 1000 283
0 0 386 1000
635 927 787 1000
635 790 891 927
424 790 635 1000
424 665 1000 790
424 526 1000 665
424 272 1000 526
424 0 1000 272
0 0 424 1000
949 325 992 570
890 325 949 890
838 325 890 1000
773 325 838 1000
522 325 773 1000
262 325 522 1000
262 0 1000 325
0 0 262 1000
995 0 997 232
958 0 995 874
429 630 560 1000
777 647 931 994
777 0 958 647
658 0 777 1000
429 0 658 630
0 0 429 1000
