861 540 934 573
504 559 511 946
615 926 793 1000
615 859 1000 926
934 0 1000 720
707 540 861 859
707 288 934 540
707 0 934 288
325 559 504 972
615 0 707 859
518 0 615 1000
325 0 518 559
193 0 325 1000
0 0 193 1000
658 983 880 988
658 930 697 983
471 930 658 1000
809 548 1000 690
471 847 1000 930
809 276 1000 548
712 276 809 847
595 276 712 847
471 276 595 847
471 139 1000 276
471 0 1000 139
374 0 471 1000
235 0 374 902
0 0 235 1000
727 690 1000 725
727 643 1000 690
683 643 727 1000
628 643 683 1000
562 643 628 1000
562 578 1000 643
562 502 1000 578
562 425 1000 502
562 336 1000 425
562 238 1000 336
478 238 562 1000
286 238 478 1000
286 0 1000 238
0 0 286 1000
911 572 1000 590
588 879 801 903
640 716 674 879
640 575 801 716
380 879 588 1000
801 807 984 970
911 166 1000 572
503 575 640 870
503 376 801 575
380 376 503 879
801 166 911 807
380 166 801 376
380 0 1000 166
0 0 380 1000
883 677 1000 741
786 846 875 951
637 752 768 824
883 569 1000 677
637 569 786 752
883 289 1000 569
263 780 480 943
263 600 514 780
786 289 883 846
786 0 1000 289
637 0 786 569
514 0 637 1000
263 0 514 600
0 0 263 1000
840 797 967 822
455 756 515 1000
967 0 1000 655
361 756 455 1000
361 647 590 756
284 647 361 1000
613 782 751 979
284 553 613 647
199 553 284 1000
840 0 967 797
199 297 613 553
0 297 199 977
613 0 840 782
0 0 613 297
652 799 755 802
652 797 858 799
676 809 1000 860
652 738 972 797
652 625 826 738
550 809 676 1000
652 552 1000 625
550 552 652 809
550 486 1000 552
550 413 1000 486
550 233 1000 413
550 0 1000 233
300 0 550 1000
0 0 300 1000
979 529 1000 912
882 529 979 645
853 529 882 1000
805 529 853 1000
747 529 805 1000
689 529 747 1000
689 394 1000 529
615 394 689 1000
469 394 615 1000
320 394 469 1000
320 197 1000 394
320 0 1000 197
182 0 320 1000
0 0 182 1000
711 769 848 796
0 977 601 992
629 769 711 940
0 940 419 977
948 0 977 692
629 671 859 769
421 671 629 940
421 534 859 671
421 376 859 534
859 0 948 816
421 201 859 376
233 201 421 940
0 201 233 940
0 0 859 201
835 691 849 932
227 984 583 997
809 691 835 984
746 691 809 984
746 615 1000 691
688 615 746 984
623 615 688 984
623 523 1000 615
428 523 623 984
227 523 428 984
227 390 1000 523
227 225 1000 390
227 0 1000 225
0 0 227 1000
149 796 167 1000
124 796 149 1000
124 765 347 796
569 851 790 912
569 803 952 851
124 627 347 765
349 803 569 1000
0 627 124 1000
349 717 1000 803
349 613 1000 717
349 441 1000 613
349 230 1000 441
349 0 1000 230
0 0 349 627
909 660 920 980
666 374 749 501
390 906 514 1000
909 521 1000 660
880 521 909 999
535 757 678 896
390 757 535 906
899 0 996 343
749 521 880 1000
749 0 899 521
390 374 666 757
390 0 749 374
213 0 390 1000
0 0 213 1000
960 639 997 709
811 692 960 745
811 639 960 692
811 585 1000 639
649 848 1000 951
391 848 649 1000
606 585 811 848
391 585 606 848
391 488 1000 585
391 345 1000 488
391 180 1000 345
391 0 1000 180
233 0 391 1000
0 0 233 1000
179 832 240 971
179 750 367 832
910 493 979 926
682 749 910 893
910 0 1000 493
0 750 179 1000
682 521 910 749
569 521 682 1000
569 345 910 521
461 345 569 1000
461 178 910 345
461 0 910 178
367 0 461 1000
0 0 367 750
976 0 983 977
677 854 868 903
875 171 905 814
846 171 875 854
494 854 677 1000
929 0 976 791
617 520 777 854
0 854 494 1000
617 171 846 520
498 171 617 854
341 171 498 854
171 171 341 854
0 171 171 854
0 0 929 171
830 794 1000 847
500 707 622 819
500 594 622 707
735 794 830 1000
735 666 1000 794
622 666 735 1000
333 594 500 872
622 531 1000 666
333 373 622 594
622 289 1000 531
179 373 333 1000
622 0 1000 289
179 0 622 373
0 0 179 1000
475 793 520 1000
851 674 898 885
475 727 659 793
851 578 1000 674
364 727 475 1000
766 578 851 1000
364 600 659 727
659 578 766 1000
364 381 659 600
659 306 1000 578
206 381 364 1000
659 0 1000 306
0 381 206 1000
0 0 659 381
480 766 482 848
480 694 493 766
480 651 576 694
424 651 480 1000
843 644 1000 828
300 651 424 1000
843 363 1000 644
167 651 300 1000
755 363 843 1000
167 385 576 651
576 363 755 1000
576 0 1000 363
167 0 576 385
0 0 167 1000
810 870 897 941
745 634 793 867
638 870 810 941
745 568 1000 634
745 461 1000 568
638 461 745 870
533 461 638 1000
401 461 533 1000
401 329 1000 461
401 163 1000 329
266 163 401 1000
266 0 1000 163
143 0 266 1000
0 0 143 1000
726 644 756 787
706 936 904 973
924 596 994 753
706 887 963 936
726 539 924 644
641 539 726 787
924 289 993 596
319 887 706 1000
319 787 1000 887
641 289 924 539
641 0 1000 289
483 0 641 787
319 0 483 787
0 0 319 1000
737 813 745 1000
864 963 965 992
660 813 737 1000
864 700 920 963
660 690 864 813
864 509 1000 700
571 690 660 1000
571 509 864 690
571 377 1000 509
438 377 571 1000
438 229 1000 377
438 0 1000 229
284 0 438 1000
0 0 284 1000
393 990 572 993
393 967 569 990
194 715 393 805
800 592 998 705
717 592 800 967
627 592 717 967
535 592 627 967
535 506 998 592
393 506 535 967
393 354 1000 506
393 187 1000 354
194 187 393 715
194 0 1000 187
0 0 194 1000
932 608 973 627
988 155 997 618
751 608 932 639
751 564 988 608
751 484 988 564
751 371 988 484
664 371 751 1000
549 371 664 1000
549 155 988 371
433 155 549 1000
317 155 433 1000
201 155 317 1000
201 0 1000 155
0 0 201 1000
726 741 962 812
726 649 1000 741
631 649 726 1000
631 549 1000 649
521 549 631 1000
407 549 521 1000
407 422 839 549
310 422 407 1000
310 340 1000 422
219 340 310 1000
219 250 1000 340
219 130 1000 250
219 0 1000 130
0 0 219 1000
602 893 665 1000
508 893 602 1000
589 726 906 780
394 726 589 826
737 454 934 582
508 826 1000 893
394 635 1000 726
177 826 508 1000
394 454 737 635
394 323 1000 454
177 323 394 826
177 181 1000 323
177 0 1000 181
0 0 177 1000
958 785 971 798
801 785 958 831
765 785 801 1000
765 730 1000 785
681 366 1000 437
678 730 765 1000
524 366 681 572
418 730 678 1000
524 199 1000 366
418 572 1000 730
190 572 418 1000
190 199 524 572
190 0 1000 199
0 0 190 1000
716 853 762 1000
716 817 1000 853
629 817 716 1000
629 763 1000 817
629 704 1000 763
629 621 1000 704
629 514 1000 621
629 371 1000 514
502 371 629 805
412 371 502 1000
412 228 1000 371
273 228 412 950
273 0 1000 228
0 0 273 1000
970 596 975 656
947 596 970 612
664 596 947 608
981 431 1000 620
664 526 981 596
633 753 779 1000
478 753 633 1000
478 526 664 753
478 431 981 526
478 335 1000 431
478 189 1000 335
478 0 1000 189
355 0 478 1000
0 0 355 1000
574 866 616 1000
456 820 574 890
969 0 1000 416
574 776 723 866
788 703 904 874
303 820 456 1000
788 466 904 703
723 466 788 1000
574 466 723 776
574 316 904 466
904 0 969 947
303 316 574 820
303 0 904 316
0 0 303 1000
931 484 968 556
634 919 723 998
731 794 809 919
436 919 634 1000
155 919 436 999
731 651 1000 794
458 651 731 919
458 484 931 651
458 336 1000 484
292 336 458 919
292 177 1000 336
292 0 1000 177
155 0 292 919
0 0 155 1000
549 955 616 984
775 529 1000 547
775 493 1000 529
775 427 1000 493
775 353 1000 427
775 274 1000 353
775 180 1000 274
549 821 880 955
664 180 775 821
549 180 664 821
549 0 1000 180
409 0 549 1000
208 0 409 1000
0 0 208 1000
993 0 997 421
739 849 971 891
729 482 825 586
518 729 650 826
971 0 993 823
587 849 739 1000
825 302 971 656
518 482 729 729
0 849 587 1000
224 482 518 849
224 302 825 482
0 302 224 849
0 163 971 302
0 0 971 163
623 819 982 849
623 780 1000 819
555 780 623 1000
94 852 229 965
94 751 327 852
555 723 1000 780
94 623 335 751
0 623 94 1000
555 605 1000 723
349 605 555 1000
349 450 1000 605
349 248 1000 450
349 0 1000 248
0 0 349 623
738 355 951 384
464 696 735 729
915 776 986 918
826 776 915 1000
469 786 653 1000
738 160 989 355
464 547 826 696
826 389 1000 776
143 786 469 1000
143 547 464 786
143 389 826 547
143 160 738 389
143 0 1000 160
0 0 143 1000
839 857 1000 866
876 664 1000 676
743 664 876 857
630 857 839 1000
585 664 743 857
375 857 630 1000
375 664 585 857
375 590 1000 664
375 472 1000 590
191 472 375 1000
191 332 1000 472
191 170 1000 332
191 0 1000 170
0 0 191 1000
912 764 942 997
912 642 979 764
912 480 993 642
601 872 788 973
601 762 828 872
601 599 828 762
601 480 912 599
527 480 601 1000
424 480 527 1000
424 384 993 480
284 384 424 1000
284 209 993 384
284 0 993 209
0 0 284 1000
385 860 441 1000
584 587 659 756
659 700 728 1000
894 508 1000 748
827 508 894 1000
772 288 825 913
827 281 1000 508
659 288 772 700
827 0 1000 281
385 587 584 860
196 587 385 1000
196 288 659 587
196 0 827 288
0 0 196 1000
981 0 990 853
787 662 877 766
678 662 787 820
905 474 978 719
678 568 877 662
678 474 905 568
678 345 981 474
608 345 678 1000
525 345 608 1000
525 195 981 345
418 195 525 1000
418 0 981 195
294 0 418 1000
0 0 294 1000
910 636 1000 854
395 827 610 924
639 791 763 1000
395 700 639 827
395 530 639 700
639 636 910 791
290 530 395 951
639 471 1000 636
639 266 1000 471
290 266 639 530
290 135 1000 266
290 0 1000 135
145 0 290 1000
0 0 145 1000
879 448 997 532
664 663 702 956
664 530 806 663
612 530 664 1000
806 448 879 1000
612 322 806 530
806 134 997 448
514 322 612 1000
405 322 514 1000
405 134 806 322
405 0 1000 134
313 0 405 1000
191 0 313 1000
0 0 191 1000
196 961 926 980
843 534 903 791
843 425 1000 534
393 848 573 961
196 848 393 961
391 746 674 848
391 616 674 746
704 425 843 848
391 427 704 616
704 217 1000 425
391 217 704 427
196 217 391 848
196 0 1000 217
0 0 196 1000
842 810 859 983
842 735 1000 810
792 735 842 1000
792 616 1000 735
540 454 966 537
680 616 792 1000
540 359 997 454
557 616 680 1000
371 616 557 1000
179 616 371 1000
179 359 540 616
179 208 1000 359
179 0 1000 208
0 0 179 1000
802 719 829 899
657 835 710 992
582 835 657 1000
964 0 995 490
802 586 923 719
739 586 802 899
923 0 964 623
582 586 739 835
472 586 582 1000
472 466 923 586
472 208 923 466
322 208 472 1000
322 0 923 208
0 0 322 1000
692 593 906 595
951 880 980 957
951 777 980 880
855 378 1000 449
855 181 907 378
855 108 1000 181
855 0 1000 108
798 0 855 593
692 0 798 593
484 777 951 936
484 613 1000 777
484 0 692 613
307 0 484 1000
0 0 307 1000
