403 688 463 837
869 845 1000 964
740 845 869 1000
740 755 1000 845
230 688 403 966
463 755 740 1000
0 688 230 1000
463 563 1000 755
0 427 463 688
463 322 1000 563
463 0 1000 322
0 0 463 427
984 319 1000 479
590 917 747 987
747 929 943 1000
590 812 747 917
943 319 984 777
747 723 943 929
747 512 943 723
590 512 747 812
590 319 943 512
286 319 590 1000
286 0 1000 319
0 0 286 1000
954 675 1000 876
875 675 954 839
785 648 868 807
789 876 1000 984
612 648 785 876
392 876 789 988
875 259 1000 675
612 259 875 648
392 259 612 876
392 0 1000 259
222 0 392 1000
0 0 222 1000
708 939 792 1000
708 849 887 939
887 729 1000 918
257 890 538 969
538 849 708 1000
538 729 887 849
538 604 1000 729
538 476 1000 604
538 259 1000 476
538 0 1000 259
257 0 538 890
0 0 257 1000
921 701 962 710
921 589 1000 701
778 589 921 1000
627 589 778 1000
627 382 1000 589
627 175 1000 382
527 175 627 1000
527 0 1000 175
441 0 527 1000
314 0 441 1000
174 0 314 1000
0 0 174 1000
894 812 913 1000
757 791 894 893
894 670 1000 812
757 670 894 791
696 670 757 1000
634 670 696 1000
634 548 1000 670
490 548 634 1000
490 358 1000 548
490 0 1000 358
298 0 490 1000
0 0 298 1000
723 557 934 622
843 779 1000 939
729 622 968 768
723 395 1000 557
625 779 843 1000
377 779 625 1000
377 622 729 779
180 622 377 1000
180 395 723 622
180 218 1000 395
180 0 1000 218
0 0 180 1000
720 823 780 864
780 859 842 1000
623 823 720 1000
780 535 862 859
933 286 1000 938
623 535 780 823
862 286 933 932
623 286 862 535
410 286 623 1000
410 0 1000 286
237 0 410 1000
0 0 237 1000
465 904 503 1000
465 867 688 904
954 631 995 879
855 631 954 1000
465 710 736 867
736 631 855 1000
736 384 1000 631
465 384 736 710
465 216 1000 384
465 0 1000 216
340 0 465 1000
0 0 340 1000
925 640 986 649
925 421 1000 640
788 864 1000 944
788 781 1000 864
827 421 925 650
671 781 788 1000
521 781 671 1000
357 781 521 1000
357 662 1000 781
357 421 827 662
357 0 1000 421
0 0 357 1000
973 450 1000 676
864 926 1000 1000
677 869 860 926
973 0 1000 450
882 536 973 694
800 536 882 787
677 787 1000 869
355 926 864 1000
355 787 677 926
800 0 973 536
355 0 800 787
0 0 355 1000
938 829 994 938
439 946 600 1000
765 672 938 922
938 0 1000 829
439 755 747 946
188 755 439 1000
188 639 765 755
188 509 765 639
188 326 765 509
765 0 938 672
188 0 765 326
0 0 188 1000
958 683 971 956
609 913 786 1000
958 0 1000 548
194 913 609 1000
813 683 958 1000
363 718 766 913
813 0 958 683
363 479 800 718
363 236 813 479
194 236 363 913
194 0 813 236
0 0 194 1000
750 904 926 964
569 964 882 1000
750 731 934 904
569 731 750 964
569 619 1000 731
569 486 1000 619
455 486 569 1000
455 251 1000 486
455 0 1000 251
314 0 455 1000
166 0 314 1000
0 0 166 1000
940 640 953 784
927 640 940 864
897 640 927 903
631 882 770 987
631 779 824 882
824 640 897 1000
824 468 1000 640
824 240 1000 468
824 0 1000 240
631 461 824 779
631 0 824 461
0 0 631 1000
492 947 1000 969
266 947 492 1000
753 741 1000 931
726 502 1000 741
402 741 753 947
402 502 726 741
402 364 1000 502
402 199 1000 364
402 0 1000 199
266 0 402 947
133 0 266 1000
0 0 133 1000
707 865 861 906
273 986 928 997
771 919 987 980
707 818 1000 865
480 919 771 986
707 572 1000 818
480 572 707 919
480 415 1000 572
273 415 480 986
273 214 1000 415
273 0 1000 214
0 0 273 1000
890 822 979 856
272 863 384 1000
729 822 890 1000
729 656 1000 822
593 656 729 1000
593 541 1000 656
593 394 1000 541
465 394 593 1000
465 223 1000 394
272 223 465 863
272 0 1000 223
0 0 272 1000
156 855 313 1000
840 640 1000 875
697 640 840 987
548 640 697 987
548 513 1000 640
548 381 1000 513
428 381 548 1000
428 193 1000 381
428 0 1000 193
313 0 428 1000
156 0 313 855
0 0 156 1000
907 825 930 865
736 861 906 1000
736 718 907 861
907 450 1000 825
609 718 736 1000
439 718 609 1000
439 613 907 718
246 613 439 1000
246 450 907 613
246 301 995 450
246 0 1000 301
0 0 246 1000
631 966 842 1000
515 878 631 1000
856 627 1000 807
246 878 515 1000
856 390 1000 627
631 821 962 966
246 673 631 878
631 390 856 821
246 327 631 673
631 0 1000 390
0 327 246 1000
0 0 631 327
969 720 1000 873
855 879 901 1000
855 803 969 879
759 803 855 1000
622 803 759 1000
622 720 969 803
622 624 1000 720
622 510 1000 624
622 303 1000 510
411 303 622 1000
411 0 1000 303
0 0 411 1000
885 608 957 679
770 947 885 1000
885 546 997 608
789 546 885 684
542 546 789 684
770 684 997 947
565 684 770 1000
542 317 997 546
210 684 565 1000
210 317 542 684
0 317 210 1000
0 0 997 317
545 720 558 931
588 875 764 925
491 720 545 959
588 684 764 875
764 759 999 1000
277 720 491 1000
588 328 764 684
764 418 1000 759
764 0 1000 418
277 328 588 720
277 0 764 328
0 0 277 1000
834 872 1000 922
559 778 662 1000
834 719 1000 872
559 539 707 778
834 493 1000 719
424 539 559 1000
707 493 834 1000
707 258 1000 493
424 258 707 539
293 258 424 1000
293 0 1000 258
0 0 293 1000
217 936 600 939
217 930 618 936
967 0 1000 340
483 722 684 930
877 460 967 1000
483 383 684 722
357 383 483 930
217 383 357 930
684 460 877 943
684 0 967 460
217 0 684 383
0 0 217 1000
914 850 1000 919
914 757 1000 850
644 866 820 970
507 866 644 1000
820 757 914 1000
507 745 820 866
820 482 1000 757
507 482 820 745
507 264 1000 482
269 264 507 1000
269 0 1000 264
0 0 269 1000
549 948 851 961
549 925 963 948
895 426 991 589
783 426 895 641
549 864 1000 925
549 791 1000 864
365 791 549 1000
783 0 1000 426
365 641 1000 791
583 0 783 641
365 0 583 641
0 0 365 1000
579 896 809 1000
685 226 809 499
940 0 1000 730
579 704 809 896
497 226 685 503
402 704 579 1000
402 503 809 704
215 503 402 1000
0 503 215 1000
809 0 940 870
0 226 497 503
0 0 809 226
929 843 976 888
653 861 669 1000
653 826 815 861
815 843 929 1000
653 680 815 826
815 568 1000 843
466 680 653 1000
815 0 1000 568
466 378 815 680
466 0 815 378
325 0 466 1000
0 0 325 1000
971 800 974 911
940 800 971 813
845 800 940 1000
742 800 845 1000
485 800 742 1000
485 637 875 800
485 512 1000 637
485 373 1000 512
485 206 1000 373
371 206 485 1000
371 0 1000 206
0 0 371 1000
912 690 990 818
839 690 912 903
663 690 839 1000
482 690 663 1000
482 569 990 690
482 442 990 569
337 442 482 1000
337 310 990 442
337 176 1000 310
337 0 1000 176
196 0 337 1000
0 0 196 1000
708 976 941 979
225 976 708 999
921 682 1000 931
786 692 921 843
921 389 1000 682
683 692 786 976
472 692 683 976
472 389 921 692
225 389 472 976
225 198 1000 389
225 0 1000 198
0 0 225 1000
950 684 981 702
624 673 769 786
661 786 769 1000
385 673 624 786
950 0 1000 684
462 786 661 1000
231 786 462 1000
0 786 231 1000
385 353 769 673
0 353 385 786
769 0 950 938
0 0 769 353
865 796 1000 853
785 796 865 1000
785 696 1000 796
785 581 1000 696
704 581 785 1000
586 581 704 1000
441 581 586 1000
276 581 441 1000
276 482 1000 581
276 311 1000 482
276 0 1000 311
0 0 276 1000
848 911 1000 1000
764 561 848 882
536 688 645 1000
848 634 974 911
424 688 536 1000
655 561 764 936
424 387 655 688
848 0 1000 634
266 387 424 1000
655 0 848 561
266 0 655 387
0 0 266 1000
783 953 972 1000
942 677 1000 903
180 953 783 1000
553 615 718 896
718 677 942 953
339 615 553 952
718 388 1000 677
339 391 718 615
718 0 1000 388
339 0 718 391
180 0 339 953
0 0 180 1000
903 700 1000 961
903 397 1000 700
699 759 856 964
534 759 699 982
903 0 998 397
534 607 903 759
534 447 903 607
382 447 534 1000
382 279 903 447
260 279 382 1000
260 0 903 279
0 0 260 1000
720 868 847 905
958 598 995 806
550 856 708 1000
287 856 550 1000
847 598 958 1000
847 283 1000 598
287 731 708 856
720 283 847 868
287 540 708 731
287 283 720 540
287 0 1000 283
0 0 287 1000
800 790 895 907
738 790 800 1000
559 852 700 953
559 764 738 852
895 384 1000 941
738 384 895 790
559 384 738 764
429 384 559 1000
238 384 429 1000
238 202 1000 384
238 0 1000 202
0 0 238 1000
212 984 354 1000
908 838 1000 972
908 645 1000 838
818 645 908 984
675 645 818 984
675 484 1000 645
550 484 675 984
550 257 1000 484
398 257 550 984
212 257 398 984
212 0 1000 257
0 0 212 1000
