881 984 934 995
673 824 819 834
936 652 1000 682
942 751 980 824
877 711 989 742
914 546 964 616
846 616 954 652
957 834 1000 927
881 887 935 984
708 711 877 751
817 887 881 1000
914 417 993 546
442 711 708 751
718 887 817 1000
617 887 718 1000
514 887 617 1000
846 417 914 616
673 751 942 824
759 417 846 652
514 834 957 887
652 417 759 652
340 834 514 1000
442 652 936 711
652 324 1000 417
104 834 340 1000
652 195 1000 324
551 195 652 652
104 751 673 834
442 195 551 652
342 195 442 751
227 195 342 751
227 108 1000 195
104 108 227 751
104 0 1000 108
0 0 104 1000
997 389 1000 574
453 384 1000 389
984 609 997 890
684 951 793 1000
482 970 673 1000
793 895 848 1000
591 296 1000 322
684 849 793 951
482 911 673 970
793 673 848 895
482 847 673 911
398 847 482 1000
312 847 398 1000
212 847 312 1000
212 813 684 847
937 609 984 974
684 673 793 849
212 771 684 813
795 187 992 292
591 187 795 296
212 723 684 771
591 120 945 187
453 331 937 384
115 723 212 1000
115 673 684 723
453 120 591 331
848 609 937 975
848 389 997 609
115 619 848 673
115 564 848 619
115 490 848 564
115 389 848 490
115 120 453 389
115 0 1000 120
0 0 115 1000
443 930 450 973
997 658 1000 927
443 903 499 930
411 903 443 973
946 800 994 853
488 289 499 541
905 867 965 944
222 973 424 1000
336 664 436 746
839 944 1000 1000
298 884 411 973
411 746 499 903
704 867 905 944
561 944 839 1000
298 746 411 884
704 800 946 867
222 746 298 973
704 729 960 800
704 658 997 729
628 658 704 944
628 599 1000 658
437 289 488 732
628 525 1000 599
628 445 1000 525
561 445 628 944
336 289 437 664
561 347 1000 445
561 244 1000 347
561 128 1000 244
222 289 336 746
561 0 1000 128
499 0 561 1000
222 0 499 289
116 0 222 1000
0 0 116 1000
192 678 197 716
191 678 192 985
875 971 893 1000
818 971 875 1000
181 678 191 991
907 772 1000 833
897 705 990 772
879 632 1000 705
597 918 795 971
846 549 1000 622
906 833 1000 955
97 835 181 976
404 971 818 1000
796 833 906 971
0 835 97 1000
597 833 796 918
597 772 907 833
597 705 897 772
597 632 879 705
524 632 597 971
524 549 846 632
524 492 1000 549
0 678 181 835
464 492 524 971
404 492 464 971
347 492 404 1000
347 444 1000 492
272 444 347 1000
272 383 1000 444
272 318 1000 383
272 242 1000 318
197 242 272 1000
197 143 1000 242
197 0 1000 143
0 0 197 678
668 422 671 814
757 903 802 967
390 803 418 971
903 825 958 926
125 915 204 1000
843 926 958 1000
204 879 307 990
987 0 1000 1000
561 842 650 1000
307 748 390 938
757 718 843 903
903 529 958 825
390 207 418 803
204 682 291 879
561 679 668 842
757 510 843 718
712 510 757 967
958 0 987 817
843 529 903 926
843 321 958 529
712 321 843 510
712 209 958 321
561 422 668 679
674 209 712 1000
674 103 958 209
561 103 674 422
561 0 958 103
516 0 561 1000
307 207 390 748
469 0 516 1000
204 207 307 682
418 0 469 1000
125 207 204 915
125 0 418 207
0 0 125 1000
364 919 417 976
201 925 243 1000
922 861 986 922
272 939 364 986
417 489 428 933
753 962 893 1000
922 789 1000 861
272 867 364 939
364 740 417 919
499 962 753 1000
848 789 922 930
272 753 364 867
771 789 848 930
771 738 1000 789
201 753 272 925
771 682 1000 738
364 489 417 740
499 930 956 962
700 682 771 930
700 619 1000 682
700 547 1000 619
700 465 1000 547
633 465 700 930
633 378 1000 465
633 277 1000 378
566 277 633 898
201 489 364 753
499 277 566 930
428 277 499 966
428 188 1000 277
201 188 428 489
201 102 1000 188
111 102 201 1000
111 0 1000 102
0 0 111 1000
953 955 1000 965
875 784 890 870
466 874 509 924
921 847 963 911
963 772 986 910
890 847 921 955
294 987 771 1000
509 637 536 898
831 784 875 955
777 784 831 955
777 694 890 784
466 637 509 874
423 637 466 911
890 622 963 847
713 694 777 955
963 312 1000 772
369 637 423 955
713 584 890 694
657 584 713 955
294 955 953 987
596 584 657 955
890 312 963 622
596 499 890 584
596 397 890 499
536 397 596 955
369 397 536 637
369 312 890 397
294 312 369 955
216 312 294 1000
122 312 216 1000
122 237 1000 312
122 158 973 237
122 79 1000 158
122 0 1000 79
0 0 122 1000
394 969 461 972
173 902 176 994
0 997 139 1000
835 943 852 1000
636 923 654 1000
984 812 1000 936
605 923 636 1000
835 846 863 943
984 505 1000 812
0 961 167 997
521 923 605 1000
785 846 835 1000
521 867 672 923
785 747 883 846
883 871 969 984
0 902 173 961
883 742 984 871
0 825 179 902
521 769 672 867
785 593 883 747
0 740 179 825
521 627 672 769
883 505 984 742
521 450 672 627
672 593 785 1000
883 105 1000 505
672 350 883 593
672 105 883 350
521 105 672 450
461 105 521 1000
394 105 461 969
394 0 1000 105
289 0 394 1000
179 0 289 1000
0 0 179 740
750 945 753 956
750 512 751 945
619 945 632 1000
746 512 750 979
975 724 992 860
699 885 746 991
423 919 494 1000
868 941 975 1000
992 147 1000 1000
619 827 699 945
868 853 975 941
562 827 619 1000
423 776 494 919
502 827 562 1000
868 724 975 853
502 750 699 827
699 512 746 885
803 724 868 1000
502 653 699 750
803 615 992 724
803 499 992 615
803 376 992 499
502 512 699 653
266 700 369 970
753 376 803 1000
502 387 753 512
753 225 992 376
502 225 753 387
423 225 502 776
423 147 992 225
369 147 423 1000
266 147 369 700
187 147 266 1000
187 0 1000 147
0 0 187 1000
577 835 590 897
452 899 502 942
560 835 577 979
417 817 451 891
591 176 598 800
873 601 1000 650
0 923 106 1000
852 919 956 1000
360 899 452 996
502 835 560 1000
873 522 1000 601
711 919 852 1000
417 674 500 817
0 841 149 923
231 899 360 996
767 522 873 650
502 656 591 835
417 412 502 674
711 836 1000 919
767 410 1000 522
711 742 1000 836
767 288 1000 410
598 742 711 1000
683 288 767 650
598 650 1000 742
683 159 1000 288
598 159 683 650
502 176 591 656
326 412 417 891
231 412 326 899
598 0 1000 159
231 176 502 412
231 0 598 176
149 0 231 1000
0 0 149 841
495 933 556 945
958 941 989 995
928 941 958 1000
640 742 658 1000
510 832 557 933
963 780 1000 941
849 866 928 982
356 933 495 1000
751 844 829 981
510 584 557 832
963 462 1000 780
467 584 510 877
658 844 751 995
658 768 849 844
424 584 467 933
928 462 963 941
928 199 1000 462
557 742 640 974
658 658 849 768
658 545 849 658
356 584 424 933
297 584 356 1000
297 484 557 584
234 484 297 1000
165 484 234 1000
96 484 165 1000
96 386 557 484
96 284 557 386
849 199 928 866
658 199 849 545
658 0 1000 199
0 284 96 1000
0 154 557 284
557 0 658 742
0 0 557 154
539 952 558 965
823 110 825 888
916 939 951 1000
983 733 1000 870
770 877 799 975
568 776 596 939
827 926 916 992
404 952 539 1000
916 825 983 939
748 464 770 865
568 467 597 776
770 706 823 877
983 0 999 733
916 635 983 825
404 862 561 952
297 862 404 1000
297 791 525 862
297 723 568 791
297 650 568 723
239 650 297 1000
159 650 239 1000
770 110 823 706
597 758 745 999
159 560 568 650
159 467 568 560
916 0 983 635
597 464 748 758
159 345 597 467
76 345 159 1000
76 239 597 345
597 110 770 464
76 110 597 239
0 110 76 1000
827 0 916 926
0 0 827 110
910 995 940 1000
878 910 910 928
715 922 726 993
630 632 725 655
878 815 910 910
989 614 1000 977
910 928 973 995
422 850 624 871
639 922 715 1000
729 952 877 1000
326 976 639 1000
422 825 729 850
440 632 630 684
878 374 910 815
326 922 639 976
422 762 729 825
440 564 729 632
326 871 729 922
440 486 729 564
729 787 878 952
910 614 989 928
910 327 1000 614
122 871 326 1000
297 486 440 684
910 0 1000 327
297 413 729 486
122 762 422 871
122 684 729 762
122 413 297 684
122 318 729 413
729 374 878 787
729 0 910 374
122 191 729 318
122 0 729 191
0 0 122 1000
121 997 523 1000
626 916 709 935
723 950 778 997
232 991 678 997
674 815 723 875
314 977 585 990
654 726 723 778
626 877 723 916
723 880 782 950
916 817 989 901
585 944 720 991
842 931 970 997
537 815 674 877
916 690 984 817
314 944 585 977
537 726 654 815
537 638 723 726
842 690 916 931
842 566 1000 690
314 877 626 944
434 638 537 877
782 566 842 997
782 442 1000 566
782 310 1000 442
314 638 434 877
232 638 314 991
723 310 782 880
232 547 723 638
723 116 1000 310
232 430 723 547
232 277 723 430
232 116 723 277
121 116 232 997
121 0 1000 116
0 0 121 1000
996 744 998 847
815 881 851 933
996 0 999 744
810 272 851 374
694 637 763 698
783 598 851 665
851 911 934 973
934 783 977 936
757 881 815 1000
694 546 773 637
754 272 810 429
851 784 934 911
783 429 851 598
659 272 754 429
977 0 996 882
594 881 757 1000
568 546 694 700
851 491 934 784
493 272 659 429
594 779 851 881
386 546 568 700
462 779 594 1000
934 93 977 783
462 700 851 779
851 93 934 491
333 700 462 1000
194 700 333 1000
386 429 783 546
194 429 386 700
94 429 194 1000
94 272 493 429
94 184 851 272
94 93 851 184
0 93 94 1000
0 0 977 93
997 729 1000 860
94 930 149 949
982 826 993 998
248 900 298 939
443 983 624 1000
719 912 790 961
204 900 248 1000
935 826 982 963
94 758 149 930
204 797 298 900
49 758 94 1000
149 797 204 1000
0 758 49 1000
0 676 149 758
858 826 935 999
858 729 997 826
858 632 1000 729
443 912 719 983
443 849 790 912
149 646 298 797
796 632 858 1000
796 493 1000 632
443 767 790 849
443 685 796 767
796 336 1000 493
443 579 796 685
796 113 1000 336
443 431 796 579
443 279 796 431
443 113 796 279
443 0 1000 113
378 0 443 1000
298 0 378 1000
149 0 298 646
0 0 149 676
931 932 957 1000
925 343 930 699
718 904 852 932
549 834 584 946
768 842 861 897
385 957 541 1000
248 930 385 982
931 797 984 932
549 603 584 834
861 822 931 974
649 932 861 991
984 93 1000 946
768 684 861 842
248 816 385 930
488 603 549 909
768 471 861 684
431 603 488 957
431 466 584 603
718 471 768 904
385 466 431 957
385 337 584 466
861 343 925 822
649 471 718 932
584 471 649 1000
584 343 861 471
931 93 984 797
584 228 931 343
248 467 377 816
584 93 931 228
385 93 584 337
248 93 385 467
189 93 248 1000
189 0 1000 93
103 0 189 1000
0 0 103 1000
726 975 795 998
647 975 726 999
820 411 828 951
875 885 978 934
284 405 302 729
259 788 302 938
302 956 514 1000
211 651 284 788
828 934 1000 1000
405 849 514 956
982 147 1000 873
875 751 978 885
405 716 514 849
647 884 814 975
211 405 284 651
405 509 514 716
139 788 259 985
348 509 405 956
348 349 514 509
139 405 211 788
302 349 348 956
302 215 514 349
875 451 978 751
139 215 302 405
875 147 982 451
647 661 803 884
93 215 139 1000
828 147 875 934
647 411 820 661
647 147 828 411
577 147 647 1000
577 0 1000 147
514 0 577 1000
93 0 514 215
0 0 93 1000
