411 857 414 884
411 833 416 857
416 319 423 525
860 571 999 585
411 319 416 833
860 550 999 571
831 573 860 689
204 987 482 1000
831 410 860 573
157 829 204 950
817 410 831 829
264 562 411 603
244 562 264 898
515 173 527 780
244 515 411 562
860 489 999 550
860 424 1000 489
244 459 411 515
860 355 1000 424
626 473 675 672
244 397 411 459
860 278 1000 355
498 173 515 826
860 193 1000 278
626 410 817 473
244 319 411 397
589 410 626 898
589 341 860 410
589 268 860 341
589 193 860 268
425 517 492 831
557 193 589 898
557 139 1000 193
557 84 1000 139
425 173 498 517
244 173 425 319
244 84 557 173
244 45 1000 84
204 945 965 987
204 898 909 945
204 45 244 898
157 45 204 829
157 0 1000 45
84 0 157 1000
0 0 84 1000
318 512 320 568
988 428 989 985
969 869 974 996
517 328 519 947
747 604 751 983
796 511 963 521
456 786 473 885
796 496 963 511
796 481 963 496
963 426 968 967
368 912 499 936
796 460 963 481
456 559 473 786
548 604 747 629
548 583 796 604
796 426 963 460
425 559 456 745
796 391 969 426
396 559 425 769
499 461 516 847
969 428 988 869
548 546 796 583
969 119 1000 428
368 559 396 912
796 327 969 391
548 496 796 546
368 461 499 559
281 512 318 880
796 237 969 327
548 432 796 496
548 363 796 432
548 292 796 363
548 215 796 292
368 328 517 461
796 119 969 237
519 215 548 1000
519 119 796 215
214 512 281 928
368 119 519 328
368 62 1000 119
321 62 368 1000
214 62 321 512
214 0 1000 62
148 0 214 1000
0 0 148 1000
522 657 533 663
930 844 947 890
689 731 694 1000
683 731 689 1000
301 666 307 973
683 722 930 731
674 722 683 1000
222 875 289 920
954 637 971 830
657 722 674 1000
657 704 930 722
947 193 954 874
222 791 295 875
423 797 520 867
657 673 930 704
631 673 657 1000
387 348 490 433
603 673 631 1000
603 643 930 673
222 666 301 791
603 611 930 643
930 193 947 844
143 810 222 965
603 565 930 611
603 517 930 565
983 0 1000 955
387 194 494 348
311 797 423 948
603 464 930 517
569 464 603 1000
954 0 983 637
533 464 569 1000
533 408 930 464
533 349 930 408
311 657 522 797
533 272 930 349
533 193 930 272
311 194 387 657
533 101 954 193
222 194 311 666
533 0 954 101
222 0 533 194
143 0 222 810
77 0 143 1000
0 0 77 1000
417 952 418 995
801 554 804 625
728 573 735 608
984 864 995 896
982 108 984 474
835 202 837 893
778 554 801 639
984 654 995 864
558 886 582 987
995 0 998 981
558 859 697 886
697 573 728 697
837 794 910 865
417 741 444 952
804 769 833 967
974 108 982 935
984 0 995 654
558 801 697 859
558 713 697 801
737 554 778 852
837 685 964 794
509 713 558 1000
360 741 417 998
837 560 964 685
509 627 697 713
360 627 509 741
804 202 835 769
360 573 697 627
360 523 737 573
360 470 737 523
319 470 360 1000
837 389 964 560
737 202 804 554
319 413 737 470
319 347 737 413
319 280 737 347
280 280 319 1000
228 280 280 1000
837 108 974 389
228 202 737 280
178 202 228 1000
178 108 837 202
103 108 178 1000
103 0 984 108
0 0 103 1000
988 953 996 1000
948 884 965 927
118 995 374 1000
883 763 894 942
627 821 644 954
368 522 731 529
600 821 627 954
709 660 906 688
403 583 479 656
965 559 984 882
368 469 496 522
403 567 830 583
600 793 883 821
830 529 895 656
600 763 883 793
522 386 648 465
988 0 999 953
522 330 719 386
118 964 503 995
537 763 600 954
267 567 403 656
965 0 988 559
523 660 709 731
463 763 537 954
948 0 965 884
747 258 904 356
463 731 948 763
387 731 463 964
302 731 387 964
216 731 302 964
267 529 830 567
368 330 522 469
118 731 216 964
368 258 747 330
267 258 368 529
118 660 523 731
194 258 267 660
194 217 948 258
118 217 194 660
118 173 948 217
118 117 948 173
65 117 118 1000
65 62 948 117
65 0 948 62
0 0 65 1000
223 781 228 943
315 790 362 818
942 742 949 932
209 514 214 964
223 266 228 781
942 336 949 742
475 298 498 426
749 686 760 1000
548 615 699 639
749 663 932 686
548 583 699 615
198 514 209 947
548 549 699 583
0 877 73 947
993 59 1000 903
932 336 942 977
728 663 749 1000
982 59 993 806
699 663 728 1000
548 475 699 549
699 608 932 663
548 388 699 475
699 548 932 608
315 478 362 790
109 791 187 982
699 479 932 548
699 409 932 479
699 336 932 409
699 262 951 336
428 298 475 698
548 262 699 388
315 298 428 478
109 514 198 791
514 262 548 1000
951 59 982 911
514 192 951 262
514 117 951 192
315 117 514 298
274 117 315 1000
274 59 951 117
0 514 109 877
229 59 274 1000
229 0 1000 59
0 266 223 514
0 0 229 266
461 573 462 886
997 506 1000 648
217 579 365 584
217 569 365 579
398 962 465 992
217 553 365 569
705 671 714 934
217 536 365 553
695 671 705 959
217 512 365 536
695 655 937 671
208 512 217 1000
680 655 695 959
388 360 395 998
465 182 482 561
188 506 207 877
208 462 365 512
81 665 188 745
680 621 937 655
680 584 937 621
680 546 937 584
580 959 974 990
680 506 997 546
651 506 680 959
365 360 388 933
651 465 1000 506
622 465 651 959
622 424 1000 465
208 360 365 462
622 380 1000 424
81 506 188 665
81 360 208 506
81 296 398 360
622 316 1000 380
398 573 461 962
398 182 465 573
580 316 622 959
536 316 580 1000
81 182 398 296
536 234 1000 316
482 234 536 1000
482 130 1000 234
482 0 1000 130
81 0 482 182
0 0 81 1000
622 899 645 907
649 794 652 931
576 957 587 1000
687 985 818 992
645 694 649 945
881 730 1000 740
233 583 237 932
814 764 861 811
649 317 654 794
881 708 1000 730
622 694 645 899
881 665 1000 708
814 644 861 764
216 583 233 923
432 779 464 970
88 888 158 995
881 599 1000 665
881 533 1000 599
772 644 814 921
576 694 622 957
772 533 881 644
745 533 772 985
185 583 216 982
717 533 745 985
717 486 1000 533
88 721 168 888
88 583 185 721
687 486 717 985
687 436 1000 486
655 436 687 1000
655 379 1000 436
655 313 1000 379
655 245 1000 313
576 317 649 694
655 156 1000 245
503 317 576 750
432 317 503 779
432 156 655 317
432 89 1000 156
373 89 432 881
373 0 1000 89
310 0 373 1000
237 0 310 1000
88 0 237 583
0 0 88 1000
640 695 803 704
803 667 822 749
640 682 803 695
965 798 982 933
640 667 803 682
952 351 965 570
640 651 826 667
640 634 826 651
579 929 760 948
640 607 826 634
988 248 999 803
621 607 640 929
601 607 621 929
601 576 826 607
905 351 952 511
579 576 601 929
809 952 990 999
466 641 563 731
579 539 826 576
466 539 579 641
965 248 988 798
826 351 905 513
121 749 180 990
826 248 965 351
466 495 826 539
121 496 192 749
466 443 826 495
426 443 466 952
384 443 426 952
384 393 826 443
344 393 384 952
344 346 826 393
305 346 344 952
305 299 826 346
268 952 809 999
305 248 826 299
305 209 1000 248
268 209 305 952
268 169 1000 209
268 121 1000 169
224 121 268 1000
121 121 224 496
121 68 1000 121
121 0 1000 68
0 0 121 1000
247 949 276 954
334 927 336 1000
156 886 163 907
964 837 977 963
555 958 609 999
156 561 163 886
555 695 564 958
247 864 276 949
334 372 339 927
247 767 276 864
543 695 555 1000
530 695 543 1000
530 665 753 695
988 126 999 772
281 372 334 508
530 632 753 665
964 482 987 837
753 550 880 617
941 482 964 890
753 498 940 550
530 575 753 632
753 426 940 498
168 767 247 943
530 507 753 575
168 526 237 767
941 126 988 482
168 372 281 526
530 426 753 507
496 426 530 1000
462 426 496 1000
462 380 940 426
425 380 462 1000
384 380 425 1000
384 332 940 380
384 283 940 332
341 283 384 1000
341 231 940 283
67 561 156 919
341 177 940 231
168 177 341 372
168 126 941 177
168 68 1000 126
168 0 1000 68
67 0 168 561
0 0 67 1000
688 792 695 955
741 550 748 778
688 760 741 792
651 865 680 929
750 980 857 999
496 390 503 837
490 390 496 989
334 587 343 1000
334 559 473 587
473 390 490 663
334 522 473 559
334 484 473 522
334 442 473 484
820 695 956 738
553 955 717 998
334 390 473 442
334 338 504 390
334 286 504 338
112 622 179 757
334 229 504 286
750 843 825 980
71 622 112 882
688 550 741 760
651 550 688 865
820 418 864 695
184 708 311 807
820 334 999 418
783 334 820 743
334 134 504 229
750 334 783 843
750 264 1000 334
311 134 334 939
750 186 1000 264
651 348 748 550
604 348 651 908
553 348 604 955
184 437 301 708
553 186 750 348
553 105 1000 186
184 134 311 437
553 0 1000 105
504 0 553 1000
71 134 184 622
71 0 504 134
0 0 71 1000
571 539 627 541
460 967 753 968
186 998 689 999
179 539 571 541
470 528 643 535
383 301 632 307
351 515 485 528
809 855 840 914
768 277 935 289
756 277 768 541
179 528 470 539
756 257 955 277
351 498 629 515
561 673 729 704
756 232 1000 257
351 301 383 498
632 268 658 525
808 602 968 645
756 202 1000 232
677 855 809 914
736 754 894 807
186 981 730 998
351 268 632 301
351 235 658 268
726 202 756 541
895 813 995 952
561 602 808 673
460 914 804 967
186 914 460 981
277 235 351 528
658 202 726 541
658 129 1000 202
179 235 277 528
186 855 677 914
186 813 895 855
186 754 736 813
186 709 1000 754
58 709 186 1000
179 129 658 235
58 602 561 709
179 62 1000 129
58 541 982 602
58 62 179 541
58 0 1000 62
0 0 58 1000
370 945 423 947
524 302 526 640
787 589 1000 598
507 812 524 951
787 576 1000 589
569 517 576 948
484 711 503 871
773 576 787 864
569 146 580 517
773 556 1000 576
192 760 221 916
734 864 773 991
773 533 1000 556
755 533 773 864
370 788 408 945
755 506 1000 533
755 475 1000 506
526 793 567 981
734 475 755 864
507 302 524 812
734 441 1000 475
484 302 507 711
717 441 734 1000
423 665 470 956
689 441 717 1000
689 388 1000 441
689 330 1000 388
658 330 689 1000
423 302 484 665
658 261 1000 330
658 185 1000 261
370 302 423 788
526 146 569 793
623 185 658 1000
297 302 370 721
623 95 1000 185
297 146 526 302
580 95 623 981
580 0 1000 95
297 0 580 146
253 0 297 1000
55 352 185 701
192 0 253 760
55 0 192 352
0 0 55 1000
417 827 425 978
781 670 788 878
840 963 892 994
388 589 545 601
404 827 417 978
790 963 840 1000
770 670 781 858
545 524 553 807
388 574 545 589
388 559 545 574
383 827 404 978
910 379 918 822
910 328 1000 379
388 524 545 559
366 524 388 827
747 670 770 969
366 499 664 524
366 470 664 499
366 438 664 470
341 438 366 827
313 827 383 978
313 438 341 827
313 406 664 438
893 328 910 988
790 836 885 963
790 469 825 836
313 367 664 406
790 328 893 469
747 328 790 670
289 367 313 1000
702 549 745 906
664 549 702 980
664 328 747 549
664 270 1000 328
289 314 664 367
664 208 1000 270
289 238 664 314
664 112 1000 208
243 238 289 1000
664 0 1000 112
243 127 664 238
243 0 664 127
181 0 243 1000
101 0 181 1000
0 0 101 1000
998 821 1000 876
871 637 884 648
998 640 1000 821
261 628 272 661
943 750 945 976
998 211 1000 640
261 545 272 628
230 620 259 692
127 867 180 912
261 305 272 545
945 701 998 760
478 932 534 999
871 336 884 637
200 766 219 999
585 464 871 485
180 561 197 919
478 912 867 932
100 508 123 902
478 785 554 912
230 305 261 620
554 464 585 785
554 428 871 464
884 750 943 967
200 305 230 766
554 384 871 428
554 336 871 384
127 561 180 867
517 336 554 785
478 336 517 785
61 508 100 969
450 336 478 1000
127 305 200 561
420 336 450 1000
0 508 61 853
420 282 884 336
0 305 127 508
945 211 998 701
381 282 420 1000
884 211 945 750
381 211 884 282
381 152 1000 211
381 80 1000 152
381 0 1000 80
313 0 381 1000
0 0 313 305
399 884 401 950
392 836 397 967
329 326 331 880
327 326 329 933
399 173 401 884
998 0 1000 726
254 815 283 923
727 481 921 504
392 173 399 836
589 890 896 911
710 481 727 890
710 448 921 481
284 604 308 897
181 745 233 902
691 448 710 890
254 509 283 815
0 844 85 957
665 448 691 890
665 403 921 448
641 403 665 890
284 326 327 604
615 403 641 890
589 403 615 890
589 362 921 403
339 626 382 964
982 0 998 941
506 362 589 551
481 362 506 1000
481 324 921 362
181 509 254 745
481 281 921 324
181 326 284 509
481 237 921 281
481 190 921 237
454 190 481 1000
142 326 181 933
339 173 392 626
142 173 339 326
454 111 921 190
89 173 142 965
921 0 982 783
454 0 921 111
401 0 454 1000
0 173 89 844
0 0 401 173
663 772 668 810
362 825 391 834
663 371 668 772
362 753 391 825
847 692 857 1000
847 671 1000 692
620 811 639 984
294 772 313 963
639 517 650 888
834 671 847 1000
319 834 362 953
266 772 294 969
620 517 639 811
815 671 834 1000
796 671 815 1000
651 371 663 918
519 517 620 586
796 628 1000 671
771 628 796 1000
478 517 519 756
478 456 651 517
771 579 1000 628
362 302 391 753
739 579 771 1000
478 371 651 456
739 521 1000 579
706 521 739 1000
706 462 1000 521
441 371 478 903
706 390 1000 462
319 302 362 834
706 306 1000 390
266 302 319 772
706 217 1000 306
668 217 706 1000
110 671 213 960
219 302 266 946
441 217 668 371
441 151 1000 217
110 302 219 671
391 151 441 1000
391 76 1000 151
110 76 391 302
110 0 1000 76
0 0 110 1000
232 998 334 1000
218 903 231 959
875 773 1000 785
853 881 872 982
875 756 1000 773
834 881 853 990
446 795 595 810
232 979 377 998
429 795 446 1000
218 607 231 903
875 721 1000 756
378 530 392 837
429 764 595 795
429 728 595 764
834 721 875 881
398 728 429 1000
834 670 1000 721
804 670 834 1000
341 530 378 822
804 614 1000 670
398 667 595 728
767 614 804 950
398 602 627 667
398 533 627 602
341 206 394 530
767 537 1000 614
398 452 627 533
725 537 767 1000
398 360 627 452
308 206 341 859
725 456 1000 537
398 261 627 360
271 206 308 899
677 456 725 1000
677 365 1000 456
232 206 271 979
677 265 1000 365
81 607 218 869
627 265 677 1000
627 142 1000 265
627 0 1000 142
398 0 627 261
81 206 232 607
81 0 398 206
0 0 81 1000
950 806 951 987
935 306 937 827
231 977 305 1000
285 534 291 923
501 675 584 707
997 0 1000 995
501 655 742 675
484 655 501 966
950 481 967 806
465 655 484 971
894 306 935 448
937 481 950 934
465 630 742 655
465 607 774 630
881 306 894 879
870 306 881 991
465 582 774 607
445 582 465 971
425 582 445 1000
404 582 425 1000
381 582 404 1000
381 557 774 582
381 531 774 557
381 502 774 531
774 785 847 944
847 306 870 933
381 464 774 502
381 425 774 464
381 384 774 425
978 0 997 957
937 0 978 481
231 534 285 977
381 322 774 384
344 322 381 1000
344 261 774 322
231 261 344 534
187 261 231 1000
774 306 847 785
187 196 774 261
133 196 187 1000
774 0 937 306
133 98 774 196
133 0 774 98
68 0 133 1000
0 0 68 1000
955 506 957 535
998 151 1000 683
397 455 400 894
394 455 397 898
283 908 317 991
177 832 217 969
65 863 118 967
283 555 299 908
568 564 799 591
65 744 118 863
351 727 382 934
529 799 786 824
568 533 799 564
224 555 283 673
489 799 529 1000
448 799 489 1000
568 492 799 533
536 492 568 799
799 908 996 962
351 455 394 727
536 446 799 492
501 446 536 799
224 455 351 555
118 676 165 982
501 397 799 446
177 455 224 832
501 336 799 397
177 369 402 455
177 276 402 369
957 151 998 705
118 276 177 676
448 336 501 799
65 276 118 744
884 506 955 868
884 151 957 506
843 151 884 853
448 246 799 336
799 151 843 908
65 174 402 276
402 246 448 1000
402 151 799 246
402 83 1000 151
402 0 1000 83
65 0 402 174
0 0 65 1000
360 882 397 919
401 877 432 923
984 278 988 657
397 443 400 990
438 209 441 966
733 508 971 518
980 835 999 990
733 495 971 508
971 278 984 566
835 735 918 782
711 495 733 729
846 788 981 831
711 467 971 495
683 467 711 729
472 874 809 898
683 438 971 467
683 406 971 438
921 835 980 989
683 363 971 406
683 320 971 363
652 320 683 729
190 727 243 981
618 320 652 729
618 278 971 320
618 238 1000 278
360 443 397 882
618 193 1000 238
472 835 921 874
472 788 846 835
618 142 1000 193
472 735 835 788
583 142 618 735
548 142 583 735
510 142 548 735
472 142 510 735
401 209 438 877
472 93 1000 142
299 443 360 894
441 93 472 993
190 443 299 727
190 209 401 443
441 0 1000 93
190 0 441 209
109 0 190 1000
0 0 109 1000
379 475 386 499
403 811 405 911
440 700 547 711
403 176 405 811
937 552 954 721
368 475 379 743
873 821 904 918
216 835 246 974
659 890 758 933
575 972 800 991
937 459 996 552
937 369 1000 459
659 663 689 890
575 934 804 972
814 481 833 990
873 612 920 821
440 607 547 700
921 369 937 1000
838 612 873 919
619 663 659 934
575 663 619 934
575 610 814 663
386 176 403 920
575 546 814 610
575 481 814 546
575 420 838 481
547 420 575 1000
440 420 547 607
405 420 440 1000
838 369 921 612
405 369 838 420
216 414 269 835
175 414 216 972
128 414 175 906
405 325 1000 369
279 475 368 792
405 276 1000 325
405 224 1000 276
279 176 386 475
128 176 279 414
405 153 1000 224
405 77 1000 153
405 0 1000 77
128 0 405 176
0 0 128 1000
599 776 622 782
340 997 456 1000
822 660 1000 665
151 604 154 953
232 918 251 997
139 773 150 928
822 647 1000 660
125 773 139 952
822 627 1000 647
0 953 83 1000
622 538 683 610
822 599 1000 627
822 571 1000 599
805 571 822 963
173 828 221 967
684 724 720 921
805 533 1000 571
54 773 125 887
622 401 683 538
599 401 622 776
232 380 251 918
340 963 657 997
779 533 805 1000
340 926 681 963
496 401 599 559
779 458 1000 533
54 604 151 773
684 294 727 724
0 604 54 953
779 362 1000 458
442 401 496 858
173 380 232 828
391 401 442 926
779 231 1000 362
779 91 1000 231
391 294 684 401
741 91 779 1000
391 187 741 294
340 187 391 926
340 91 741 187
0 380 173 604
297 91 340 1000
251 91 297 1000
251 0 1000 91
0 0 251 380
837 937 840 939
713 967 744 990
997 193 999 554
432 997 832 1000
361 617 366 886
432 990 768 997
837 866 875 937
576 598 587 866
361 427 378 617
991 193 997 780
432 967 713 990
614 939 927 965
324 765 361 991
876 451 898 840
876 362 991 451
576 545 775 598
576 491 775 545
108 648 151 907
544 491 576 866
324 427 361 765
775 498 830 731
544 433 775 491
775 362 876 498
512 433 544 866
408 182 432 769
775 296 991 362
512 372 775 433
614 866 837 939
432 866 614 967
378 182 408 823
512 296 775 372
265 427 324 807
512 247 991 296
512 193 991 247
472 193 512 866
432 193 472 866
265 182 378 427
432 142 1000 193
0 648 108 925
432 88 1000 142
212 182 265 789
151 182 212 830
432 0 1000 88
151 0 432 182
0 0 151 648
568 811 569 990
828 341 829 862
969 818 1000 841
575 644 578 988
407 688 551 696
568 644 575 811
400 688 407 1000
400 673 551 688
551 644 568 780
392 673 400 1000
661 574 668 983
798 724 827 840
295 673 392 718
278 673 295 1000
258 673 278 1000
798 497 827 724
862 319 909 466
761 497 798 723
258 644 551 673
258 617 578 644
258 589 578 617
235 589 258 1000
681 944 912 985
761 341 828 497
730 341 761 721
235 553 578 589
235 513 578 553
235 463 578 513
203 463 235 1000
169 463 203 1000
969 135 996 818
862 135 969 319
169 413 578 463
833 135 862 839
730 135 833 341
169 357 578 413
578 574 661 935
169 280 578 357
681 135 730 944
681 0 1000 135
91 280 169 1000
578 0 681 574
91 144 578 280
91 0 578 144
0 0 91 1000
350 922 357 987
739 765 756 815
851 797 863 1000
556 591 630 632
630 960 734 997
630 921 737 960
350 286 357 922
630 864 739 921
302 655 325 949
125 835 261 892
787 589 839 741
839 130 850 906
125 767 261 835
125 697 261 767
756 589 787 902
460 883 572 972
630 765 739 864
261 655 302 966
630 663 756 765
460 784 597 883
261 492 350 655
756 409 839 589
125 574 261 697
630 529 756 663
630 395 756 529
82 574 125 975
261 286 350 492
82 471 261 574
460 591 556 784
971 63 1000 788
407 591 460 988
407 495 630 591
756 130 839 409
359 495 407 1000
359 395 630 495
359 317 756 395
82 286 261 471
359 226 756 317
359 130 756 226
82 130 359 286
918 63 971 918
851 63 918 797
82 63 851 130
82 0 1000 63
0 0 82 1000
387 181 392 189
785 687 788 890
976 191 977 834
788 873 797 1000
337 385 348 494
533 763 784 774
516 763 533 1000
516 740 756 763
934 732 965 919
934 529 965 732
516 714 785 740
516 687 785 714
965 191 976 917
123 841 339 882
123 794 332 841
855 831 923 982
276 560 323 780
934 191 965 529
276 385 337 560
516 646 788 687
981 0 998 685
169 541 270 676
516 595 788 646
480 595 516 1000
788 628 849 873
169 385 276 541
123 385 169 794
480 530 788 595
435 530 480 1000
435 466 788 530
855 517 928 831
435 395 788 466
855 191 934 517
435 316 788 395
350 181 387 934
788 191 855 628
435 220 788 316
435 117 788 220
788 0 981 191
435 0 788 117
392 0 435 984
123 181 350 385
123 0 392 181
73 0 123 1000
0 0 73 1000
998 206 1000 684
413 619 424 728
536 687 541 932
536 300 541 687
407 619 413 972
792 517 875 550
575 984 986 991
529 300 536 867
976 464 995 687
678 860 851 887
875 464 976 528
389 619 407 986
875 407 998 464
486 754 523 960
169 884 241 991
792 407 875 517
760 407 792 744
728 407 760 744
696 407 728 744
662 407 696 752
859 794 950 921
678 794 859 860
575 925 792 984
575 794 678 925
342 619 389 925
617 407 662 752
617 366 998 407
575 752 996 794
617 319 998 366
575 319 617 752
486 300 529 754
575 262 998 319
541 262 575 1000
541 206 998 262
439 300 486 896
342 300 439 619
541 133 1000 206
342 133 541 300
342 80 1000 133
293 80 342 1000
242 80 293 1000
169 80 242 884
169 0 1000 80
93 0 169 1000
0 0 93 1000
645 822 739 825
972 378 979 491
986 364 997 465
598 402 606 556
589 402 598 556
574 402 589 556
780 838 987 849
936 861 997 899
593 838 780 855
574 392 972 402
593 825 966 838
539 392 574 556
539 378 972 392
502 378 539 556
811 958 971 999
463 378 502 556
463 364 986 378
645 779 860 822
835 861 936 957
152 983 765 1000
645 586 702 779
721 305 911 364
593 586 645 825
398 364 463 556
546 586 593 861
498 586 546 861
438 586 498 861
152 958 811 983
438 556 1000 586
377 556 438 861
398 305 721 364
310 556 377 861
310 305 398 556
270 305 310 861
468 861 835 924
270 262 831 305
228 262 270 861
152 861 468 958
152 262 228 861
152 206 1000 262
152 147 1000 206
152 80 1000 147
77 80 152 1000
77 0 1000 80
0 0 77 1000
994 0 999 359
403 724 536 741
991 0 994 897
760 319 765 997
782 577 791 1000
168 782 191 984
719 449 760 566
719 319 760 449
403 682 536 724
782 510 867 577
168 748 347 782
960 573 991 772
45 984 566 998
403 626 536 682
766 510 782 1000
168 701 347 748
403 560 536 626
593 866 664 999
403 481 536 560
915 149 928 959
672 682 719 927
380 481 403 984
766 393 867 510
380 396 536 481
593 679 664 866
766 298 915 393
168 504 248 701
672 319 719 682
960 0 991 573
347 396 380 984
168 396 347 504
168 341 536 396
168 283 536 341
766 149 915 298
593 319 672 679
168 204 536 283
593 149 766 319
536 131 589 692
129 204 168 984
87 204 129 984
87 131 536 204
45 131 87 984
0 131 45 1000
593 0 960 149
0 0 593 131
517 929 548 970
998 0 1000 817
427 660 440 851
726 219 810 253
726 169 810 219
629 574 641 933
968 475 991 668
411 660 427 997
443 655 510 745
443 567 514 655
991 0 998 909
715 169 726 788
844 349 923 443
645 302 658 898
609 574 629 983
844 252 932 349
172 753 214 994
172 710 411 753
829 252 844 961
968 0 991 475
172 660 411 710
172 615 443 660
172 567 443 615
829 120 932 252
688 788 779 951
172 520 517 567
829 0 968 120
688 169 715 788
517 362 548 929
172 468 517 520
138 468 172 1000
810 0 829 969
138 417 517 468
659 169 688 853
138 362 517 417
548 574 609 977
99 362 138 1000
659 0 810 169
548 302 645 574
99 302 548 362
60 302 99 1000
60 243 659 302
0 243 60 1000
0 165 659 243
0 0 659 165
721 988 894 995
661 858 725 877
832 710 1000 720
266 811 279 954
287 964 360 991
766 881 786 984
567 627 574 924
266 642 279 811
266 463 283 642
555 627 567 1000
721 881 766 988
832 679 1000 710
832 641 1000 679
660 881 721 1000
466 627 555 713
696 707 747 858
832 592 1000 641
136 883 233 970
466 546 575 627
696 551 757 707
575 881 660 1000
661 551 696 858
243 463 266 942
832 516 1000 592
832 424 1000 516
798 424 832 881
661 424 798 551
614 424 661 881
614 367 1000 424
614 310 1000 367
575 310 614 881
575 252 1000 310
287 641 376 964
466 252 575 546
422 252 466 1000
376 252 422 1000
376 193 1000 252
287 193 376 641
287 131 1000 193
136 463 243 883
136 131 287 463
136 70 1000 131
136 0 1000 70
69 0 136 1000
0 0 69 1000
998 351 1000 479
918 905 925 966
336 771 340 954
331 771 336 954
234 992 448 997
818 560 823 787
0 992 234 997
331 762 524 771
312 762 331 954
818 490 901 560
0 979 498 992
818 441 955 490
654 155 666 732
955 351 998 515
312 727 557 762
557 644 581 997
918 787 997 905
864 787 918 968
557 505 628 644
262 727 312 954
818 351 955 441
796 787 864 978
818 273 1000 351
714 787 796 978
818 180 1000 273
186 727 262 954
186 678 557 727
788 180 818 787
186 627 557 678
756 180 788 787
129 627 186 979
756 96 1000 180
129 573 557 627
756 0 1000 96
67 573 129 979
67 521 557 573
67 458 557 521
714 0 756 787
557 155 654 505
0 458 67 979
677 0 714 1000
0 383 557 458
0 303 557 383
0 155 557 303
0 0 677 155
431 563 432 952
191 839 292 844
993 246 998 520
990 246 993 845
924 305 929 744
480 221 491 461
292 296 299 686
635 707 647 948
893 707 924 837
616 707 635 1000
949 517 968 856
431 422 478 563
930 517 949 922
616 674 870 707
616 639 870 674
977 246 990 918
591 639 616 1000
591 604 870 639
591 563 870 604
378 422 431 638
563 563 591 1000
893 305 924 707
930 246 977 517
563 518 870 563
563 472 870 518
870 305 893 921
563 425 870 472
299 646 370 859
563 369 870 425
299 422 378 646
563 305 870 369
191 616 283 839
563 246 930 305
563 195 1000 246
533 195 563 1000
533 142 1000 195
533 85 1000 142
191 296 292 616
299 221 480 422
126 296 191 865
533 0 1000 85
492 0 533 1000
299 0 492 221
126 0 299 296
0 0 126 1000
808 686 987 695
600 841 616 980
584 841 600 980
948 416 975 499
251 541 749 546
903 384 987 415
508 991 885 998
564 841 584 980
920 584 999 620
617 686 808 703
809 584 920 621
573 318 770 342
508 980 940 991
515 497 909 510
564 829 1000 841
380 398 746 415
508 829 564 980
445 829 508 1000
617 655 996 686
515 468 924 497
375 829 445 1000
375 722 495 829
375 655 617 722
380 351 747 398
903 193 999 384
321 655 375 1000
573 248 850 318
251 513 952 541
380 248 573 351
263 655 321 1000
263 625 1000 655
263 584 809 625
515 416 948 468
251 416 515 513
263 546 1000 584
200 546 263 1000
380 193 903 248
251 193 380 416
128 546 200 1000
128 193 251 546
66 193 128 1000
66 136 1000 193
66 69 1000 136
66 0 1000 69
0 0 66 1000
968 971 978 1000
201 818 433 820
985 802 996 910
368 981 463 994
501 207 508 399
985 668 996 802
546 574 555 820
276 503 285 776
547 820 770 832
67 995 678 1000
546 558 773 574
276 485 484 503
968 668 985 971
546 532 773 558
484 207 501 650
201 776 452 818
841 757 930 883
841 668 968 757
841 595 998 668
276 423 484 485
841 510 1000 595
546 469 773 532
812 510 841 1000
546 401 773 469
509 401 546 820
368 934 746 981
67 934 368 995
812 411 1000 510
67 863 336 934
812 305 1000 411
509 324 773 401
67 820 547 863
201 423 276 776
201 328 484 423
812 162 1000 305
509 211 773 324
773 162 812 1000
201 207 484 328
509 81 773 211
773 0 1000 162
136 207 201 820
136 81 509 207
67 81 136 820
0 81 67 1000
0 0 773 81
716 659 719 798
716 199 719 659
283 790 446 808
896 907 932 990
711 199 716 828
942 394 990 473
499 800 678 826
842 489 896 579
698 199 711 632
931 394 942 907
679 593 698 896
76 985 614 998
679 199 698 593
499 757 679 800
283 737 446 790
842 315 896 489
499 701 679 757
283 672 446 737
454 701 499 938
719 730 760 996
283 607 454 672
799 571 842 840
769 571 799 968
454 634 679 701
283 516 454 607
769 315 842 571
238 516 283 938
454 531 679 634
183 516 238 938
454 428 679 531
931 0 990 394
183 428 454 516
76 938 599 985
719 110 760 730
132 428 183 938
132 377 679 428
132 322 679 377
896 0 931 907
132 262 679 322
132 199 679 262
769 0 896 315
76 199 132 938
76 110 719 199
0 110 76 1000
0 0 769 110
454 378 456 388
456 998 708 1000
396 965 446 996
941 934 985 975
672 297 1000 304
665 297 672 634
665 289 1000 297
665 280 1000 289
665 270 1000 280
164 902 213 975
620 809 686 870
575 809 620 912
665 256 1000 270
320 729 339 986
653 256 665 715
653 239 1000 256
417 705 446 909
456 975 759 998
531 715 982 734
653 210 1000 239
653 181 1000 210
653 151 1000 181
417 378 454 705
396 378 417 965
888 735 955 922
367 378 396 891
626 151 653 715
597 151 626 715
597 110 1000 151
566 110 597 715
456 934 941 975
566 62 1000 110
531 62 566 715
575 735 888 809
456 735 575 934
495 62 531 735
456 62 495 735
367 62 456 378
320 62 367 729
273 62 320 1000
223 62 273 1000
164 62 223 902
164 0 1000 62
82 0 164 1000
0 0 82 1000
536 942 543 949
600 997 693 1000
371 584 373 864
829 577 833 804
253 707 257 1000
600 986 778 997
829 557 968 577
117 682 234 710
968 511 985 712
0 950 79 999
117 646 234 682
103 646 117 1000
234 707 253 1000
752 357 769 707
829 511 968 557
103 593 234 646
103 539 234 593
729 357 752 683
373 942 536 988
709 357 729 776
600 943 813 986
709 271 829 357
103 460 234 539
829 437 986 511
600 896 879 943
829 352 1000 437
515 259 546 757
680 271 709 818
829 254 1000 352
234 584 371 707
829 154 1000 254
680 154 829 271
478 259 515 785
648 154 680 818
648 79 1000 154
426 259 478 830
600 818 997 896
600 79 648 818
373 259 426 942
234 259 373 584
547 79 600 1000
234 79 547 259
234 0 1000 79
103 0 234 460
0 0 103 950
439 633 442 674
444 881 455 894
442 441 444 531
439 441 442 633
432 441 439 622
239 925 276 979
939 709 1000 754
832 822 939 853
324 455 355 561
324 344 355 455
295 691 312 932
808 822 832 1000
939 612 1000 709
416 441 432 838
355 837 408 978
765 822 808 1000
444 157 455 881
765 774 939 822
295 344 324 691
765 710 939 774
682 710 765 850
682 663 939 710
682 612 939 663
648 612 682 1000
648 572 1000 612
614 572 648 1000
239 537 282 925
72 723 160 920
614 514 1000 572
355 441 416 837
614 450 1000 514
614 386 1000 450
355 157 444 441
614 306 1000 386
614 225 1000 306
72 537 239 723
566 225 614 1000
72 344 295 537
566 116 1000 225
566 0 1000 116
72 157 355 344
511 0 566 1000
455 0 511 1000
72 0 455 157
0 0 72 1000
161 918 163 920
947 771 948 1000
986 600 999 739
744 514 781 569
631 663 744 683
161 431 166 918
383 597 424 661
285 834 303 991
631 618 744 663
370 597 383 992
916 771 947 938
837 635 881 784
285 667 326 834
606 618 631 919
370 505 467 597
782 635 837 798
782 565 916 635
571 618 606 919
782 486 916 565
347 505 370 992
953 600 986 949
782 398 916 486
347 389 467 505
347 262 467 389
326 262 347 992
326 139 467 262
571 514 744 618
285 139 326 667
259 139 285 992
571 398 782 514
467 919 888 980
571 322 916 398
953 0 1000 600
916 0 953 771
223 139 259 992
571 218 916 322
519 218 571 919
467 218 519 919
72 431 161 865
0 431 72 1000
173 139 223 992
467 112 916 218
467 0 916 112
0 139 173 431
0 0 467 139
829 960 852 970
911 675 914 858
990 819 997 982
977 848 990 954
770 565 789 665
575 894 647 923
195 626 319 644
997 60 1000 833
195 596 319 626
990 60 997 819
858 825 908 964
521 960 829 983
521 938 852 960
195 537 319 596
858 675 911 825
748 565 770 932
575 839 724 894
340 611 362 1000
340 540 475 611
977 60 990 848
575 646 638 839
168 537 195 1000
340 443 475 540
168 449 319 537
340 341 475 443
319 341 340 1000
575 565 748 646
319 218 475 341
521 565 575 938
521 502 858 565
521 437 858 502
948 60 977 988
917 60 948 934
521 355 858 437
521 264 858 355
475 264 521 1000
475 174 858 264
168 218 319 449
858 60 917 675
475 60 858 174
168 60 475 218
168 0 1000 60
118 0 168 1000
61 0 118 1000
0 0 61 1000
300 621 301 958
299 621 300 970
389 868 599 871
834 818 838 997
684 777 811 784
340 501 343 815
288 687 296 916
389 855 599 868
834 758 901 818
611 396 624 709
834 718 941 758
299 501 340 621
834 669 947 718
990 95 1000 754
258 687 288 920
389 820 599 855
811 669 834 1000
258 501 299 687
77 851 136 981
389 783 599 820
160 723 203 910
348 783 389 1000
348 746 599 783
348 709 599 746
227 501 258 926
684 669 811 777
160 501 227 723
444 539 575 655
684 600 947 669
160 400 348 501
684 527 947 600
160 273 348 400
444 396 611 539
684 433 947 527
684 335 947 433
348 396 444 709
947 95 990 924
625 335 684 1000
625 192 947 335
77 273 160 851
348 192 625 396
348 95 947 192
348 0 1000 95
77 0 348 273
0 0 77 1000
378 960 409 962
413 966 415 998
997 576 999 674
992 655 997 697
543 859 551 900
778 856 956 858
992 576 997 655
543 858 964 859
999 148 1000 671
257 715 346 727
413 234 415 966
888 345 917 423
378 887 409 960
730 905 770 964
354 887 378 988
970 576 992 715
144 821 257 851
738 511 888 542
666 905 730 1000
257 640 354 715
697 511 738 719
778 719 842 856
712 719 778 858
697 451 888 511
970 148 999 576
459 905 666 1000
917 148 970 526
697 345 888 451
697 244 917 345
543 719 712 858
646 244 697 719
144 595 257 821
646 148 917 244
595 148 646 719
543 148 595 719
543 78 1000 148
503 78 543 905
459 78 503 905
354 234 413 887
257 234 354 640
415 78 459 1000
144 234 257 595
415 0 1000 78
144 0 415 234
0 0 144 1000
990 650 997 701
426 220 427 641
425 220 426 663
998 517 1000 798
572 835 580 956
932 902 948 999
429 993 720 1000
297 656 306 883
572 820 736 835
269 931 324 978
112 738 201 783
961 650 990 814
736 830 875 875
297 564 376 656
932 650 961 902
572 772 736 820
736 767 875 830
572 715 736 772
532 715 572 956
269 564 297 931
245 564 269 1000
429 956 721 993
532 659 736 715
403 220 425 741
885 650 932 950
885 517 998 650
736 653 875 767
245 438 376 564
473 659 532 956
473 591 736 659
473 523 736 591
429 523 473 956
376 220 403 947
736 517 885 653
245 220 376 438
736 397 1000 517
201 220 245 1000
429 397 736 523
429 317 1000 397
112 220 201 738
429 230 1000 317
429 117 1000 230
429 0 1000 117
112 0 429 220
0 0 112 1000
791 301 792 948
0 998 356 1000
378 879 395 946
338 867 470 878
364 608 371 867
619 940 667 987
723 902 752 991
364 596 600 608
792 690 805 990
785 301 791 954
752 570 765 915
364 574 600 596
792 656 1000 690
792 620 1000 656
600 421 617 856
338 574 364 867
792 582 1000 620
619 820 686 940
338 541 600 574
792 537 1000 582
310 541 338 879
723 570 752 902
686 570 723 844
0 975 489 998
768 301 785 988
792 469 1000 537
263 541 310 879
0 946 569 975
263 491 600 541
619 570 686 820
792 370 1000 469
792 268 1000 370
792 165 1000 268
263 421 600 491
0 879 378 946
188 421 263 879
792 0 1000 165
105 421 188 879
619 301 768 570
105 341 619 421
105 259 619 341
105 160 619 259
619 0 792 301
0 160 105 879
0 0 619 160
997 517 999 702
995 517 997 915
229 922 258 973
639 852 652 972
991 517 995 978
472 640 629 658
639 622 652 852
472 622 639 640
33 894 64 994
0 894 33 997
472 601 653 622
472 579 662 601
229 781 258 922
0 833 73 894
980 517 991 965
775 580 980 611
472 544 662 579
753 580 775 980
291 456 352 645
266 456 291 923
229 456 266 781
472 480 662 544
753 517 980 580
170 456 229 701
170 370 353 456
472 392 662 480
715 517 753 980
170 264 353 370
439 392 472 1000
170 153 353 264
439 298 662 392
662 517 715 980
140 153 170 1000
662 434 1000 517
662 339 1000 434
662 241 1000 339
662 134 1000 241
439 134 662 298
396 134 439 1000
396 72 1000 134
353 72 396 1000
353 0 1000 72
73 153 140 847
0 153 73 833
0 0 353 153
79 981 144 1000
766 683 772 984
766 665 905 683
622 534 629 893
766 642 905 665
992 211 999 722
173 551 256 595
533 534 622 577
948 295 955 929
666 236 674 849
905 447 915 968
158 475 169 990
79 900 158 981
655 236 666 824
905 295 948 447
955 211 992 402
397 855 456 984
533 443 630 534
766 575 905 642
766 505 905 575
330 551 383 743
330 388 397 551
330 186 397 388
766 403 905 505
766 295 905 403
744 295 766 984
630 236 655 937
716 295 744 984
716 211 955 295
533 236 630 443
690 211 716 984
690 142 1000 211
293 186 330 832
256 186 293 852
690 61 1000 142
533 61 690 236
502 61 533 989
502 0 1000 61
173 186 256 551
79 475 158 900
0 475 79 939
456 0 502 1000
0 186 173 475
397 0 456 855
0 0 397 186
130 766 173 767
429 657 434 676
278 348 281 610
267 348 278 534
434 166 441 493
790 709 799 978
429 166 434 657
281 773 382 804
790 596 821 709
822 967 985 994
593 847 744 877
916 689 1000 764
281 704 382 773
889 689 916 967
281 618 382 704
889 601 1000 689
593 779 744 847
281 514 382 618
858 601 889 967
226 348 267 629
411 166 429 857
593 707 774 779
281 377 382 514
858 500 1000 601
189 348 226 738
382 166 411 694
822 500 858 967
281 166 382 377
593 596 790 707
593 500 822 596
545 500 593 1000
130 348 189 766
545 440 1000 500
130 166 281 348
545 379 1000 440
545 316 1000 379
545 252 1000 316
545 188 1000 252
545 89 1000 188
494 89 545 1000
441 89 494 1000
441 0 1000 89
130 0 441 166
72 0 130 1000
0 0 72 1000
