139 893 156 991
773 957 839 998
139 853 236 893
139 806 236 853
139 737 241 806
139 602 241 737
496 798 599 982
384 798 496 1000
773 775 1000 957
384 602 607 798
773 544 1000 775
0 602 139 991
773 304 1000 544
607 304 773 1000
607 0 1000 304
384 0 607 602
241 0 384 1000
0 0 241 602
947 918 954 956
0 970 66 1000
864 918 947 948
830 918 864 1000
0 950 347 970
830 825 961 918
746 825 830 1000
746 749 1000 825
746 670 1000 749
746 542 1000 670
746 404 1000 542
684 404 746 1000
684 248 1000 404
608 248 684 1000
608 0 1000 248
503 0 608 1000
353 0 503 1000
0 0 353 950
616 995 633 998
896 674 933 692
207 995 616 1000
916 829 1000 888
896 490 933 674
811 700 1000 829
736 490 896 700
530 700 811 821
736 343 1000 490
736 191 1000 343
207 917 748 995
643 191 736 700
530 191 643 700
207 829 916 917
362 191 530 829
362 0 1000 191
207 0 362 829
0 0 207 1000
988 593 999 784
929 833 946 984
582 960 740 1000
988 0 999 593
794 812 845 960
400 489 469 806
230 878 469 984
794 591 925 812
685 591 794 960
929 0 988 833
685 383 929 591
582 383 685 960
582 205 929 383
230 489 400 878
582 0 929 205
469 0 582 1000
230 0 469 489
0 0 230 1000
449 962 465 979
727 911 755 1000
727 876 832 911
522 847 641 901
204 962 449 1000
641 876 727 1000
915 715 1000 906
522 625 641 847
915 308 1000 715
376 625 522 962
832 308 915 1000
204 625 376 962
204 432 641 625
641 308 832 876
641 0 1000 308
0 432 204 1000
0 232 641 432
0 0 641 232
888 938 923 1000
725 503 777 630
721 761 761 928
777 938 888 1000
777 882 1000 938
612 503 725 761
777 729 1000 882
612 258 777 503
777 510 1000 729
777 268 1000 510
484 761 721 988
777 0 1000 268
484 258 612 761
484 0 777 258
396 0 484 1000
302 0 396 1000
184 0 302 1000
0 0 184 1000
322 832 421 892
581 815 694 990
468 273 510 820
161 892 401 1000
833 677 948 1000
948 144 1000 897
322 561 468 832
694 645 833 953
833 304 948 677
694 304 833 645
161 561 322 892
581 304 694 815
581 144 948 304
510 144 581 1000
510 0 1000 144
161 273 468 561
161 0 510 273
0 0 161 1000
921 894 980 943
739 678 771 772
718 678 739 985
921 767 989 894
824 767 921 913
824 681 1000 767
824 582 1000 681
658 678 718 985
824 475 1000 582
771 475 824 867
658 475 771 678
658 390 1000 475
658 222 1000 390
563 222 658 1000
424 222 563 1000
424 0 1000 222
281 0 424 1000
0 0 281 1000
676 827 710 886
981 662 1000 784
676 539 710 827
220 895 393 966
981 0 1000 662
581 776 676 975
810 753 968 1000
220 659 393 895
393 776 581 1000
810 490 981 753
710 490 810 1000
710 284 981 490
393 539 676 776
393 284 710 539
393 128 981 284
220 128 393 659
220 0 981 128
0 0 220 1000
967 518 974 667
817 914 918 957
980 194 1000 973
229 807 327 1000
926 518 967 1000
648 792 760 1000
0 840 229 979
229 464 331 807
470 792 648 1000
817 518 926 914
470 641 817 792
817 194 980 518
470 488 817 641
0 464 229 840
470 194 817 488
331 194 470 1000
331 0 1000 194
0 0 331 464
971 651 982 754
939 844 1000 879
939 802 1000 844
837 758 973 801
304 561 337 854
837 651 971 758
263 561 304 922
217 561 263 934
788 802 939 995
633 802 788 1000
633 651 837 802
633 510 1000 651
633 347 1000 510
0 561 217 982
633 0 1000 347
494 0 633 1000
337 0 494 962
0 0 337 561
880 932 1000 957
762 932 880 1000
203 907 330 981
203 805 409 907
762 829 994 932
762 703 1000 829
203 640 409 805
645 703 762 1000
203 447 409 640
119 447 203 988
645 542 1000 703
645 373 1000 542
0 447 119 988
645 188 1000 373
645 0 1000 188
569 0 645 1000
409 0 569 1000
0 0 409 447
905 890 922 906
463 890 550 1000
905 776 1000 890
463 825 651 890
839 776 905 1000
364 825 463 1000
364 759 651 825
651 776 839 1000
364 601 651 759
651 628 1000 776
230 601 364 1000
651 444 1000 628
230 423 651 601
651 228 1000 444
230 239 651 423
651 0 1000 228
230 0 651 239
0 0 230 1000
986 440 1000 656
607 877 770 978
510 767 594 1000
416 767 510 1000
873 695 982 941
873 440 986 695
286 767 416 1000
146 767 286 1000
146 695 607 767
146 615 607 695
770 440 873 946
146 478 607 615
607 440 770 877
607 235 1000 440
146 284 607 478
607 0 1000 235
146 0 607 284
0 0 146 1000
913 477 966 518
913 387 1000 477
538 826 687 885
913 260 1000 387
324 686 428 909
538 663 687 826
761 786 1000 961
761 607 1000 786
761 260 913 607
687 260 761 1000
538 260 687 663
455 260 538 985
455 138 1000 260
455 0 1000 138
324 0 455 686
228 0 324 1000
118 0 228 1000
0 0 118 1000
827 533 860 664
847 803 986 855
795 803 847 1000
795 748 1000 803
701 533 827 664
718 748 795 1000
602 748 718 1000
478 748 602 1000
314 748 478 1000
314 672 1000 748
314 533 701 672
314 431 1000 533
314 320 1000 431
200 320 314 1000
200 218 1000 320
200 109 1000 218
200 0 1000 109
0 0 200 1000
883 852 889 1000
868 852 883 1000
895 480 1000 541
266 765 364 882
811 480 895 691
868 691 1000 852
165 765 266 1000
696 480 811 691
767 691 868 1000
543 480 696 691
656 691 767 1000
528 691 656 1000
364 691 528 1000
543 255 1000 480
543 0 1000 255
364 0 543 691
165 0 364 765
0 0 165 1000
541 884 582 897
888 786 1000 899
457 909 619 998
541 602 594 884
750 899 903 1000
750 786 888 899
457 602 541 909
750 679 1000 786
363 602 457 1000
750 437 1000 679
200 602 363 1000
631 437 750 1000
631 245 1000 437
200 412 619 602
200 211 631 412
631 0 1000 245
200 0 631 211
0 0 200 1000
393 583 424 654
522 804 563 876
835 879 1000 903
374 583 393 793
188 930 385 976
522 506 601 804
835 703 1000 879
690 703 835 991
429 506 522 1000
690 543 1000 703
690 373 1000 543
690 191 1000 373
690 0 1000 191
188 583 374 930
610 0 690 991
429 0 610 506
188 0 429 583
0 0 188 1000
979 478 994 952
0 903 98 1000
560 952 831 990
807 647 913 878
913 478 979 952
702 647 807 952
702 478 913 647
626 478 702 952
626 381 1000 478
626 269 1000 381
560 269 626 952
493 269 560 1000
493 172 1000 269
428 172 493 1000
428 0 1000 172
311 0 428 1000
173 0 311 1000
0 0 173 903
923 748 991 1000
802 749 923 929
485 829 617 1000
802 528 923 749
923 327 991 748
485 697 712 829
382 697 485 1000
382 601 712 697
712 528 802 929
382 474 712 601
712 327 923 528
382 326 712 474
712 147 991 327
291 326 382 1000
291 147 712 326
194 147 291 1000
194 0 991 147
0 0 194 1000
826 936 903 997
264 935 373 993
264 867 395 935
850 699 1000 759
850 627 1000 699
264 768 395 867
202 768 264 1000
850 505 1000 627
826 818 999 936
395 419 487 970
681 505 850 818
487 818 826 997
487 505 681 818
202 419 395 768
0 419 202 1000
487 257 1000 505
487 0 1000 257
0 0 487 419
996 530 999 554
996 469 999 530
344 813 428 917
428 579 487 761
247 813 344 952
0 952 378 999
714 873 975 1000
833 469 996 674
714 743 1000 873
247 579 428 813
667 469 833 743
487 743 714 1000
667 283 1000 469
0 579 247 952
667 0 1000 283
0 319 487 579
487 0 667 743
0 0 487 319
878 877 987 937
173 909 245 1000
0 876 166 1000
520 877 690 1000
520 782 771 877
173 749 322 909
878 653 987 877
771 653 878 941
324 486 389 985
520 650 771 782
173 486 324 749
771 433 1000 653
520 433 771 650
0 486 173 876
520 249 1000 433
520 0 1000 249
389 0 520 1000
0 0 389 486
480 912 593 922
593 966 662 995
973 426 992 611
480 798 593 912
737 659 876 751
737 564 904 659
670 564 737 822
670 427 904 564
904 426 973 935
593 829 882 966
904 0 1000 426
670 236 904 427
593 236 670 829
593 0 904 236
480 0 593 798
370 0 480 1000
210 0 370 1000
0 0 210 1000
653 681 690 707
360 988 672 993
106 820 263 858
106 660 263 820
713 880 994 994
528 681 653 988
713 712 1000 880
713 542 1000 712
360 681 528 988
360 511 713 681
713 330 1000 542
360 330 713 511
360 226 1000 330
263 226 360 922
263 124 1000 226
263 0 1000 124
106 0 263 660
0 0 106 1000
848 855 1000 909
570 768 667 911
848 759 1000 855
504 768 570 1000
778 759 848 1000
427 768 504 1000
427 684 667 768
667 759 778 1000
667 672 1000 759
320 684 427 1000
320 530 667 684
667 495 1000 672
667 307 1000 495
320 307 667 530
320 169 1000 307
200 169 320 1000
200 0 1000 169
0 0 200 1000
814 698 995 709
808 933 1000 950
885 748 1000 782
814 659 1000 698
808 885 1000 933
776 748 885 885
593 659 814 748
586 885 808 1000
586 748 776 885
455 748 586 1000
809 402 972 607
243 748 455 1000
593 402 809 659
593 257 1000 402
430 257 593 748
243 257 430 748
243 0 1000 257
0 0 243 1000
909 779 920 910
700 854 857 869
909 659 945 779
945 733 1000 848
176 980 815 1000
857 659 909 911
700 659 857 854
700 530 945 659
614 530 700 911
945 0 997 733
614 407 945 530
176 911 909 980
614 215 945 407
614 0 945 215
513 0 614 896
369 0 513 911
176 0 369 911
0 0 176 1000
817 918 956 960
566 905 717 1000
172 812 267 1000
717 680 817 878
817 769 956 918
956 497 999 992
566 680 717 905
817 497 956 769
566 497 817 680
566 391 1000 497
566 284 1000 391
566 162 1000 284
497 162 566 1000
497 0 1000 162
405 0 497 1000
309 0 405 1000
172 0 309 812
0 0 172 1000
736 470 780 775
926 419 971 734
556 886 721 1000
971 0 1000 666
556 783 760 886
879 419 926 873
415 783 556 1000
629 470 736 767
491 470 629 783
350 470 491 783
780 419 879 966
133 783 415 1000
133 470 350 783
133 357 780 470
780 0 971 419
133 194 780 357
133 0 780 194
0 0 133 1000
833 922 961 942
833 892 961 922
86 907 140 1000
961 607 1000 820
86 851 239 907
833 794 961 892
769 794 833 1000
86 738 239 851
681 794 769 1000
0 738 86 1000
560 794 681 1000
560 607 961 794
560 399 1000 607
379 399 560 1000
379 217 1000 399
379 0 1000 217
239 0 379 1000
0 0 239 738
894 777 1000 857
781 777 894 857
842 857 950 988
193 843 330 954
781 700 1000 777
781 590 1000 700
654 857 842 988
781 456 1000 590
515 708 652 987
654 456 781 857
654 293 1000 456
515 293 654 708
432 293 515 1000
432 173 1000 293
330 173 432 1000
193 173 330 843
193 0 1000 173
0 0 193 959
924 836 940 1000
970 289 978 836
461 927 655 1000
690 926 892 1000
690 835 917 926
461 828 690 927
461 720 690 828
924 289 970 836
690 679 924 835
690 516 924 679
461 516 690 720
461 413 924 516
461 289 924 413
461 167 1000 289
380 167 461 1000
380 0 1000 167
199 0 380 1000
0 0 199 1000
985 725 990 822
557 910 616 960
636 918 683 1000
730 465 775 551
636 879 775 918
822 874 985 945
636 742 775 879
822 725 985 874
636 465 730 742
822 556 1000 725
822 378 1000 556
822 175 1000 378
775 175 822 1000
636 175 775 465
557 175 636 910
557 0 1000 175
326 0 557 1000
0 0 326 1000
586 796 630 1000
786 696 884 905
884 773 1000 1000
431 796 586 1000
884 491 1000 773
657 696 786 953
267 796 431 1000
267 669 596 796
267 558 657 669
166 558 267 1000
657 491 884 696
657 343 1000 491
166 451 657 558
657 185 1000 343
657 0 1000 185
166 285 657 451
166 0 657 285
0 0 166 1000
981 642 1000 786
960 837 1000 913
981 380 1000 642
800 807 857 929
857 872 926 981
754 807 800 974
857 785 960 872
960 380 981 837
857 380 960 785
754 380 857 807
671 380 754 956
587 380 671 1000
500 380 587 1000
402 380 500 1000
276 380 402 1000
276 207 1000 380
276 0 1000 207
0 0 276 1000
685 767 702 875
927 827 1000 896
830 827 927 911
685 593 759 767
830 719 1000 827
759 719 830 1000
602 593 685 881
759 606 1000 719
759 461 1000 606
759 299 1000 461
602 299 759 593
533 299 602 1000
459 299 533 1000
459 190 1000 299
331 190 459 1000
195 190 331 1000
195 0 1000 190
0 0 195 1000
791 875 1000 885
791 862 1000 875
829 687 914 728
791 838 1000 862
891 334 1000 471
670 838 791 1000
829 334 891 687
479 838 670 1000
700 334 829 729
479 729 1000 838
700 128 1000 334
590 128 700 729
479 128 590 729
372 128 479 999
257 128 372 1000
133 128 257 1000
133 0 1000 128
0 0 133 1000
530 960 585 989
913 797 996 837
729 827 856 950
530 861 729 960
913 526 1000 797
530 735 729 861
856 526 913 1000
729 526 856 827
530 526 729 735
431 526 530 1000
331 526 431 1000
331 434 1000 526
208 434 331 1000
208 345 1000 434
208 249 1000 345
208 146 1000 249
208 0 1000 146
0 0 208 1000
736 965 875 977
920 532 1000 623
905 375 1000 475
460 965 736 1000
670 883 872 965
778 532 920 705
740 375 905 532
670 796 1000 883
670 705 1000 796
554 705 670 965
554 532 778 705
460 532 554 965
363 532 460 1000
363 375 740 532
363 246 1000 375
205 246 363 1000
205 0 1000 246
0 0 205 1000
699 951 707 992
283 921 414 1000
464 817 543 1000
971 0 1000 625
283 803 464 921
699 733 852 951
464 426 554 817
554 733 699 1000
554 601 852 733
910 0 971 863
852 0 910 1000
554 398 852 601
283 426 464 803
554 162 852 398
283 162 554 426
161 162 283 1000
161 0 852 162
0 0 161 1000
774 845 799 942
677 742 868 759
990 0 1000 953
213 985 869 1000
857 396 947 563
842 762 947 963
721 396 857 563
592 845 774 976
399 845 592 985
399 762 842 845
213 762 399 985
677 563 914 742
947 0 990 990
213 563 677 762
0 563 213 1000
0 396 721 563
0 199 947 396
0 0 947 199
388 855 413 986
884 849 934 920
388 816 506 855
815 938 962 981
645 938 815 985
388 736 506 816
346 736 388 988
346 605 506 736
645 849 884 938
645 759 1000 849
506 759 645 1000
199 605 346 988
506 634 1000 759
506 496 1000 634
506 281 1000 496
506 0 1000 281
199 0 506 605
0 0 199 1000
914 840 1000 875
672 913 800 1000
759 636 841 798
914 676 1000 840
914 495 1000 676
672 636 759 913
841 495 914 871
572 636 672 1000
572 495 841 636
443 495 572 1000
443 370 1000 495
443 241 1000 370
346 241 443 1000
239 241 346 1000
239 132 1000 241
130 132 239 1000
130 0 1000 132
0 0 130 1000
346 987 585 989
769 815 843 886
677 815 769 886
167 591 204 867
508 815 677 886
766 886 905 987
614 886 766 987
508 760 929 815
346 886 614 987
508 651 1000 760
508 537 1000 651
0 591 167 969
508 367 1000 537
508 177 1000 367
346 177 508 886
346 0 1000 177
229 0 346 1000
0 0 229 591
975 500 984 741
730 710 800 788
845 894 950 1000
729 894 845 1000
607 894 729 1000
607 856 1000 894
487 856 607 1000
887 500 975 763
730 500 887 710
730 369 1000 500
196 856 487 1000
614 369 730 788
196 788 1000 856
482 369 614 788
196 369 482 788
196 210 1000 369
196 0 1000 210
0 0 196 1000
466 990 709 995
789 880 813 971
229 990 466 1000
992 0 1000 971
680 880 789 962
0 944 193 998
229 971 848 990
859 758 969 920
969 0 992 794
680 696 859 880
859 446 969 758
680 446 859 696
572 446 680 971
572 273 969 446
572 0 969 273
440 0 572 971
229 0 440 971
0 0 229 944
256 907 387 943
583 827 656 983
484 827 583 1000
855 767 986 966
256 707 387 907
855 570 1000 767
484 635 656 827
387 635 484 1000
763 570 855 1000
387 467 656 635
763 351 1000 570
656 351 763 927
656 146 1000 351
387 146 656 467
387 0 1000 146
256 0 387 707
153 0 256 1000
0 0 153 1000
