372 899 383 974
949 355 952 714
890 714 978 727
329 947 366 985
764 714 890 731
283 947 329 1000
927 738 998 797
283 899 372 947
682 942 966 978
979 167 1000 714
656 624 764 738
439 978 1000 1000
199 748 251 1000
251 493 283 1000
822 532 949 681
656 431 764 624
587 431 656 738
822 355 949 532
513 431 587 738
822 167 979 355
513 313 764 431
764 167 822 714
513 167 764 313
682 821 995 942
439 821 682 978
439 738 927 821
439 167 513 738
0 748 199 970
384 167 439 1000
384 84 1000 167
384 0 1000 84
0 493 251 748
283 0 384 899
0 0 283 493
993 590 996 753
885 853 914 911
227 689 255 760
993 170 1000 590
227 538 251 689
712 647 738 856
738 860 811 968
106 928 236 1000
811 853 885 992
106 845 255 928
675 647 712 989
811 711 914 853
629 647 675 1000
811 538 914 711
914 691 981 976
573 647 629 1000
515 647 573 1000
738 538 811 860
515 538 738 647
515 462 914 538
455 462 515 1000
388 462 455 1000
319 462 388 1000
106 538 227 845
319 394 914 462
319 325 914 394
914 170 993 691
319 253 914 325
255 253 319 1000
255 170 914 253
255 87 1000 170
106 87 255 538
106 0 1000 87
0 0 106 1000
673 920 686 1000
673 896 729 920
968 794 998 861
729 696 740 878
652 896 673 1000
740 951 823 998
897 854 968 952
968 557 998 794
740 904 897 951
652 800 729 896
602 800 652 1000
740 834 897 904
740 757 897 834
740 675 897 757
602 696 729 800
554 696 602 1000
740 568 897 675
740 455 897 568
897 557 968 854
458 696 554 1000
351 696 458 1000
351 605 740 696
351 511 740 605
351 417 740 511
897 190 998 557
351 313 740 417
740 190 897 455
273 313 351 1000
273 190 740 313
195 190 273 1000
195 107 1000 190
107 107 195 1000
107 0 1000 107
0 0 107 1000
875 954 963 971
148 952 249 1000
208 821 249 952
957 444 1000 605
875 894 1000 954
957 262 1000 444
148 821 208 952
875 825 1000 894
693 622 810 695
693 566 849 622
148 733 249 821
693 460 849 566
772 825 875 992
849 523 953 696
849 347 957 523
610 460 693 701
643 825 772 992
643 763 1000 825
538 763 643 1000
610 347 849 460
538 701 1000 763
442 701 538 1000
610 262 957 347
610 180 1000 262
610 84 1000 180
527 84 610 701
442 84 527 701
382 84 442 1000
318 84 382 1000
249 84 318 1000
148 84 249 733
148 0 1000 84
75 0 148 1000
0 0 75 1000
584 706 589 723
636 425 639 470
639 990 998 1000
443 838 479 1000
956 737 1000 875
695 903 947 936
382 838 443 1000
890 737 956 903
814 737 890 903
528 706 584 957
479 706 528 1000
814 659 1000 737
479 579 593 706
751 659 814 903
751 590 1000 659
695 590 751 903
695 532 1000 590
639 936 998 990
593 425 636 950
695 457 1000 532
382 579 479 838
639 457 695 936
382 425 593 579
639 360 1000 457
639 244 1000 360
382 244 639 425
317 244 382 1000
243 244 317 1000
243 160 1000 244
167 160 243 1000
167 82 1000 160
167 0 1000 82
88 0 167 1000
0 0 88 1000
907 940 1000 999
522 894 575 1000
313 827 351 1000
575 533 592 927
267 827 313 1000
880 807 962 940
701 940 907 1000
267 686 356 827
592 852 683 991
782 807 880 940
592 716 701 852
782 729 1000 807
701 729 782 940
701 668 1000 729
701 605 1000 668
701 542 1000 605
592 542 701 716
592 495 1000 542
522 533 575 894
592 436 1000 495
592 375 1000 436
592 312 1000 375
455 533 522 968
455 312 592 533
455 255 1000 312
409 255 455 1000
409 190 1000 255
356 190 409 932
267 190 356 686
267 122 1000 190
203 122 267 1000
132 122 203 1000
132 0 1000 122
0 0 132 1000
952 824 981 843
211 983 314 991
983 843 989 1000
952 724 983 824
777 882 818 986
734 882 777 1000
819 929 915 990
493 616 521 908
983 325 1000 843
275 700 318 951
638 882 734 1000
952 325 983 724
819 830 950 929
819 727 950 830
638 797 819 882
211 700 275 983
638 685 819 797
819 566 952 727
638 566 819 685
638 490 952 566
638 408 952 490
384 616 493 922
581 408 638 1000
521 408 581 1000
521 325 952 408
384 325 521 616
384 255 1000 325
384 185 1000 255
318 185 384 1000
318 105 1000 185
211 105 318 700
111 105 211 1000
111 0 1000 105
0 0 111 1000
929 907 939 980
809 980 939 999
427 908 456 999
145 870 174 972
946 765 1000 924
809 907 929 980
708 842 885 907
302 908 427 1000
708 777 905 842
905 554 942 901
946 451 1000 765
615 907 809 1000
302 789 458 908
708 675 905 777
198 789 302 1000
198 704 458 789
198 617 458 704
708 554 905 675
198 522 458 617
198 420 458 522
198 315 458 420
145 315 198 870
145 218 458 315
615 554 708 907
615 451 946 554
615 348 1000 451
539 348 615 1000
458 348 539 1000
458 242 1000 348
458 123 1000 242
458 0 1000 123
145 0 458 218
74 0 145 1000
0 0 74 1000
584 992 823 993
970 837 1000 866
970 800 1000 837
775 931 802 992
970 682 1000 800
0 951 112 992
939 492 966 673
775 883 881 931
982 95 997 444
0 902 113 951
881 847 939 1000
0 836 137 902
0 738 137 836
881 682 970 847
0 624 137 738
939 95 982 492
584 883 775 992
584 806 881 883
584 714 881 806
584 609 881 714
584 502 881 609
881 95 939 682
508 502 584 1000
417 502 508 1000
417 403 881 502
417 302 881 403
417 197 881 302
355 197 417 1000
282 197 355 1000
282 95 881 197
214 95 282 1000
137 95 214 1000
137 0 1000 95
0 0 137 624
654 992 683 997
445 787 452 869
680 445 683 712
328 870 401 921
684 967 967 1000
401 787 445 1000
769 913 974 967
454 342 479 785
876 776 1000 866
570 770 654 922
570 603 654 770
654 445 680 992
769 776 876 913
684 776 769 967
527 603 570 993
684 715 1000 776
684 654 1000 715
527 445 654 603
684 583 1000 654
401 342 454 787
684 507 1000 583
684 431 1000 507
684 344 1000 431
684 245 1000 344
527 245 684 445
527 167 1000 245
328 342 401 870
479 167 527 1000
479 85 1000 167
479 0 1000 85
328 0 479 342
257 0 328 972
136 0 257 1000
0 0 136 1000
759 994 775 999
446 471 688 478
723 457 831 476
911 228 1000 256
847 422 969 443
847 401 969 422
446 457 723 471
825 334 969 373
905 845 1000 918
718 334 825 401
823 845 905 954
759 954 992 994
823 791 1000 845
446 431 835 457
759 791 823 954
446 401 847 431
759 740 1000 791
691 740 759 1000
446 334 718 401
446 299 969 334
612 740 691 1000
507 740 612 1000
385 740 507 1000
446 228 911 299
385 684 1000 740
385 618 1000 684
266 618 385 1000
266 555 1000 618
155 555 266 1000
155 479 1000 555
155 228 446 479
155 120 1000 228
155 0 1000 120
0 0 155 1000
424 911 461 978
467 330 474 1000
351 857 412 935
107 938 190 1000
412 468 424 935
247 794 288 972
624 976 928 1000
918 806 1000 897
288 935 415 997
851 806 918 945
624 945 936 976
190 794 247 973
190 680 288 794
851 722 1000 806
788 722 851 945
788 627 1000 722
107 680 190 938
351 468 412 857
424 330 467 911
705 627 788 945
705 536 1000 627
288 468 351 935
624 536 705 945
544 536 624 1000
107 468 288 680
544 442 1000 536
544 348 1000 442
107 330 424 468
544 240 1000 348
544 105 1000 240
474 105 544 1000
107 105 474 330
107 0 1000 105
0 0 107 1000
610 731 612 958
375 805 378 987
757 678 759 1000
701 947 725 994
679 947 701 1000
509 956 550 1000
618 914 679 966
757 265 768 678
509 891 610 956
679 821 757 947
887 856 967 983
679 680 757 821
679 535 757 680
887 721 990 856
835 721 887 1000
509 731 610 891
446 731 509 1000
446 626 618 731
768 721 835 1000
266 805 375 979
618 535 679 914
379 626 446 1000
768 606 1000 721
379 513 618 626
768 472 1000 606
768 338 1000 472
618 265 757 535
768 104 1000 338
379 265 618 513
379 104 768 265
379 0 1000 104
266 0 379 805
148 0 266 1000
0 0 148 1000
988 959 995 994
959 792 988 847
995 319 1000 706
912 938 953 987
912 858 959 938
988 319 995 959
203 883 255 1000
669 886 767 960
669 808 767 886
274 631 305 917
604 808 669 1000
604 729 767 808
959 319 988 792
542 729 604 1000
203 631 274 883
144 631 203 939
841 698 912 991
84 631 144 1000
542 624 767 729
912 319 959 858
84 518 311 631
841 319 912 698
542 503 767 624
474 503 542 1000
84 333 311 518
767 319 841 1000
474 319 767 503
391 319 474 1000
391 218 1000 319
391 107 1000 218
311 107 391 1000
311 0 1000 107
84 0 311 333
0 0 84 1000
796 993 962 1000
309 870 347 901
385 333 390 573
276 870 309 946
285 946 348 1000
187 863 248 946
347 734 385 919
915 813 1000 922
107 946 285 1000
276 734 347 870
276 640 385 734
796 926 993 993
796 813 915 926
796 743 1000 813
796 670 1000 743
750 670 796 1000
699 670 750 1000
699 603 1000 670
699 509 1000 603
637 509 699 1000
276 333 385 640
637 416 1000 509
579 416 637 1000
579 318 1000 416
579 219 1000 318
520 219 579 973
460 219 520 1000
187 333 276 863
107 333 187 946
460 121 1000 219
390 121 460 1000
390 0 1000 121
107 0 390 333
0 0 107 1000
899 840 943 905
899 770 943 840
591 724 615 877
943 860 1000 963
225 942 364 984
830 914 943 1000
500 890 591 1000
698 877 803 1000
899 475 943 770
943 624 1000 860
225 837 364 942
364 890 500 1000
943 355 1000 624
364 814 591 890
943 0 1000 355
364 724 591 814
698 669 829 877
615 669 698 1000
364 613 615 724
830 475 899 914
615 522 830 669
364 481 615 613
615 367 830 522
364 343 615 481
225 560 357 837
615 196 830 367
364 196 615 343
225 196 364 560
225 110 830 196
830 0 943 475
163 110 225 1000
91 110 163 1000
91 0 830 110
0 0 91 1000
146 996 297 997
989 761 996 807
878 871 908 919
752 620 833 644
879 978 997 997
902 535 936 602
752 602 925 620
878 782 923 871
842 782 878 919
989 0 996 761
789 782 842 919
731 782 789 919
731 745 953 782
678 745 731 919
752 535 902 602
678 698 950 745
146 978 879 996
612 698 678 919
612 644 953 698
520 644 612 919
520 535 752 644
520 466 953 535
953 0 989 863
520 386 953 466
454 386 520 919
454 312 953 386
454 231 953 312
454 146 953 231
146 919 966 978
454 0 953 146
373 0 454 919
288 0 373 919
146 0 288 919
0 0 146 1000
954 882 963 989
743 951 793 998
954 792 991 882
225 907 286 978
173 907 225 1000
173 862 286 907
54 849 107 957
743 851 804 951
0 849 54 1000
954 613 1000 792
857 806 954 903
173 773 286 862
954 373 1000 613
109 773 173 1000
743 692 850 851
954 0 1000 373
682 692 743 981
109 677 293 773
682 590 857 692
109 579 293 677
628 590 682 1000
560 590 628 1000
560 496 857 590
0 579 109 849
0 455 293 579
480 496 560 1000
388 496 480 1000
293 496 388 1000
293 400 857 496
293 263 857 400
857 0 954 806
293 120 857 263
0 120 293 455
0 0 857 120
648 998 685 1000
579 998 648 1000
827 719 920 742
461 969 579 1000
845 875 943 925
461 919 579 969
461 866 579 919
940 606 999 719
940 472 1000 606
827 640 932 719
845 818 1000 875
579 970 928 998
729 640 827 745
461 775 579 866
845 745 1000 818
729 585 940 640
388 775 461 1000
748 745 845 925
579 925 988 970
643 745 748 925
388 651 579 775
729 472 940 585
388 514 579 651
729 358 1000 472
729 224 1000 358
643 224 729 745
579 224 643 925
388 224 579 514
310 224 388 1000
310 118 1000 224
224 118 310 1000
224 0 1000 118
126 0 224 1000
0 0 126 1000
674 894 675 997
398 907 416 986
984 709 997 833
920 830 935 943
788 879 847 927
961 789 980 989
398 794 441 907
621 894 674 1000
984 214 1000 709
961 439 984 789
441 590 477 944
704 772 765 996
477 894 621 1000
704 588 788 772
920 439 961 830
477 815 704 894
704 375 788 588
886 439 920 1000
477 730 704 815
847 439 886 1000
477 632 704 730
477 527 704 632
244 794 398 993
847 214 984 439
847 0 1000 214
477 375 704 527
244 590 441 794
244 375 477 590
788 0 847 879
244 272 788 375
157 272 244 1000
157 146 788 272
157 0 788 146
0 0 157 1000
583 779 590 829
995 423 1000 809
726 915 787 954
950 847 984 957
984 423 995 899
653 852 726 929
433 894 496 1000
787 920 892 1000
536 779 583 960
433 779 536 894
787 847 950 920
378 779 433 1000
787 759 984 847
378 696 590 779
787 668 984 759
378 611 590 696
787 568 984 668
325 611 378 1000
269 611 325 1000
198 611 269 1000
198 540 590 611
787 423 984 568
726 423 787 915
653 423 726 852
198 459 590 540
590 423 653 1000
129 459 198 1000
590 330 1000 423
129 341 590 459
590 193 1000 330
129 215 590 341
590 0 1000 193
129 0 590 215
0 0 129 1000
708 957 717 998
423 969 439 998
708 947 811 957
977 767 994 968
423 862 464 969
987 304 1000 677
226 936 327 992
226 876 327 936
942 767 977 1000
327 862 423 1000
708 798 811 947
811 838 914 1000
464 758 554 974
327 718 464 862
708 596 811 798
942 304 987 767
811 641 942 838
464 470 554 758
637 596 708 1000
226 562 327 876
554 596 637 1000
327 470 464 718
554 434 811 596
327 282 554 470
811 304 942 641
811 69 1000 304
554 256 811 434
554 69 811 256
327 69 554 282
226 69 327 562
168 69 226 1000
168 0 1000 69
97 0 168 1000
0 0 97 1000
731 767 751 811
895 898 907 987
666 856 683 932
979 724 1000 842
751 940 797 1000
854 898 895 991
631 932 691 1000
666 786 731 856
751 877 854 940
854 711 908 898
731 187 751 767
979 78 1000 724
571 786 666 932
472 786 571 932
472 715 682 786
751 711 854 877
908 724 975 999
751 582 908 711
472 610 731 715
751 399 908 582
174 932 631 998
349 610 472 932
349 505 731 610
349 392 731 505
908 78 979 724
259 392 349 932
259 289 731 392
751 78 908 399
174 289 259 932
174 187 731 289
174 78 751 187
103 78 174 1000
103 0 1000 78
0 0 103 1000
993 849 998 974
237 953 280 1000
547 615 563 979
183 887 236 1000
587 922 666 1000
462 895 521 1000
941 740 1000 849
877 740 941 849
462 765 521 895
920 849 993 959
110 887 183 1000
237 884 364 953
521 615 547 1000
563 323 587 789
110 780 237 887
237 756 364 884
877 592 1000 740
777 849 920 1000
364 765 462 1000
364 615 521 765
364 486 563 615
777 592 877 849
777 465 1000 592
777 327 1000 465
364 323 563 486
725 327 777 1000
725 174 1000 327
666 174 725 1000
587 174 666 922
587 0 1000 174
364 0 587 323
237 0 364 756
110 0 237 780
0 0 110 1000
883 969 888 1000
979 871 994 998
427 869 477 939
520 231 530 677
933 765 979 938
303 599 338 840
282 840 338 1000
979 367 998 871
530 969 883 1000
338 869 427 1000
338 781 477 869
848 765 933 938
848 647 979 765
338 667 477 781
792 647 848 964
731 647 792 964
668 647 731 964
594 647 668 969
594 583 979 647
109 840 282 992
594 512 979 583
477 231 520 877
530 512 594 969
530 443 979 512
530 367 979 443
530 292 1000 367
530 212 1000 292
530 127 1000 212
109 599 303 840
530 0 1000 127
338 231 477 667
109 231 338 599
109 0 530 231
0 0 109 1000
707 970 732 999
971 614 974 866
707 945 780 970
974 725 1000 893
707 882 781 945
781 883 823 1000
974 532 1000 725
629 882 707 1000
882 837 949 980
511 656 554 903
240 817 307 985
781 754 878 883
974 0 1000 532
629 772 781 882
452 656 511 973
629 647 781 772
882 614 971 837
882 397 974 614
565 647 629 1000
565 542 781 647
565 431 781 542
452 431 565 656
452 353 781 431
452 266 781 353
409 266 452 1000
361 266 409 1000
781 397 882 754
361 178 781 266
311 178 361 1000
240 178 311 817
781 0 974 397
240 0 781 178
135 0 240 1000
0 0 135 1000
756 928 797 955
799 865 856 889
718 860 747 965
965 789 1000 898
856 894 936 967
178 990 951 1000
919 623 965 799
799 701 856 865
612 860 718 967
965 436 1000 789
799 484 856 701
492 860 612 967
178 967 748 990
799 224 856 484
856 623 919 894
492 789 756 860
492 713 756 789
856 436 965 623
407 713 492 967
856 285 1000 436
407 649 756 713
856 97 1000 285
407 565 756 649
756 224 799 928
407 459 756 565
407 348 756 459
407 224 756 348
407 97 856 224
407 0 1000 97
341 0 407 967
262 0 341 967
178 0 262 967
95 0 178 1000
0 0 95 1000
635 834 636 983
635 752 654 805
635 805 673 834
858 894 990 907
858 881 997 894
969 721 1000 801
969 624 1000 721
538 752 635 788
673 859 762 917
762 722 795 919
805 925 942 1000
538 673 673 752
577 805 635 1000
913 624 969 881
673 646 762 859
762 246 805 722
538 494 673 673
445 805 577 1000
913 324 1000 624
445 494 538 805
385 494 445 1000
858 324 913 881
805 324 858 925
805 156 1000 324
673 246 762 646
385 366 673 494
326 366 385 1000
326 246 673 366
326 156 805 246
326 80 1000 156
326 0 1000 80
242 0 326 1000
152 0 242 1000
0 0 152 1000
95 998 167 1000
358 279 364 874
574 935 645 988
645 606 657 949
322 764 358 906
223 927 358 974
920 898 1000 981
921 767 1000 869
95 927 223 998
214 764 322 927
741 898 920 1000
95 764 214 927
95 686 358 764
574 606 645 935
741 767 921 898
741 675 1000 767
435 794 566 982
435 606 574 794
95 583 358 686
657 675 741 1000
364 606 435 1000
364 509 657 606
95 450 358 583
657 570 1000 675
364 386 657 509
657 464 1000 570
657 337 1000 464
95 279 358 450
657 194 1000 337
364 194 657 386
364 98 1000 194
364 0 1000 98
95 0 364 279
0 0 95 1000
516 984 702 1000
907 929 955 1000
897 857 955 929
263 923 319 1000
200 819 312 864
393 611 409 944
955 840 996 992
806 929 907 1000
646 835 722 963
897 688 955 857
96 923 263 1000
359 611 393 1000
96 864 323 923
359 322 409 611
516 835 646 984
806 688 897 929
516 717 722 835
323 322 359 1000
955 193 996 840
806 497 955 688
409 717 516 1000
200 547 313 819
96 547 200 864
722 569 801 989
806 193 955 497
409 569 722 717
409 451 806 569
409 328 806 451
96 322 323 547
409 193 806 328
409 94 1000 193
96 94 409 322
96 0 1000 94
0 0 96 1000
669 979 710 998
353 716 358 962
647 854 753 871
808 949 912 998
256 912 348 1000
808 871 912 949
912 835 1000 942
365 502 394 871
647 811 912 854
647 767 912 811
912 683 1000 835
669 871 808 979
912 509 1000 683
647 708 912 767
533 871 669 998
533 708 647 871
256 716 353 912
533 652 912 708
533 595 912 652
256 502 365 716
533 509 912 595
457 509 533 998
457 439 1000 509
457 367 1000 439
395 367 457 998
395 301 1000 367
395 234 1000 301
395 161 1000 234
256 161 395 502
256 85 1000 161
181 85 256 1000
181 0 1000 85
107 0 181 1000
0 0 107 1000
197 994 220 996
0 994 197 996
85 975 164 983
962 820 1000 846
790 978 929 991
944 820 962 978
223 870 260 991
223 743 263 870
873 820 944 902
833 820 873 978
234 430 263 676
833 768 1000 820
833 709 1000 768
790 709 833 978
164 743 223 954
85 743 164 975
726 709 790 1000
0 743 85 994
636 709 726 1000
636 632 1000 709
558 632 636 1000
558 563 1000 632
484 563 558 1000
484 497 1000 563
484 424 1000 497
484 337 1000 424
416 337 484 1000
346 337 416 1000
263 337 346 1000
0 430 234 743
263 232 1000 337
263 116 1000 232
263 0 1000 116
0 0 263 430
160 984 201 986
203 890 232 900
975 940 998 980
203 757 232 890
534 935 617 1000
922 859 975 972
647 930 754 1000
754 896 845 1000
855 838 922 980
160 757 203 984
754 796 855 896
534 809 647 935
647 782 754 930
534 652 642 809
647 621 754 782
75 757 160 986
754 586 855 796
975 0 998 940
470 652 534 1000
394 652 470 1000
394 532 647 652
321 532 394 1000
232 532 321 987
922 0 975 859
232 419 647 532
75 419 232 757
75 325 647 419
75 227 647 325
855 0 922 838
0 227 75 1000
0 136 647 227
754 0 855 586
647 0 754 621
0 0 647 136
360 996 623 998
360 993 758 996
803 914 823 993
90 924 124 1000
816 788 869 847
816 726 869 788
816 663 869 726
987 356 1000 827
0 924 90 1000
263 870 335 1000
676 914 803 993
0 858 163 924
163 870 263 1000
0 776 163 858
751 663 816 896
958 356 987 890
163 787 360 870
869 780 952 1000
668 663 751 912
163 680 360 787
570 663 668 914
360 914 676 993
163 545 360 680
461 663 570 914
461 583 869 663
360 583 461 914
869 356 958 780
360 479 869 583
360 356 869 479
360 247 1000 356
360 129 1000 247
163 129 360 545
163 0 1000 129
0 0 163 776
182 994 560 1000
636 904 679 981
679 165 684 1000
0 954 113 993
977 773 1000 970
410 967 597 994
835 916 900 1000
749 910 835 985
459 843 636 891
0 869 113 954
981 0 998 640
835 779 918 916
918 773 977 966
410 893 636 967
749 703 835 910
459 742 636 843
684 703 749 1000
459 632 636 742
182 893 410 994
363 632 459 893
636 165 679 904
684 485 835 703
363 505 636 632
363 370 636 505
274 370 363 893
182 370 274 893
182 263 636 370
918 0 981 773
113 263 182 1000
113 165 636 263
835 0 918 779
684 0 835 485
113 0 684 165
0 0 113 869
965 843 1000 879
762 941 803 1000
912 463 925 842
563 913 626 1000
965 653 1000 843
673 865 734 1000
563 800 673 911
841 822 912 996
598 553 667 742
411 913 563 1000
673 714 762 865
965 216 1000 653
598 333 673 553
398 800 563 913
164 913 411 1000
541 333 598 742
480 333 541 742
841 463 912 822
416 333 480 742
164 800 398 913
348 333 416 742
925 216 965 967
0 800 164 1000
257 333 348 742
762 463 841 941
0 742 673 800
762 216 925 463
132 333 257 742
762 0 1000 216
0 333 132 742
0 251 673 333
673 0 762 714
0 146 673 251
0 0 673 146
