431 933 435 1000
848 852 891 861
985 348 986 839
72 625 75 860
72 618 223 625
223 445 260 503
426 719 479 773
914 489 928 842
316 584 399 644
316 522 426 584
72 570 223 618
290 522 316 860
263 522 290 860
914 348 985 489
891 348 914 902
426 423 479 719
263 423 426 522
72 445 223 570
669 773 848 889
263 325 479 423
0 933 431 982
848 348 891 852
72 325 263 445
609 902 946 983
669 534 785 773
0 860 434 933
669 348 848 534
669 241 1000 348
72 229 479 325
609 241 669 902
609 135 1000 241
0 229 72 860
555 135 609 1000
555 0 1000 135
479 0 555 1000
0 0 479 229
363 667 374 669
871 361 874 408
516 645 865 646
566 408 859 416
724 530 891 546
516 637 895 645
720 361 871 385
463 700 481 971
740 469 822 530
647 469 740 530
336 984 905 995
566 361 720 408
336 971 929 984
434 700 463 971
979 420 996 881
649 530 724 637
385 700 434 971
336 700 385 971
516 530 649 637
951 420 979 929
275 700 336 1000
363 530 516 667
204 700 275 1000
204 669 900 700
204 530 363 669
154 530 204 1000
566 293 919 361
154 469 647 530
154 420 951 469
154 293 566 420
154 220 882 293
154 153 1000 220
154 80 1000 153
154 0 1000 80
85 0 154 1000
0 0 85 1000
626 920 669 928
967 747 998 843
866 520 949 557
220 841 367 863
866 475 955 520
220 792 367 841
220 731 367 792
444 953 883 976
178 731 220 1000
178 670 367 731
142 670 178 1000
142 616 367 670
110 616 142 1000
967 184 989 747
77 616 110 1000
43 616 77 1000
710 825 877 906
866 302 955 475
815 302 866 745
765 302 815 801
43 536 367 616
43 454 367 536
43 371 367 454
0 371 43 1000
710 302 765 825
0 288 367 371
710 184 967 302
669 184 710 927
626 184 669 920
581 184 626 953
581 97 1000 184
581 0 1000 97
519 0 581 953
444 0 519 953
367 0 444 1000
0 0 367 288
809 271 936 272
736 775 746 828
745 271 809 290
201 996 758 999
763 700 876 738
765 887 904 920
638 887 765 933
837 430 914 537
672 828 989 857
201 973 616 996
622 700 763 773
745 213 938 271
879 582 1000 686
837 346 1000 430
622 645 879 700
265 887 638 927
411 828 672 887
622 582 879 645
533 582 622 775
411 775 736 828
411 582 533 775
488 427 725 528
330 582 411 887
488 346 837 427
330 537 1000 582
330 346 488 537
201 933 958 973
265 346 330 887
265 292 1000 346
201 292 265 933
201 213 745 292
201 155 1000 213
201 95 1000 155
108 95 201 1000
108 0 1000 95
0 0 108 1000
191 910 210 942
440 140 442 452
438 140 440 678
214 454 219 689
191 747 210 910
626 364 636 737
281 784 324 893
749 353 898 385
749 316 907 353
733 316 749 735
421 140 438 543
733 274 907 316
626 274 733 364
626 230 907 274
596 753 808 826
357 561 398 939
596 230 626 753
398 140 421 833
596 189 1000 230
357 140 398 561
568 189 596 881
568 142 1000 189
540 142 568 881
328 140 357 888
540 84 1000 142
63 747 191 980
281 140 328 784
488 881 902 960
540 0 1000 84
220 140 281 860
63 454 214 747
488 0 540 881
442 0 488 1000
63 140 220 454
63 0 442 140
0 0 63 1000
989 892 1000 958
366 364 515 373
580 785 609 843
640 986 775 999
366 344 517 364
748 421 989 439
748 403 1000 421
640 969 972 986
539 626 571 819
627 184 639 725
748 374 1000 403
748 345 1000 374
256 575 279 951
748 307 1000 345
713 812 878 873
580 542 623 785
748 264 1000 307
748 217 1000 264
748 150 1000 217
580 184 627 542
539 184 580 626
748 69 1000 150
203 575 256 969
713 69 748 812
640 892 989 969
366 184 539 344
323 184 366 857
677 69 713 892
640 69 677 892
323 69 640 184
282 69 323 1000
203 69 282 575
153 69 203 1000
100 69 153 1000
100 0 1000 69
0 0 100 1000
403 905 441 907
403 846 439 905
264 342 403 365
403 427 411 846
993 233 1000 826
403 391 557 427
264 301 403 342
896 326 907 902
403 345 557 391
737 685 766 927
737 578 804 685
714 578 737 916
692 578 714 945
403 285 557 345
403 220 557 285
264 220 403 301
245 220 264 908
656 578 692 967
245 173 557 220
805 467 842 876
656 467 805 578
853 326 896 776
216 173 245 908
185 173 216 908
185 111 557 173
656 326 853 467
656 233 993 326
607 233 656 1000
557 233 607 1000
0 908 547 986
129 111 185 908
70 111 129 908
557 118 1000 233
557 0 1000 118
0 111 70 908
0 0 557 111
399 694 407 851
537 638 550 785
812 598 823 779
174 958 263 988
537 402 554 638
174 908 271 958
809 820 1000 852
331 869 378 996
281 701 324 849
812 558 1000 598
809 779 1000 820
281 488 328 701
506 402 537 749
812 493 1000 558
749 779 809 1000
751 493 812 757
672 779 749 1000
691 493 751 779
594 779 672 1000
691 427 1000 493
691 358 1000 427
691 287 1000 358
641 287 691 779
641 216 1000 287
594 216 641 779
399 402 506 694
554 216 594 1000
331 402 399 869
331 216 554 402
174 488 281 908
331 146 1000 216
174 146 331 488
174 78 1000 146
174 0 1000 78
87 0 174 1000
0 0 87 1000
160 659 263 661
374 987 607 990
772 676 775 1000
374 980 547 987
374 963 523 980
758 676 772 1000
758 636 1000 676
160 562 263 659
439 623 517 754
131 562 160 947
758 589 1000 636
548 434 580 787
131 506 374 562
63 947 333 1000
758 525 1000 589
131 440 374 506
758 456 1000 525
131 366 374 440
374 894 637 963
758 378 1000 456
131 283 374 366
758 294 1000 378
439 434 548 623
131 196 374 283
374 787 576 894
374 434 439 787
723 294 758 1000
655 290 722 668
723 167 1000 294
374 290 655 434
374 167 723 290
374 97 1000 167
63 196 131 947
374 0 1000 97
63 0 374 196
0 0 63 1000
518 738 524 749
582 752 815 763
486 291 977 297
732 261 929 290
922 68 975 194
531 752 582 891
451 891 540 1000
266 291 486 338
451 752 531 891
649 625 764 722
922 796 993 962
518 625 649 738
390 752 451 1000
922 339 956 796
390 625 518 752
821 68 922 238
732 68 821 261
341 625 390 1000
341 586 815 625
296 586 341 1000
296 544 815 586
815 569 872 952
247 544 296 1000
247 504 815 544
815 339 922 569
191 504 247 1000
131 504 191 1000
131 451 815 504
64 451 131 1000
64 401 815 451
475 68 732 240
64 339 815 401
266 68 475 291
64 68 266 339
64 0 1000 68
0 0 64 1000
362 825 365 964
508 201 513 610
185 575 228 652
495 201 508 514
864 711 976 766
141 741 182 916
606 773 784 821
292 825 362 964
454 201 495 474
825 711 864 1000
185 332 232 575
292 764 515 825
606 695 784 773
292 701 515 764
557 695 606 1000
292 632 515 701
557 626 784 695
825 603 976 711
825 503 1000 603
70 741 141 993
825 397 1000 503
387 201 454 520
557 511 784 626
825 219 1000 397
557 364 784 511
825 0 1000 219
557 184 784 364
784 0 825 1000
292 201 387 632
557 0 784 184
515 0 557 1000
292 0 515 201
70 332 185 741
233 0 292 891
70 0 233 332
0 0 70 1000
508 558 627 560
798 612 802 795
798 604 937 612
998 0 1000 603
211 995 690 998
437 340 693 353
437 329 754 340
437 320 858 329
508 541 804 558
655 884 728 980
211 980 758 995
766 470 906 537
547 658 798 697
530 884 655 980
547 604 798 658
530 795 694 884
450 795 530 980
508 470 766 541
450 604 547 795
388 604 450 980
508 411 932 470
320 604 388 980
320 560 937 604
320 411 508 560
269 411 320 980
211 411 269 980
437 219 778 320
143 411 211 1000
143 356 937 411
72 356 143 1000
937 0 998 790
72 219 437 356
72 158 937 219
0 158 72 1000
0 80 937 158
0 0 937 80
446 573 463 574
988 744 999 752
992 961 1000 984
727 929 796 952
900 961 992 984
988 549 999 744
727 850 757 929
205 615 217 873
780 961 900 990
639 961 780 990
205 597 446 615
205 573 446 597
761 549 988 579
761 514 1000 549
761 476 1000 514
205 526 463 573
761 417 1000 476
727 417 761 850
161 526 205 873
161 464 463 526
690 417 727 961
123 464 161 1000
690 342 1000 417
123 395 463 464
123 325 463 395
639 342 690 961
590 342 639 1000
123 206 463 325
67 206 123 1000
590 232 1000 342
527 232 590 1000
0 206 67 1000
527 119 1000 232
527 0 1000 119
463 0 527 1000
0 0 463 206
229 492 231 626
231 997 821 999
907 832 960 861
80 920 120 981
616 432 907 441
231 993 884 997
231 982 545 993
616 419 907 432
606 419 616 850
80 857 163 920
80 800 187 857
960 525 991 777
560 608 584 945
960 294 997 525
606 388 907 419
590 388 606 982
960 0 997 294
517 608 560 872
517 388 590 608
487 388 517 982
456 388 487 982
417 388 456 982
377 388 417 982
377 343 907 388
377 291 907 343
324 291 377 850
279 291 324 982
279 239 907 291
231 239 279 982
231 175 907 239
907 0 960 832
80 492 229 800
231 84 907 175
80 84 231 492
80 0 907 84
0 0 80 1000
791 856 940 858
347 696 352 769
394 527 396 821
548 574 551 800
970 619 999 667
529 574 548 752
231 844 396 868
488 574 529 742
736 856 791 1000
970 325 999 619
353 527 394 743
169 844 231 1000
250 696 347 805
736 802 941 856
457 574 488 937
457 450 552 574
736 744 941 802
941 325 970 743
941 107 1000 325
457 306 552 450
736 660 941 744
250 527 353 696
429 306 457 947
736 555 941 660
396 306 429 1000
736 436 941 555
169 527 250 844
736 284 941 436
680 284 736 1000
616 284 680 1000
552 284 616 1000
169 306 396 527
552 107 941 284
169 107 552 306
169 0 1000 107
0 0 169 1000
996 512 999 762
949 918 978 960
996 0 999 512
994 0 996 908
794 723 805 906
991 0 994 683
805 336 812 646
378 694 391 895
363 694 378 895
794 336 805 723
771 336 794 556
812 618 826 1000
84 895 481 910
601 937 740 984
659 584 738 691
315 694 363 895
752 336 771 912
978 0 991 903
812 520 943 618
315 644 601 694
601 584 659 937
812 319 943 520
949 0 978 918
201 644 315 895
84 644 201 895
84 579 601 644
84 508 601 579
601 336 752 584
0 508 84 1000
812 0 949 319
0 432 601 508
0 350 601 432
0 243 601 350
0 129 601 243
601 0 812 336
0 0 601 129
710 754 765 783
677 581 701 732
653 581 677 754
817 667 856 784
743 352 876 395
612 441 895 462
618 581 653 754
866 865 932 968
817 629 1000 667
496 441 612 501
455 754 710 783
574 581 618 754
766 629 817 784
358 441 496 501
481 852 595 961
766 571 1000 629
734 865 866 968
375 852 481 1000
766 501 1000 571
455 581 574 754
734 784 997 865
375 784 734 852
455 501 766 581
248 784 375 1000
357 501 455 784
248 501 357 784
185 501 248 1000
122 501 185 1000
358 352 743 441
122 352 358 501
122 295 1000 352
122 235 1000 295
122 169 1000 235
122 99 1000 169
122 0 1000 99
0 0 122 1000
418 421 431 429
958 925 989 986
435 353 458 457
347 562 358 785
435 268 466 353
738 751 989 764
381 420 418 509
989 552 1000 868
435 161 476 268
418 161 435 421
312 792 340 1000
104 712 262 750
282 792 312 1000
738 721 989 751
104 653 262 712
381 161 418 420
262 428 282 931
738 678 989 721
71 653 104 1000
738 630 989 678
347 161 381 562
738 552 989 630
738 475 1000 552
523 925 958 992
667 475 738 925
594 475 667 925
594 390 1000 475
282 161 347 792
71 428 262 653
594 278 1000 390
523 278 594 925
523 169 1000 278
71 161 282 428
0 161 71 1000
523 0 1000 169
0 0 523 161
832 919 833 956
813 919 832 966
479 997 784 1000
923 966 978 995
854 966 923 995
992 450 999 771
925 513 936 843
925 450 992 513
213 630 230 895
343 326 479 360
330 326 343 951
901 450 925 917
479 966 854 997
656 508 901 561
624 508 656 919
330 234 479 326
479 919 813 966
624 450 901 508
624 405 1000 450
624 356 1000 405
624 304 1000 356
592 304 624 919
592 246 1000 304
555 246 592 919
517 246 555 919
479 246 517 919
233 234 330 502
130 630 213 982
479 187 1000 246
479 117 1000 187
130 234 233 630
130 117 479 234
130 60 1000 117
71 60 130 1000
71 0 1000 60
0 0 71 1000
921 561 922 958
998 196 1000 410
902 831 913 985
691 531 696 1000
191 590 206 789
497 613 512 890
124 477 147 659
991 196 998 842
921 447 964 561
902 447 921 831
149 859 212 996
497 565 691 613
691 478 865 531
865 447 902 730
149 590 191 859
149 520 347 590
464 565 497 1000
691 392 865 478
149 439 347 520
968 196 991 926
464 490 691 565
691 290 865 392
149 347 347 439
464 409 691 490
149 234 347 347
56 477 124 856
865 196 968 447
464 290 691 409
0 477 56 976
0 234 149 477
464 196 865 290
464 116 1000 196
410 116 464 1000
347 116 410 1000
347 0 1000 116
0 0 347 234
927 784 941 787
557 837 688 839
557 834 813 837
379 834 557 839
625 784 927 787
738 506 1000 511
767 787 828 828
713 717 799 784
625 717 713 784
582 862 650 1000
688 506 738 717
504 862 582 1000
504 839 1000 862
428 839 504 1000
352 839 428 1000
274 839 352 1000
559 308 822 356
625 506 688 717
576 506 625 787
516 506 576 787
379 787 767 834
450 506 516 787
379 506 450 787
379 473 1000 506
379 440 1000 473
379 406 1000 440
328 406 379 839
274 406 328 839
559 220 870 308
218 406 274 1000
218 357 1000 406
218 220 559 357
218 153 1000 220
218 79 1000 153
218 0 1000 79
0 0 218 1000
798 679 800 965
800 839 811 906
375 987 542 995
800 707 811 839
769 804 798 864
811 409 894 434
800 486 811 707
415 684 486 730
769 679 798 804
314 654 331 985
81 885 152 968
769 486 800 679
733 549 764 827
811 288 894 409
542 549 733 621
542 486 769 549
542 425 811 486
542 360 811 425
542 288 811 360
486 386 527 893
415 386 486 684
542 240 1000 288
375 386 415 987
375 240 542 386
314 240 375 654
314 202 1000 240
277 202 314 1000
238 202 277 1000
238 161 1000 202
194 161 238 1000
194 115 1000 161
194 67 1000 115
152 67 194 1000
152 0 1000 67
81 0 152 885
0 0 81 1000
120 542 127 711
604 866 1000 872
549 437 554 965
743 407 932 427
109 542 120 1000
340 161 347 971
743 376 932 407
555 866 604 1000
721 376 743 689
721 333 932 376
832 765 932 862
721 273 932 333
701 765 832 866
721 208 932 273
555 765 701 866
721 146 1000 208
200 500 243 901
692 146 721 744
663 146 692 747
317 161 340 948
631 146 663 747
598 146 631 765
442 687 545 894
555 146 598 765
442 437 549 687
264 161 317 747
442 146 555 437
127 500 200 999
398 146 442 1000
398 76 1000 146
398 0 1000 76
127 161 264 500
0 542 109 973
0 161 127 542
347 0 398 1000
0 0 347 161
998 711 1000 757
380 753 531 757
380 740 531 753
198 821 229 888
380 723 531 740
380 705 531 723
0 915 47 974
139 936 186 997
380 680 531 705
698 630 795 670
698 581 817 630
241 546 260 850
681 581 698 1000
0 718 49 915
198 546 241 821
817 711 998 821
0 565 139 718
380 538 531 680
139 546 198 936
817 584 1000 711
624 581 681 1000
380 368 531 538
817 437 1000 584
624 437 817 581
624 358 1000 437
624 270 1000 358
624 177 1000 270
624 74 1000 177
578 74 624 1000
531 74 578 1000
380 74 531 368
380 0 1000 74
331 0 380 1000
266 0 331 1000
139 0 266 546
0 0 139 565
382 339 384 985
976 639 995 711
375 339 382 595
642 492 646 946
642 482 953 492
370 339 375 943
408 819 439 932
642 470 953 482
384 819 408 1000
976 384 995 639
91 707 194 755
631 470 642 946
620 470 631 946
270 820 329 912
620 450 953 470
604 450 620 946
604 422 953 450
953 384 976 812
577 946 776 999
604 384 953 422
604 347 1000 384
577 347 604 946
577 306 1000 347
545 306 577 1000
329 339 370 972
270 339 329 820
545 241 1000 306
502 241 545 944
457 241 502 1000
457 168 1000 241
457 88 1000 168
384 88 457 819
91 339 270 707
91 88 384 339
91 0 1000 88
0 0 91 1000
129 677 134 718
707 825 715 998
116 842 129 945
979 345 986 561
770 543 979 552
116 677 129 842
673 825 707 998
746 543 770 787
134 809 205 908
629 825 673 998
179 378 202 707
710 543 746 787
156 378 179 775
134 378 156 809
629 787 1000 825
45 677 116 898
710 476 979 543
651 476 710 787
590 476 651 787
524 787 629 998
417 787 524 1000
590 412 979 476
295 787 417 1000
590 345 979 412
45 378 134 677
0 378 45 971
527 345 590 787
445 345 527 787
445 268 1000 345
445 182 1000 268
445 94 1000 182
374 94 445 787
374 0 1000 94
295 0 374 787
223 0 295 1000
0 0 223 378
252 841 305 909
865 746 1000 780
547 667 574 840
865 711 1000 746
469 492 483 841
523 667 547 878
833 867 1000 913
523 589 623 667
865 646 1000 711
523 499 623 589
394 613 451 804
865 564 1000 646
865 479 1000 564
865 376 1000 479
320 613 394 804
485 499 523 878
485 387 623 499
320 492 469 613
775 304 828 664
865 224 1000 376
833 224 865 867
833 82 1000 224
252 492 320 841
252 387 485 492
732 304 775 890
252 313 623 387
190 909 539 992
682 304 732 917
252 226 623 313
682 82 833 304
190 226 252 909
623 82 682 1000
190 82 623 226
190 0 1000 82
96 0 190 1000
0 0 96 1000
955 912 962 955
962 590 964 900
994 592 997 927
102 998 741 1000
994 0 997 592
955 590 962 912
458 882 631 898
941 758 954 975
882 758 941 820
102 991 843 998
403 882 458 983
882 676 955 758
882 590 955 676
636 764 666 983
102 983 955 991
186 667 323 733
476 603 636 660
636 708 809 764
186 590 323 667
476 531 636 603
476 449 636 531
836 136 864 875
965 0 994 736
636 577 809 708
636 445 809 577
636 307 809 445
403 449 476 882
403 307 636 449
403 223 836 307
403 136 836 223
882 0 965 590
403 0 882 136
323 0 403 983
186 0 323 590
102 0 186 983
0 0 102 1000
