905 885 1000 996
905 568 1000 885
0 846 479 999
722 568 905 1000
479 568 722 1000
479 291 1000 568
479 0 1000 291
0 0 479 846
776 968 1000 1000
776 811 989 968
776 621 1000 811
625 621 776 954
440 621 625 1000
440 490 1000 621
440 0 1000 490
0 0 440 1000
843 804 1000 1000
288 783 522 1000
843 238 1000 804
702 238 843 1000
545 238 702 1000
288 238 545 783
288 0 1000 238
0 0 288 1000
273 969 514 1000
762 666 880 969
530 666 762 969
880 0 1000 924
530 308 880 666
273 308 530 969
273 0 880 308
0 0 273 1000
716 900 843 1000
844 852 1000 996
447 900 716 991
447 751 844 900
844 323 1000 852
447 323 844 751
447 0 1000 323
0 0 447 1000
972 707 1000 1000
493 906 889 1000
493 707 972 906
493 517 1000 707
493 279 1000 517
312 279 493 1000
312 0 1000 279
0 0 312 1000
717 955 1000 1000
355 955 717 1000
933 588 992 935
725 588 933 955
355 588 725 955
355 310 1000 588
355 0 1000 310
0 0 355 1000
571 904 648 1000
798 884 1000 1000
809 240 995 449
809 0 1000 240
798 449 1000 884
571 449 798 904
571 0 809 449
0 0 571 1000
389 935 647 1000
647 819 937 1000
389 714 647 935
0 714 389 1000
647 436 993 819
647 0 1000 436
0 451 647 714
0 0 647 451
876 752 941 780
662 752 876 780
662 648 1000 752
662 319 1000 648
258 780 993 1000
258 319 662 780
258 0 1000 319
0 0 258 1000
893 660 1000 675
291 672 443 1000
637 660 893 1000
0 672 291 1000
637 396 1000 660
443 396 637 1000
443 0 1000 396
0 0 443 672
898 958 945 1000
898 843 1000 958
595 843 898 1000
595 574 1000 843
595 296 1000 574
365 296 595 1000
365 0 1000 296
0 0 365 1000
902 894 1000 1000
520 894 902 1000
846 321 1000 617
846 0 1000 321
520 661 992 894
520 0 846 661
279 0 520 1000
0 0 279 1000
722 889 1000 1000
722 735 1000 889
451 735 722 985
451 540 1000 735
451 283 1000 540
451 0 1000 283
249 0 451 1000
0 0 249 1000
784 948 1000 1000
784 797 927 948
784 621 1000 797
784 382 1000 621
530 382 784 1000
530 0 1000 382
316 0 530 1000
0 0 316 1000
567 920 709 969
308 920 567 1000
875 615 1000 1000
709 615 875 1000
308 615 709 920
308 349 1000 615
308 0 1000 349
0 0 308 1000
764 919 975 927
525 919 764 987
295 919 525 1000
800 369 1000 919
527 369 800 919
527 0 1000 369
295 0 527 919
0 0 295 1000
864 757 1000 861
666 861 948 1000
864 298 1000 757
666 298 864 861
470 298 666 1000
470 0 1000 298
235 0 470 1000
0 0 235 1000
932 851 1000 944
813 851 932 1000
813 723 1000 851
813 342 1000 723
556 342 813 1000
290 342 556 1000
290 0 1000 342
0 0 290 1000
475 690 517 1000
517 950 901 1000
224 690 475 1000
517 696 1000 950
517 391 1000 696
517 0 1000 391
224 0 517 690
0 0 224 1000
929 595 985 696
933 744 1000 1000
756 595 929 744
756 335 1000 595
255 744 933 1000
255 335 756 744
255 0 1000 335
0 0 255 1000
936 851 983 1000
614 851 936 1000
204 851 614 1000
204 700 1000 851
204 503 1000 700
204 253 1000 503
204 0 1000 253
0 0 204 1000
824 958 970 1000
824 850 1000 958
824 381 1000 850
666 381 824 1000
466 381 666 1000
466 0 1000 381
249 0 466 1000
0 0 249 1000
925 775 1000 937
833 775 925 954
321 954 979 1000
632 775 833 954
632 353 1000 775
321 353 632 954
321 0 1000 353
0 0 321 1000
954 685 1000 944
954 365 1000 685
798 365 954 1000
596 365 798 1000
596 0 1000 365
431 0 596 1000
262 0 431 1000
0 0 262 1000
833 965 894 1000
833 570 1000 965
383 710 641 1000
641 570 833 1000
0 710 383 1000
641 0 1000 570
0 387 641 710
0 0 641 387
618 928 692 1000
618 749 797 928
797 675 1000 1000
797 323 1000 675
618 323 797 749
475 323 618 1000
475 0 1000 323
0 0 475 1000
928 940 972 1000
832 940 928 1000
832 690 1000 940
641 690 832 1000
410 690 641 1000
410 365 1000 690
410 0 1000 365
0 0 410 1000
953 682 1000 929
586 943 953 1000
953 0 1000 682
586 785 953 943
586 621 953 785
586 386 953 621
0 386 586 1000
0 0 953 386
953 660 984 709
844 923 1000 989
953 0 1000 660
371 923 844 1000
824 0 953 727
371 727 1000 923
371 0 824 727
0 0 371 1000
550 792 776 913
776 781 1000 1000
550 431 776 792
776 413 1000 781
776 0 1000 413
297 431 550 1000
297 0 776 431
0 0 297 1000
948 795 997 952
889 582 1000 795
889 332 1000 582
637 795 948 1000
637 332 889 795
454 332 637 1000
454 0 1000 332
0 0 454 1000
896 917 999 976
710 917 896 1000
710 812 1000 917
710 682 1000 812
710 358 1000 682
492 358 710 1000
492 0 1000 358
0 0 492 1000
889 964 962 1000
520 964 889 1000
520 919 1000 964
520 592 1000 919
520 261 1000 592
282 261 520 1000
282 0 1000 261
0 0 282 1000
669 906 999 1000
669 726 999 906
428 726 669 1000
428 497 974 726
428 245 999 497
227 245 428 1000
227 0 1000 245
0 0 227 1000
786 742 847 914
847 894 1000 1000
847 589 1000 894
468 742 786 1000
847 0 1000 589
468 435 847 742
468 0 847 435
0 0 468 1000
650 980 967 994
899 783 1000 980
650 783 899 980
650 591 1000 783
650 326 1000 591
396 326 650 1000
396 0 1000 326
0 0 396 1000
909 955 980 970
878 955 909 1000
878 797 1000 955
610 797 878 1000
610 575 1000 797
610 330 1000 575
610 0 1000 330
0 0 610 1000
814 501 827 676
814 403 875 501
814 307 1000 403
741 307 814 594
741 0 1000 307
353 683 1000 1000
353 0 741 683
0 0 353 1000
794 862 995 1000
794 692 1000 862
547 692 794 1000
547 447 1000 692
336 447 547 1000
336 240 1000 447
336 0 1000 240
0 0 336 1000
702 988 801 1000
702 858 1000 988
702 570 1000 858
484 570 702 1000
484 324 1000 570
281 324 484 1000
281 0 1000 324
0 0 281 1000
978 569 1000 1000
739 798 947 1000
739 569 978 798
541 569 739 1000
301 569 541 1000
301 320 1000 569
301 0 1000 320
0 0 301 1000
888 843 1000 1000
707 769 888 947
888 297 1000 843
707 297 888 769
559 297 707 1000
361 297 559 1000
361 0 1000 297
0 0 361 1000
601 905 802 1000
601 779 1000 905
329 668 601 1000
0 668 329 1000
601 490 1000 779
0 429 601 668
601 0 1000 490
0 0 601 429
951 711 1000 1000
331 758 652 1000
662 711 951 1000
0 640 331 992
662 278 1000 711
331 278 662 758
331 0 1000 278
0 0 331 640
893 889 923 931
630 889 893 1000
923 256 1000 979
630 658 923 889
630 256 923 658
471 256 630 1000
471 0 1000 256
0 0 471 1000
915 639 1000 971
681 639 915 1000
681 354 1000 639
681 0 1000 354
562 0 681 1000
432 0 562 1000
302 0 432 1000
0 0 302 1000
