932 887 999 907
932 793 999 887
733 779 805 939
848 793 932 1000
456 878 673 1000
848 616 999 793
456 779 733 878
456 693 805 779
848 414 999 616
848 199 1000 414
456 595 805 693
805 199 848 1000
805 0 1000 199
456 431 805 595
456 245 805 431
456 0 805 245
354 0 456 1000
222 0 354 1000
0 0 222 1000
729 970 794 999
429 802 487 839
586 680 626 747
586 612 626 680
626 970 729 999
918 634 1000 789
859 825 988 1000
443 839 626 992
429 612 586 802
626 825 859 970
195 839 443 1000
195 612 429 839
626 634 918 825
626 471 1000 634
626 302 1000 471
195 352 626 612
626 0 1000 302
195 0 626 352
0 0 195 1000
911 823 984 825
924 849 930 1000
915 849 924 1000
911 702 1000 823
811 702 911 849
810 849 915 1000
680 849 810 1000
811 560 1000 702
500 849 680 1000
317 849 500 1000
605 560 811 849
605 400 1000 560
463 400 605 849
317 400 463 849
317 276 1000 400
317 143 1000 276
317 0 1000 143
189 0 317 1000
0 0 189 1000
957 607 998 657
894 607 957 711
866 894 938 1000
790 607 894 711
866 790 1000 894
790 538 1000 607
797 790 866 1000
728 790 797 1000
728 711 1000 790
628 711 728 1000
500 711 628 1000
500 538 790 711
333 538 500 1000
333 422 1000 538
333 303 1000 422
333 175 1000 303
178 175 333 1000
178 0 1000 175
0 0 178 1000
437 986 621 999
628 863 676 1000
940 824 984 1000
991 0 1000 999
858 824 940 1000
676 851 831 1000
437 863 628 986
858 638 991 824
676 712 857 851
437 739 676 863
858 384 991 638
676 524 857 712
437 524 676 739
437 384 858 524
328 384 437 1000
328 220 991 384
188 220 328 1000
0 220 188 1000
0 0 991 220
819 802 945 825
948 705 1000 883
948 464 988 705
819 637 948 802
948 0 1000 464
711 637 819 888
362 947 939 997
711 501 948 637
362 888 948 947
597 501 711 888
467 501 597 888
467 392 948 501
467 269 948 392
362 269 467 888
362 145 948 269
265 145 362 1000
265 0 948 145
138 0 265 1000
0 0 138 1000
967 931 990 945
932 905 951 979
990 0 1000 730
893 705 964 827
737 905 932 994
829 293 960 456
967 0 990 931
684 293 829 456
705 705 893 905
338 905 737 1000
705 552 967 705
529 552 705 905
338 552 529 905
180 552 338 1000
180 456 967 552
180 293 684 456
180 183 967 293
180 0 967 183
0 0 180 1000
887 595 919 821
945 821 1000 958
737 958 1000 1000
919 601 978 806
326 813 457 961
786 595 887 795
737 821 945 958
326 592 457 813
626 595 786 821
919 0 1000 601
457 821 737 1000
626 403 919 595
626 203 919 403
626 0 919 203
547 0 626 821
457 0 547 821
326 0 457 592
194 0 326 1000
0 0 194 1000
786 788 791 891
486 961 503 992
786 674 791 788
637 916 786 1000
379 808 486 927
935 757 1000 1000
193 927 486 1000
379 526 486 808
935 264 1000 757
637 674 786 916
486 674 637 961
864 264 935 884
803 264 864 1000
486 475 803 674
486 264 803 475
193 526 379 927
486 0 1000 264
193 0 486 526
0 0 193 1000
660 951 683 988
440 844 483 990
367 844 440 942
909 788 1000 934
909 630 1000 788
232 844 367 1000
850 630 909 1000
232 754 483 844
232 642 483 754
749 630 850 1000
749 465 1000 630
660 465 749 951
577 465 660 1000
577 347 1000 465
577 200 1000 347
483 200 577 1000
483 0 1000 200
232 0 483 642
0 0 232 1000
933 872 980 1000
887 737 933 910
307 940 535 1000
980 0 1000 799
138 861 295 984
782 737 887 1000
307 815 536 940
138 689 307 861
649 737 782 1000
307 651 536 815
933 0 980 872
0 689 138 1000
649 561 933 737
0 495 307 689
649 309 933 561
536 309 649 1000
536 0 933 309
307 0 536 651
0 0 307 495
894 858 929 914
611 772 639 873
889 914 974 1000
894 789 1000 858
802 914 889 1000
894 715 1000 789
709 914 802 1000
811 715 894 914
709 715 811 914
709 635 1000 715
639 635 709 1000
639 549 1000 635
448 772 611 993
639 431 1000 549
639 223 1000 431
448 223 639 772
241 223 448 1000
241 0 1000 223
0 0 241 1000
826 885 839 933
783 885 826 941
783 842 848 885
848 909 892 976
512 976 863 1000
784 609 848 841
625 842 783 976
848 695 1000 909
625 609 784 842
848 419 1000 695
625 419 848 609
512 419 625 976
402 419 512 1000
402 300 1000 419
280 300 402 1000
146 300 280 1000
146 171 1000 300
146 0 1000 171
0 0 146 1000
990 662 994 835
647 970 671 1000
657 661 745 674
657 605 766 661
647 905 809 970
889 845 987 982
657 488 809 605
458 905 647 1000
889 662 990 845
551 488 657 674
458 840 809 905
809 662 889 1000
390 488 551 674
458 674 809 840
390 285 809 488
809 0 1000 662
0 674 458 1000
0 285 390 674
0 0 809 285
868 822 912 870
912 864 1000 927
868 672 912 822
912 787 1000 864
839 672 868 913
912 686 1000 787
789 672 839 1000
912 420 1000 686
703 672 789 1000
912 0 1000 420
571 672 703 1000
571 503 912 672
442 503 571 1000
442 333 912 503
307 333 442 1000
151 333 307 1000
151 184 912 333
151 0 912 184
0 0 151 1000
635 956 640 978
582 956 635 975
860 896 908 969
582 746 643 956
860 796 1000 896
522 746 582 1000
445 746 522 1000
752 796 860 1000
752 681 1000 796
326 746 445 1000
326 622 643 746
752 510 1000 681
752 300 1000 510
643 300 752 1000
326 300 643 622
171 300 326 1000
171 155 1000 300
171 0 1000 155
0 0 171 1000
914 908 985 912
893 908 914 953
890 953 955 1000
804 831 893 909
680 953 890 1000
893 785 1000 908
483 839 622 983
622 599 680 947
893 487 1000 785
483 599 622 839
893 166 1000 487
369 599 483 1000
369 450 680 599
804 166 893 831
249 450 369 1000
680 166 804 953
249 166 680 450
249 0 1000 166
0 0 249 1000
895 853 952 1000
564 829 629 981
955 725 1000 1000
895 574 955 853
955 310 1000 725
722 817 854 1000
457 613 629 805
346 829 564 1000
457 372 629 613
722 574 895 817
346 372 457 829
722 310 955 574
629 310 722 1000
629 128 1000 310
346 128 629 372
346 0 1000 128
256 0 346 1000
142 0 256 1000
0 0 142 1000
969 528 986 542
927 890 1000 1000
129 919 266 1000
685 890 927 1000
129 710 266 919
815 528 969 767
685 767 1000 890
652 528 815 767
494 767 685 1000
448 528 652 767
266 767 494 1000
448 418 1000 528
266 418 448 767
266 315 931 418
266 212 1000 315
266 107 1000 212
266 0 1000 107
129 0 266 710
0 0 129 1000
920 926 970 1000
869 926 920 1000
869 877 996 926
670 914 869 1000
670 824 869 914
562 824 670 1000
562 756 869 824
562 682 869 756
562 589 869 682
869 641 996 877
562 483 869 589
484 483 562 1000
484 361 869 483
370 361 484 1000
869 0 992 641
370 195 869 361
370 0 869 195
196 0 370 1000
0 0 196 1000
277 994 458 995
931 857 1000 939
853 857 931 939
277 982 890 994
770 939 980 982
829 754 1000 832
610 857 853 939
277 939 770 982
610 754 829 857
610 665 1000 754
610 547 1000 665
610 418 1000 547
504 418 610 939
504 298 1000 418
398 298 504 939
277 298 398 939
277 152 1000 298
277 0 1000 152
0 0 277 1000
117 976 206 989
896 950 922 1000
314 925 451 1000
570 950 896 1000
838 628 988 777
314 732 451 925
570 867 942 950
570 777 1000 867
570 628 838 777
451 628 570 1000
451 522 1000 628
451 400 1000 522
451 272 1000 400
451 137 1000 272
117 545 303 976
314 137 451 732
314 0 1000 137
117 0 314 545
0 0 117 1000
974 464 991 528
962 743 1000 1000
828 464 974 577
125 860 264 1000
811 743 962 944
692 743 811 1000
573 743 692 1000
573 654 923 743
458 654 573 1000
458 577 1000 654
458 464 828 577
361 464 458 1000
361 367 1000 464
361 249 1000 367
361 128 1000 249
361 0 1000 128
264 0 361 1000
125 0 264 860
0 0 125 1000
499 793 527 846
683 977 859 1000
630 803 683 918
527 840 600 1000
954 459 1000 1000
850 696 954 974
630 192 683 803
287 793 499 1000
287 604 527 793
287 408 527 604
683 696 850 977
683 459 954 696
527 192 630 840
174 408 287 1000
683 233 1000 459
683 0 1000 233
174 192 527 408
174 0 683 192
0 0 174 1000
580 812 603 899
827 936 859 1000
505 884 572 936
453 884 505 1000
700 936 827 1000
453 812 580 884
453 703 604 812
700 814 1000 936
700 656 1000 814
700 498 1000 656
604 498 700 1000
604 375 1000 498
453 375 604 703
373 375 453 1000
373 294 1000 375
373 150 1000 294
241 150 373 1000
241 0 1000 150
0 0 241 1000
458 794 480 906
480 349 492 672
744 939 929 1000
910 748 981 939
335 794 458 1000
335 581 480 794
744 748 910 939
612 748 744 1000
239 581 335 1000
133 581 239 1000
612 620 1000 748
612 454 1000 620
492 454 612 1000
492 306 1000 454
492 155 1000 306
492 0 1000 155
133 349 480 581
133 0 492 349
0 0 133 1000
757 848 797 954
869 937 1000 988
393 928 641 977
869 843 1000 937
641 848 757 1000
555 651 629 928
869 598 1000 843
641 636 797 848
869 327 1000 598
641 385 797 636
393 651 555 928
797 327 869 988
232 651 393 1000
797 0 1000 327
0 651 232 1000
0 519 641 651
0 385 641 519
0 232 797 385
0 0 797 232
967 823 980 862
960 823 967 991
376 909 424 1000
292 861 376 1000
679 917 892 1000
149 861 292 1000
376 626 466 909
679 823 960 917
679 730 1000 823
679 635 1000 730
564 635 679 1000
149 626 376 861
149 450 466 626
564 440 1000 635
564 223 1000 440
564 0 1000 223
466 0 564 1000
149 0 466 450
0 0 149 1000
462 993 749 1000
960 709 1000 938
771 683 860 810
863 870 960 1000
960 280 1000 709
702 810 802 993
863 614 960 870
551 810 702 993
551 683 771 810
863 280 960 614
551 572 863 683
462 572 551 993
462 461 863 572
462 280 863 461
348 280 462 1000
348 150 1000 280
348 0 1000 150
233 0 348 1000
0 0 233 1000
755 924 855 1000
399 930 526 1000
933 688 999 879
399 768 526 930
856 688 933 959
755 688 856 924
755 554 1000 688
680 554 755 1000
602 554 680 1000
602 466 1000 554
602 376 1000 466
536 376 602 1000
399 376 536 768
399 261 1000 376
303 261 399 1000
303 136 1000 261
178 136 303 1000
178 0 1000 136
0 0 178 1000
442 991 454 998
311 790 401 859
943 613 1000 834
893 859 1000 1000
693 859 893 1000
816 613 943 858
442 859 693 991
816 417 1000 613
730 417 816 858
147 859 442 1000
730 245 1000 417
652 245 730 858
573 245 652 859
484 245 573 859
484 124 1000 245
484 0 1000 124
311 0 484 790
147 0 311 859
0 0 147 1000
974 710 981 899
989 744 1000 891
845 855 884 1000
663 913 845 945
989 172 1000 744
918 710 974 987
663 704 845 913
534 704 663 1000
918 172 989 710
845 172 918 855
534 536 845 704
534 366 845 536
534 172 845 366
449 172 534 1000
449 0 1000 172
349 0 449 1000
247 0 349 1000
140 0 247 1000
0 0 140 1000
998 329 1000 580
993 329 998 915
745 916 856 1000
190 924 373 1000
343 673 413 906
856 827 962 1000
413 916 745 1000
856 593 993 827
413 841 856 916
413 763 856 841
856 329 993 593
190 673 343 924
413 666 856 763
413 553 856 666
413 329 856 553
413 148 1000 329
190 148 413 673
190 0 1000 148
0 0 190 1000
523 921 542 1000
650 939 705 1000
420 874 523 1000
861 858 1000 980
650 665 716 939
716 858 861 1000
716 767 1000 858
716 676 1000 767
716 562 1000 676
523 665 650 921
716 415 1000 562
523 415 716 665
523 306 1000 415
523 181 1000 306
523 0 1000 181
420 0 523 874
325 0 420 1000
184 0 325 1000
0 0 184 1000
686 895 693 965
855 950 924 1000
952 892 1000 981
952 776 1000 892
701 950 855 1000
620 728 701 843
536 895 686 1000
305 895 536 1000
431 728 620 895
0 895 305 1000
701 776 952 950
701 627 1000 776
701 472 1000 627
701 242 1000 472
0 728 431 895
701 0 1000 242
0 566 701 728
0 352 701 566
0 0 701 352
957 953 965 996
957 915 988 953
768 742 957 757
724 742 768 821
957 566 1000 915
710 915 895 1000
724 648 957 742
710 821 957 915
518 821 710 1000
518 648 724 821
518 566 957 648
518 490 1000 566
434 490 518 1000
434 405 1000 490
316 405 434 1000
316 298 1000 405
316 175 1000 298
316 0 1000 175
0 0 316 1000
926 576 1000 636
488 970 758 1000
877 834 955 1000
774 576 926 685
488 908 758 970
820 685 950 834
758 834 877 1000
663 685 820 834
189 908 488 1000
774 440 1000 576
646 440 774 685
189 834 758 908
445 440 646 685
445 335 1000 440
189 685 663 834
445 198 1000 335
189 198 445 685
189 0 1000 198
0 0 189 1000
233 508 257 589
832 665 889 800
879 878 988 1000
257 889 394 1000
889 700 998 878
139 754 233 971
732 665 832 878
617 878 879 1000
0 754 139 1000
889 357 1000 700
732 357 889 665
0 508 233 754
617 357 732 878
617 161 1000 357
508 161 617 1000
394 161 508 1000
257 161 394 889
257 0 1000 161
0 0 257 508
0 888 137 1000
359 542 394 1000
849 663 1000 770
137 851 304 988
304 542 359 1000
763 484 1000 613
807 770 998 953
651 770 807 1000
481 770 651 1000
481 663 849 770
481 484 763 663
137 542 304 851
481 382 1000 484
394 382 481 1000
394 291 1000 382
394 134 1000 291
137 134 394 542
137 0 1000 134
0 0 137 888
960 844 1000 953
960 721 1000 844
938 342 1000 446
680 533 942 575
732 898 889 996
889 721 960 973
732 721 889 898
630 721 732 996
630 637 1000 721
534 637 630 996
437 637 534 996
323 637 437 996
323 575 1000 637
680 342 938 533
323 342 680 575
323 216 1000 342
206 216 323 1000
206 0 1000 216
0 0 206 1000
