200 10
104 151 44 192 177 95 161 59 57 91 58 188 50 121 127 183 159 7 119 158
99 82 105 143 45 24 17 20 10 170 69 93 198 79 132 191 68 167 128 196
101 102 37 11 100 62 147 125 86 134 180 142 30 70 152 88 72 49 139 18
67 163 199 41 114 120 8 39 87 56 81 9 75 182 140 106 150 181 2 138
160 98 48 33 178 51 53 32 71 28 135 61 184 109 89 166 16 12 194 113
46 145 22 40 116 64 157 103 90 4 118 174 84 115 179 47 149 60 23 141
14 122 200 19 97 3 193 126 137 154 146 185 117 55 21 144 85 25 1 124
153 112 131 168 76 43 108 36 73 130 107 136 63 172 35 54 176 65 29 195
78 171 27 173 52 189 197 38 96 175 80 77 94 42 156 110 190 155 6 15
34 187 129 169 148 111 83 164 74 31 186 92 162 26 133 5 123 13 165 66
