200 10
159 188 52 21 54 135 75 167 191 107 1 74 3 43 168 72 141 25 166 31
184 44 53 128 149 26 199 14 29 50 155 89 139 5 136 189 99 182 39 190
94 96 114 105 42 95 146 58 62 68 197 129 158 194 192 9 57 183 130 101
87 156 79 143 76 119 122 19 85 40 145 70 120 127 30 90 113 110 102 178
171 64 170 174 164 6 37 172 157 7 41 115 142 98 35 28 133 84 63 2
67 27 134 97 121 137 56 51 22 140 193 131 59 13 152 154 49 150 100 169
106 160 20 45 4 175 69 117 118 55 144 163 92 32 77 61 103 116 104 196
33 86 11 65 15 34 147 71 195 17 82 176 93 18 126 198 162 109 16 124
179 181 177 10 48 125 66 112 83 24 200 185 78 180 36 148 80 153 123 60
73 38 165 88 173 108 46 47 138 132 91 23 111 81 161 12 151 186 187 8
