200 10
48 195 21 183 123 115 60 25 117 85 2 110 30 58 93 54 6 32 45 144
62 19 180 11 107 174 158 109 40 197 128 166 7 12 132 178 1 127 164 153
5 139 61 72 38 149 186 91 63 37 175 92 80 150 66 137 177 53 14 10
168 89 156 114 86 16 126 194 159 27 77 84 102 190 160 181 155 179 57 129
28 41 165 35 55 98 105 193 152 122 136 3 192 184 133 18 113 49 116 73
185 170 119 74 124 161 43 142 112 141 191 90 176 148 64 44 187 157 101 56
24 34 31 108 71 143 39 104 97 22 134 26 82 163 146 196 36 182 59 167
125 50 33 173 17 189 200 140 131 20 78 47 130 199 198 103 147 69 121 23
13 67 95 106 81 94 70 171 120 51 75 76 68 96 188 145 4 29 87 79
8 88 83 151 162 111 46 172 154 15 99 52 169 100 65 135 138 42 118 9
