200 10
10 22 42 45 129 25 17 65 111 185 58 134 128 141 6 88 148 78 155 145
8 121 40 52 49 173 102 142 43 162 81 60 74 100 149 44 26 62 116 114
131 20 130 180 161 23 153 167 160 189 36 108 194 75 46 12 159 181 95 196
64 112 41 18 93 83 120 144 99 96 151 16 154 115 55 67 69 193 179 31
177 195 28 101 191 35 1 56 124 184 98 59 11 47 80 94 156 133 139 132
136 66 7 176 82 158 39 188 171 104 125 19 51 174 182 122 186 147 32 103
183 54 13 164 119 178 109 38 72 61 140 70 87 85 71 89 37 21 9 79
29 68 27 165 163 172 113 84 117 146 14 48 63 3 15 57 34 169 166 30
197 135 2 168 106 91 73 137 187 175 126 77 190 123 97 90 92 170 86 76
150 50 5 105 24 157 4 118 33 152 192 110 107 200 199 198 138 127 53 143
