200 10
191 3 193 100 33 141 110 181 150 74 175 94 134 91 144 127 11 28 138 120
48 195 198 132 114 18 179 65 159 6 168 147 169 19 77 82 67 35 88 171
156 53 192 16 44 107 62 42 170 29 36 142 70 87 55 160 164 197 63 17
89 31 59 84 173 148 8 47 83 54 10 69 139 96 106 109 38 153 101 182
5 104 45 85 118 186 68 151 116 196 154 162 75 20 130 121 102 194 176 7
52 24 15 80 157 113 37 125 21 2 161 178 76 66 14 140 119 133 4 34
149 145 23 187 131 32 81 90 129 112 99 122 39 189 190 137 92 124 103 200
135 174 51 27 72 79 143 177 98 167 46 123 1 184 105 172 60 163 97 152
26 166 158 115 73 12 95 199 64 128 25 41 78 49 43 61 13 180 155 93
111 9 22 30 188 185 71 40 50 146 58 108 126 117 136 183 165 56 57 86
