200 10
155 163 135 22 26 75 193 119 54 36 171 111 13 161 121 112 151 130 34 72
141 179 137 17 39 3 57 78 148 18 113 142 5 47 188 68 77 27 159 162
90 131 33 28 62 63 60 125 104 140 96 101 153 91 185 157 127 74 56 184
86 41 150 95 146 29 1 12 180 49 139 35 82 83 76 169 195 55 136 181
173 52 122 51 194 138 166 144 8 32 190 186 178 105 37 115 133 9 15 128
23 134 123 87 126 177 132 24 89 43 4 165 73 100 158 110 65 124 117 40
66 48 107 85 129 182 70 143 156 20 42 59 170 93 160 102 53 183 108 154
187 174 197 167 38 114 2 44 164 81 67 145 152 21 147 10 116 149 61 71
46 103 11 92 98 64 120 6 25 99 16 19 7 31 84 189 199 191 14 50
196 118 172 106 200 69 192 175 80 176 109 168 97 94 79 88 58 30 198 45
