200 10
72 79 102 165 148 54 30 133 68 65 25 37 61 189 88 8 179 134 164 34
191 16 94 50 138 156 24 97 63 19 35 45 2 91 46 181 192 59 132 129
52 101 28 36 124 43 130 51 100 131 196 150 105 175 27 174 173 23 62 180
41 185 53 146 38 107 149 190 120 60 155 58 5 121 141 115 161 64 33 169
108 85 17 42 95 21 75 15 153 90 197 182 140 7 13 74 116 31 187 167
186 135 151 171 170 143 22 71 9 145 87 199 44 49 126 154 98 176 160 56
47 127 70 128 4 106 137 80 200 119 76 67 162 66 118 110 159 195 193 166
82 69 125 136 152 122 40 18 77 172 112 57 10 183 113 1 48 12 73 96
103 178 123 32 29 83 158 188 20 99 144 14 114 89 39 3 11 147 142 157
163 92 6 26 104 184 194 81 55 168 93 109 86 139 198 177 78 111 117 84
