200 10
156 145 158 44 194 26 47 86 25 5 61 187 83 120 180 76 164 128 117 31
36 12 49 96 88 123 153 152 81 37 95 175 115 90 46 103 18 23 148 43
131 105 181 113 59 173 53 111 2 29 108 58 169 13 21 190 138 72 97 75
183 135 129 197 39 185 16 7 167 41 78 200 179 104 68 110 27 178 40 147
134 10 155 66 54 79 149 84 62 139 109 69 8 35 45 92 193 99 52 119
82 196 102 112 142 17 51 93 163 141 71 137 127 166 6 65 3 122 4 171
57 177 101 165 172 80 160 98 124 118 184 189 56 70 34 162 38 19 64 28
176 60 1 140 106 170 33 116 50 121 186 9 130 199 182 85 77 191 67 159
157 42 32 136 73 150 114 143 14 30 133 154 91 15 188 48 174 146 22 195
198 144 89 87 100 192 151 161 168 126 132 11 55 125 107 20 24 74 94 63
