200 10
83 176 82 133 50 33 71 52 84 91 5 131 77 16 159 189 43 164 73 196
61 199 197 125 130 172 76 183 57 185 90 53 74 69 7 89 121 67 122 120
27 142 124 191 163 94 47 65 12 137 136 174 141 59 118 58 72 56 17 153
149 178 187 3 18 103 155 151 28 2 79 106 193 26 14 104 186 192 23 115
143 182 86 101 99 81 80 169 64 21 97 166 62 175 11 114 181 88 32 105
93 109 87 146 10 123 20 154 195 55 157 60 127 111 46 68 110 160 19 35
161 119 139 162 147 117 107 22 177 135 34 173 165 100 42 37 134 152 194 102
129 180 51 128 4 30 140 171 44 13 39 200 29 9 190 36 31 167 25 184
8 95 113 132 66 70 170 145 168 54 150 15 49 38 48 85 108 1 6 116
156 144 75 126 188 24 41 179 92 198 96 98 138 78 40 158 63 45 148 112
