29 4
31400404042434000432000004311
00200400011410000030204040130
01034002300104410440000042022
40000200030004302100030002300
40004000303233143400200004020
01002030300103220301001000100
14202140142004420010000020000
30000010000442240130400304000
00000120000404341000103240004
31003200102400001112101000004
23200043332040003434103231201
01311020312003313400131001243
00234000033113011003220202140
00010000410020000000340304104
00201444030041001004100010400
00301001000003021303034042200
00013030101000024020332220030
44000021020003020040104133404
20200100442002000031431212100
01200030000000000312100003400
10430100000300040202004323010
02424300200000220000203340300
20030434200200030000001312000
00104000400100003003203034100
22430143434022214001202000130
04000024110014030030010040003
10202220030000020232240103143
03001240000023220100200003041
00100100001230420000440010000
