46 5
0030510000000001000035000000004010000000000000
2105000000400050350050202000001000011000000000
0000000030100000304540003025000000000000000000
0313003450350000201000000000000005500000000200
0102030000400000040000300300000010500100505024
1500000002005400005020000103000000000000000050
0000040000010001030000000005000000030000000000
0204000000004001100000023000000000000010000000
1000001044000020000020000015054500154000300203
5003100000200011005005200000002000045000540002
0000020034000402454005000000000043000000000500
0020000102253030100030000000201000040420050400
1400005020020000003040200000020000000000000000
2000000055000400000000030310301202000003013000
0000000000400000300051000000500101000000400000
0000010020000400000000000000000300000003040000
0020000220000000003000000000000033002003400010
0031100000000000000000005000402000050500500003
0100000300000004000200350200020002000005020000
0000300020000045010200000310000000000021034030
5000004004502500301000100000002300000000001500
3400000302240505000500010000000440500503000000
3000000000000000100013000000000000001000510240
0000000050000000012042000000010030000000100000
0040000450400300040000000000000000020000005000
0000040000000004003000004000003000005002000002
0000200023000104000113003000003200103500000000
3304000021010000000003032305501000000020040000
2400100000000140001040003000000000000002030004
0304000000100001040301000545000005005403000550
0000000000000504000400105405004134500000003000
0000204240000004000000050000000003100000050000
0000000000100040000000003005000500000000500000
0220001005400000002400230000040500000000000001
1003000001000000000020002040000034004004002010
0000023000000000050000000001010100050404104000
5050000010030020000000000000000410020440000200
0000000005000000055000000200000000000000053100
0040003100001004040500000000000000000000500000
0000040000000000100002300000052000000002010000
0001043000005000022004000000320000020000004400
5022000000400305000051505400000400000300003000
0000200000200000000000100002000000030030010101
0203000500030000001002000000210100000000002010
0003200000000000005000200401003500040000000000
0000300000000030030003000240030020000000000020
