44 5
14040005001000004344020401000000300000000000
00021003004400000000000000000000300000500001
00050000000000000110400000000000210000450000
00000000004000000000242030000000030510300000
00030000402050040005030300140050051032005202
00005002000050000002000000400003010000030050
00555000010300230400000000000203000030000050
00054000000000002000130000005000000003000000
00000340000001012000303200000514000100000000
00000000000250002400003000000000102002001000
00000000400300000000420040000000005000300101
00000003000000040000000300030105001100020005
10300024000043010000000100310021150000400000
00400000200000005330000000000055200000100000
00050000002050102000000240005000200410000004
44400002000000000102010303000000044100000003
50020000000003011020002030235010000010000020
00020004200050000000010050000000005101000000
00003000003000003010000140040050300003050000
00530002100010005100000055035010054100000000
00000000030004004500000450004000130000050300
00010100400010200000002022000000500010000501
00001001000000201005000300000000004200200205
30050000500501004000500020000050000050204004
00000300000000000000000004000002000000200000
00004001020022000000550020400030000004002000
03340000000200040350510000005000000003000400
00500000100040004005000000500000100001000010
20000000002200133000400200001000032000540400
40300040020000300450503000000000003035400403
00000500003500000000000050300304005000010000
05040020000020300005004034200000000000012000
00000001503300000050000000330001004200030002
40000300500502010100000034000500003000000530
00000150401040204000300040000002000300000010
11304000502000000000000202000005000300050000
05000000200001004400000000000500401040002000
00000000000000304000200001500000000540044000
33000102005300000110000130000100000410003401
22003030000005000005000002000530200000040000
43400000024005050020000000030010002000200000
00200040150004000013010020003020020000040050
30001000110000400000200000000000050000510000
22310022040000000100020200400302000000050400
