35 2
00000000001001020000000001000000001
01020000102000200200000000010202002
10000000000201020000000200000001000
20000020200000010020000100000000000
00000220000020000000000000001000000
00100000000200000001000020000000000
00000000000000000100000000001000000
00000020010000000000000000000000020
00000000000002100000200000012000002
00000000000210020001200001022000000
00000220002100020000001000000200000
00010000000000000010100010021100020
00020220000000000000000000000100002
00002000000020000001000000000002012
00000000100001001000000000020000000
00000200000200000000000000000010001
00100000000002020010102000200002001
00000000000100010000002000000000200
01100000002200000000010000000000000
00001000000100010000100001000000201
00000000002000100000000020000001100
00000000100001110000000000000000010
00020000100000022000010010000100100
20000000000102000000020010000000001
00000000000000000002202002002002002
00000000002001000200200000012002000
10000001000001100000000001000020000
00200200000002011000000100000020100
00002000010000000000001000102000200
00002010000010000001002002000000000
00200010000000000000000010000000000
21000000100000000100000000001000000
00002000000000020200001000001000001
00000000000010021200000000000002000
00000000000000200000000100000010002
