26 3
03010130030001101220001030
32310303122110001200020003
31320120003312032001010101
01020012032002210000100113
00310102003000003300001010
02010030000312000022000000
03000102033210010201000100
30213100020330303200000231
31101123002322200010000100
30020000022020100313011002
30000030231023003030300122
20000021203100000030120200
00220030003000330200003303
30200000020131003200010010
00221100003023020230323003
30100001010000000000010000
01020320001200323233020303
21000000100012100000200012
00000300302003000003030200
30010002300201213003003302
20020001300100320010201320
31000110000011002001102030
02130113011001000100002000
20100302013310030202000202
20020103002200000210030000
00030131000103103223020022
