26 5
44140120212414300034005132
01344002015545532124003054
01424223015234501005103332
42223535502301500101050222
43010502103314015044231004
50421241403520153501550142
05320200014202323213052302
04410030115242103043501051
50305114010140401222113044
21325054353542301430053203
22550324545521400533214535
32400301004400225204000524
12230300505234333011020223
34312043055300250441224050
42440000305154004002320200
04502304022442133411055451
05223031051431002514135013
21555043101154003523551341
00403542052553440004055044
41132515050130051244301451
35020004020424002143401014
21305331003433404112121515
30434354305302250153501001
32052341125254110240200003
35352152104400215520134433
25003553404551130112303010
