38 2
00200000000000000202000000000100000000
00000020000200022001000001000000000000
00000200000000000000000020100010000000
00000110000000000000010001000000000000
00000000000000000100000100200000000000
00000000002000000100002000001000000000
21000000000002002200000000000020000000
00200000000010000002000000100000000000
00001000000000001000000000000001000000
00100100000000020000100000000000000000
00000010000001110000000100100200000100
00000202000020000210100000200000000000
02100000001000020200001010000000000002
00000010020000100100000000001210001200
00000000002000000000000000001000000200
00000100001020020200000000001000010000
10000000000000000000002000000000000010
00000000000000000000000100200202000000
01000000000010001000000000000000000000
20000000000100002000000000000002000012
00020000000200000200000000000000002000
00000000000000000002000000000000002000
00120000000000000002000000010100000000
02000000000020000000000200002000000200
01200100002010001000000000000000000010
00000021000000002020000000100101000100
00212002000100000000000010000000001000
00000000020001000001000000110000200020
00000000000001000000000000010000000001
00000000010001020000000000002020000002
21000101021000000000000000010001001000
00000000000000200002002001000000000100
00100000000000000000000200000000000020
00200000000002000010020000020000001100
00000100000200000000022200000000000000
02200000010000000000102010000100000002
20200000200000000000020000000000102000
00001000000000000000002000002000000000
