36 2
101000010002000000020000000000010001
001012000000000000000000000000022000
000000010000000010002022020010010000
100000000010000000000000000220000000
001002000000000000000000000000001000
000001000000110000000000000000200000
021000020000000000000000000020100100
000000001100000000002000000020002001
101100002001000000000002000000000000
001000200000000000001200100000000000
200000200000100022000000000000000011
001000100000100000000000000000000000
000000020000001020002011020000010000
000000000010000000200000000000000000
001000000000000000000000200000000000
000000000002000000020110000000002000
000200220000000000002000000000000000
020000000000000020010201000021000000
000000000000002000012002020000200000
020111000020002111011100000000000000
000000001200202001000200000000001000
100000000000000002002000200200000000
000000000000000000000002000000000000
002000000102100100000000200001000000
000002000201100110100000010001000000
002200200021000000000000100000000000
010000000000000200000200011000000000
100200200000002002000000000200010010
010000000000000000000020020000000000
000001020000000022000001200102001000
001000200000000000200000000000020200
100001000000000000020000002200000001
000001000001000000000100200000000020
000000000000100001000000020000000000
000000000001000002200002000200002000
000100000000020100000001000001000000
