42 4
320200000000000404002000000010000000000300
020000040000000000300000003040020040100300
000020000000000000040010000000000030000023
400000000030000000010300020400000000400020
000343000000000001000430020000000003020000
000001310040000000001030001304004000033010
012000000200140102000241301044000024020000
000020020000000000000000000302000000000000
200000000000010330403200040000200003000000
001000002102040030033000000100000000000002
400020000404000000000000400320004004003300
300020000000000000000300000004022020204000
020000000000004300000014102000200400000000
000000004000430000300034040000002000000000
000000200022100230040010002400003000300201
403401000004000000002000004002304002000010
000001023012000004000000002000413013000040
100020010001000141000000300204020030000000
020000000400000402300010400400000403000320
000000300001003004001000000000000000044000
043000400020300010020010300040032002000301
000000003300104000300013400400000000000002
300000004000400201030403000201000002303001
000003010210000000000000000001000000300000
400000010100400002000110142001000400000000
300000400004000000000400404000000000000030
000000000020000031042000001430104200000100
000100000003000000000200000000000000200000
000001000000000030000002000100100000003000
000000000000000000000000040000001023022100
030040002000000000003000023000003000000000
000000000000000000311102000011030003000040
402000100003000000000000030400000002020000
000010030002000000000020000100200010004000
003004002110000000000000030100000100140000
010000000000100030000002001000000401000000
000000000000040020432000420040100003000000
000040140404300100000000020000000000040000
000400100000033000000040000101000003000000
000200000010102032002000003002004000201010
020102000000000000200000000001000040000000
000000000000100101000013000130000300203000
