48 5
030003000000500300000300000000500010000000000003
003000000003200050005004000000053000040000000000
000000200025000050000000000000100043150000000100
400400000500004050002010000004040003000003014440
002400000000000300100000000000300000005010000000
100000002500004000000100230010100440000000300055
003000420020032000000030030000000000000002020000
000005002000200000000000000400000502000000000400
425000121030002000000050000003000050000020200040
000014000000000000000030000100000001000200000000
000000500000540200000000005040004040000300004240
504050200020000000000330040200010100100000551000
000040400000003300000000003000001000000000000100
000300000003010200000000540045050000055000005500
000000004000010000030102041500000000000000000000
040000000000300001000010300010022000000000040000
000500000500000400030204000000000500000201501000
000000000101000025020000231300000000000004040000
000135030040000000000003000301020002050001110000
010000400333000020000150200450000005400021312300
000000041000300000040020000000000000000002000001
000004500030000000000005000021000000403000000100
003025000000000000020100000000000000000003000000
000000000000000000002000230000220015012040004000
010000500000101000040000000000000040040010020000
000002000000004000100000050000040000030000030004
500000000255000000000000050010004040000205003040
300000000000000002000001000410000000000002000400
050000000010000100000000000300300000400000000300
000200003300400000000000050050000000000000000040
003050221200310000002300000050100000000100400300
001200000200000243005000000014000000200002000005
000004000000005000505420130000000010400000050000
000000000000004502300035040000000050400000000015
530420004000040400000000000302300500001000000000
000000400000005000000000000000000050000000000000
203002004005000000000150000100000000200303502000
000005000000000003030020300000000100010000150000
001002010050000003000000000000000000000500500000
030040404000102302000004050000000000400033000001
002000000000000501000004000000000002300003000000
000500000020000000044002010001300000500030000020
000000010000001000200200000000000530000050305044
000023501000000000000000000003004400000350010105
100040040000003023000000000000000002001010400400
400000120050000000020000000020002000153000032210
001001040005000500000000040000250030500000030101
000041003000003020020003000000500010000000202005
