41 5
00000000000010005000000000004000200042000
00150000000405431000220050050000020000101
40530100000502301100100250103000000030430
42020000000053004000050100050004050040000
02010000000003010410001031300500000405000
30500000021000000010510000010400020000230
00300000100500002000000000000010055230000
05000000300004050000000005003010004000400
31100040000003235000000000002300000230004
00000002050300000000000033000000000005200
55000002000200000400200045021500053001000
00100000010403500002100105000000003000004
00020000202000003131005040300000201050101
00001000000000242010000202050000000050000
00000030100400001500310120000040000000000
51002030330000030035050000050050050200305
00132004000000010000040000000000120300000
00030501000000001000003000003200000402030
00000505001500305000004100000000400040002
00053000003020000400003300450050050240100
00000502050000010000000100050100240000030
44400503003000400030005020020004204004004
00030540050000020400001300000200020005300
04001003020200305100001401020000440000000
03003003000001003000003100042400000000024
45400000040400012300000035005050031000401
00000034542000011002000200020000050000000
23250020200003000025000330423005200500413
00000001005050000000000300303001000000000
20001000000004500240200000311505404204100
00055400200200101010000004000400000004000
00040002000310150400500000320000000332004
00040000030001030000040100000000000050020
00000000000000000000005003340000004000303
00000400530020020000400400000000400000240
44500000000020000402500000010300100000050
00400020001000000100005030000000011014001
00024130400000002040000000410020240000000
00000350000201500000040501314000000002020
00030044000000104150220012235000000300000
02030002530201020503001300041015505042505
