38 2
02021010000000000000000000000000012000
21000000000000010010001001010000100000
00022000021010000001200000000000000000
00000000100000000000000000021000000000
00020000000001000000010000000100000001
00001000000000100000000100000000000100
00000000002000002000001002000200000000
02200000000000010002000000000000000000
00200000000000000000220000000000000100
00000000000000000000000020000021000000
00000000100002001000000000000010200000
01000220000000000000000000000000000000
11020000000001100001000000000000020100
02000010000001000000010000000200000000
10000000000000000000000000020020000000
00000000000000000000000000021000000010
00100000120000000000000000000020000220
20000000000002000200000020000000000100
10210000000000000000200002000200000000
01000101000000100000000000000000000200
00000002100210000000000000010000020010
00000000000101020000002000000000002000
20200010000000000000002000000000020000
20200000000000001000200021010000001200
00000000100000000020020000000012100000
00001000000002010000002002200000002002
00000000000000100020000000010000000000
00010000000000000000000010100000201000
00000000020010101010000022000000000000
01000000000000000000000000000100010200
20020000000000110210000002000001000000
00000000000200000000000000000010000000
22000000000000000020200102100000002010
00000000200000000000000000000001020000
00020000000000002100200000000000000000
00012000100000010000000000010010002010
00020200000000000000000000000000020001
00000201000200001000000000020000000000
