40 3
2000000000000000030010000000000000000010
3030000300000000000002002000003000000002
2303000002003000000000100020000000031000
0000000001003100030000200001010000000000
0000120002000000000000000000000020300000
3000000300010100300000000232002000000000
0000200001000003101113203033000000000030
0000000000000030030000000000003000000203
0013032310001020002002000302002002000000
2020000020010002000111000000000000013000
1100230000000002002001000000000000000000
0002000002010000002000000101000330000000
0020203303030030000001002000000000001000
2000110000001012000001000000020303200001
0120000001000000000000300000300000030000
0000000000000000030030120202000000000000
3000000000000010000000000003100000200000
0200000002000000000000000000000000000000
0010000000020000000000000100030000010010
0001300010002000000000032002000000000000
0000000100100301000000000030010000200002
0000033000000000000200020100021000000000
0000000000000000000000210100000000000000
0020000000102000001200000000020002000000
3000010000030000300000000000002000002100
0120001000000000100031100013000000000000
0030000003302000020003000000300000100300
0000000000000100300000003000002000020030
0000002131000000000000000000000000013000
3000000000001000000000020000000002000010
0001001003030000000000000020000000000013
0000001210000000020103300000100000000000
0000100001000000000000030000000030003000
0000032000030000230120000100000000000000
0030000020130000000200011220000000200220
0000000000000010003130000001013020000000
2000002200000000000001000000000020000000
0300100003020000000020003003000013003000
0023000000030030000000000000000000000010
1000000000222300000001002320000210310000
