24 4
300222302121004411420111
012424324323220124011330
204421244000312100021100
342324144403300102012203
324013200121442442043030
211443030040304343142023
403022023401142001023200
434032310312301010434033
002024103040114243211320
021004232302323130043204
123400240411211330401420
241210331043310200214100
040434300333100001124331
022200103302132231100010
302030341000200023203104
010000114100400040214114
010110200441430401404234
430244311004143110424240
043204442343044012204423
044242243401102200111332
132000100413040043013030
022330034233203124003014
231003300011202330220001
143320402010411023104330
