33 5
002020000001554300202005000501000
030401004002250000020005203403202
002400444005500400120050415030020
124144040224043003032004050020001
251040003000051055420310052022005
100200140000300001000400000000501
005001000001423541100000030003000
502040000300001030045004003055001
443050401002040200031400000500541
010010100420020504003004445300000
023400050040210110103000000055030
100500202404000025010215001001005
030030000000000050302001301301040
200400503500404412014400333000100
300004051040020210002040400440005
305510220500034031045200014102000
302040003200000023550502003020002
012430000050205430440001430003003
002510002002000010010101502034002
002305510000000000301000055300000
020054021000004413000000103103000
310040004550300504500504313255400
004303250000530155301430050000103
530001242000100253022001510500503
014004043200205101011030441343004
022052000100525400055243300145000
000033304230033500021014320340330
000003052040303010002050000010034
210050000535205000003000012050000
042050133001022100300000210040200
340500000550050010211510231032120
320040410050414030001205002000020
500002030030410000531300020412045
