24 4
140001320042343230320012
200202133312404414220310
113403400300312410400001
411443342103432024442301
312000320431223000003332
142421233242221300301024
100132021441342401130403
200213300430143102442333
442234011141102441431022
400202323001341144400402
210230320012110220332314
231022342140430400014013
001130231200134433040034
220211402010000240130320
300330001011311224310130
101200014042114400143002
302424004403003144400104
422040043033410044001100
041110330211213013001102
000104203240340132413400
240230140003243040202332
422210340402211040031002
332103442302034002020310
103241042010104413204323
