28 2
1100002022100001200000001101
0000000020000000000021000000
0120000022201002000221110000
0002000020002000010000001200
0210000000020000000202000011
0020020000000002021011100000
1100200000102000100020000002
2200000000000000002020010000
0200100000010000020000002110
2010000010001000000000000100
0000000010200000000002001000
1100000000020221020000000100
0102020110020022000011020101
1000000001002000010000002100
2000000020000000000000100000
0000000000200000110000020100
1000200002000022000200021000
2000102000000120000000000220
0010000001000010012012000000
1000000200000100000011020000
0001002020000000000001000200
0020002100002020000000000001
0000121001000002020200100000
0000000021001001002101000002
0210120002000000000100001000
0010200022010000000020000200
0001022000001100002010020020
0210210010110000100000102010
