38 4
00010002011000014000000000000000040100
03000000004040000002000030200000041000
00000000000000332041340003030000010001
13040000000323011000100000140000100000
00040100030000304204400000000400020200
00000000001000000000000000002000014300
00330000000000030000030201000000000000
04300001000000001000100044202340004030
00000143000300110130033040030020000233
00002201000200000100014000000330440300
02212200004001032101000000000100000004
20102000000040000404000044010021400020
00000000000220420044020000400000430000
00002111000002003031001303000000000000
40040000042332000033200100034000000140
00301240020130000010001101000402000100
00430000040000000402002400003300040000
42000404300010000000000030000022014100
00000001000000000100200000000000003000
00000030400030000004400200000030000000
00010031300304101040003040100000000000
10000003000000000142300003200000040000
00003004212001020000000003100010000100
04303000200000000004000030100000004100
04002000000402030042030000024040100400
00200040002000000000204010200040000000
00002033000003000000301200000020200000
01020120000420000000132000300400002010
00000010000000440003000420100000000002
00103002000000001420000000000000000000
04004040030033000201030000000000003011
00403200000000013000030030000010000000
00240000004000000200000000000020421040
00020100340400300000004030200000000340
00000233001030020001030020100100300400
00022030000000000200031020003003000120
21000000000000220000442001441000020114
00020002010200200000200020303000043020
