24 2
000001000000110000221100
220202011010000210202000
000101020001010000000000
002200210102111010001220
020101002001010102020020
000002000210020002000011
002000002002000212021000
001101021222020010000100
000101100000002200000002
000000000002000001020020
100100002220202100000001
201020021000020000010200
122000200200020101000102
102100000020002022020021
000110100010000001010100
000021000010002000221020
001011002221100002010120
001121011010001201002000
210220010220101020000121
020200020200000000001000
020010200000000000102000
010010021000200020002200
001000000020120001000001
010010000110000000210000
