38 3
32002001301000000020000000130002030010
01000200000000000000000100000100300000
00000000000001300000110000000000100000
10000000020001200002000100000200200300
21001000010200003010020000000000000000
00000300000000000000300000300030002000
00300000101000000000022000100202000200
10002002300000020200020000001000100002
30330103000001001000000000010000000000
00000000022000000220230000003000000302
00311000000001030023000000230221000001
00002330000002010000300030000000010020
02300000001020000210312030010000000000
00010003020000300000030000100110030002
00020200230012003010001000000000300030
00000020002000030000000120000330002200
00002000000300001000000002000020000000
00000000000000000000000010000000000000
03022030310200030001300000003000030000
00000000000320000000010000000230000000
00001000001303030010200000030000002001
00030010310300001000000010000000000020
02000000300000200000000000000020000000
20000000100000102010000000000000000000
03000000000100001000130000000000022200
00201033000100000000200000000230003000
00032000300003000000000000003000001000
00000003020002000200000010000200000000
20003000000000000000000303000000000012
00000000000000323000000000001030010000
13000003100230000000003000010003300100
00110000200000000002000010000000000003
00000000012001000200000000101100000000
00100000000300000300022000000000200000
00000003000001000300000000000000000000
00010000021303300002001101000002000300
02000102000010100020100000000000030301
20000000100033000000003001002130030020
