26 3
02303330000321033320000102
01000102230310030000000000
10000100300000100010000000
03002000030021200102203001
00300001000030200203003220
12320001200313201003000020
20131332000300010003031002
12113100300020000023000130
30102120200022102002220110
12220022002020033001200100
32000100000000303322022200
00330000232010110003010011
02301001003000002020031101
30000310000003020030303233
20210012101003032300031000
00200002002000330311200200
12000003000012000201002002
01211111012001000001203003
01030303020100203003000220
10110313301020010020100300
00300002003103220102000201
30120030200301132300000000
02112020100001000300010201
03003301000021202100121300
03202200303133203033001030
30011003003301000002011100
