43 4
0000000100400000000110003002000030010300003
0040430000000001000000002001040010000400200
0000001040003000000300320000000000000000000
4000000000300200004400003000000014400300000
4000000003300000000000000000100004200000000
0000041000000001010000400000000000000032000
0040000100001020000004000302120100000000000
0000000040020000022340000001000031030200030
0100000000420030001000002300000000010000003
0010103000200000003002100000010300100042000
0010002010001000000200000300003000000000230
0200042000030000010023000000000030000200000
0000000000000000001240400000000020000200000
0100000040000000000000000000000402002003101
0000404000044000000000000320000300000000000
0000003000000000000002004000300000222000044
0000000000100300040400420020002200023202000
0000002000000040100000000000400000003002000
4001000010044000000200200200000020000000013
0000230300200001000000001000000021000403000
0000400000330000000000000013000030100200400
0003100404040000040020010000001000000000000
0003000000000000000000302034004000000400201
0120200000030000010000040000000010021003000
0003202010003000003000000003000200300020000
0004003000000000020000030000300004000000002
0000310320000000000300102340000000400000000
0300200000000001000000110000000000300000200
0000000000100000000000004040000000000040000
0001000200000000200100000012040000000040100
0400003040000400110001001000200010020000000
0000003002000003000003000200000000000000400
0000000104041030000010030000000000410000400
3000100001001200002043000402000000000020200
0011000120003103400040301000000020000030400
3100104004000040400020023400000003000020000
0001000100004020000000000000000000000010001
3000000000400404000030000200000000003103000
0040003002000000000000000040130400100000004
0000002000400020220040404044010000400000300
0030000030303024000300030021030403000000000
1000040000000200020110001200000000000001003
0300000002000300100040404000011020000000000
