47 5
00050020000100350210000003014000003000000400435
00000000004310002000500020300002004000000001000
00000400000000200000000000020040200044000000000
00300000300000004200030500000000030000000000430
23020030000500400020000005100000002000030000500
00000310000400003000030030310000500003000000005
20001000000000500000000000000000000205000000310
00000100005020000200040100003000000005000002500
03000000000001000200450000020000000002000400020
40030500000001400000000000004004004000010402005
00030301004000000200000300020000001040054000000
00000000002000001000000541000001002000300100020
00000001000000100000000000000000000000005303101
00000100002010000000004000000300003004025000000
00443200400000020100400000021010103050000000100
30000510000030210000000000300100000000400000000
00000010000054000000200003005022001052000320020
01045000030250000004000000020000000002100000435
00000400250500000201200110005500050000010005000
00000000000000050050015005000005000000100003010
00000000004000204020001450000000000000000000000
52020035002202000500004000100000020103000020300
30405030040400040000401000000004002000035030003
20000011000000013202050004000000000020000000100
40000100200000001000050233300000004500100120000
00000000000005320000000000500000000050000000003
00002000030035004020240020000000005005000003000
02400000000000300010000000200010000020005010033
00200000000000300000000000001000002000400000500
00000020005000144100000301000005011400450003000
03000535000000040000014000004000404000400000030
00000022000300000000104001000004000000000000030
30005010320000040000000000000000000000005050020
00003010000000001050050000005400405000000003000
00001005201014500000000050010213050000005000000
30210010000214050002000020000000000000000001000
22000000000330040000003000030005000000400000004
00000200000003400000050000200014030000000011000
00002000000005000000004000001000410000000004000
00003040000000500003350000034020023040003000003
00400003000000000000000000000001000005003000030
00000105003000000005000100042400005020000005000
00000200003000004000000045000020000005010000005
05000010400000250003510000004050004000440304000
00000000000500000050000000500000000010045000000
10000000000100000000000000103004050000045300240
00000200400005020000000100003140200000001000003
