27 2
000201020000212000201002000
102200002000200000100200020
012002100020000200000002000
000002011001100000000000000
000002012002210000210020000
210100000010010000010000000
001200200001000001000000000
002200012201001012000000200
210000011000021001000000100
012220000000000000000001002
010100010000010102000200000
100002020000000001000011001
212102020100010001000100001
002000000000000000000022000
101002000220000000001202010
100200000012001122000202021
022220001000020001000100000
000000212000022000000000000
000002002020010000000020000
020000000202000100100000100
000100000000110000002010000
120000012102120000000020120
100000020001200200200011000
000102110010000020000000000
022000020100010110000000000
000002022000100120010000100
000010001111020020010001000
