28 3
1000020000000130030000102010
0001002033011012000200200001
3000300020200300000000010103
0030000000203302200002000030
0030320000000001200230322020
1022000003100003003021002300
0010200033030000201003030010
2100000230000000003120100200
2000000000002000202023000210
2020010000320102010000010103
2203030302030020002102010300
0030300012203010330203110120
0000201200000032001000103300
0300000010120200000001220022
0331030201002130200033110000
0203010000013202300001230031
3100010020003000000010010000
0000000100020010202100320131
0203000200003000000000022002
0000202102130020000033100300
1010303030233001300300000010
1123000000002000000001000330
0010330013300000300000003003
0000210220101030120020002003
1201001000110030100330102000
0030023000030101002020000000
0121202001123000001002013300
1011011121130012130033133002
