36 3
000033000000200300000000030002000000
000100003200000302020201100200201030
200000300000000000002002000000000030
020000000000130010000110200011001113
000002000200023000000000002000000301
000000203000030100000000000002020300
000000000000000020000000013230000010
030200201000000203200200000000100330
300001000001300000000200000000000202
001000000000000000000000030200200001
000031000030200000320203000000000002
002001001103000000000000000002033010
200000000200030300000000110202312022
000003003000100010330100000000230000
032030000210000000201000000000300000
000000010001000011010000000010000210
021001000003003020000110320010000100
000000000020030013000002000000000000
020030300100200000101000001000000000
000003003000000000020000033200210030
030022020000031000000333003033000110
101000030002000000100000000000021000
020003110020000200200200000230000030
000020010020010000010100000000100000
000000000000100002000000000000030002
000000003002000000000000000003000300
000002000000021001001000003001300010
001110003303300000210000021001000000
010003000000010120030033000000000013
000300000000200000020100000000230000
023000100000030302002000000023000002
000032001100000000200000030102000000
000000000000021003300000010000000011
000000000000000201001300200000002300
000030000200300000020123010000003001
000332000000000000000001000000000000
