26 4
23142021400332312324034040
41032300124130310100300401
01030020010001100102412430
10130033404421004443010040
24404012133440013003400001
00341003100240042130014302
13310040004422233102034202
31101004123000301103002444
22200034003104030200021134
20123003044002311322201400
10402303401400031042100000
22002023421103004430330200
30000141101032000212002204
01444113440000230030230213
30040021000402000023310033
02420020000302331311104402
01201104103110000003420330
40200140040230002234030300
00000441014024320302021110
21400011214013320240100402
00000411104003401000143010
42301020200040324404200032
02322430343024202222430232
40000003120430141300010101
00204010400323423003100024
24140004400042233313400010
