25 2
0110000200022001001001101
0020010022020000020000210
0000200012020011020002100
0200100000000001010020102
0000002020000000000020000
1102200101021001012000000
0002000022000000000002000
0100000200000000001000000
0120000000210121000010020
1020002021000102200000010
0101120200100100010200212
0000122200020000000102100
1002020000020202012000200
0020000000000000220102100
2000110100100200102210000
0100200001200210000212002
0000010000011002202100021
2200000200000100002000100
0100100202000000200102001
0022001010011020201000001
0121001201010020000210020
0100000210100010100000101
0000010000010000001220210
0000202000000010100001202
1200120000000000000000011
