36 4
030000430410141100232020000301020120
000000230002030020002200000100401031
120400443000023031000002000020002400
102000001010030202104020103001004440
300044004100000000040030003000100130
100000300000001000000400030400001010
104000420000000004100400000000000300
000000020000430000000304000003003012
004034040100040341000010230001000001
104300000020230000014000024020000022
201000022302000000002000040130230200
400000130000030000001100000000000000
340000000022000010002002040230001100
000002010000000041024220003011040002
000030303130000010000000000010000200
403043000010004300200330030000000100
100000420200002000020000012003104000
000003020300000002034420000200000004
100000200303000002000000020300020002
004044300000000201031000010000030004
000030300004000400100040300004300000
301000000003000424000000000130323300
000100340304000000101404300000000100
040343024100200002000000040000000010
001310044300024000012000000440102001
000002100000100100110002004000004000
200000003300140200000000000000400140
003410032010000000004000004000400302
203002400001300000044023000112000003
000023003000240010044003342000020401
000000100000000000030002202000020000
040031200000000000003000303100000441
000100000300020002041000000100020143
003400004000110030020000042000100203
011200000030004200000000000001000000
002004034000000404000000033000000020
