42 3
010101000000010020000000000130000000000300
230000000030032000000301100001020000010000
000000000000200000000100000100000002020101
000000000000300000000010010000200000200003
000000031000000000001000001000003000000000
000000002000100020000320001000000200000000
302000000000301000330000000030000200100000
000000030030000100100000002003000010000000
030000200201203003000030030000000012000000
000000000000000000030000000320002100003303
201002000000000000000000000000000000000000
000200000002001010001100000000000000000000
000001000000300000000200120000000000110200
020220000000000001000330000000000230020000
001001000000000100200000000000000000000100
330000000000000200000000100003000012010000
000300000001100030300000030300000000000000
000000000003000002000300020020030003000000
000100000002020023000010200020010000200020
002300000100000000001030020000001000001330
000010100000000003020030000000213003200300
000000000010000000030000000000000000000310
000000000000100000000000030000000000000000
000000032030300000030000320000000000000000
000000010000203000300002000000100003001000
000000020200010000002000002000000030000000
000000010320000000000000000000010320010000
000000000020001000000000000202100030000010
301000000000300010010000030330000100002100
000000000010030000000003000000010000000000
200000002001000000000000000000000302000002
200010002000000000000000020000000000001030
000302020000000000000002000023100000000000
000000011300030001000000000000000200001000
000000000000200000020000003100000000020000
000020000000000000000000002001010000000000
000000100101000010100002002000100030030000
000000002000000001000000000000003303001000
003100222002000000000000200000000020003000
000300000200030300000300020300200000000020
000002000000000000102100000000000300000000
020000003002000000000003000000030000010000
