37 5
1400020035020100000200003003100400000
3000000420044520000000203000050200050
0000444030000012050053000003000401100
0132042500000030030400013323020105000
0400020040300400000015050030013000100
0254000000340140530030020112410510000
5100044100001020005100044101003020500
3200520000000010003000000000004000000
0030530010055001010002000000400355402
5300000520225002520000020001300003000
0000001000150500003400141400440003001
5000300003205000030010001000025002000
2000200000003500400404024001050000014
0000020530512000400000044204250001500
0503002030450400031204032343200150300
1400530003000005000000024400410000000
0043030043020205210410202215000300000
0304002000005430250200325000000000300
0020000000003100200000051030010000210
0000343105504050000154003000000100002
0300500000540024040010304001131530001
2003000120000542000200000133000004002
0000500000414040400040000000200404204
0505040005000100100102420020000050000
2003000000002050040104001405050022000
0051300500050002010001030200410040010
2000000004000410010000000003230000400
5000002150300004400000000000200210000
0440410000403300040215030104000051001
5010050400032000000000000300100150050
0220035513300230003003400104030000001
0030021000030015043310005004500040305
0405500003505004502200011500002330000
0300000000000000002200300010252010003
0050000000050000000420030030000000000
5142350001000200005140005020000250000
0014510000003000520125000102535030040
