32 3
10320002222001200020000120000030
00202000200003003123000003101010
20000020020000231000030200200000
00003000000000000000000000002130
00030000210030220001002001003002
00000000033001101000100300010030
02221033030100000110000002000000
00200003100030303000000010010000
00030000000000000113000100300000
00202000020303002003103302030023
00000100020020000300020000001000
10100000000130000003200000200000
31020000000001001030023000000023
00000000011002000100100100000300
00001203100020003010000001010030
20102000202022010020011100030023
30003013113000000200000002000031
00031013000003100203000000100010
03010020030000000000000000030001
00000010202001000000000320000001
00000301000210003013000001000300
00112200220000000000020312000000
03010200000030302002033010130000
00013220020010000200001003030120
00302000100000103003100003000002
01000110000003030333000300023000
00000000100000000000031000000200
00200000000300000013130002000031
00102003000000010000002000020212
01000000000200000003100200000300
02000101300002021203000320200002
00000002002030300301000102003002
