31 4
0001000001102230034340110010000
1000000314004400000022000033044
0100403004023231010040000000020
4100030000301031003020000030431
0343000010400201030120001001000
3000003400040000000004300200210
0200000204400001000430014300201
0042001310123000300021400040030
0333002000002000130043030020100
0020214000401002042304020300000
0000012330000011010400023000201
0002100024400300044400400020021
0100231100014002411000000001403
2003003303102400003302000003040
3020003400001144400000110000404
0003100314031001310000030030012
0200004424302022100413420000111
0031400043230000030202020132210
0000024000000003000002030010000
4041040000024210031030000114302
0203000110000403242304010434004
0010000004012042000404423044000
2043020220200201001300300000040
0000200200002400004400210004442
0300040103040000003000020202040
2002030340000340001000201003000
0124200140002000101000240410203
0002022220010021300200340000000
0133214000010130001000000001003
0030000300203303041200002103300
3403301440100044200042200201000
