29 3
02300020100020000000213000230
03000010000222012100021212000
03000200102310030000130322000
01000100000110101030010001100
00200330300020003300003000200
02002012000000000000000022000
00000233103022013000100101010
22000200310000000000023002030
00030000031022000113000003021
20001120300003303230000000310
10000100000102010310000000000
00003000023011022020103301000
00010001103100220002000203320
01000011133032001032200000000
03310020033300010002300103000
03301000030201203303030010002
30100032010113003020200033300
00010100031002001102302000000
03201000000000000200002102000
00000003230233100000020001010
00110000020302230200000200000
30100002032010220033100230030
00203220020103003000000103200
00020002301000002002000000000
01023000000020001100030100002
00020300210310020020000100000
01011102000000032003001000031
00003000000001000003020123000
00010301100300300020000100301
