38 2
00000000000000000000000010100020001000
20000000000000000002001000010000200000
00000000000000000000000001000000100100
00000020001000010000000000000100000010
00200000000000000000200000000000020010
00000000000001100000020012120000000000
10000010000000000000000001000000000000
00020000000010000000000000002000000000
00000000021000000000001000000002000000
00200000000121000000000020000000000001
01000001020000000100000100200000002020
01010000020000000001000100000000020200
00002001000010000000000000000000000020
00100000000000001000000000100000000000
00000000000000010000000001120000000000
00100000000000000000100011000000001000
02000000020000002200210001000000000200
00000102220000000002000010220012000000
00000000200000000000001000010000000000
00100000000100000102000000000002002100
00000000120001000000000000000000000022
20001000200001000022000000000000200000
10000000000200000000000000000000001200
00000200000200000221000000000000000200
00100000000000000000000000000000020000
00000000000000101000000001000200000000
02002000110000011000002000000001000000
00000010200000000000202000000100002012
00000000001000000000000000022202000000
00000000100000100000210020100200020200
00000000000000010000000002000000000000
00200000000120000222000102220000000002
00000000000002000200000000010020000000
00000000001000001000002100100000000100
00000000000000000202000000000000000020
00000001000000000100000200000000010000
10000001000001010000000000000000000020
12000210000000000000000000000000000000
