44 5
00000000000000000000000003000040003200005440
00053220000001000030010000004100000100000001
00124000000000000003050052003000500020000340
01434000000040000000402000000400240040501000
00002000000500000300040230000000000000000000
00350400100030200012205000000000100040454500
00201020545510000440000021000500020000000201
01001015000000500431000000002000500010000100
00442000004002100005000200500010100030000400
00000040205101040000030542000200100003200002
00000020000010000355400000000000000000030300
01001000000000000043000000000200040000201005
00002000050400040000002000030050001002500003
00054000000002000000020000000000010000005100
20003042050005500000000000040002005004000050
00020040030000110010000000041050000401034000
00004003000505000035000303030041000000330000
00000000000000000001000000000000000000400200
50000050000000000000300500040000000104000300
01100103510020000000502010034300005000000005
00050300300300005000000503050000050303000000
04050000030010000320030000000245000002020240
00030000000040003012500220010200104002000000
02000000030500300000000100404100100000525150
50401000000000500100000000330000010000000500
20000000000002000350002110030004040003000001
01210020020000001000020000000004400402000000
05030500300000040000043000005400040001500000
00300050030004310000100540500000030020000000
04000000100030420000002010000400130001000000
00000300050000000021005004100000003030000000
30040000000000200002000042305000300000000000
00020001001003000040011000020320400000004300
00020000000000052304000000003004000050020000
00020400303005002000300050500030550000000000
00200200000001004000400300110201204005005000
00000401000000000000002030001020000000020020
44040300010000034000330000500050400500000040
00001000050535000010000000050200042400400010
50000500002000000010005030000000400000105330
40500400010000005303002002000020000000030040
02000100005005000000000502310310100000300000
00000000000004011200004000020000000040000000
00010032035230300001200050000120040020301005
