35 2
00000010022000000000011000002202000
00000210200000000000001000200000020
00000000020000100000000001020010020
02200000000100000000000000000000110
00001000100000000000000100000000000
00002202000000000000000000001000100
00000000101000000020010000000102000
02010000000000000010000000000100000
00100211000000000000000020000000000
10000210000010010020000100010001000
00010000000000001000100000002200000
00000200000020000000000000000110010
20002002000002000002000000000010000
10002000001000002000000100000000000
00000000011000000002000000000002000
00000001000000000000000000000000000
20010200000000010200210100110000000
00020000000200010200000002200200000
00000000101200000000000002001110000
21000000000000200000000200002000000
00000000000000200000000000101010000
00000000000000200001000200200002002
00002120000000000000000000000000001
20000100000000000002000000000000002
00001000100012000200000002000010000
10000101100000002200002001000120020
00000001002022002000000000000020020
01000000000000000001000000000210000
00200001000020000000001000000000100
00000012001200000102001000000000000
02000000012000020000000100002000000
00100000000000002021010020000100000
00000000002000000000000000200000000
00000000000000010200000000000002010
10200000202000000020100200110000100
