22 4
3243432113440412220224
4112331120404212320042
1103443331412313043442
0343341041130244113302
0434144221113124342022
4132003122032412334333
4022233100321303243243
0324013210201304233202
1443100234231024242444
3312114311412220130123
1220020013100140331213
2000343043043414412014
4324424411110241312213
3424004402032111012411
4220131424344042323243
3111220400240420341031
4402344401131242133231
0001444042231203021044
1043333131231213000113
1342131023320103432020
3124222444142040102022
1410141323433400313211
