36 4
020002000010040004000000400023400000
001000000204000003100220001000001010
001240000020003000011001443121101030
000002020020030000002000000000300200
000144020020000040303104000030000020
000220000300402004000011000300200004
000002020204010040020000040020022001
020104300400110030400000142004000001
000000001040040000000321002004410032
040010030200030000100300001000020010
041004201034300001000303002300234010
203200400030300000000002001000200000
000130002000100010010002000000000300
200011400000000001000400300003200000
200000000310000010234044100203000400
000302320344404000000030000000001000
000310004040030001300020020310000000
000022000400020042040213014431000000
010400401430030033020300001440030324
030000302013400000020400000100300300
003300200002000100000030020000343033
000400012040000010000004000300300000
030001010210030300200040100000000000
000001000100400004000000000034100240
000021000000000430003020430030012010
001020004000000104000300400000200440
000301440000400004300003400404000100
000030201020002000000002040430020004
031200000020100000000000431000001000
010040000310400304000203010001000021
240000000000100000032000403100021410
010002000000000000200000100200040300
000300401000202440201300310004000000
003000400000002010000020100003020000
400000000000000030231000000000020100
000000400000302032430000002000001303
