28 5
2240000103000314103325550251
0023033100104041522005303020
2103350204405504552140202005
0142351531004000040335200014
3500000441205010501000050333
1120005050042140050504230215
0210350135052014400440030112
2551010035540003502130300542
4433500003505431202450100411
1112340234410544452045000421
3532400000033430004033402052
5530301300220032030403502005
0331153024053450305031150130
2503003341350154440502112501
0000102123313200544005032000
1404540402053051042512443003
5152500315450030505544344404
0222052305554420200011040010
1210034502312314432233405140
0343341041240250013000020132
1101203000001402000042242300
2045000102054400012340050001
4221044350013024224000402500
0001104100300352202542041553
4053125340150210050023102031
0534051000312444552035401023
0030020125043200110202100000
0211113002231503545500010012
