31 4
3430400140002040034100001042421
0000040200434000031010120302100
1040000401000010000300002000001
0000021100030003203030440101042
0200100000000300200300034410100
0404001120300000000003202210201
1021020010001000020010001200004
0122011003040341000001204000400
0300204000000201003033231300001
0100230040043203000030103023000
0000300103000100000003013000410
0004003010100210210022013020140
1000033033321420210000124440004
0000100030304001000302401010010
0004011004400224401000022014012
4004000334020200204020230100302
1000000040004132340030000100003
1020040420203033040103031400000
3344301020000034024004441301400
4300200300044000000330000000000
0100010020000020034032300000201
2000203030021020040000422400000
1300000000030030400340000003010
0400300004020400010030000400000
0040000031000002240040320000001
0120002000321200030122002300302
0002004401003000040410010340000
1003002103000040104200300112402
4000030000202240001440020142001
0402420410203000202000002100040
3043423003013310030430324040022
