26 4
04031000112223004010124221
44300002104021044003010042
10301201000104001031443004
21040040104012204030000141
00433034312211020000010231
20402000403004124403002000
23431422400004242043010030
31001341012130002210300341
00200030301010221400101032
21042343003311203211031320
31332010012244130203243414
14320301012043004422004430
00202020004030000400040014
00012120011320040004342130
40021043420231003003043121
03022033140223040340002230
30142010002434300033403011
13010300331403043000000424
20310223014314010021004330
03330200400202203344342110
01022201210301004140020433
20410033200220040230002012
04102301000031100040000203
32020034243434200401330002
20302004000300001014144401
24410130440200110400024401
