35 2
00000010000000001000000001000000000
00001000000000100100000000220000000
00000000000020022200000000000001000
00000010000001000010020000000000000
00000000000120000000000000010000020
00000000010000000200200000020010000
00100000000000000000000010000001010
20002011001000020020100100000000010
02110000000200000000000100200000000
00000000000200200000001000110200001
00000000000000000222020000010001000
10000020000020020002001020000000000
00000000200000000000000000000000000
00000111010020000000000000000002000
01000100100000002000010000000000002
00200000000000000000000000200002200
00000020000000100102000112021000100
10001000020000000010000002100210200
20000020000002010000200002002010020
00000000020000000021000000000010220
20000012000100010002000002000020001
02001000010000000100000020000000200
00000002000000000000000000000000000
00000100002000000200100010000000002
02000000000000000020000200020200100
00002000000100100000000110001000000
00000000001200200020000020000000000
00100200000000000010000000000000100
20100002020000001000100000000001000
00200100000000000200010000001200020
00000000000000000000000000100002020
02002000000000000220000000000001010
00000000000000000000200100110010001
10000001000000120000000000000001000
00000000001201000000000220010000000
