28 2
0020020020001000000000000200
0000110202000100000000020021
1002010120000000000010200000
0020000000102001100002002002
1020000010010012000001210000
1022000002200000200000120102
0020000220012000220000000020
1100000001001220021000110000
0000200000000010100100110000
2000001000000010102000000220
0002200002000212000000000000
0002002000000100201200000101
1000000001000000012020000000
0000200101000000000000002110
0012210100110002110000000002
1000100000000000120101002000
0021000100000000000010000000
0001000100020100022000120000
0120000200000000200001200000
2200112000000001002002002000
0002202020001000001000000220
0000002100000000002000212001
2110100000000000020000000001
2000011000001200120000001000
0000000000000010000002010020
0000210010000002010000100000
0001012000000011002000000000
0220001010100000000020002000
