26 2
01002002220000000200100001
00000200000012200200212020
00100002001120000201000000
20020000020001010200001102
00010002202000210222020022
00012011010000020200002010
01000200200010211000000000
00020120000010001100000202
22000000010001000000000001
00000010002021101000100200
00110000120001011000100202
00100020000000000020202100
00000000010200200000110201
00012001100002000000200000
01100000200100000000001000
00000020010000111001010200
01020100000000202000101002
20010000020120002220110201
00020122201120000210110200
02000010002010001002000000
00000002000002020000000010
00100000200101201000000011
12200000002000020001000100
02000012000001200000100000
01010000101000200000020100
20000100000020010200000000
