38 2
00000020100000000000200000000021000000
00000000021000200020000000000010020000
00200000020000001000200000000000000000
00000000000000000000000000000000110200
00000000000000000000102000010000200102
01010000000000000000000000000000200002
00200102112200000000000210000000000000
00000000000000200010021000000020000000
00001001020001000201000000000000100002
20000220021210002010000000200000000000
00001000100000000000000000000000200000
00001000000000000000000000200001000100
00012000020210000010001200000021012020
00000000000000000000000002002002000000
02000001120000000000001000002010000010
00200000200101000000000000000000000000
00000000200000000121000000201000000000
00000000100000000000000200000200100001
00000000000000000011000002021010211200
20000000000100000000000000000000000002
00000000000000100000000000000000001000
00001000000000000020000000000000000200
00010000000000200000000000201000000020
00000000000000000000000001000002000000
00000000000000010000100000000020020000
20000200000000001010200001002000000000
00000020000001000000200002000011000000
00000000000000000000000102000000200000
20001000002000000000000000001000001000
01010020000100101022001001200000000000
00002000000010000000000002000000100000
00000000000000000020000200000000000100
10000000000200000000000001020000000000
00000000000000000000100000000000001000
00001000000000100000000022001000002000
02000000001000000001000000000000000000
00000002000000020010000000100000000002
10100010000000000001000000000000200200
