48 5
302400000000050000040500302000300300400005000002
000002100003100000000400000005010350000000025000
000420003000000000010000000010005010000500404000
000000500020001300000300000020002000000010000000
005000000000241000002314500000200015200110000000
010000005200000002100300000000000504000000010505
020410200005000000000020000005000000005034004000
000000000000000014000505140004000000340000100000
303000010045000020000002000002100200000020030400
000300030000010000403000001020400500000300000040
004003000010000001000000000000002000002000000000
000000100003010002202000000300100000000000500000
010000000000000040200000000200000520000000000420
000000000050020000030200002000045000530000000005
030500000300000000040000001000400000500000000000
000000040002000021030000000030001300003003200500
000000000030000000000000040000001300002000004140
510000010030310000000000400300003000000000000200
500001004000000000030020005002000210000001000000
030000000020055403004040510003520000000100000005
000030540000300025000100000000200500000000000000
000000005000020002203000000400044330001000305000
003000002540400000000000005500030000000030000000
000402000000400001050540000001000000000005000010
430030400230000200400000300050001000000000040005
000500004003400010200040010000040340000000300000
000000010004100030000020000500100000055003304030
000000204000000020002000000105000040000000000010
010400040000040044032400200000000000000000004000
350300040000100000203002000000000045000000000000
000010052004002000000000000000230000040000200500
120000040031200000440000000001010050500000000000
002000500000000001000003010030000100100000000005
000040000003340000000005001000000055000003000000
000101000003000240502000000042000300000301050000
000300000000000000000000050204000045010000000000
000000000000001200100002000500500000002140000400
404200035000000000004010300000000000021000040000
300000000030300130150104000000020400000300300000
000000000005100004000000502000025032000000003040
200200010000000000500420050000000030000000205032
011000001000000000000001000010400000004000000000
410000000000000000040000000000000000002000020004
000000050500200000051000050000400010000000545401
000000000005000000400050000010000055203003500000
001300000000001000000000000000005023003000000000
010000553001300023005000000020301000050202001000
050000003400000100000010000030200000000000000200
