32 2
00100000000020000001000000100000
00000020000000020010000000000000
02100000002000000200020000120000
00000010000120000000000020000011
00120020000001001000202000001002
10011000000000010000000000000000
21201200000100000000001020100101
00022000000000020220100012112000
00100010020000200000000020000000
00000001000000000000000011000200
00000000200000000000010010000100
00100020000201000002002000000000
00102000000000000000000000002000
20000001102220100000010000102000
00100000020121000002000010100000
00002000000000000000000010000000
10000120000010010000002012001000
00001000022000000000001000000100
00000120002012000021200200000200
00200210012200000210000200012100
01000000102001100000000000202000
00001001000001000000000002000000
00000100001200000000000100000010
00002000100100000000010000000010
00000000002000000000001000000100
00010000000000000020000000000020
00000000000001000200000000000000
00200001000200000000100010000002
02000200201000000020000020001000
01000000000002020120110020200200
01000000020002010220002001020000
00002000200202000200000000100000
