27 3
000100021032122013300231022
300230100131330110303003233
302000000022122002210000112
020222000002000000020001000
031310012300000003132020200
010000310000300000000100020
130130031000222001311202000
302200110000012100002311230
100300313032203030000100030
000020001002000320000200300
300311010013000130000302200
003100001000030023030230000
003000010000302303003023320
100003000121300300310000000
003030000010321310003022000
100001000000321021030000000
003311002022120202231230220
003120000130200100000010002
000000011003012000200100000
000030230000000300301001200
300000302003002003330100001
002103002100000303102022003
130110200200200201000130220
300000310000020301202020000
300000120301031230200200100
300100120100020000000011320
110010010100310203001020010
