27 2
010010000000000200002010110
002000200000100101000110000
000100200100020200001022001
002222201000020000220000201
021000000120020000001001200
000010000001200000100020000
101000010000220100020000020
200000000000100000000000000
020012200220001100112000100
000000100000011000000002002
021000002120100200210120002
000000020201020000000000000
002000000000001022001000000
010020200020001102000000010
000000000101002001021200001
000100000200020002000201001
200001010100020000000001011
001000100000000001120122200
000000000000100010001202120
000000200002001000000000222
000010020010010200000020200
000200100000100200200002000
000101010010000100000001000
020000200220220000000020022
000002100012220020110101000
120100010000000000101010000
200000000100000100100020001
