28 5
3501330003212510001352040010
0000503202330020501050021330
0414052043030003525440520020
1303020000221342355001000000
2040104111034020322423133200
5253000114001210400021453301
2530423324000001201454040300
5005445032201351403035103021
5033024542231000304123403554
0001210302004502544014505512
1020150143301404540340020120
0533124304550410004031102304
0050144514005501350010435304
0140032040401042445210053003
0450010402055001020043555132
4150223140015105404401400200
0302030230505240121515550143
5305201352003304240034531005
1251050412450011541503003010
2004121110020403000524342320
2123210000210404050043500210
2350503020200030550004020304
1030402325050400032505040524
3020140100002500040300100553
3021001521051030332105200054
2434315043140052325140501034
4512012234143020504504100444
0100201122352053105355034202
