24 2
100210000010220200220002
100012001200000020000020
000000110201002000010000
000222212000000010102001
201100000200020000010000
211022000010000001000102
000200000100200021000100
020000201101010012110000
012020001000100020000220
000000101121010000200000
010110200000011002000102
000001002211101010100022
020000022012002000000010
002001000211102011020020
001000000000100002021001
100210000210010020000101
020000100200021010110000
000000020222000212100000
102022001100000200201020
001022210100220002000001
110200012012200000012000
000200000000202120021000
020200200001002121000000
020000000102101000000120
