23 3
01033003230100301232322
01132030331013030320000
20313311202000002001031
22021102132320001122322
03100112203020100003023
03232010101300101220000
30322033122030100020000
02031121000011003122320
00132023212003110010203
00203210321303110013001
20120033120032331020301
00000001032010020230310
32010130022020201200011
20303113301021030000000
10033230310001000300000
20300323021223031300100
00001031023200200002101
13023321230020000020213
00023123100300021230032
11123110101010003022132
30100000232112100003030
01112120000311001013232
03321320000303220200031
