38 2
00000001202000210000000000000020001020
11000000000002000010001000000000100000
00000001000000100200000000000200000002
02001000002000010000000000022000000000
00100000000000001000020000100001100102
00001000000001220000000000001020010100
00000002000010000000000000000000000001
00001000000100100000010011000000000020
00200000020000000000000000000000001000
00000000110000100000000000000000000000
10001000000010000000000000200000000000
00200001200000010200000202110000000000
00000000000000000000001000100021000100
00220000000010000000010000002020000010
00000000000010200200000000000000000000
20000000000000000200000000000000010000
02001000000000000000000000000010000000
00000200000000001000200002020000000200
00010000000000002000000000000000020000
02002020000000000100000200000000020002
20200000000200200001000020000000000000
20000000200000000000200200000000002002
00000100000000000020010000000000000000
00000000010002022000100010000020000000
00000020000000012000000000020002000010
01002000001000010002000000120000000002
20000000100010020000000000001000000200
00000020000000020000000000000100000100
00020100000000001001000000000000200020
00200000000000000000000000000000002200
00002000000000020000000000000020002000
00100010000000000000000020010001000000
00001000100000002000000000200000001000
00000000000100000000000002000000000000
00000010200000100000000000001001000001
00000000010010010000020000000000210100
10000010000000000000200000000000100001
00100000000000000010000000000000000022
