30 2
000010020022000000020000000210
202000000000021000200000002010
000100200001000020000200001020
001000002000200020000000020121
000011000000010000200000000010
000100020000000001110112100001
000002102000000000000200020000
200001000000000000000000010100
000000002000200000000010010020
000000200000001000121011010000
000200000200000020002001000000
000000000020000000002010202102
000000200000010001000020021001
000000000000201002200000000002
101001001000002000120000000020
200000200000012000011000000002
000000020202000000001002000001
000000020000100012000012000020
011020220000010100000000002201
100100000010110000000000000000
000200000000000101002002000000
000100000021001002000000122010
022001000210000100000000100000
000001000000000010000000000010
020021000110000000000100020002
000000000200200001000000000202
002000200000120000000000000020
021011022001001000000000022000
010000010201000000000000201000
100020100020000000100010001102
