43 5
0100030000400000022000000003000020000000004
0040302000000500000001000403201051000000000
0050000030200000435050100000400003000000001
0300000030200430202000200400230110005424303
1000035200000503505004015003040000405000040
0000000001030050500000000003000050005500000
0024100025050000000204000000500001002004002
0000040000005040200000500100000220000200000
0300000204000401055000000100000000003403000
0005040010103520005013000130250000500005020
2000000000000002000000000000400300500000000
0000000000050000030111002000000000500000020
0400000000000005001001000000100000000010200
5000000023000425020022000001350204040030014
3200000000350000030000400250000000000000001
0000000000001035004020040000000100340000200
0030300001034230002000120024000001104000000
0500400000003000050400010104450000000000000
5000000200000300050040300000021000000040001
0005000003050000000002101000013030100100541
0055000020000044230000000200002001004010105
0030000501100300010010000000004030100000400
0003205200000002000321010000000000050040304
0000031002000010020000000300442000000400050
0020010001005004000000000030003004000000000
0000300430000000100140020045000000000001002
1000030000050010042002040000004301000050000
1030200225000550103000000000000100000002000
0400003300050330200010000500000004210300000
2000000020005000000030010401100040004000500
0000001004100400004350004000033000204110320
0005100003000010034504502053040010010000500
0002300010003000230010100002000050050200000
0400300400350500500002040004000120030300000
0300100000300540000303000002010004040000000
0000000200500045000000404000005054040500020
0002000530000000000000000110002040030000505
3000000000000000000040015000000000000000012
1001300000000022503000050050051003000030000
0120000000000020000020000350400440000405002
5000200000300000000000400001000002040052030
0000004002500405000032340030000000000000000
0000000004430000532000400000000502010151000
