41 4
30021300000400000100100000000303004002000
01030010000004000030340004400330030000000
01000201041020000000000002003001003040033
00032200024004100000000210000030000000000
00330001301000000002002000030000410400000
00010000002000120000020300010000000000010
00020003000010000000000100024000400032000
00000000200000000000013000000131002003000
00020030000003020020000000000000410020000
34004301001000000200000101000000000400002
00042004000000000010000000002401310040343
00000000000004030400004000020000000002010
04001000200000000040033300000000000000000
01000041000000000000000000302100001200001
00004000020000000042003002000000002000000
30000000402020000003002010020200000000003
10000000000030000200014040302000004000000
00100200240000000000400000300100000000043
00400000010200000004000000020210410022100
03030003040000010020000030001010100030400
00030300000000300010000000040000040000000
02000440400300300000000020004000000000000
44000000100000000000440100400023000001000
00244200400000100000010004000000003330100
00013030000000010000130000100044000200000
00000431040430300020000100010000010020000
00000023000000300001400000000010000004000
00000140000002410000000000000000000140242
20000000000000000040000002000000003002000
01000340030002200400000000020000002244000
00300100000420000400000040000300003000001
00000200303004000000020043000000000002000
00102033003210200201002000011400000000000
31102303001040300000100040000000000200203
40002010210030000010020200030000100004003
00400000000100010040300200042010040000003
00000100040020200004101002001000000004403
00000000300403000030000000041202142000300
04000000000000000100000004000000100200002
00000003001000000033000000003400040000200
20000000340002000000000000000000000000010
