39 5
400020000000102000000010500000000041030
432533000321050052002053030000000000300
300200530000020100050030000000200200113
014040100200030200550003400000044500500
001000100000400000000301000300004000504
000420000204000300400140000000200000203
400005010102030330020000000150003021210
000000300401001000000400050005000400020
400000034300040502014050003300400000005
402000100000001050000200100502000320201
030443042100004054100000050010000050005
050400410200022041030010000000000045000
515000010030401000002522010200000000000
003340100010003000050400552303500303000
000000000300200500000000540000200000300
000040040005350000400000015051000000100
003000000055030000030400000220500040005
021050020001300000000000004050004000032
033020000435300005002205000421403020100
002100000402000120001040004004053114400
001000230000405003000000100020402000200
000000000305402500000000052101501305030
200000000000030000000000300000020300004
000000053002005040400000000400420200250
001105040300002003000025000300200002000
000000010201002000003000005000504000000
000001104104300524000100000052020000540
245013005500012000030310040000300231210
500043234040013020401000250040000103020
004200000000000232300400100004410502020
005400540010000000044000100000000220000
000024000220503001000000004004004000100
210341340300005000000400000005000350505
510013040115100023205000050020000511400
000450005302500500300000300000000030000
005005000010400021530010100000001140050
000001200001000100204504100053303030503
000000030130023500000000000001400000001
310040005001000500400000000300500000002
