39 2
000110000020020000000100000000000000000
000000000000000000000000000000002000001
000000000000000000101002000000000101000
000000000000000000000000000001000000001
000002020000000000000200000000200000100
011000102001201000000100010002000000022
202000000000000000000000000101000000100
000000000200000000010000000000100200000
000000002000000200000220010000200000000
200100000200000000000000010100000002100
000020010002000000000000002002000000200
010000000010000200000000000002000210000
000010000000000200000100002000000000000
020000000000001000020200000000000002001
000000000020002000000000202000110000000
000000001010200000000010200000002000010
000100000000002000000022000000000000011
000100100000010200020002000002000000000
010000000000100000000000000000000000000
000000000010000000000000000000020000000
022200000000000000010000001000001001000
000021000000000000000000000000000000020
000000000000000000000000000000000000000
100000000000000000000200000010100000000
000000100010100101000000000100000000000
000000022000101001000001000001000200000
000000000000002020010000001000000000000
000010000000000020000000000200200000000
000000000000000002010010000000000000000
000000001000000102020000000000200000010
000000200101000020200020000220000000000
000200200000202000002000000100000000000
000000021000000000000000000020000000000
000001000000000000020000001000012000000
000000000000012010000001001010000201000
002100000000000000000001000000100012000
000000000000022000020000100000000010000
000000002000000020020000000101000002020
000000000000000000000000000002000001000
