27 5
350420340031312444440104000
254300305320254123501550113
324200415134505354202503253
344010125531044351411532101
251040525044012212505210254
504024031205005521503000330
102140542401404300203001045
520533052424200110120122010
410451230100500300221040023
340302550404202120120114503
523402000145302350000001003
023035550104151430000254200
221314443000331405021440143
504100002240350202351011102
042203431540510502512020434
340203530505552523020051400
040500412245032203441121310
020012051202104400135000500
001031500310532100420135031
350334202253131530043511101
202404325345505503145000433
500220154100341553043002300
320551240254005114102003504
000351044024011350430133502
303453003504000001504440501
133000303004425322520315021
323045423144431201420030050
