38 3
00002031000001030000010000200100000300
00010100001200000002000200003000200000
00000331000210000012002000000000103002
00001000001030003000002000300100000000
01003000100000000333010001200030002200
03030010030000000000020300110020010000
00000000012000001000200000111120010220
00300000320220000000200100000001000200
00000012000300012000002001002000000000
00000000000010001000000030000030000010
00000000000003300000020200000300200100
00000000000000000010000002000000000000
00001022033010030003003100000000000000
00300200003000100000000000000000030000
01300030220000000000000000000000000000
00000013022000000000003300010000310000
03000030000000000000000000300000200000
00030000110030300100000200300000200000
02130030030003000002000100010000000303
30000020000000000000002000000001020003
00220000010100000000200100030000130000
00003100022000100000000000000000100000
00300000202002000000002100000100030210
03000000000000201130011000100000002320
00000010030000000002000000012023002021
00202301300100000010000000000010000003
00001002003300000000002003002002002000
00000033030302030000000200000020000010
00000000000010000000100010132300000000
00010002010300000000000000000000000000
03020010000001000000103000003100000000
00000201000000000000000003100000000000
00000000002020000000300000000000002330
00000020010033000000200001000000000000
02022000300000000030020000000000200000
00302000000103000000000000300000000000
00001320000002200003000000000202000030
01000102200000103000120001031000000003
