36 3
310001000000001000000000300000001000
000000000000300000230010000130000000
003100000210100033000300030200000030
020012000000033200000000100001000300
000000000100000000020100310010002110
000200300000000000000300000000000000
020000003003003002000100202000100010
000003033000000001030030000000000000
000000022000000000110000000000000020
000000110010001023100000010002210000
201000300210023000000002301003230020
000100003020100000002000300001000003
000000210201000302020100021002300020
000200000000300000200100022200000000
000000020000200000013010003031302100
000000000000030000000000201000100001
032000000002000000023000202000000000
000001000000000010000000120000010000
030000200000300022010000200000000300
000000000000000000030000030130100230
000000300003100030000001000200303000
030003031103100100230230000000000302
000023000202003000000023003001000000
010000323002000002000020200001022000
020301000100000000000002002030001000
210300100302021010000120000000010000
000000000000000003200021100013020003
000000033000000002130100003200322000
100000000001001200000000000200000000
031000000000000030000100130000120000
010000310020003000003000020030000200
200000000002213000000000030002000000
300000000030000000000010310000000000
002020000002000200000010003000020000
001000000100000010000010030000030003
000300100021000000000000010030120300
