35 5
00400130000000140000220000000000010
00155204000005042000000440224011400
21010020002103002503303424021040302
05035000005030040205050104010450203
04000050001002042033002003520002020
04400010400000220050300455130000000
00334040000000001000002000033100100
05040000330400025200215550303001040
20540002000000003300000002010040003
00500304040000004100010003050500200
03500000510500304042300001000000000
34000411004002032042001042012005030
30120430050004040050520000330005000
13000000500300000020020030100020550
03230501440010004014510200303033000
00002003000005200303010301000204000
50504005400300200141010023003044010
41200003503000003100000005204050430
00045005200000030542000000030530003
10000000401100030102040050440540110
02000100050400000100001000030002304
03041000000100003000000004051500010
13220234015300514534001004010140003
40000520500230010500000040221503040
02510540023050000505050241525005000
14010000500210000002040015002000403
00000002020500155225500000040001011
00040503020005403305300100000010000
34010300033340020130010520302030003
44002011000013034001000251003100000
53002205000100005011040320000200022
00020000052501040105000500000530100
15500400013003450045003340400010024
02020100400050000024045012550051540
00220000012000010220004043204250030
