39 2
000000000200000000010100000000000000000
000000012000000000000000000001000000020
000000110100200002000000000202000000000
000000200000000000000000002000200100000
200000000000000000000000000000020000002
000000000000000020000000000000002020000
000000010000000012000000002000000000000
000010000000000000000000101102000100000
010001000000000000000000000000000011000
000012000012100100000001000000000100000
000001001000200200100000000020000011020
000002002000010000000001000000000000010
000000202000020000002000000220020000000
000000000000000000000000000000000000002
110002000000000000000000000000000201000
200002000010000000000000000000010201000
010001000000010000001000000000000000000
000000000000000001100000000000000100200
000000000000000100000000002010000010000
000010000020100000000210000002000000000
000001000010000200000000002000100000000
000000000100000100000000100001020000000
000000002000000100100002000002000000000
000000010000000000000000000020000100000
100000000000000000000020000002000000002
000020100000000000100000001020100220000
001000020000000000000000000000000000010
000002000120020000000000000010000000000
000000000020000000100000000000000000200
010000000022000000000020000000000000100
000000000000000000020000020000002000200
000200000000000000000000000200000200000
001000000001001000000000000100020010000
100000000000012000000000020000000000200
002200022000000101000000100000000200000
000000000001200010000200100000000000011
000002000020010020110200000000000000000
000001200001000020000002000000000021200
001000100012000200120002020000000000000
