41 5
20010001000020000000305000000015500305000
00301000100000000031000010000000101044004
30003040000440054020020020300045003000015
30000310404010020050030001000020300000002
24000400000020000000340045400350002005300
00200420000130030000100103000300050000050
04000010003000000251000000000004010004000
00040530020400330030035000000000000100304
00020000500000000040034023200000500000400
00050301015004000000010000400002053000001
30301014020322004000000003405200000005004
05100400031100205004030000500000004000020
10000051003522022152000000050000000000000
04200000000025400050010000500000000033004
24032100000000403100004021500053004412002
40500005000025004030100400000000011000004
01043200053001001000314000000000000030000
00210005000035003000000010005200050200000
00000240002355020200201013000504350100000
03050320010002400002400000000003100001000
00400402250004002001005000004000000530000
40100000003000040000000055000000001000010
40050400040000050002404502002030050004000
00000000005005004003003010000000000001040
00010010000000005000001104044000000000014
00055400000004300050000002100000202010050
00200040025000500000020001020000000300000
00000000000010254025002043200040000000005
05010010010000100004004030003000000000500
00040002103010000000420000530400000340230
05230010000130043000000050100000003010201
50004000000330000003500000050000031200040
35502000500000020202100050014003000003400
10300010051010000000201022003333503035010
01000003303000000003000000000000050040050
00000000000000405004000000200000023000010
00001000320002000050000024020000050000010
00030500010301000000000552400200520503500
05200000220000000002000000042000000545000
00400203000022040000400340100000050002000
01401000001002000100302430050010000000001
