39 3
000000000000000030000003303000000000001
000003100003000000000010000010000102032
300200330000000002000002000001000002010
000000022001020000000003000000000000000
200013001000200001100001133000100000000
032000000300300000010020003000200001000
000000000000001000100200303200300000000
002000030030000000000000100000010010003
000002000000132030000010000100210000003
000020000000000000000303000001001300300
030000020200000300002020300000000000000
002300000000000300000000100000002000000
003001002010000000000010000200000300001
300020000010000000000300000000300003000
000000021000003000000000230020300300200
000000003310003000000000000000000000200
010000011000201000020000002010102000000
000000000030000000000000000000020020200
000000012002300013020020200010000000000
000300000010000000200000300010000003000
010020003000100000021000030100000000200
000022010200100330300000300010000030000
001000001000000000000210000000010032000
030002000000012000030200010000003200200
000101003020010000102000000000030000000
000303000000023002000000000010000000000
000000001000000200000000002000000000010
000002100000000000020213000000000000100
000100000030000010000000002000003000310
300020002000031200000200000000000300000
210300022000100020200000000000000000023
200300100000010000001000021001100313000
200020002000202003020001000003000000300
113000000001030000000030100000000000102
001000001001012000010000000210030300000
000000003000030000000000000000000000203
000030002000000003000000000000000200010
030000020120000000000000000000001000200
020000000000000101000003000000002030003
