45 4
001000000044000040000402000200000000000000000
040030000040000000000400000300000100000410000
000000010000300030000000000240003000000004000
000000100000000400200030004000100000200000000
004000000040000000000000300000020000300032000
000002000300000003000000000020030303000000000
004000000042000003000000031000030300000000000
100004000000030001000000001000004021002004000
003020320000000020042000000204000000000002300
000400000210002004000000100020000000400000000
000000104440040000020030010020000000300000000
000020000000003000040001024002400202000300021
000040000000000000000300100400000040000000000
300103000000130000000300000000000000002003000
000000030400030004010000040000000040100000000
000000000000300000000030200040000000200002002
001000000400000000013000010000000100000010030
000010000000000000400000000010001104000000000
000000000200020000001010000040010000000040040
200030010030100300002000000000000000002404000
000000000000000000000010001010000030101210102
030000020403002000001012000000000000240020000
000030000000204001000043031203000000000000400
000010010000003000000000002004002014000302000
001000000000000001000100030002200200000001000
000000033000000100000004003000010310000000040
030000000010020020340000120040010000001004003
030000000000000300400002000000000210301000004
400042022002001040000140004000022000240400000
000004000002014000020000000000004002030000000
000040030000202003030000000000000400001000300
010000200002000001003002310000110200024000100
000420004030000000002000000000200003020242004
400100000400003000000000000100301000000041000
000040000002000001003400000000000003000002030
000000000000000000011420000000000300000040030
000000000000003000100030200000002100044000002
000000000010024010000030000004000000000003000
300100000002000000001241003310000000000000000
000000000010000000000000320003004002001000300
002003300000000004100000001000000010000300000
000000040000300400000000000000000200000000300
000310400000000000020000000003000000003200000
003001400030040000001000000000000000000300000
300300040041000000000000000400020200110001002
