30 2
000201010002000000000000200000
000000020002000001000010000002
010000000002000200200000000000
000010000000000000101000000101
010010002011011000010000200200
000020002000102000000000000020
200001002102010200100000000010
100000100000020020001200000111
000010000000000012002000200000
000020002010100200000000100000
000000000200001002000100000200
100000210000100020200001000000
000000000020000100001020000000
000000000000001000000200000000
010010002102000210202000000000
020000001000000000001002010000
021210002100021000220102001000
002000001000000000000000020000
000000010211000000000002100202
000001001000001210100120100000
000200000100100000000020010202
000002000000002000000010210000
002100000210200000000000000100
100000012000000100200000200201
100000202212010000002011100010
000000200102020100000000000000
002002000202000000000001000000
002200000001212010011000000000
000000120020200020000200002002
000002000010010000000220100100
