43 4
0400004000000004000000000300000003000000000
0003000102004000000001001000000302000001300
1040003400000000000000000000000004020000040
0030030024040200000301100000000000210000000
2004000000000003004130040000220000020400004
4000300000000200300003000030000043000012020
2004000004000000102000040000000000300000000
0003000000400040100003000000000000000004004
0000023000000000010300100400020001240002310
0000000000000000002001000000000000000000040
0000000400000000000130000330000000000003240
0104002000104000100130000040004221000004000
0030300000000002001000032000000000000000104
0000000000000110034001000000000002003000000
0204400000000100002000003000042001000000330
0020000100004342000000000020031010002000300
0030000233000000000020010000004010000041000
0001000000000010001000200100001000000000100
0000003100213000000200000000000012322000020
0010020010003000020002030300000001420000030
1000000000002030200001000200300000000300000
0040100000304004000000000000300000000014020
0000400010003000000020400001030100000030000
0000300000004000244010004103002030000110030
0000000000000000200000000032002403400010024
0200000000010300000000000000043000000300000
1000000003000002000304100204000000400022201
0004000000000003003000003040000000003000030
0000030102000000000000000000004200340020300
0400000420000000000000000000000010000200010
0042001003010000003000301220000400401000000
0000000203000000000000020000042000100000010
1000110030300000000003000001003000000000000
0000404000303000000004000020000032000000000
2010000400031020400002040000043400004000031
0000000000000000443002000242000000400203012
0020000102010003414002000000000000004000000
0440000000000040000002000300000002000000000
0002000001030040002040000400300002030000000
0000000000013000000100000402000440001000000
0000001004001000001002000000022000003000420
1000220000030000101000000340000000000001000
0140010011000000100000000000000000000000000
