27 2
000000010100001211000010200
200001000000000120000001000
020100000000002000001100010
000000100002220020210000000
000100001010121202221000202
002021001102000000000000001
220020000002020020000000020
010010002222000011000101000
022010001200010100000220000
120210022000000001000010010
102002200001002001100012000
022001000000210000002000000
000002101000102000100000000
000100000000000001002000000
221000002220011000000000000
002102000210200000000100002
000000000000000001020000020
000010001000000112200000000
000000010011000100001001000
200202020100001000100010012
021001200210100020100021020
110000000002000002021200000
000000000000000020020002000
002010021201022020000201020
100002000100000000020000110
000000200102000000200011020
101100000000010000000100020
