44 4
03000410000002000400401040002300120000010304
00000001000200400000000000000001200003023000
00003010000002000100430040020000000000000040
00312000300041200020402203010000000140003000
10000040000000000020000210004000000000000200
40100001000404400000000000000000010203000000
02400000040020000200000000000100002001003300
00030300300010004030000000200400000002012032
03030000200000000000000023000300000100403030
40000030010000000020200100300020000130000000
03000000000000000401000000200100020043000000
00400000003000000200000000000004000400001004
00040010000000000000003140000300000000101000
01004000000000000400002004040100000004000110
40000000210000014000000000000000000000002000
04020000000001000320020000003040000200004040
00000100000040000001000004022400202000000003
20003303000000003001000000000000004000404000
30430000004040000400000000003200000000240000
00000110140040013000000000000000000000000000
00000000043000030000200100200001000000000000
30110004043000000100000230200000010020300020
10000002000200000203000420022001200000000020
00404000003000000000030004000020332000000000
00020002001100000000000300000010000000000000
00044000000000100000044000000020002000000024
30030040000000000000000000100030010000000400
20031000300200000000100000000000001100200000
00000040000000000000000400000001040100002100
02000000100000000000000000000000000000040040
00010100001002110000000000300000400001100004
00004000030000200000000300000000001040003001
30010000000400000003020100000013400000012004
00200000030000010020001020200003000000000201
00000200000100300010300000002000030000403002
00000000200100300200000000041000000000000140
30000003003000030000000004200000000040003000
02000000000000201100000000030000004443000130
00000300023000000120130000000000022000000000
00030400000004000234000000120000030003000000
00000000000000300000010000403000000200003000
00400100000000000000300002200000000300000400
00004000000300000000000000400010030100040000
01230000004000030000000000030000000000000000
