28 3
0120212010000010030121202030
0033113000033000000030000210
1102300030200210010022000210
1000100030100000010011000000
0020003212000000003010003000
0020000010013332020010303000
0123000300031000302120332022
0010100000303000013000012030
3000000300010022003003300010
2300030000002001010012002022
0000003002000012022000001011
3000020000011000331112000111
1032000000030002030031031030
0100312000001010302000020030
0321001020001320100000031003
0000020130000100331000002003
0301021322030100000000000122
3100000200210000012320300003
2203003003210001132000000222
0222101200200022321003100000
3300003000002021001030030020
0000003300020200002023021000
0311011030003000000000120000
1000001003001303100010203310
0003000002223030023000030000
3300320030000000000023000223
0000010300022010002003220000
2030000020012100100011010000
