25 3
0031300000000200010002300
0210123202201333100330203
0210210022000100012031000
2023222103010211003010303
0003012032031303201010200
0300021330013003303012222
0010012001102101200012010
1011030321010000031102201
3031012000313132000200012
3020102103020200130001000
0000000002030012020020003
0000030010101020302031000
0310002001000103000110230
3000001010010032003001023
2033012203100020200002010
2021110233300232201200003
0000313020002300000003303
3000003001130000301010102
0133203000012122302030001
0213001030002020100203002
2200301302311030000201030
3100211001000323233300001
3231300300201200000200000
0322301003222300000001120
1100210120302230003030000
