45 5
000040004400200040000000000400000000100000505
020000000003030000000000000001000030504000010
400000001412000000000010021400001000000400000
000050000030010200350040500034000002000540000
000000050100055004000003020202000000000000400
104050200000000000000000000002000003500034020
000020200200000004000020033000300250030000203
000000000000000100002000500040000200000015000
000005023000000000030500000100005000050000001
200000400100120000000050000204000003100210005
400330034002010000000001100023001000503030000
030300100000000500010100000150503010020052200
000000000105000005010050005441000003030005000
040000000000000005000000000030200500010053000
252500000400300000050030000500000000000000302
000040350005024000000000051334000032130500005
300004003510000004055000504000020000000000000
100000000020000000000100010000004000000000004
001040200000400000200000340000000051120000000
000002135004000000050400021000040000000310500
230050530000022030000000200000440000000005040
200002000000005013004520231103000000001000031
000400120040000000000030000004000000400000401
000000035200000000130010000010000010033010000
140010000010050350000500000005005003002000020
002152000000000000100005300000000001400014000
104204000000000000000000000000033020000001000
000000230000001304000000000000000000504100000
000000030030000004000000000200000040000000000
300000004004032524100004000000000001001500000
300000520000000000000000002000300000012024014
002305030000400501001000250000000000030000000
040000500010000010020020000000000000100004400
000001003000000000000404000000000043030500002
001003221050000000000001000500302030005040010
000000000000000002200003030005520023000001000
050044030300405010000000010000010000000004000
040454200002000000002000003020000000000000400
000520002000000000200300000000030020000003001
053030000353500110004300000000300000000000040
000050000001305003301050004241004504002050200
004130200010000150000000040200005004000000000
401204300400005000505004104000000000001000100
000005200000200000000404400000030000403050200
400502000000500000000000013002000025000200000
