33 3
000022001012003000000000200310020
001201000000000000000003000001002
002000000020020200000000313010000
000320000000100000210200010310020
220003001000000000010003002101030
330020010000010032000001100000000
003000000030000000031000203000010
020000000000002000000000000100030
310002000000220030000000001031220
000300302000000200020000303000002
000000210100110000000003000103010
100020001001023100030000300012300
200300000001000300030000003310002
000003100000103000232020000001021
000030003000010100200000000002000
000020000100203003000000000030000
001300021220103000001010200203000
003000301000030101000000000000220
020001000021001002100000000000000
000300300000302000000023030202020
203310000000302030030000000011303
000000000103030233220000001013000
002210030320030300230000300000230
300000000100000100000310020201000
010000010300210300020030001021030
003000030310301010000102200000023
323000100000000003200012030000000
002001002212002022003200200000130
200000200011301102000000000110000
300000000000300000030002300000000
000100010000001020000000000000002
001000001000010000101000000320000
201000030000000300000000001021030
