43 4
0200000300000032000000000000000000003000000
0300000003020100400001000003000000000000200
0404000040000000004030100000000000000012000
0000000002030000000310000040000000000300000
0310100004000003432200003003002014300002000
0000004002000100000241000000003003020000000
0000003020000000000000103020400000100000004
0300000000004004200000013021020030000000100
0034000000004020030400141000000000000044000
0000420000000000000010000000000000000032002
0010400100000000000043131020000300000040302
0000003000000003300000000000101000014000000
4000000000000102034000100003000000400004040
2000041000040000200000020020030400004001000
0000000000000030002000020300030040000000000
0000001221000004000000000000000010200403100
1000000000000000002041100000000031000000000
0000000200100200410100030002001140000030000
0100000030002000000000023000000000000300000
1000402000020000000000000001040004000000400
0010010000001200030000130000000022400000302
0000300000000000000304200000000300000000000
0000210000000000000000000002200012100000040
0000003002000000200200004030000020020022000
0000000000001300033000010400000244012000000
3000013000010220003000100000400400001004000
0020000310020420000330200000000040200000002
2000004000040344000000000230000030014001000
0230403004043003403000000000000000000000020
2434100000030300000031020300000000003000000
0010002020000000000000040000000000004000400
0002000000000040403000000000000003000000140
0000000000040400030400000000000000400000000
0100000000023000000030002000100000004402000
0404000000000000001200020320030000000010400
0000000300003000020300000410002000400000400
0400001000001001400003001300000100000000000
0000020020000004000002000000000000000003000
3000001101030000010000302000041000000010400
0011010031000230000002000300000200000000041
0200000220000001000001304010000000041000000
0000400000000000100000300000100000010000400
0043201000104101402320210000002000410000000
