38 3
00000010000000001000101100202003010000
03000000000020020011001003100130001000
00000000200022000000033020003000002020
00030001300000002000000301000200000100
32020001000002000000000000000101000300
00001010001000000300010010000000100000
00300000000000003200000002000120030000
00003000012000000000030000030002001000
00000030100020202200113021000000000000
00000001010000000003130000120000000000
01000010000030330000002230000000002000
00000020000030000021010003010002001000
00000220000000323000000030000000000000
00000000000020000000031001000002000000
00000201000000000003202230000000202000
00200030000000300000200000020000200200
01020000000003003010000000000000000010
03000020000003000001020000000000002000
00011000200000300000003112000000000000
00000000000003000000002000030010000000
00000000000000002000010000100000010000
00000030321000300000000200200000003000
00000033000022002010010000030000003203
00000000003003000130000100000000000000
00010020000000000002000020010000001002
00300301300231010000000000021000000230
00300003000001010203000000000200000000
03000000000330000000021003001300001032
10000003202000120000320200000101000000
00000001000003030002000000000020000000
01000200000000030000000000001000000100
00000000001000101020003030000000030000
00221000000200002000000000010100000320
03000030000000000030003300200000020000
00000000003002000200000000002000100300
03230113000001001020300100000000023000
00100021110010001000000000000003020012
03000000000333030203000000000003000000
