42 5
000400000020001420050002100500000055005004
030000040005000405320013530300430000300121
000002040010000000000000030003000130005340
010230050120000000232015550003000000000455
500030010000000001000503004004000010000000
004404000000000000000000301003050010440000
000540010000003400005000001000000404000000
204200040100000000000001125000001001040000
030000500420000000005010010100000000000300
000000000000000044524030030500000000303002
005012000000000024001000002004010000000000
023000000500400000004050000020304400000010
000030000000010050040000000003000330000000
000040500000010040200000100100400000100500
000002000003300501023000300200050200200003
503002002050000000000003040040000005100550
030000001040303100000000120000000504535025
020300004030233000000300000003000500012150
040430040000000040000000000010000550340030
000020400050000000030300000300000000012020
010013500230000050000200000004000200000002
101500000000020021200504301000000400300541
000000020450501030005000000000203020000000
031000000405000010000203000040430203000000
310040002000340000001050000210002200000310
050000000000010200040302000000000500030000
030011000140000000150003001000000000240050
002041420140001050400000040020001300000003
010250101300500201440000002404000020012550
000000000032001240000310000501400145000000
402040020000403002000100051000200040350000
500150300000202400030001100002002000000104
000020005002052040040105500001010020300000
450003024004000000000105000200000000520400
300050000002020000000050001000000450000000
030203100000320000030540000000000500002000
200400000202010034500000305050030000000020
004000234030500002400201000000550500000000
450000004050000100000100000003150400000201
000400010400300000001000000200300000001000
002400100025000000150004001000500000000000
000303000300040200000052502000000500003300
