27 4
000434003000100102010043001
304404100240012334000041034
301230001442033103241304421
104000030022014132004001312
333322021000000412003040301
330230000232122004102002420
001321003200204044020010030
330204002010303003104301000
120210021240041204042400000
310441100010234130030403000
002013040330210042011014400
002300330403230340131004100
031011401230002010000320040
040000142000300442040300200
030034223204230002021412140
240304401001000332430100333
204114013003000140041203040
003114030403003320000204231
400022000014012012112301000
100402020010200003011022304
021423104303004000120300010
011100114400420034100410034
012000301044040300301012040
224030121012000020031020020
401104022313030020444210023
004002442400230100342403034
002244302324020014202000003
