24 3
002213300000010100101001
000000000002012000000031
101000021001003101023130
300002313130000003310203
320002300001321020220203
120032003030300022100021
310030133130333122002120
131222322020010121010321
322033113200001000020000
302002232010100000100020
003000310300332031102102
033011001310101010320213
201030003123031121030020
111202100310200200101330
000300120300331030001100
302000120012021200330030
012233322000000202313000
031020010231032303030013
002122020010000000320203
010000003020231011222033
020210002301303100020030
300220302031110000303300
020220110331002323201003
000021022012100131102202
