33 4
334004300003430402040400010220000
200414001000004004022200320021100
004010004420010034000010200100020
040101200000010000102032400040400
402003030334003000002004040001000
000000002040203003004020240000011
004000000300002044000200200210000
000012300004402031010020300043100
000034000003300201001000000000020
000000000204042030300443000200040
030201020030010304000100230003010
000431304410042010000010201020000
003000030213000003002000002002110
000303044000304020000043200344020
000020413400200400013000001030401
000000000000010130020022031334410
010013000000003004003004003201040
000002001311024000003000000000010
110200303000330023034143000310000
000030000030001002243031301002420
040004304000000000000001000003032
000001004020020301024001200000103
204002401000030000020000440000000
001400001400000004023200212210001
000000010400300010330304003001320
041014110200000443010004100000002
000301000410104002042400100000301
200000020000302040110001002003430
100300000020400003010000323000002
303003000000310100130302000004001
000400001042420000040300042001000
400000414200001200000210000102020
242102102000201000030430000420000
