23 4
12240432301230300321133
32411221101431044313303
23401003012132002113233
03401220023414333240331
00203002330100014340244
00443421001010042123423
20414331110000001410401
32210024140132311001421
01033213222244202440433
33202412100330313440024
02210404022441132410301
04320110242300013234220
00210421001441131430003
02421201334341243200043
11300422140303411404210
22423430444240140230123
31213432221204401311244
03211040133143011132004
34323042132442030420014
00214424131034010402022
33142044003401421433243
03423321313401103212241
02224100320143414420240
