25 3
1000300000013331203000010
2201102000222033003023122
0110020130000133300210210
1203213003310301203000030
0220020000003223010020202
2010330030001122100310000
1200000033210000000000010
2303010200200010203302001
3100200030003200002020112
1032301333012010023110103
0000201000000103000300000
0000210112300220100002130
0011200100032100003303010
0003002210133103030200020
0210203300001310320011330
3101222002030002101010300
0010020300032220000202230
0000001021030202101100002
0000200320003020202001010
0110211000010021222301330
1102000312100303030000302
1110000010100012001230301
0030333032032201320010000
3203300003233002100000330
3002023302012211303110001
