41 4
00000400200000000003410100000000030000000
00040002030000000200003000000043040300000
10000000300240000000000230030404002000040
00000301000001000040311200400000000000000
01000000230020011000033000000000000012000
30003002000000000000003000000000200000030
00003002000000000000400000330300004000000
00010203022044000003000000000002002000020
04010000000000000040000004000000223000000
00002200000100000000030400200140021440043
00000000000000002000100001001010301000000
30000000000000201000000000303000200030004
40300001000004000004003000410000021000310
14000410100000000002000000200000001000030
00000404000301000040000001020003200000030
00000004000100140010001313100000000310000
40020000002020000000400003000240000410000
00000030034004401001200000000020000000030
00000000430400000000100000001400000010000
43000400000000000000000300000000320020000
00000004000400030000400002000041003000002
00000000302100014000010400410000000000000
00000003200200010010000002000020004400000
00413030200043303000000204400000010000000
01030140200220011402200003030000021000013
00031000000030002000401011003001003000000
00403000014040000010000000040001000103022
00020000200000220000410000000100000004000
00000000000000000043000004012300000004002
00004030040000100001302004000430200400000
40010004000004000020020000000020002020000
00000010220000000040013000040010020000000
03120030103000000000004003000020400030000
00000200000000100002010000200000000030000
30404000001200100004402023000000030000020
30202031000000000000000043032003200000000
00040010000000000000140000020000000002000
30003000200010022000300000311000001000041
00300000102400010000000400000000420000000
00000410002040041000003013000030000021200
00003002030400000000000124000010000000300
