0 0 48 88 88 88 88 88 88 88 88 50 50 50 0 0 0 0 0 0 50 77 77 77 77 9 0 9 93 93 63 63 63 63 0 0 0 63 18 18 0 0 0 0 0 0 0 0 0 0
0 0 48 61 72 72 72 72 72 14 14 14 14 50 50 50 50 50 0 50 50 77 9 9 9 9 9 9 93 93 93 93 93 63 63 63 63 63 42 18 0 0 0 0 0 0 0 0 0 0
0 0 48 61 61 99 72 72 14 14 14 14 14 50 50 50 71 50 50 50 9 9 9 9 9 9 9 93 93 93 93 93 93 93 42 42 42 42 42 18 0 0 0 0 0 0 0 0 0 0
48 48 48 61 61 99 64 72 14 14 14 14 14 50 50 50 71 50 50 50 31 31 9 9 9 9 9 21 21 93 93 93 93 93 42 42 42 42 42 18 0 0 0 0 0 0 0 0 0 0
28 28 28 28 61 64 64 64 14 14 14 49 49 49 50 50 50 50 31 31 31 43 43 43 9 9 21 21 21 93 93 93 93 41 42 42 42 42 42 42 0 0 0 0 0 0 0 0 0 0
0 28 27 27 64 64 64 64 64 87 87 49 49 5 5 5 5 5 5 5 5 43 43 43 21 21 21 21 21 21 21 57 41 41 41 42 42 42 65 65 0 0 0 0 0 0 0 0 0 0
0 28 27 27 27 64 64 87 87 87 87 49 49 58 81 81 81 5 5 5 5 43 43 43 43 21 21 21 21 21 21 57 41 41 41 42 65 65 65 0 0 0 0 0 0 0 0 0 0 0
28 28 16 16 27 27 87 87 87 87 87 87 49 58 58 81 81 5 5 5 5 43 43 43 43 43 21 21 21 21 57 57 41 41 41 65 65 65 0 0 0 0 0 0 0 0 0 0 0 0
28 16 16 16 16 56 87 87 87 87 87 87 87 58 81 81 81 5 5 5 5 43 43 40 2 2 2 2 2 2 57 57 54 54 65 65 65 65 0 0 0 0 0 0 0 0 0 0 0 0
16 16 16 56 56 56 56 56 87 87 87 87 87 58 58 58 58 5 5 5 5 40 40 40 40 40 40 40 40 40 57 57 57 54 54 7 7 65 0 0 0 0 0 0 0 0 0 0 0 0
32 16 30 56 56 56 56 56 87 58 58 58 58 58 58 58 58 5 5 5 40 40 40 40 40 40 40 40 40 40 40 40 57 7 7 7 7 65 65 65 0 0 0 0 0 0 0 0 0 0
32 16 30 30 30 30 56 56 75 75 58 58 58 58 58 58 58 58 5 5 40 40 40 40 40 40 40 40 40 40 40 40 7 7 7 7 7 65 65 70 0 0 0 0 0 0 0 0 0 0
6 6 30 30 30 75 75 75 75 75 75 58 58 58 58 58 58 58 69 40 40 40 40 40 40 40 40 40 40 40 40 40 7 7 7 7 7 70 70 70 0 0 0 0 0 0 0 0 0 0
0 6 30 30 30 75 75 75 75 74 74 74 74 58 58 58 69 69 69 45 45 40 40 40 40 40 96 96 96 96 96 7 7 7 7 7 7 70 0 0 0 0 0 0 0 0 0 0 0 0
0 6 6 75 75 75 75 75 74 74 74 74 74 76 76 76 76 69 45 45 45 45 95 95 95 95 96 96 96 96 96 35 7 7 7 7 7 70 0 0 0 0 0 0 0 0 0 0 0 0
0 6 15 75 75 75 75 75 74 74 74 74 74 76 37 37 76 69 45 45 45 45 20 95 95 96 96 96 92 96 35 35 7 7 7 7 7 70 0 0 0 0 0 0 0 0 0 0 0 0
6 6 15 15 15 15 94 94 74 74 74 34 34 34 37 91 91 69 69 20 20 20 20 20 20 20 20 92 92 92 35 35 78 7 7 7 7 70 70 70 0 0 0 0 0 0 0 0 0 0
26 26 15 15 15 15 15 94 94 74 52 52 34 34 25 25 69 69 69 69 20 20 20 20 20 20 20 92 92 92 19 19 78 78 47 47 78 70 70 46 0 0 0 0 0 0 0 0 0 0
15 15 15 80 80 80 98 94 67 52 52 52 34 34 25 25 69 69 69 69 59 59 20 20 20 20 19 19 19 19 19 19 78 78 78 78 78 70 70 46 0 0 0 0 0 0 0 0 0 0
83 83 83 80 98 98 98 98 67 67 67 67 86 69 69 69 69 11 11 11 59 59 59 59 59 20 8 8 19 19 19 19 19 19 19 19 19 19 70 70 0 0 0 0 0 0 0 0 0 0
83 83 83 12 12 12 98 98 67 67 67 86 86 86 86 11 11 11 11 84 84 84 84 84 20 20 60 60 60 60 85 85 85 36 36 36 66 66 66 73 0 0 0 0 0 0 0 0 0 0
83 12 12 12 12 12 98 98 67 67 67 86 86 86 86 86 11 11 11 84 84 84 84 84 84 20 20 82 82 85 85 36 36 36 36 36 36 66 66 73 0 0 0 0 0 0 0 0 0 0
83 12 38 12 12 24 55 55 67 55 67 67 86 86 86 86 86 11 4 4 4 4 3 3 84 84 82 82 82 85 85 85 36 36 36 36 36 66 66 73 0 0 0 0 0 0 0 0 0 0
83 38 38 24 24 24 55 55 55 55 55 67 86 86 86 86 86 11 4 4 4 4 3 3 3 97 82 82 82 82 85 85 36 36 36 36 36 66 66 66 0 0 0 0 0 0 0 0 0 0
38 38 38 24 24 24 55 55 55 55 55 86 86 86 86 86 86 86 86 17 4 4 97 97 97 97 97 82 82 85 85 51 51 51 51 36 36 66 89 66 0 0 0 0 0 0 0 0 0 0
0 38 38 55 55 55 55 55 55 55 55 86 86 39 39 39 39 39 17 17 68 68 97 97 97 10 10 10 13 13 100 51 51 51 51 51 51 51 89 22 0 0 0 0 0 0 0 0 0 0
0 38 55 55 0 0 0 55 44 44 55 33 53 53 39 39 39 39 17 68 68 68 68 97 97 10 13 13 13 13 100 100 100 100 100 51 51 51 89 22 0 0 0 0 0 0 0 0 0 0
38 38 55 0 0 0 0 55 44 44 33 33 33 39 39 39 39 17 17 17 1 1 29 10 10 10 13 13 13 13 100 100 100 100 79 51 62 62 22 22 0 0 0 0 0 0 0 0 0 0
55 55 55 0 0 0 55 55 44 44 44 44 44 39 0 0 39 39 39 29 29 29 29 29 23 23 13 23 23 23 23 100 100 79 79 79 62 62 62 62 0 0 0 0 0 0 0 0 0 0
0 0 0 0 0 0 55 44 44 0 0 0 44 39 0 0 0 39 90 90 90 90 90 29 23 23 23 23 0 0 23 100 100 79 0 79 79 62 0 62 0 0 0 0 0 0 0 0 0 0
0 0 0 0 0 0 0 0 0 0 0 0 0 0 0 0 0 0 0 0 0 0 0 0 0 0 0 0 0 0 0 0 0 0 0 0 0 0 0 0 0 0 0 0 0 0 0 0 0 0
0 0 0 0 0 0 0 0 0 0 0 0 0 0 0 0 0 0 0 0 0 0 0 0 0 0 0 0 0 0 0 0 0 0 0 0 0 0 0 0 0 0 0 0 0 0 0 0 0 0
0 0 0 0 0 0 0 0 0 0 0 0 0 0 0 0 0 0 0 0 0 0 0 0 0 0 0 0 0 0 0 0 0 0 0 0 0 0 0 0 0 0 0 0 0 0 0 0 0 0
0 0 0 0 0 0 0 0 0 0 0 0 0 0 0 0 0 0 0 0 0 0 0 0 0 0 0 0 0 0 0 0 0 0 0 0 0 0 0 0 0 0 0 0 0 0 0 0 0 0
0 0 0 0 0 0 0 0 0 0 0 0 0 0 0 0 0 0 0 0 0 0 0 0 0 0 0 0 0 0 0 0 0 0 0 0 0 0 0 0 0 0 0 0 0 0 0 0 0 0
0 0 0 0 0 0 0 0 0 0 0 0 0 0 0 0 0 0 0 0 0 0 0 0 0 0 0 0 0 0 0 0 0 0 0 0 0 0 0 0 0 0 0 0 0 0 0 0 0 0
0 0 0 0 0 0 0 0 0 0 0 0 0 0 0 0 0 0 0 0 0 0 0 0 0 0 0 0 0 0 0 0 0 0 0 0 0 0 0 0 0 0 0 0 0 0 0 0 0 0
0 0 0 0 0 0 0 0 0 0 0 0 0 0 0 0 0 0 0 0 0 0 0 0 0 0 0 0 0 0 0 0 0 0 0 0 0 0 0 0 0 0 0 0 0 0 0 0 0 0
0 0 0 0 0 0 0 0 0 0 0 0 0 0 0 0 0 0 0 0 0 0 0 0 0 0 0 0 0 0 0 0 0 0 0 0 0 0 0 0 0 0 0 0 0 0 0 0 0 0
0 0 0 0 0 0 0 0 0 0 0 0 0 0 0 0 0 0 0 0 0 0 0 0 0 0 0 0 0 0 0 0 0 0 0 0 0 0 0 0 0 0 0 0 0 0 0 0 0 0
0 0 0 0 0 0 0 0 0 0 0 0 0 0 0 0 0 0 0 0 0 0 0 0 0 0 0 0 0 0 0 0 0 0 0 0 0 0 0 0 0 0 0 0 0 0 0 0 0 0
0 0 0 0 0 0 0 0 0 0 0 0 0 0 0 0 0 0 0 0 0 0 0 0 0 0 0 0 0 0 0 0 0 0 0 0 0 0 0 0 0 0 0 0 0 0 0 0 0 0
0 0 0 0 0 0 0 0 0 0 0 0 0 0 0 0 0 0 0 0 0 0 0 0 0 0 0 0 0 0 0 0 0 0 0 0 0 0 0 0 0 0 0 0 0 0 0 0 0 0
0 0 0 0 0 0 0 0 0 0 0 0 0 0 0 0 0 0 0 0 0 0 0 0 0 0 0 0 0 0 0 0 0 0 0 0 0 0 0 0 0 0 0 0 0 0 0 0 0 0
0 0 0 0 0 0 0 0 0 0 0 0 0 0 0 0 0 0 0 0 0 0 0 0 0 0 0 0 0 0 0 0 0 0 0 0 0 0 0 0 0 0 0 0 0 0 0 0 0 0
0 0 0 0 0 0 0 0 0 0 0 0 0 0 0 0 0 0 0 0 0 0 0 0 0 0 0 0 0 0 0 0 0 0 0 0 0 0 0 0 0 0 0 0 0 0 0 0 0 0
0 0 0 0 0 0 0 0 0 0 0 0 0 0 0 0 0 0 0 0 0 0 0 0 0 0 0 0 0 0 0 0 0 0 0 0 0 0 0 0 0 0 0 0 0 0 0 0 0 0
0 0 0 0 0 0 0 0 0 0 0 0 0 0 0 0 0 0 0 0 0 0 0 0 0 0 0 0 0 0 0 0 0 0 0 0 0 0 0 0 0 0 0 0 0 0 0 0 0 0
0 0 0 0 0 0 0 0 0 0 0 0 0 0 0 0 0 0 0 0 0 0 0 0 0 0 0 0 0 0 0 0 0 0 0 0 0 0 0 0 0 0 0 0 0 0 0 0 0 0
0 0 0 0 0 0 0 0 0 0 0 0 0 0 0 0 0 0 0 0 0 0 0 0 0 0 0 0 0 0 0 0 0 0 0 0 0 0 0 0 0 0 0 0 0 0 0 0 0 0
