0 0 0 0 0 41 41 73 73 73 73 11 11 11 0 0 11 64 70 70 70 70 64 64 76 22 22 22 15 0 15 0 0 0 0 0 0 0 0 0 0 0 0 0 0 0 0 0 0 0
0 41 41 41 41 41 73 73 73 18 18 18 18 11 11 11 11 64 64 64 64 64 64 64 76 48 48 48 15 15 15 0 0 0 0 0 0 0 0 0 0 0 0 0 0 0 0 0 0 0
41 41 23 23 23 23 23 73 50 50 50 50 50 11 11 11 11 16 16 16 16 56 74 74 74 48 48 98 98 53 53 0 0 0 0 0 0 0 0 0 0 0 0 0 0 0 0 0 0 0
47 23 23 23 23 23 27 27 50 50 50 50 50 11 11 11 11 16 16 16 9 56 56 56 56 56 56 56 98 53 53 0 0 0 0 0 0 0 0 0 0 0 0 0 0 0 0 0 0 0
47 23 23 23 23 23 66 27 27 50 50 50 50 30 96 96 96 96 16 96 9 9 40 40 56 56 14 14 98 98 53 0 0 0 0 0 0 0 0 0 0 0 0 0 0 0 0 0 0 0
47 23 23 23 23 66 66 27 27 27 50 100 100 30 30 96 96 96 96 96 9 9 9 40 40 40 14 40 98 4 53 0 0 0 0 0 0 0 0 0 0 0 0 0 0 0 0 0 0 0
47 47 37 37 66 66 66 27 27 27 100 100 100 35 30 36 36 96 96 96 9 90 90 40 40 40 40 40 4 4 53 0 0 0 0 0 0 0 0 0 0 0 0 0 0 0 0 0 0 0
47 47 37 37 7 7 7 7 27 27 100 100 100 35 30 36 36 96 96 13 13 90 90 90 40 40 40 40 4 4 53 0 0 0 0 0 0 0 0 0 0 0 0 0 0 0 0 0 0 0
47 37 37 37 7 7 7 7 27 54 100 100 100 35 69 69 36 96 13 13 1 90 90 90 84 40 40 4 4 4 46 0 0 0 0 0 0 0 0 0 0 0 0 0 0 0 0 0 0 0
21 21 37 37 7 7 7 54 54 54 100 100 85 35 69 69 36 36 13 13 1 90 79 84 84 40 43 43 43 43 46 0 0 0 0 0 0 0 0 0 0 0 0 0 0 0 0 0 0 0
0 21 37 37 37 7 7 54 54 54 100 100 85 35 69 69 36 36 31 1 1 31 79 79 79 79 79 79 6 43 46 0 0 0 0 0 0 0 0 0 0 0 0 0 0 0 0 0 0 0
0 21 37 37 37 54 54 54 54 54 88 88 88 35 35 31 31 31 31 31 31 31 31 79 79 79 79 79 6 43 46 0 0 0 0 0 0 0 0 0 0 0 0 0 0 0 0 0 0 0
21 21 61 61 54 54 54 54 54 54 8 8 35 35 35 31 31 31 31 31 31 12 12 12 79 79 79 60 60 43 43 0 0 0 0 0 0 0 0 0 0 0 0 0 0 0 0 0 0 0
21 61 61 61 61 61 87 87 34 8 8 8 8 32 26 31 31 31 2 2 93 93 71 12 12 5 5 5 60 60 58 0 0 0 0 0 0 0 0 0 0 0 0 0 0 0 0 0 0 0
21 61 61 61 61 61 49 49 34 34 32 32 32 32 26 26 26 26 2 2 93 93 71 71 5 5 5 5 60 60 60 0 0 0 0 0 0 0 0 0 0 0 0 0 0 0 0 0 0 0
21 95 95 95 95 33 49 49 34 34 32 32 32 32 26 26 26 26 2 2 93 93 71 71 5 5 5 5 60 60 60 0 0 0 0 0 0 0 0 0 0 0 0 0 0 0 0 0 0 0
95 95 95 95 33 33 34 34 34 34 32 63 63 32 10 26 26 26 2 78 93 71 71 71 5 5 5 5 60 60 89 0 0 0 0 0 0 0 0 0 0 0 0 0 0 0 0 0 0 0
95 52 95 95 33 33 34 34 34 34 63 63 63 44 10 10 10 55 78 78 71 71 71 71 71 5 5 89 89 89 89 0 0 0 0 0 0 0 0 0 0 0 0 0 0 0 0 0 0 0
52 52 33 33 33 33 33 59 59 63 63 63 63 44 55 55 55 55 78 78 71 71 71 71 71 5 5 89 89 89 89 0 0 0 0 0 0 0 0 0 0 0 0 0 0 0 0 0 0 0
52 52 52 52 19 19 19 59 59 59 63 63 28 92 92 92 92 55 55 55 71 71 77 77 71 5 89 89 57 57 51 0 0 0 0 0 0 0 0 0 0 0 0 0 0 0 0 0 0 0
38 38 38 19 19 19 19 19 59 59 59 63 28 92 92 92 92 92 55 55 71 77 77 77 77 77 89 89 57 57 51 0 0 0 0 0 0 0 0 0 0 0 0 0 0 0 0 0 0 0
65 38 38 38 19 19 19 80 80 59 59 63 28 17 45 45 45 45 55 55 77 77 77 77 77 77 89 57 57 57 51 0 0 0 0 0 0 0 0 0 0 0 0 0 0 0 0 0 0 0
65 25 38 38 19 19 19 80 42 59 59 63 28 17 45 45 45 45 45 45 77 77 77 77 77 77 72 57 57 57 39 0 0 0 0 0 0 0 0 0 0 0 0 0 0 0 0 0 0 0
65 25 25 19 19 19 19 80 42 67 20 28 28 17 45 45 45 45 45 45 77 77 77 77 77 77 72 57 72 39 39 0 0 0 0 0 0 0 0 0 0 0 0 0 0 0 0 0 0 0
65 25 25 19 68 68 19 19 42 67 20 20 28 17 45 45 45 45 45 77 77 77 77 77 77 72 72 72 72 39 39 0 0 0 0 0 0 0 0 0 0 0 0 0 0 0 0 0 0 0
65 65 94 94 68 19 19 42 42 20 20 97 97 17 45 45 45 45 45 77 77 77 77 77 77 72 72 72 72 39 3 0 0 0 0 0 0 0 0 0 0 0 0 0 0 0 0 0 0 0
65 81 81 75 68 19 99 99 99 20 97 97 17 17 45 45 45 45 45 77 77 77 77 77 77 72 72 72 72 39 3 0 0 0 0 0 0 0 0 0 0 0 0 0 0 0 0 0 0 0
81 81 81 75 99 99 99 99 99 97 97 97 97 17 45 45 45 45 86 77 62 77 77 77 77 72 72 72 72 39 3 0 0 0 0 0 0 0 0 0 0 0 0 0 0 0 0 0 0 0
81 81 83 83 99 99 99 99 97 97 0 0 97 17 86 86 86 86 86 86 62 77 77 72 72 72 72 72 72 3 3 0 0 0 0 0 0 0 0 0 0 0 0 0 0 0 0 0 0 0
29 82 83 83 99 99 99 99 97 0 0 0 97 97 86 86 86 62 62 62 62 62 77 77 72 72 72 72 72 24 24 0 0 0 0 0 0 0 0 0 0 0 0 0 0 0 0 0 0 0
29 82 83 83 99 0 0 99 97 0 0 0 97 86 86 86 91 91 91 62 0 62 62 77 72 0 0 72 24 24 0 0 0 0 0 0 0 0 0 0 0 0 0 0 0 0 0 0 0 0
0 0 0 0 0 0 0 0 0 0 0 0 0 0 0 0 0 0 0 0 0 0 0 0 0 0 0 0 0 0 0 0 0 0 0 0 0 0 0 0 0 0 0 0 0 0 0 0 0 0
0 0 0 0 0 0 0 0 0 0 0 0 0 0 0 0 0 0 0 0 0 0 0 0 0 0 0 0 0 0 0 0 0 0 0 0 0 0 0 0 0 0 0 0 0 0 0 0 0 0
0 0 0 0 0 0 0 0 0 0 0 0 0 0 0 0 0 0 0 0 0 0 0 0 0 0 0 0 0 0 0 0 0 0 0 0 0 0 0 0 0 0 0 0 0 0 0 0 0 0
0 0 0 0 0 0 0 0 0 0 0 0 0 0 0 0 0 0 0 0 0 0 0 0 0 0 0 0 0 0 0 0 0 0 0 0 0 0 0 0 0 0 0 0 0 0 0 0 0 0
0 0 0 0 0 0 0 0 0 0 0 0 0 0 0 0 0 0 0 0 0 0 0 0 0 0 0 0 0 0 0 0 0 0 0 0 0 0 0 0 0 0 0 0 0 0 0 0 0 0
0 0 0 0 0 0 0 0 0 0 0 0 0 0 0 0 0 0 0 0 0 0 0 0 0 0 0 0 0 0 0 0 0 0 0 0 0 0 0 0 0 0 0 0 0 0 0 0 0 0
0 0 0 0 0 0 0 0 0 0 0 0 0 0 0 0 0 0 0 0 0 0 0 0 0 0 0 0 0 0 0 0 0 0 0 0 0 0 0 0 0 0 0 0 0 0 0 0 0 0
0 0 0 0 0 0 0 0 0 0 0 0 0 0 0 0 0 0 0 0 0 0 0 0 0 0 0 0 0 0 0 0 0 0 0 0 0 0 0 0 0 0 0 0 0 0 0 0 0 0
0 0 0 0 0 0 0 0 0 0 0 0 0 0 0 0 0 0 0 0 0 0 0 0 0 0 0 0 0 0 0 0 0 0 0 0 0 0 0 0 0 0 0 0 0 0 0 0 0 0
0 0 0 0 0 0 0 0 0 0 0 0 0 0 0 0 0 0 0 0 0 0 0 0 0 0 0 0 0 0 0 0 0 0 0 0 0 0 0 0 0 0 0 0 0 0 0 0 0 0
0 0 0 0 0 0 0 0 0 0 0 0 0 0 0 0 0 0 0 0 0 0 0 0 0 0 0 0 0 0 0 0 0 0 0 0 0 0 0 0 0 0 0 0 0 0 0 0 0 0
0 0 0 0 0 0 0 0 0 0 0 0 0 0 0 0 0 0 0 0 0 0 0 0 0 0 0 0 0 0 0 0 0 0 0 0 0 0 0 0 0 0 0 0 0 0 0 0 0 0
0 0 0 0 0 0 0 0 0 0 0 0 0 0 0 0 0 0 0 0 0 0 0 0 0 0 0 0 0 0 0 0 0 0 0 0 0 0 0 0 0 0 0 0 0 0 0 0 0 0
0 0 0 0 0 0 0 0 0 0 0 0 0 0 0 0 0 0 0 0 0 0 0 0 0 0 0 0 0 0 0 0 0 0 0 0 0 0 0 0 0 0 0 0 0 0 0 0 0 0
0 0 0 0 0 0 0 0 0 0 0 0 0 0 0 0 0 0 0 0 0 0 0 0 0 0 0 0 0 0 0 0 0 0 0 0 0 0 0 0 0 0 0 0 0 0 0 0 0 0
0 0 0 0 0 0 0 0 0 0 0 0 0 0 0 0 0 0 0 0 0 0 0 0 0 0 0 0 0 0 0 0 0 0 0 0 0 0 0 0 0 0 0 0 0 0 0 0 0 0
0 0 0 0 0 0 0 0 0 0 0 0 0 0 0 0 0 0 0 0 0 0 0 0 0 0 0 0 0 0 0 0 0 0 0 0 0 0 0 0 0 0 0 0 0 0 0 0 0 0
0 0 0 0 0 0 0 0 0 0 0 0 0 0 0 0 0 0 0 0 0 0 0 0 0 0 0 0 0 0 0 0 0 0 0 0 0 0 0 0 0 0 0 0 0 0 0 0 0 0
0 0 0 0 0 0 0 0 0 0 0 0 0 0 0 0 0 0 0 0 0 0 0 0 0 0 0 0 0 0 0 0 0 0 0 0 0 0 0 0 0 0 0 0 0 0 0 0 0 0
