0 0 90 90 90 63 63 63 63 63 99 99 99 1 1 1 88 0 88 88 88 88 88 59 53 53 53 53 53 53 53 53 53 53 53 53 53 0 0 0 0 0 0 0 0 0 0 0 0 0
90 90 90 10 10 10 23 23 23 23 23 99 99 99 99 99 88 88 88 61 61 59 59 59 59 59 59 38 38 38 38 38 38 38 38 38 38 0 0 0 0 0 0 0 0 0 0 0 0 0
10 10 10 10 10 10 23 23 23 23 23 99 99 99 99 99 61 61 61 61 19 59 59 59 59 31 31 30 30 38 38 38 38 38 38 38 38 0 0 0 0 0 0 0 0 0 0 0 0 0
39 39 39 39 39 39 39 44 44 44 44 44 99 99 44 44 61 61 61 61 19 19 19 19 31 31 31 31 31 31 38 38 38 38 92 92 92 0 0 0 0 0 0 0 0 0 0 0 0 0
7 65 65 65 9 9 9 44 44 44 44 44 44 44 44 44 44 61 61 68 68 68 19 19 68 48 31 31 86 31 86 86 92 92 92 92 0 0 0 0 0 0 0 0 0 0 0 0 0 0
7 65 49 49 9 9 9 9 44 44 44 13 44 44 44 44 13 13 68 68 68 68 68 68 68 48 86 86 86 86 86 86 92 92 92 92 0 0 0 0 0 0 0 0 0 0 0 0 0 0
7 21 49 49 49 9 9 9 44 44 44 13 13 13 13 13 13 13 76 68 68 68 68 68 48 48 48 48 86 86 86 86 86 92 92 92 92 0 0 0 0 0 0 0 0 0 0 0 0 0
7 21 21 21 33 33 33 33 33 33 33 13 13 13 80 80 27 76 76 75 75 75 75 35 35 35 35 35 35 35 32 32 96 96 96 15 15 0 0 0 0 0 0 0 0 0 0 0 0 0
43 43 85 85 33 33 33 33 33 33 33 13 34 80 80 80 27 27 76 75 75 75 75 35 35 35 35 35 35 35 32 32 32 96 96 96 15 0 0 0 0 0 0 0 0 0 0 0 0 0
0 43 43 25 25 33 33 33 33 97 13 13 34 34 80 80 27 27 76 2 75 75 75 35 35 35 93 93 35 35 32 32 32 96 96 15 15 0 0 0 0 0 0 0 0 0 0 0 0 0
0 0 43 43 43 43 33 97 97 97 55 55 55 34 80 80 76 76 76 2 2 75 75 72 72 35 93 93 93 93 32 32 32 98 4 4 15 0 0 0 0 0 0 0 0 0 0 0 0 0
0 0 0 43 43 97 97 97 97 97 55 55 34 34 34 80 76 76 76 2 2 75 75 72 72 3 3 93 50 50 32 32 98 98 4 4 15 0 0 0 0 0 0 0 0 0 0 0 0 0
0 0 43 43 43 97 97 97 97 97 55 55 34 34 24 24 76 76 76 2 2 2 2 72 72 72 3 3 6 50 26 32 98 98 98 4 4 0 0 0 0 0 0 0 0 0 0 0 0 0
43 43 43 62 43 62 97 97 97 97 55 55 55 24 24 24 24 18 18 2 94 2 2 72 72 3 3 3 6 6 26 26 98 52 98 4 4 0 0 0 0 0 0 0 0 0 0 0 0 0
62 62 62 62 62 62 62 62 97 16 16 42 55 24 24 24 24 18 18 18 94 14 72 72 72 72 3 6 6 6 52 52 52 52 51 51 51 0 0 0 0 0 0 0 0 0 0 0 0 0
66 62 62 62 62 62 62 62 97 16 16 42 24 24 24 24 18 18 18 18 94 14 72 72 29 12 12 11 11 11 11 11 11 11 51 0 0 0 0 0 0 0 0 0 0 0 0 0 0 0
66 66 66 66 66 62 62 16 16 16 42 42 70 24 18 18 18 18 64 64 14 14 14 72 29 29 12 12 12 12 11 11 11 51 51 0 0 0 0 0 0 0 0 0 0 0 0 0 0 0
0 66 66 66 66 66 62 16 16 16 42 70 70 70 18 18 64 64 64 69 14 8 8 72 72 29 12 12 12 12 11 11 11 82 51 51 0 0 0 0 0 0 0 0 0 0 0 0 0 0
0 66 66 66 66 84 37 37 37 42 42 70 70 70 70 18 64 64 64 69 8 8 8 72 72 29 29 12 12 46 46 11 82 82 74 51 51 0 0 0 0 0 0 0 0 0 0 0 0 0
66 66 66 66 84 84 37 37 37 37 70 70 70 70 70 70 64 64 64 69 8 8 8 8 8 29 8 46 46 46 46 11 82 82 74 74 74 0 0 0 0 0 0 0 0 0 0 0 0 0
84 84 84 84 84 84 84 37 37 37 37 73 73 70 64 64 64 64 64 69 8 8 95 8 8 8 8 8 46 46 100 82 82 82 82 74 0 0 0 0 0 0 0 0 0 0 0 0 0 0
0 0 84 84 84 84 84 37 37 37 73 73 73 73 73 64 64 64 64 69 69 95 95 8 8 8 100 100 100 100 100 82 82 82 82 74 0 0 0 0 0 0 0 0 0 0 0 0 0 0
0 0 84 84 87 87 87 37 37 73 73 78 73 73 36 36 36 36 36 69 69 69 95 8 8 8 79 79 79 79 82 82 82 82 74 74 0 0 0 0 0 0 0 0 0 0 0 0 0 0
0 0 84 87 87 87 87 37 37 78 78 78 73 73 36 36 36 60 60 69 91 69 91 91 91 91 79 79 79 79 82 82 82 74 74 0 0 0 0 0 0 0 0 0 0 0 0 0 0 0
84 84 84 87 87 87 67 67 67 67 78 78 78 78 36 36 36 36 60 60 91 91 91 91 91 91 91 82 82 82 82 83 74 74 74 0 0 0 0 0 0 0 0 0 0 0 0 0 0 0
41 41 41 41 41 41 41 28 28 67 67 67 78 78 36 36 60 60 60 60 57 91 91 47 47 91 47 47 81 82 83 83 77 77 74 0 0 0 0 0 0 0 0 0 0 0 0 0 0 0
0 41 41 41 41 41 41 41 28 67 67 67 78 78 36 60 60 60 60 57 57 57 91 47 47 47 47 81 81 77 77 77 77 77 74 74 74 0 0 0 0 0 0 0 0 0 0 0 0 0
41 41 41 17 41 41 41 41 45 67 67 67 78 40 40 40 60 60 60 57 57 57 91 47 47 47 47 47 81 22 77 77 77 77 5 5 74 0 0 0 0 0 0 0 0 0 0 0 0 0
17 41 17 17 17 41 41 41 45 67 67 67 54 40 40 40 40 89 89 57 57 57 91 71 71 47 71 71 71 22 22 77 77 77 5 5 77 0 0 0 0 0 0 0 0 0 0 0 0 0
17 17 17 0 17 17 41 17 45 20 67 67 54 40 40 40 40 40 57 57 58 58 58 71 71 71 71 71 22 22 22 22 77 77 77 77 77 0 0 0 0 0 0 0 0 0 0 0 0 0
0 0 0 0 0 17 17 17 20 20 20 20 54 54 54 40 56 56 56 57 58 0 58 71 0 0 0 71 71 22 0 22 22 77 0 0 77 0 0 0 0 0 0 0 0 0 0 0 0 0
0 0 0 0 0 0 0 0 0 0 0 0 0 0 0 0 0 0 0 0 0 0 0 0 0 0 0 0 0 0 0 0 0 0 0 0 0 0 0 0 0 0 0 0 0 0 0 0 0 0
0 0 0 0 0 0 0 0 0 0 0 0 0 0 0 0 0 0 0 0 0 0 0 0 0 0 0 0 0 0 0 0 0 0 0 0 0 0 0 0 0 0 0 0 0 0 0 0 0 0
0 0 0 0 0 0 0 0 0 0 0 0 0 0 0 0 0 0 0 0 0 0 0 0 0 0 0 0 0 0 0 0 0 0 0 0 0 0 0 0 0 0 0 0 0 0 0 0 0 0
0 0 0 0 0 0 0 0 0 0 0 0 0 0 0 0 0 0 0 0 0 0 0 0 0 0 0 0 0 0 0 0 0 0 0 0 0 0 0 0 0 0 0 0 0 0 0 0 0 0
0 0 0 0 0 0 0 0 0 0 0 0 0 0 0 0 0 0 0 0 0 0 0 0 0 0 0 0 0 0 0 0 0 0 0 0 0 0 0 0 0 0 0 0 0 0 0 0 0 0
0 0 0 0 0 0 0 0 0 0 0 0 0 0 0 0 0 0 0 0 0 0 0 0 0 0 0 0 0 0 0 0 0 0 0 0 0 0 0 0 0 0 0 0 0 0 0 0 0 0
0 0 0 0 0 0 0 0 0 0 0 0 0 0 0 0 0 0 0 0 0 0 0 0 0 0 0 0 0 0 0 0 0 0 0 0 0 0 0 0 0 0 0 0 0 0 0 0 0 0
0 0 0 0 0 0 0 0 0 0 0 0 0 0 0 0 0 0 0 0 0 0 0 0 0 0 0 0 0 0 0 0 0 0 0 0 0 0 0 0 0 0 0 0 0 0 0 0 0 0
0 0 0 0 0 0 0 0 0 0 0 0 0 0 0 0 0 0 0 0 0 0 0 0 0 0 0 0 0 0 0 0 0 0 0 0 0 0 0 0 0 0 0 0 0 0 0 0 0 0
0 0 0 0 0 0 0 0 0 0 0 0 0 0 0 0 0 0 0 0 0 0 0 0 0 0 0 0 0 0 0 0 0 0 0 0 0 0 0 0 0 0 0 0 0 0 0 0 0 0
0 0 0 0 0 0 0 0 0 0 0 0 0 0 0 0 0 0 0 0 0 0 0 0 0 0 0 0 0 0 0 0 0 0 0 0 0 0 0 0 0 0 0 0 0 0 0 0 0 0
0 0 0 0 0 0 0 0 0 0 0 0 0 0 0 0 0 0 0 0 0 0 0 0 0 0 0 0 0 0 0 0 0 0 0 0 0 0 0 0 0 0 0 0 0 0 0 0 0 0
0 0 0 0 0 0 0 0 0 0 0 0 0 0 0 0 0 0 0 0 0 0 0 0 0 0 0 0 0 0 0 0 0 0 0 0 0 0 0 0 0 0 0 0 0 0 0 0 0 0
0 0 0 0 0 0 0 0 0 0 0 0 0 0 0 0 0 0 0 0 0 0 0 0 0 0 0 0 0 0 0 0 0 0 0 0 0 0 0 0 0 0 0 0 0 0 0 0 0 0
0 0 0 0 0 0 0 0 0 0 0 0 0 0 0 0 0 0 0 0 0 0 0 0 0 0 0 0 0 0 0 0 0 0 0 0 0 0 0 0 0 0 0 0 0 0 0 0 0 0
0 0 0 0 0 0 0 0 0 0 0 0 0 0 0 0 0 0 0 0 0 0 0 0 0 0 0 0 0 0 0 0 0 0 0 0 0 0 0 0 0 0 0 0 0 0 0 0 0 0
0 0 0 0 0 0 0 0 0 0 0 0 0 0 0 0 0 0 0 0 0 0 0 0 0 0 0 0 0 0 0 0 0 0 0 0 0 0 0 0 0 0 0 0 0 0 0 0 0 0
0 0 0 0 0 0 0 0 0 0 0 0 0 0 0 0 0 0 0 0 0 0 0 0 0 0 0 0 0 0 0 0 0 0 0 0 0 0 0 0 0 0 0 0 0 0 0 0 0 0
0 0 0 0 0 0 0 0 0 0 0 0 0 0 0 0 0 0 0 0 0 0 0 0 0 0 0 0 0 0 0 0 0 0 0 0 0 0 0 0 0 0 0 0 0 0 0 0 0 0
