0 7 95 95 95 95 95 77 77 77 27 27 0 0 27 27 96 0 0 0 0 0 0 96 96 33 33 33 33 0 0 0 33 0 0 0 0 0 0 0 0 0 0 0 0 0 0 0 0 0
0 7 8 8 8 77 77 77 73 73 73 27 27 27 27 50 96 96 0 0 0 0 96 96 88 88 88 88 33 33 33 33 33 0 0 0 0 0 0 0 0 0 0 0 0 0 0 0 0 0
0 7 8 94 94 8 8 55 73 73 73 73 73 64 50 50 50 96 96 96 96 96 96 88 88 88 88 46 46 46 33 32 32 0 0 0 0 0 0 0 0 0 0 0 0 0 0 0 0 0
7 7 8 8 8 8 55 55 73 73 73 73 73 64 50 50 50 96 96 96 70 88 88 88 88 88 88 88 46 46 32 32 0 0 0 0 0 0 0 0 0 0 0 0 0 0 0 0 0 0
7 8 8 8 8 8 28 73 73 53 53 53 16 64 50 50 50 96 96 70 70 70 88 88 88 88 88 76 46 46 46 32 0 0 0 0 0 0 0 0 0 0 0 0 0 0 0 0 0 0
7 7 8 8 8 28 28 73 73 36 36 36 16 64 50 50 50 96 70 70 70 70 70 70 88 4 4 76 76 46 54 32 0 0 0 0 0 0 0 0 0 0 0 0 0 0 0 0 0 0
7 7 8 8 8 28 28 36 36 36 36 36 36 64 50 50 50 70 70 70 70 70 70 70 88 76 76 76 76 76 54 32 0 0 0 0 0 0 0 0 0 0 0 0 0 0 0 0 0 0
98 7 8 8 28 28 28 36 36 36 36 36 36 36 50 50 50 50 70 70 70 70 70 70 76 76 76 54 76 76 54 32 0 0 0 0 0 0 0 0 0 0 0 0 0 0 0 0 0 0
98 26 26 26 28 28 28 93 36 36 36 36 36 36 50 50 50 50 38 70 70 70 70 70 70 54 54 54 54 54 54 32 32 0 0 0 0 0 0 0 0 0 0 0 0 0 0 0 0 0
98 26 26 26 26 28 28 93 93 93 36 36 36 36 66 50 51 38 38 38 70 70 70 5 54 54 54 54 54 54 54 13 13 0 0 0 0 0 0 0 0 0 0 0 0 0 0 0 0 0
98 26 25 25 25 93 93 93 93 93 93 93 36 58 66 66 51 51 38 38 70 70 5 5 5 5 5 5 13 13 13 13 0 0 0 0 0 0 0 0 0 0 0 0 0 0 0 0 0 0
98 98 25 25 25 25 25 93 93 93 42 42 58 58 58 66 66 51 38 38 38 5 5 5 5 5 5 5 13 13 13 13 0 0 0 0 0 0 0 0 0 0 0 0 0 0 0 0 0 0
0 98 25 25 25 25 25 42 42 42 42 42 42 58 58 66 66 51 10 10 10 10 35 5 12 12 5 13 13 13 13 13 13 0 0 0 0 0 0 0 0 0 0 0 0 0 0 0 0 0
0 98 25 25 25 25 25 42 42 42 42 42 42 58 58 66 51 51 10 10 35 35 35 34 12 12 13 13 13 13 13 13 18 0 0 0 0 0 0 0 0 0 0 0 0 0 0 0 0 0
98 98 25 80 80 25 60 60 60 42 42 42 37 37 58 51 51 51 10 83 45 35 34 34 34 12 13 34 13 13 13 18 18 0 0 0 0 0 0 0 0 0 0 0 0 0 0 0 0 0
98 80 80 80 80 25 25 60 60 60 74 42 37 37 37 51 51 51 10 83 45 35 34 34 34 34 34 34 13 13 18 18 0 0 0 0 0 0 0 0 0 0 0 0 0 0 0 0 0 0
80 80 80 80 80 80 60 60 60 60 74 61 61 37 37 51 24 24 24 45 45 35 34 34 34 34 34 34 13 13 18 18 18 0 0 0 0 0 0 0 0 0 0 0 0 0 0 0 0 0
80 80 80 80 80 80 60 60 60 74 74 61 61 37 24 24 24 24 24 47 45 34 34 34 34 63 34 34 13 18 18 18 56 0 0 0 0 0 0 0 0 0 0 0 0 0 0 0 0 0
72 72 11 11 11 11 60 29 29 29 29 61 61 61 24 24 24 24 47 47 47 47 47 3 84 63 63 63 63 63 97 18 56 0 0 0 0 0 0 0 0 0 0 0 0 0 0 0 0 0
0 72 11 11 11 89 89 89 29 69 29 29 61 22 22 22 24 24 47 47 47 47 47 3 84 84 63 63 63 97 97 18 56 0 0 0 0 0 0 0 0 0 0 0 0 0 0 0 0 0
0 72 11 11 11 89 89 89 29 69 6 22 22 22 22 22 22 22 47 47 47 3 3 3 84 1 1 63 63 97 97 78 78 0 0 0 0 0 0 0 0 0 0 0 0 0 0 0 0 0
0 72 85 85 30 30 30 30 69 69 6 6 6 6 22 22 22 82 82 82 3 3 3 3 3 1 1 1 78 78 78 78 78 0 0 0 0 0 0 0 0 0 0 0 0 0 0 0 0 0
72 72 85 85 30 30 30 30 69 69 6 6 81 81 81 22 82 82 82 82 3 3 3 3 3 3 43 43 43 78 75 75 78 0 0 0 0 0 0 0 0 0 0 0 0 0 0 0 0 0
62 62 85 30 30 30 30 30 30 69 81 6 81 81 81 22 82 82 82 82 82 3 82 3 3 52 43 43 43 43 75 15 78 0 0 0 0 0 0 0 0 0 0 0 0 0 0 0 0 0
62 19 85 30 30 30 30 30 30 69 81 81 81 81 81 22 82 82 82 82 82 82 82 3 52 52 52 43 43 43 49 15 15 0 0 0 0 0 0 0 0 0 0 0 0 0 0 0 0 0
62 19 85 71 30 30 30 39 39 39 39 39 81 81 40 82 82 82 82 82 82 82 99 99 99 99 99 99 43 49 49 15 15 0 0 0 0 0 0 0 0 0 0 0 0 0 0 0 0 0
19 19 71 71 71 30 39 39 9 39 39 81 81 40 40 41 82 82 82 82 82 82 67 99 99 99 21 21 43 49 49 49 15 0 0 0 0 0 0 0 0 0 0 0 0 0 0 0 0 0
100 19 71 71 71 9 9 9 9 9 9 9 81 40 41 41 41 41 41 41 67 67 67 67 99 21 21 21 49 49 49 49 57 0 0 0 0 0 0 0 0 0 0 0 0 0 0 0 0 0
100 100 100 100 9 9 9 9 9 9 9 9 40 40 41 41 41 41 41 67 67 67 67 67 67 21 21 21 20 49 49 49 57 0 0 0 0 0 0 0 0 0 0 0 0 0 0 0 0 0
0 100 100 100 100 65 65 9 9 9 9 91 91 91 41 86 86 86 86 86 67 67 67 67 67 59 59 21 20 20 20 57 57 0 0 0 0 0 0 0 0 0 0 0 0 0 0 0 0 0
0 100 100 65 65 65 65 90 90 9 91 91 91 91 14 14 17 17 17 17 67 67 67 31 44 59 21 21 21 20 57 57 68 0 0 0 0 0 0 0 0 0 0 0 0 0 0 0 0 0
100 100 92 65 65 65 65 92 90 91 91 91 91 91 14 14 17 17 17 17 67 67 67 31 44 59 59 59 59 57 57 57 68 0 0 0 0 0 0 0 0 0 0 0 0 0 0 0 0 0
92 92 92 92 92 92 92 92 90 90 91 91 91 14 14 14 48 87 17 17 79 79 79 79 79 59 59 59 57 57 57 57 68 0 0 0 0 0 0 0 0 0 0 0 0 0 0 0 0 0
0 92 0 0 0 0 92 23 23 23 91 91 14 14 14 2 48 87 17 17 79 0 0 0 79 59 59 57 57 57 57 68 68 0 0 0 0 0 0 0 0 0 0 0 0 0 0 0 0 0
92 92 0 0 0 0 92 23 0 23 23 23 14 0 14 2 48 87 17 79 79 0 0 0 79 79 79 57 0 0 57 68 0 0 0 0 0 0 0 0 0 0 0 0 0 0 0 0 0 0
0 0 0 0 0 0 0 0 0 0 0 0 0 0 0 0 0 0 0 0 0 0 0 0 0 0 0 0 0 0 0 0 0 0 0 0 0 0 0 0 0 0 0 0 0 0 0 0 0 0
0 0 0 0 0 0 0 0 0 0 0 0 0 0 0 0 0 0 0 0 0 0 0 0 0 0 0 0 0 0 0 0 0 0 0 0 0 0 0 0 0 0 0 0 0 0 0 0 0 0
0 0 0 0 0 0 0 0 0 0 0 0 0 0 0 0 0 0 0 0 0 0 0 0 0 0 0 0 0 0 0 0 0 0 0 0 0 0 0 0 0 0 0 0 0 0 0 0 0 0
0 0 0 0 0 0 0 0 0 0 0 0 0 0 0 0 0 0 0 0 0 0 0 0 0 0 0 0 0 0 0 0 0 0 0 0 0 0 0 0 0 0 0 0 0 0 0 0 0 0
0 0 0 0 0 0 0 0 0 0 0 0 0 0 0 0 0 0 0 0 0 0 0 0 0 0 0 0 0 0 0 0 0 0 0 0 0 0 0 0 0 0 0 0 0 0 0 0 0 0
0 0 0 0 0 0 0 0 0 0 0 0 0 0 0 0 0 0 0 0 0 0 0 0 0 0 0 0 0 0 0 0 0 0 0 0 0 0 0 0 0 0 0 0 0 0 0 0 0 0
0 0 0 0 0 0 0 0 0 0 0 0 0 0 0 0 0 0 0 0 0 0 0 0 0 0 0 0 0 0 0 0 0 0 0 0 0 0 0 0 0 0 0 0 0 0 0 0 0 0
0 0 0 0 0 0 0 0 0 0 0 0 0 0 0 0 0 0 0 0 0 0 0 0 0 0 0 0 0 0 0 0 0 0 0 0 0 0 0 0 0 0 0 0 0 0 0 0 0 0
0 0 0 0 0 0 0 0 0 0 0 0 0 0 0 0 0 0 0 0 0 0 0 0 0 0 0 0 0 0 0 0 0 0 0 0 0 0 0 0 0 0 0 0 0 0 0 0 0 0
0 0 0 0 0 0 0 0 0 0 0 0 0 0 0 0 0 0 0 0 0 0 0 0 0 0 0 0 0 0 0 0 0 0 0 0 0 0 0 0 0 0 0 0 0 0 0 0 0 0
0 0 0 0 0 0 0 0 0 0 0 0 0 0 0 0 0 0 0 0 0 0 0 0 0 0 0 0 0 0 0 0 0 0 0 0 0 0 0 0 0 0 0 0 0 0 0 0 0 0
0 0 0 0 0 0 0 0 0 0 0 0 0 0 0 0 0 0 0 0 0 0 0 0 0 0 0 0 0 0 0 0 0 0 0 0 0 0 0 0 0 0 0 0 0 0 0 0 0 0
0 0 0 0 0 0 0 0 0 0 0 0 0 0 0 0 0 0 0 0 0 0 0 0 0 0 0 0 0 0 0 0 0 0 0 0 0 0 0 0 0 0 0 0 0 0 0 0 0 0
0 0 0 0 0 0 0 0 0 0 0 0 0 0 0 0 0 0 0 0 0 0 0 0 0 0 0 0 0 0 0 0 0 0 0 0 0 0 0 0 0 0 0 0 0 0 0 0 0 0
0 0 0 0 0 0 0 0 0 0 0 0 0 0 0 0 0 0 0 0 0 0 0 0 0 0 0 0 0 0 0 0 0 0 0 0 0 0 0 0 0 0 0 0 0 0 0 0 0 0
