47 74 74 3 59 59 9 0 0 0 0 0 9 49 0 0 0 0 49 61 61 92 92 0 92 42 0 0 0 42 5 57 57 0 57 0 0 0 0 0 0 0 0 0 0 0 0 0 0 0
47 74 39 3 59 9 9 9 9 9 9 9 9 49 0 0 0 49 49 61 61 61 92 92 92 42 42 42 42 42 5 5 57 57 57 0 0 0 0 0 0 0 0 0 0 0 0 0 0 0
74 74 39 39 39 9 9 9 95 95 9 9 49 49 0 0 0 49 61 61 61 61 61 92 92 42 42 25 25 5 5 5 5 5 57 0 0 0 0 0 0 0 0 0 0 0 0 0 0 0
74 74 74 39 9 9 9 9 9 9 9 49 49 49 0 0 0 49 49 61 61 61 61 92 92 92 25 25 5 5 5 5 5 5 5 0 0 0 0 0 0 0 0 0 0 0 0 0 0 0
74 89 83 83 83 83 83 9 9 9 9 54 54 49 0 0 0 49 49 45 45 45 45 92 92 92 75 75 75 75 5 75 75 75 75 0 0 0 0 0 0 0 0 0 0 0 0 0 0 0
89 89 89 83 83 83 83 9 46 9 9 9 54 49 49 49 49 49 82 45 45 45 45 92 92 93 75 75 75 75 75 75 75 75 0 0 0 0 0 0 0 0 0 0 0 0 0 0 0 0
15 15 89 89 83 83 83 46 46 46 24 24 54 54 54 54 49 82 82 82 45 45 45 92 92 93 75 75 75 75 75 75 75 75 0 0 0 0 0 0 0 0 0 0 0 0 0 0 0 0
0 15 89 36 36 83 83 46 46 46 51 24 54 54 54 54 54 54 82 82 45 45 45 29 29 93 75 75 75 75 26 26 26 75 0 0 0 0 0 0 0 0 0 0 0 0 0 0 0 0
0 15 15 36 36 46 46 46 66 51 51 24 54 54 54 54 54 6 6 45 45 45 45 29 29 93 93 75 75 75 26 26 26 75 75 0 0 0 0 0 0 0 0 0 0 0 0 0 0 0
0 0 15 36 36 46 46 46 66 51 51 24 24 24 54 54 54 6 2 30 45 45 45 29 29 29 93 93 93 93 26 26 26 50 50 0 0 0 0 0 0 0 0 0 0 0 0 0 0 0
0 0 15 15 19 19 46 46 46 51 51 24 24 24 13 13 54 76 2 30 30 30 45 29 29 29 29 93 93 93 26 26 50 50 0 0 0 0 0 0 0 0 0 0 0 0 0 0 0 0
0 0 15 15 19 19 19 46 71 71 24 24 24 24 24 13 76 76 2 30 30 30 45 29 29 29 93 93 93 93 93 78 50 50 0 0 0 0 0 0 0 0 0 0 0 0 0 0 0 0
15 15 15 19 19 19 19 19 19 71 71 24 24 24 24 76 76 76 2 2 30 30 45 29 29 29 29 93 93 93 78 78 50 50 50 0 0 0 0 0 0 0 0 0 0 0 0 0 0 0
67 67 19 19 19 19 19 19 71 71 71 71 24 24 21 21 52 52 2 2 30 30 69 69 29 29 29 64 64 64 78 78 78 56 50 0 0 0 0 0 0 0 0 0 0 0 0 0 0 0
0 67 19 19 38 19 19 19 71 71 71 80 24 52 52 52 52 52 2 2 69 69 69 69 29 84 64 64 64 64 64 64 64 56 50 0 0 0 0 0 0 0 0 0 0 0 0 0 0 0
0 67 67 38 38 38 38 38 71 71 71 80 24 52 52 52 52 52 10 10 69 69 69 69 29 84 84 7 7 90 90 90 64 64 50 0 0 0 0 0 0 0 0 0 0 0 0 0 0 0
0 67 12 12 12 38 38 38 38 80 80 80 80 80 80 52 52 52 10 10 69 69 69 99 84 84 84 7 7 90 90 31 31 31 31 0 0 0 0 0 0 0 0 0 0 0 0 0 0 0
67 67 12 12 12 38 38 38 38 88 88 80 80 80 80 80 80 10 10 10 35 53 53 99 99 84 84 7 81 90 31 31 0 0 0 0 0 0 0 0 0 0 0 0 0 0 0 0 0 0
12 12 12 12 11 11 38 34 88 88 79 79 79 80 80 80 80 80 10 10 35 53 53 99 99 84 84 81 81 44 44 31 0 0 0 0 0 0 0 0 0 0 0 0 0 0 0 0 0 0
12 1 12 12 11 11 11 88 88 88 88 88 79 79 79 79 91 91 10 10 35 53 53 70 70 84 81 81 98 98 31 31 31 0 0 0 0 0 0 0 0 0 0 0 0 0 0 0 0 0
1 1 11 11 11 11 11 16 16 77 77 77 77 77 79 91 91 91 10 35 35 4 4 70 70 70 81 81 98 98 31 8 31 0 0 0 0 0 0 0 0 0 0 0 0 0 0 0 0 0
0 1 11 11 63 63 11 16 16 77 23 77 77 79 79 91 91 91 10 35 35 35 4 70 70 70 98 98 98 98 8 8 31 0 0 0 0 0 0 0 0 0 0 0 0 0 0 0 0 0
0 1 11 11 11 63 63 16 16 16 23 23 23 23 91 91 91 91 91 35 35 4 4 4 4 70 85 85 85 98 98 8 31 31 31 0 0 0 0 0 0 0 0 0 0 0 0 0 0 0
0 1 11 11 11 58 58 58 100 23 23 23 23 23 91 91 91 91 91 35 35 4 4 4 4 70 85 85 85 98 98 87 87 87 87 0 0 0 0 0 0 0 0 0 0 0 0 0 0 0
1 1 86 86 86 58 58 100 100 100 100 23 41 23 91 91 91 91 91 91 35 4 4 4 4 85 85 85 85 85 87 87 87 87 0 0 0 0 0 0 0 0 0 0 0 0 0 0 0 0
1 86 86 86 73 58 58 100 100 41 41 41 41 41 41 91 91 91 91 91 4 4 4 4 4 4 85 85 85 85 87 87 87 87 87 0 0 0 0 0 0 0 0 0 0 0 0 0 0 0
86 86 73 73 73 73 73 73 72 72 72 41 41 43 43 43 94 94 94 60 60 60 60 60 60 48 48 48 48 48 87 87 87 87 22 0 0 0 0 0 0 0 0 0 0 0 0 0 0 0
14 32 32 32 32 32 32 72 72 72 72 72 43 43 43 94 94 94 94 96 96 96 96 60 60 62 37 17 17 17 17 17 17 17 22 0 0 0 0 0 0 0 0 0 0 0 0 0 0 0
14 14 32 32 32 32 32 72 72 72 72 72 43 43 94 94 94 94 96 96 96 96 96 60 62 62 37 37 37 17 17 17 17 17 17 0 0 0 0 0 0 0 0 0 0 0 0 0 0 0
0 14 32 32 32 32 32 32 32 72 72 40 40 40 94 94 94 68 68 27 27 27 27 27 27 62 37 37 37 17 17 17 17 0 0 0 0 0 0 0 0 0 0 0 0 0 0 0 0 0
0 14 32 32 32 32 32 32 32 32 65 65 65 40 40 40 40 40 68 68 27 27 27 27 27 27 37 37 37 17 17 17 17 0 0 0 0 0 0 0 0 0 0 0 0 0 0 0 0 0
14 14 55 55 32 32 55 18 18 18 65 65 65 65 40 40 33 33 68 68 28 28 27 97 97 27 37 37 37 37 37 17 17 17 0 0 0 0 0 0 0 0 0 0 0 0 0 0 0 0
55 55 55 55 55 55 55 18 18 20 20 20 20 20 33 33 33 33 33 27 27 27 27 97 97 27 27 37 0 0 37 37 37 17 17 0 0 0 0 0 0 0 0 0 0 0 0 0 0 0
0 0 0 0 0 0 0 0 0 0 0 0 0 0 0 0 0 0 0 0 0 0 0 0 0 0 0 0 0 0 0 0 0 0 0 0 0 0 0 0 0 0 0 0 0 0 0 0 0 0
0 0 0 0 0 0 0 0 0 0 0 0 0 0 0 0 0 0 0 0 0 0 0 0 0 0 0 0 0 0 0 0 0 0 0 0 0 0 0 0 0 0 0 0 0 0 0 0 0 0
0 0 0 0 0 0 0 0 0 0 0 0 0 0 0 0 0 0 0 0 0 0 0 0 0 0 0 0 0 0 0 0 0 0 0 0 0 0 0 0 0 0 0 0 0 0 0 0 0 0
0 0 0 0 0 0 0 0 0 0 0 0 0 0 0 0 0 0 0 0 0 0 0 0 0 0 0 0 0 0 0 0 0 0 0 0 0 0 0 0 0 0 0 0 0 0 0 0 0 0
0 0 0 0 0 0 0 0 0 0 0 0 0 0 0 0 0 0 0 0 0 0 0 0 0 0 0 0 0 0 0 0 0 0 0 0 0 0 0 0 0 0 0 0 0 0 0 0 0 0
0 0 0 0 0 0 0 0 0 0 0 0 0 0 0 0 0 0 0 0 0 0 0 0 0 0 0 0 0 0 0 0 0 0 0 0 0 0 0 0 0 0 0 0 0 0 0 0 0 0
0 0 0 0 0 0 0 0 0 0 0 0 0 0 0 0 0 0 0 0 0 0 0 0 0 0 0 0 0 0 0 0 0 0 0 0 0 0 0 0 0 0 0 0 0 0 0 0 0 0
0 0 0 0 0 0 0 0 0 0 0 0 0 0 0 0 0 0 0 0 0 0 0 0 0 0 0 0 0 0 0 0 0 0 0 0 0 0 0 0 0 0 0 0 0 0 0 0 0 0
0 0 0 0 0 0 0 0 0 0 0 0 0 0 0 0 0 0 0 0 0 0 0 0 0 0 0 0 0 0 0 0 0 0 0 0 0 0 0 0 0 0 0 0 0 0 0 0 0 0
0 0 0 0 0 0 0 0 0 0 0 0 0 0 0 0 0 0 0 0 0 0 0 0 0 0 0 0 0 0 0 0 0 0 0 0 0 0 0 0 0 0 0 0 0 0 0 0 0 0
0 0 0 0 0 0 0 0 0 0 0 0 0 0 0 0 0 0 0 0 0 0 0 0 0 0 0 0 0 0 0 0 0 0 0 0 0 0 0 0 0 0 0 0 0 0 0 0 0 0
0 0 0 0 0 0 0 0 0 0 0 0 0 0 0 0 0 0 0 0 0 0 0 0 0 0 0 0 0 0 0 0 0 0 0 0 0 0 0 0 0 0 0 0 0 0 0 0 0 0
0 0 0 0 0 0 0 0 0 0 0 0 0 0 0 0 0 0 0 0 0 0 0 0 0 0 0 0 0 0 0 0 0 0 0 0 0 0 0 0 0 0 0 0 0 0 0 0 0 0
0 0 0 0 0 0 0 0 0 0 0 0 0 0 0 0 0 0 0 0 0 0 0 0 0 0 0 0 0 0 0 0 0 0 0 0 0 0 0 0 0 0 0 0 0 0 0 0 0 0
0 0 0 0 0 0 0 0 0 0 0 0 0 0 0 0 0 0 0 0 0 0 0 0 0 0 0 0 0 0 0 0 0 0 0 0 0 0 0 0 0 0 0 0 0 0 0 0 0 0
0 0 0 0 0 0 0 0 0 0 0 0 0 0 0 0 0 0 0 0 0 0 0 0 0 0 0 0 0 0 0 0 0 0 0 0 0 0 0 0 0 0 0 0 0 0 0 0 0 0
0 0 0 0 0 0 0 0 0 0 0 0 0 0 0 0 0 0 0 0 0 0 0 0 0 0 0 0 0 0 0 0 0 0 0 0 0 0 0 0 0 0 0 0 0 0 0 0 0 0
