23 23 65 65 69 69 69 69 69 14 14 0 0 0 0 14 14 14 14 72 0 72 99 0 99 29 29 29 12 31 31 31 31 31 0 0 0 0 0 0 0 0 0 0 0 0 0 0 0 0
65 65 65 15 15 97 97 97 97 97 14 14 0 0 14 14 56 56 56 72 72 72 99 99 99 99 12 12 12 12 42 31 42 31 0 0 0 0 0 0 0 0 0 0 0 0 0 0 0 0
16 65 16 15 15 97 97 88 88 56 56 14 14 14 14 56 56 56 56 72 72 72 99 99 12 12 12 41 12 12 42 42 42 42 0 0 0 0 0 0 0 0 0 0 0 0 0 0 0 0
16 16 16 15 15 97 88 88 88 88 56 14 14 14 14 56 56 56 56 72 72 72 99 12 12 41 41 41 41 42 42 0 0 0 0 0 0 0 0 0 0 0 0 0 0 0 0 0 0 0
0 0 16 16 15 88 88 88 88 88 56 56 56 56 56 56 56 56 56 56 62 62 99 12 41 41 41 41 41 41 42 0 0 0 0 0 0 0 0 0 0 0 0 0 0 0 0 0 0 0
0 0 0 16 15 6 88 6 6 56 56 56 56 56 56 56 56 56 56 56 62 62 5 5 41 41 41 41 41 41 42 0 0 0 0 0 0 0 0 0 0 0 0 0 0 0 0 0 0 0
0 0 0 16 6 6 6 6 6 30 56 56 56 56 56 56 45 73 73 56 62 62 5 5 41 5 41 41 41 41 42 0 0 0 0 0 0 0 0 0 0 0 0 0 0 0 0 0 0 0
0 16 16 16 6 6 6 6 6 30 56 56 56 56 56 56 45 45 94 94 62 62 62 5 5 5 5 41 41 42 42 42 42 42 0 0 0 0 0 0 0 0 0 0 0 0 0 0 0 0
16 16 8 34 34 34 34 30 30 30 30 40 40 56 56 94 94 94 94 94 62 62 62 5 5 5 7 7 7 7 7 42 42 78 0 0 0 0 0 0 0 0 0 0 0 0 0 0 0 0
2 8 8 8 34 34 34 30 84 84 84 40 40 40 94 94 94 94 94 57 57 57 57 57 43 43 7 7 7 7 7 78 78 78 0 0 0 0 0 0 0 0 0 0 0 0 0 0 0 0
2 2 8 8 39 34 39 39 39 37 40 40 40 40 40 94 94 94 94 57 57 57 57 57 43 43 7 7 7 18 18 18 19 78 0 0 0 0 0 0 0 0 0 0 0 0 0 0 0 0
0 2 2 39 39 39 39 37 37 37 37 37 37 37 11 11 11 64 64 64 64 67 67 43 43 83 83 83 7 18 18 18 19 27 0 0 0 0 0 0 0 0 0 0 0 0 0 0 0 0
2 2 2 39 39 39 37 37 37 98 98 98 98 98 98 11 93 93 93 93 50 50 50 50 50 83 83 83 83 83 17 17 27 27 0 0 0 0 0 0 0 0 0 0 0 0 0 0 0 0
53 53 2 53 53 37 37 98 98 98 98 75 75 75 75 75 93 93 93 93 50 50 50 50 50 71 71 71 83 83 17 17 17 17 0 0 0 0 0 0 0 0 0 0 0 0 0 0 0 0
0 53 53 53 53 80 80 98 20 20 20 75 75 75 75 93 93 93 93 93 4 4 4 50 71 71 71 71 95 95 17 17 96 32 0 0 0 0 0 0 0 0 0 0 0 0 0 0 0 0
0 0 0 53 53 80 80 80 20 20 75 75 75 75 75 93 93 93 93 93 4 4 58 71 71 71 71 71 95 95 17 96 96 32 0 0 0 0 0 0 0 0 0 0 0 0 0 0 0 0
0 0 0 53 90 90 80 80 80 49 49 49 75 75 75 93 93 93 93 33 33 33 58 58 36 71 71 71 9 96 96 96 96 32 0 0 0 0 0 0 0 0 0 0 0 0 0 0 0 0
0 0 53 53 53 90 80 80 80 49 49 49 49 49 49 10 10 93 93 33 33 33 36 36 36 36 71 71 9 32 96 96 32 32 0 0 0 0 0 0 0 0 0 0 0 0 0 0 0 0
0 0 53 79 90 90 80 80 80 80 80 13 13 63 63 63 10 93 93 33 33 33 36 36 36 36 9 9 9 32 32 32 32 0 0 0 0 0 0 0 0 0 0 0 0 0 0 0 0 0
0 53 53 79 90 90 90 80 80 80 80 13 13 63 63 63 10 93 54 54 33 33 33 33 36 36 48 48 9 32 32 32 0 0 0 0 0 0 0 0 0 0 0 0 0 0 0 0 0 0
53 53 92 79 90 90 90 51 51 51 51 60 13 60 60 66 66 66 54 54 33 33 33 54 54 36 21 48 9 9 9 32 0 0 0 0 0 0 0 0 0 0 0 0 0 0 0 0 0 0
86 86 92 90 90 90 90 51 51 51 51 60 60 60 66 66 66 66 66 54 54 54 54 54 54 54 21 48 48 9 32 32 32 32 0 0 0 0 0 0 0 0 0 0 0 0 0 0 0 0
0 86 92 90 90 90 90 51 51 51 60 60 60 26 26 66 66 66 66 54 54 54 54 54 21 21 21 48 48 48 32 32 100 32 0 0 0 0 0 0 0 0 0 0 0 0 0 0 0 0
0 86 92 90 90 90 90 51 51 51 60 60 60 26 26 26 66 38 38 38 46 46 54 46 21 21 48 48 48 48 100 100 100 32 0 0 0 0 0 0 0 0 0 0 0 0 0 0 0 0
0 86 61 90 90 90 90 25 25 25 25 25 60 60 60 60 66 38 38 38 46 46 46 46 46 21 21 70 48 70 100 100 100 32 0 0 0 0 0 0 0 0 0 0 0 0 0 0 0 0
0 86 61 61 61 61 77 25 25 25 25 25 25 25 60 60 60 38 38 91 52 46 46 46 46 70 70 70 70 70 100 100 100 100 0 0 0 0 0 0 0 0 0 0 0 0 0 0 0 0
86 86 28 61 61 61 77 25 25 25 25 25 25 25 38 38 38 38 91 91 52 52 46 46 70 70 70 55 55 100 100 100 100 100 0 0 0 0 0 0 0 0 0 0 0 0 0 0 0 0
3 3 28 28 61 77 77 25 25 25 25 25 25 25 25 25 25 24 24 24 52 52 81 81 70 70 70 55 100 100 47 47 47 85 0 0 0 0 0 0 0 0 0 0 0 0 0 0 0 0
3 3 28 28 59 77 77 25 25 25 25 25 82 82 82 82 24 24 24 24 52 52 81 81 81 70 55 55 55 55 47 47 47 85 0 0 0 0 0 0 0 0 0 0 0 0 0 0 0 0
87 87 87 59 59 77 77 77 77 77 82 82 82 0 0 82 24 24 24 24 24 24 24 24 55 55 55 55 55 55 85 85 85 85 0 0 0 0 0 0 0 0 0 0 0 0 0 0 0 0
87 87 87 59 74 74 77 76 76 82 82 82 0 0 0 82 82 82 24 24 24 24 24 24 55 55 55 55 22 22 22 44 44 89 0 0 0 0 0 0 0 0 0 0 0 0 0 0 0 0
35 35 87 59 59 59 76 76 76 82 82 82 0 0 0 0 0 82 24 24 24 24 55 55 55 55 55 22 22 68 22 44 89 89 0 0 0 0 0 0 0 0 0 0 0 0 0 0 0 0
0 35 87 59 59 76 76 0 76 76 76 82 0 0 0 0 0 82 82 1 1 1 55 0 0 55 68 68 68 68 68 44 44 89 0 0 0 0 0 0 0 0 0 0 0 0 0 0 0 0
0 0 0 0 0 0 0 0 0 0 0 0 0 0 0 0 0 0 0 0 0 0 0 0 0 0 0 0 0 0 0 0 0 0 0 0 0 0 0 0 0 0 0 0 0 0 0 0 0 0
0 0 0 0 0 0 0 0 0 0 0 0 0 0 0 0 0 0 0 0 0 0 0 0 0 0 0 0 0 0 0 0 0 0 0 0 0 0 0 0 0 0 0 0 0 0 0 0 0 0
0 0 0 0 0 0 0 0 0 0 0 0 0 0 0 0 0 0 0 0 0 0 0 0 0 0 0 0 0 0 0 0 0 0 0 0 0 0 0 0 0 0 0 0 0 0 0 0 0 0
0 0 0 0 0 0 0 0 0 0 0 0 0 0 0 0 0 0 0 0 0 0 0 0 0 0 0 0 0 0 0 0 0 0 0 0 0 0 0 0 0 0 0 0 0 0 0 0 0 0
0 0 0 0 0 0 0 0 0 0 0 0 0 0 0 0 0 0 0 0 0 0 0 0 0 0 0 0 0 0 0 0 0 0 0 0 0 0 0 0 0 0 0 0 0 0 0 0 0 0
0 0 0 0 0 0 0 0 0 0 0 0 0 0 0 0 0 0 0 0 0 0 0 0 0 0 0 0 0 0 0 0 0 0 0 0 0 0 0 0 0 0 0 0 0 0 0 0 0 0
0 0 0 0 0 0 0 0 0 0 0 0 0 0 0 0 0 0 0 0 0 0 0 0 0 0 0 0 0 0 0 0 0 0 0 0 0 0 0 0 0 0 0 0 0 0 0 0 0 0
0 0 0 0 0 0 0 0 0 0 0 0 0 0 0 0 0 0 0 0 0 0 0 0 0 0 0 0 0 0 0 0 0 0 0 0 0 0 0 0 0 0 0 0 0 0 0 0 0 0
0 0 0 0 0 0 0 0 0 0 0 0 0 0 0 0 0 0 0 0 0 0 0 0 0 0 0 0 0 0 0 0 0 0 0 0 0 0 0 0 0 0 0 0 0 0 0 0 0 0
0 0 0 0 0 0 0 0 0 0 0 0 0 0 0 0 0 0 0 0 0 0 0 0 0 0 0 0 0 0 0 0 0 0 0 0 0 0 0 0 0 0 0 0 0 0 0 0 0 0
0 0 0 0 0 0 0 0 0 0 0 0 0 0 0 0 0 0 0 0 0 0 0 0 0 0 0 0 0 0 0 0 0 0 0 0 0 0 0 0 0 0 0 0 0 0 0 0 0 0
0 0 0 0 0 0 0 0 0 0 0 0 0 0 0 0 0 0 0 0 0 0 0 0 0 0 0 0 0 0 0 0 0 0 0 0 0 0 0 0 0 0 0 0 0 0 0 0 0 0
0 0 0 0 0 0 0 0 0 0 0 0 0 0 0 0 0 0 0 0 0 0 0 0 0 0 0 0 0 0 0 0 0 0 0 0 0 0 0 0 0 0 0 0 0 0 0 0 0 0
0 0 0 0 0 0 0 0 0 0 0 0 0 0 0 0 0 0 0 0 0 0 0 0 0 0 0 0 0 0 0 0 0 0 0 0 0 0 0 0 0 0 0 0 0 0 0 0 0 0
0 0 0 0 0 0 0 0 0 0 0 0 0 0 0 0 0 0 0 0 0 0 0 0 0 0 0 0 0 0 0 0 0 0 0 0 0 0 0 0 0 0 0 0 0 0 0 0 0 0
0 0 0 0 0 0 0 0 0 0 0 0 0 0 0 0 0 0 0 0 0 0 0 0 0 0 0 0 0 0 0 0 0 0 0 0 0 0 0 0 0 0 0 0 0 0 0 0 0 0
0 0 0 0 0 0 0 0 0 0 0 0 0 0 0 0 0 0 0 0 0 0 0 0 0 0 0 0 0 0 0 0 0 0 0 0 0 0 0 0 0 0 0 0 0 0 0 0 0 0
