0 0 0 5 5 5 5 5 9 10 0 10 96 96 96 100 100 60 60 60 57 57 57 57 67 0 0 67 67 21 0 21 21 1 0 1 0 0 0 0 0 0 0 0 0 0 0 0 0 0
5 5 5 5 97 9 9 9 9 10 10 10 10 96 96 96 100 100 57 57 57 57 67 67 67 67 67 67 21 21 21 21 1 1 1 1 0 0 0 0 0 0 0 0 0 0 0 0 0 0
15 15 15 15 97 9 9 9 9 9 10 10 96 96 96 96 96 100 57 57 67 67 67 91 91 91 91 75 21 21 21 21 1 1 1 12 0 0 0 0 0 0 0 0 0 0 0 0 0 0
15 15 15 97 97 9 9 9 9 9 10 10 96 96 96 96 100 100 100 57 57 67 67 91 45 45 45 75 21 21 7 12 1 12 12 12 0 0 0 0 0 0 0 0 0 0 0 0 0 0
15 97 97 97 97 97 97 9 46 46 10 10 96 96 96 96 96 100 100 57 57 57 91 91 45 45 75 75 75 21 7 12 12 12 12 36 0 0 0 0 0 0 0 0 0 0 0 0 0 0
15 17 97 97 97 97 97 9 46 46 10 10 10 10 10 82 82 82 43 43 43 43 91 91 75 75 75 75 75 37 7 12 12 7 7 36 0 0 0 0 0 0 0 0 0 0 0 0 0 0
15 17 17 97 39 39 39 39 46 46 46 10 10 10 82 82 82 82 43 43 43 43 75 75 75 75 75 75 37 37 7 7 7 7 7 36 0 0 0 0 0 0 0 0 0 0 0 0 0 0
17 17 17 39 39 39 39 39 46 46 46 46 10 10 82 82 82 82 82 82 43 43 43 75 75 75 92 92 92 65 7 7 7 7 7 36 0 0 0 0 0 0 0 0 0 0 0 0 0 0
0 17 39 39 39 39 39 8 46 46 46 52 52 52 82 82 82 82 82 82 82 43 43 43 75 93 93 92 65 65 7 7 7 7 36 36 0 0 0 0 0 0 0 0 0 0 0 0 0 0
0 17 17 17 17 8 8 8 8 52 52 52 52 82 82 16 16 16 82 62 62 62 74 74 93 93 93 93 65 65 41 41 7 36 36 0 0 0 0 0 0 0 0 0 0 0 0 0 0 0
17 17 17 8 8 8 8 8 8 25 25 25 25 82 33 16 16 16 16 16 62 62 62 74 74 74 86 86 41 41 41 41 51 51 36 36 0 0 0 0 0 0 0 0 0 0 0 0 0 0
17 79 17 8 38 8 8 8 38 25 25 25 25 33 33 4 4 4 66 66 84 84 84 84 35 35 86 86 98 98 41 41 51 51 51 51 0 0 0 0 0 0 0 0 0 0 0 0 0 0
79 79 38 38 38 38 38 38 38 38 38 33 33 33 4 4 63 63 63 66 66 66 66 35 35 35 86 86 86 98 98 98 51 51 51 0 0 0 0 0 0 0 0 0 0 0 0 0 0 0
79 79 79 79 38 38 38 38 38 38 38 33 33 33 33 27 63 63 63 63 66 66 66 80 80 80 98 98 98 98 98 98 51 51 51 51 0 0 0 0 0 0 0 0 0 0 0 0 0 0
79 83 83 83 38 38 38 38 38 38 38 33 33 33 27 27 27 89 89 89 66 80 80 80 26 80 94 94 94 98 98 98 51 51 95 95 0 0 0 0 0 0 0 0 0 0 0 0 0 0
71 71 24 83 83 38 38 38 38 38 38 33 33 90 27 27 89 89 89 89 89 89 80 80 94 94 94 94 94 98 98 98 70 70 95 0 0 0 0 0 0 0 0 0 0 0 0 0 0 0
71 24 24 83 83 83 38 38 38 38 38 38 33 90 89 89 89 89 89 89 89 89 44 44 94 94 94 94 94 68 98 70 70 70 95 95 0 0 0 0 0 0 0 0 0 0 0 0 0 0
71 24 24 83 83 83 38 38 38 38 38 38 90 90 90 89 30 30 89 89 89 89 44 44 94 94 94 94 68 68 98 70 70 70 19 95 0 0 0 0 0 0 0 0 0 0 0 0 0 0
71 71 28 83 83 83 83 83 38 38 38 38 90 90 90 14 14 30 89 89 89 89 44 44 94 94 94 94 68 68 54 70 70 70 70 70 0 0 0 0 0 0 0 0 0 0 0 0 0 0
55 28 28 83 83 83 83 83 83 38 38 38 64 90 14 14 14 14 89 89 2 44 44 44 53 53 53 53 22 68 54 54 54 70 70 0 0 0 0 0 0 0 0 0 0 0 0 0 0 0
55 55 28 28 83 83 83 83 83 38 38 64 64 64 14 14 14 14 2 2 2 2 44 44 53 53 53 53 22 68 54 54 54 70 70 0 0 0 0 0 0 0 0 0 0 0 0 0 0 0
0 55 55 28 83 83 11 11 11 38 64 64 64 64 14 14 14 14 2 2 2 44 44 44 44 53 53 68 68 68 54 54 54 72 70 70 0 0 0 0 0 0 0 0 0 0 0 0 0 0
55 55 55 11 11 11 11 11 11 64 64 81 81 81 81 14 14 14 2 61 61 44 44 44 44 44 44 68 68 54 54 72 72 72 13 13 0 0 0 0 0 0 0 0 0 0 0 0 0 0
29 29 55 11 11 11 11 11 11 81 81 81 81 81 81 14 14 2 2 61 61 44 44 44 44 44 32 68 68 68 54 72 72 72 13 0 0 0 0 0 0 0 0 0 0 0 0 0 0 0
87 87 87 11 11 11 11 11 11 11 81 81 81 81 81 73 73 73 73 61 61 44 78 78 78 44 18 68 18 76 54 72 72 13 13 0 0 0 0 0 0 0 0 0 0 0 0 0 0 0
0 87 87 11 11 11 11 11 11 11 11 81 81 81 81 73 73 73 73 73 3 78 78 78 78 78 18 18 18 76 40 40 72 13 13 0 0 0 0 0 0 0 0 0 0 0 0 0 0 0
87 87 87 11 11 11 11 11 11 11 81 81 81 81 73 73 73 73 73 73 3 78 78 78 3 78 76 76 76 76 40 40 58 13 13 13 0 0 0 0 0 0 0 0 0 0 0 0 0 0
87 77 11 11 11 85 85 85 11 11 49 81 81 81 73 73 73 73 42 42 3 3 3 3 3 3 88 88 76 76 76 40 58 58 58 58 0 0 0 0 0 0 0 0 0 0 0 0 0 0
87 77 77 11 85 85 85 85 85 49 49 59 59 73 73 42 42 42 42 42 42 42 3 3 88 88 88 88 76 76 40 40 40 58 58 58 0 0 0 0 0 0 0 0 0 0 0 0 0 0
77 77 6 6 6 85 85 85 49 49 49 31 31 73 73 42 42 42 42 42 42 42 42 42 88 88 88 88 34 40 40 40 40 58 58 99 0 0 0 0 0 0 0 0 0 0 0 0 0 0
77 77 77 6 6 56 56 56 56 56 56 31 23 23 20 20 42 42 42 42 42 47 47 47 88 88 88 34 34 34 40 40 40 99 99 99 0 0 0 0 0 0 0 0 0 0 0 0 0 0
77 48 48 56 56 56 56 56 56 56 56 31 23 23 20 20 42 42 42 42 42 47 47 47 34 34 34 34 34 34 40 40 99 99 99 0 0 0 0 0 0 0 0 0 0 0 0 0 0 0
48 48 48 48 56 50 50 56 0 0 56 69 69 20 20 20 20 20 42 0 42 47 0 47 34 0 0 0 0 34 40 40 99 0 99 99 0 0 0 0 0 0 0 0 0 0 0 0 0 0
0 0 0 0 0 0 0 0 0 0 0 0 0 0 0 0 0 0 0 0 0 0 0 0 0 0 0 0 0 0 0 0 0 0 0 0 0 0 0 0 0 0 0 0 0 0 0 0 0 0
0 0 0 0 0 0 0 0 0 0 0 0 0 0 0 0 0 0 0 0 0 0 0 0 0 0 0 0 0 0 0 0 0 0 0 0 0 0 0 0 0 0 0 0 0 0 0 0 0 0
0 0 0 0 0 0 0 0 0 0 0 0 0 0 0 0 0 0 0 0 0 0 0 0 0 0 0 0 0 0 0 0 0 0 0 0 0 0 0 0 0 0 0 0 0 0 0 0 0 0
0 0 0 0 0 0 0 0 0 0 0 0 0 0 0 0 0 0 0 0 0 0 0 0 0 0 0 0 0 0 0 0 0 0 0 0 0 0 0 0 0 0 0 0 0 0 0 0 0 0
0 0 0 0 0 0 0 0 0 0 0 0 0 0 0 0 0 0 0 0 0 0 0 0 0 0 0 0 0 0 0 0 0 0 0 0 0 0 0 0 0 0 0 0 0 0 0 0 0 0
0 0 0 0 0 0 0 0 0 0 0 0 0 0 0 0 0 0 0 0 0 0 0 0 0 0 0 0 0 0 0 0 0 0 0 0 0 0 0 0 0 0 0 0 0 0 0 0 0 0
0 0 0 0 0 0 0 0 0 0 0 0 0 0 0 0 0 0 0 0 0 0 0 0 0 0 0 0 0 0 0 0 0 0 0 0 0 0 0 0 0 0 0 0 0 0 0 0 0 0
0 0 0 0 0 0 0 0 0 0 0 0 0 0 0 0 0 0 0 0 0 0 0 0 0 0 0 0 0 0 0 0 0 0 0 0 0 0 0 0 0 0 0 0 0 0 0 0 0 0
0 0 0 0 0 0 0 0 0 0 0 0 0 0 0 0 0 0 0 0 0 0 0 0 0 0 0 0 0 0 0 0 0 0 0 0 0 0 0 0 0 0 0 0 0 0 0 0 0 0
0 0 0 0 0 0 0 0 0 0 0 0 0 0 0 0 0 0 0 0 0 0 0 0 0 0 0 0 0 0 0 0 0 0 0 0 0 0 0 0 0 0 0 0 0 0 0 0 0 0
0 0 0 0 0 0 0 0 0 0 0 0 0 0 0 0 0 0 0 0 0 0 0 0 0 0 0 0 0 0 0 0 0 0 0 0 0 0 0 0 0 0 0 0 0 0 0 0 0 0
0 0 0 0 0 0 0 0 0 0 0 0 0 0 0 0 0 0 0 0 0 0 0 0 0 0 0 0 0 0 0 0 0 0 0 0 0 0 0 0 0 0 0 0 0 0 0 0 0 0
0 0 0 0 0 0 0 0 0 0 0 0 0 0 0 0 0 0 0 0 0 0 0 0 0 0 0 0 0 0 0 0 0 0 0 0 0 0 0 0 0 0 0 0 0 0 0 0 0 0
0 0 0 0 0 0 0 0 0 0 0 0 0 0 0 0 0 0 0 0 0 0 0 0 0 0 0 0 0 0 0 0 0 0 0 0 0 0 0 0 0 0 0 0 0 0 0 0 0 0
0 0 0 0 0 0 0 0 0 0 0 0 0 0 0 0 0 0 0 0 0 0 0 0 0 0 0 0 0 0 0 0 0 0 0 0 0 0 0 0 0 0 0 0 0 0 0 0 0 0
0 0 0 0 0 0 0 0 0 0 0 0 0 0 0 0 0 0 0 0 0 0 0 0 0 0 0 0 0 0 0 0 0 0 0 0 0 0 0 0 0 0 0 0 0 0 0 0 0 0
0 0 0 0 0 0 0 0 0 0 0 0 0 0 0 0 0 0 0 0 0 0 0 0 0 0 0 0 0 0 0 0 0 0 0 0 0 0 0 0 0 0 0 0 0 0 0 0 0 0
