87 33 53 0 0 53 53 13 13 13 13 13 60 96 96 26 26 26 26 94 94 94 94 43 0 43 88 0 0 0 0 88 0 0 0 0 0 0 0 0 0 0 0 0 0 0 0 0 0 0
87 33 53 53 53 53 90 90 90 13 13 60 60 60 60 60 77 26 26 26 94 94 43 43 43 43 88 88 88 88 88 88 0 0 0 0 0 0 0 0 0 0 0 0 0 0 0 0 0 0
87 33 53 53 53 53 90 90 90 90 71 71 71 71 71 71 77 77 77 77 94 94 43 43 43 43 43 43 43 88 0 0 0 0 0 0 0 0 0 0 0 0 0 0 0 0 0 0 0 0
87 33 53 53 53 53 53 90 90 90 90 90 90 32 32 32 77 77 77 77 77 94 43 43 43 43 43 88 88 88 0 0 0 0 0 0 0 0 0 0 0 0 0 0 0 0 0 0 0 0
87 33 53 53 83 53 90 90 90 90 90 32 32 32 32 32 76 76 77 77 77 94 74 74 43 43 43 88 88 88 0 0 0 0 0 0 0 0 0 0 0 0 0 0 0 0 0 0 0 0
87 33 53 83 83 83 83 83 83 35 35 35 32 35 32 32 76 76 76 77 77 28 28 74 20 43 43 88 88 88 88 88 0 0 0 0 0 0 0 0 0 0 0 0 0 0 0 0 0 0
4 4 4 83 83 83 83 83 83 35 35 35 35 35 47 47 47 9 85 85 28 28 28 74 20 20 43 43 5 5 5 5 0 0 0 0 0 0 0 0 0 0 0 0 0 0 0 0 0 0
4 4 4 83 83 83 17 17 17 35 17 17 25 25 25 25 9 9 85 92 92 92 20 20 20 20 20 5 5 5 5 29 0 0 0 0 0 0 0 0 0 0 0 0 0 0 0 0 0 0
4 84 84 83 17 17 17 17 17 17 17 25 25 25 25 25 72 72 85 85 92 92 20 20 20 20 20 5 5 5 29 29 0 0 0 0 0 0 0 0 0 0 0 0 0 0 0 0 0 0
4 84 84 84 17 17 17 17 17 17 17 25 25 25 25 25 72 72 85 85 92 92 20 20 20 20 19 19 19 19 97 29 0 0 0 0 0 0 0 0 0 0 0 0 0 0 0 0 0 0
84 84 84 84 84 17 30 75 75 17 17 17 17 31 31 31 72 72 72 92 92 92 20 20 20 20 20 19 39 29 29 29 0 0 0 0 0 0 0 0 0 0 0 0 0 0 0 0 0 0
0 84 84 84 84 84 30 30 75 75 75 17 31 31 31 31 72 72 72 72 92 92 20 20 57 57 57 39 39 39 56 29 0 0 0 0 0 0 0 0 0 0 0 0 0 0 0 0 0 0
84 84 84 84 84 30 30 30 30 75 75 17 63 31 31 63 72 72 91 92 92 58 58 20 57 57 57 39 39 39 56 56 0 0 0 0 0 0 0 0 0 0 0 0 0 0 0 0 0 0
84 51 84 30 30 30 30 30 75 75 75 63 63 63 63 63 91 91 91 92 92 58 58 20 57 57 57 56 39 56 56 0 0 0 0 0 0 0 0 0 0 0 0 0 0 0 0 0 0 0
84 51 51 95 95 30 30 30 75 75 75 63 63 63 63 63 91 91 91 65 58 58 58 57 57 57 57 56 56 56 56 56 0 0 0 0 0 0 0 0 0 0 0 0 0 0 0 0 0 0
24 51 51 95 95 95 95 95 75 75 75 55 63 63 63 63 91 91 91 65 58 58 58 58 57 57 57 57 56 56 56 86 0 0 0 0 0 0 0 0 0 0 0 0 0 0 0 0 0 0
24 12 12 12 95 95 95 95 75 75 75 55 55 63 63 63 63 91 65 65 58 58 58 58 57 57 57 57 57 81 56 86 0 0 0 0 0 0 0 0 0 0 0 0 0 0 0 0 0 0
24 12 12 12 95 95 95 95 95 75 80 80 80 80 78 78 78 91 65 65 58 61 61 61 57 57 57 57 57 81 81 81 0 0 0 0 0 0 0 0 0 0 0 0 0 0 0 0 0 0
24 12 2 2 82 95 95 95 95 80 80 42 42 80 78 14 78 65 65 65 65 61 61 61 61 57 57 57 57 81 81 0 0 0 0 0 0 0 0 0 0 0 0 0 0 0 0 0 0 0
24 12 2 2 82 2 95 95 95 95 80 42 42 80 14 14 14 65 65 65 44 61 61 61 61 57 57 81 81 81 81 0 0 0 0 0 0 0 0 0 0 0 0 0 0 0 0 0 0 0
24 11 2 2 2 2 95 95 95 95 42 42 42 14 14 14 14 65 65 65 44 44 48 61 61 57 57 81 81 81 81 81 0 0 0 0 0 0 0 0 0 0 0 0 0 0 0 0 0 0
24 11 11 2 64 64 64 64 95 95 100 100 40 40 8 8 8 8 65 48 48 48 48 15 59 59 52 52 81 81 67 62 0 0 0 0 0 0 0 0 0 0 0 0 0 0 0 0 0 0
24 11 11 38 64 64 64 64 6 6 100 100 40 8 8 8 8 8 8 8 48 15 15 15 15 7 7 52 81 67 67 62 0 0 0 0 0 0 0 0 0 0 0 0 0 0 0 0 0 0
11 11 11 38 38 64 64 64 6 6 40 40 40 1 1 8 8 8 8 48 48 15 15 15 45 7 7 7 81 67 67 62 0 0 0 0 0 0 0 0 0 0 0 0 0 0 0 0 0 0
11 11 11 38 38 38 64 64 6 6 36 40 1 1 1 8 8 8 48 48 48 48 15 15 45 45 45 7 81 67 67 67 0 0 0 0 0 0 0 0 0 0 0 0 0 0 0 0 0 0
10 11 11 98 98 38 38 6 6 6 36 1 1 1 1 21 21 16 16 16 54 54 54 54 45 45 7 7 81 81 67 0 0 0 0 0 0 0 0 0 0 0 0 0 0 0 0 0 0 0
10 66 66 98 98 38 38 6 6 36 36 89 1 1 1 21 21 16 16 16 54 54 54 54 45 45 45 37 81 81 67 67 0 0 0 0 0 0 0 0 0 0 0 0 0 0 0 0 0 0
10 66 66 98 98 38 38 6 36 36 99 89 89 1 1 21 21 16 16 16 54 54 54 54 45 93 93 37 81 81 37 37 0 0 0 0 0 0 0 0 0 0 0 0 0 0 0 0 0 0
10 66 66 66 98 98 50 50 36 99 99 89 89 1 3 3 21 16 16 16 54 54 54 54 45 93 93 37 37 37 37 37 0 0 0 0 0 0 0 0 0 0 0 0 0 0 0 0 0 0
73 73 66 66 66 66 50 50 50 69 89 89 89 1 1 3 21 16 16 16 54 54 54 54 54 93 93 37 37 37 37 49 0 0 0 0 0 0 0 0 0 0 0 0 0 0 0 0 0 0
0 73 73 73 66 50 50 50 50 69 69 89 89 89 3 3 16 16 16 70 54 54 54 54 54 93 93 93 93 37 37 49 0 0 0 0 0 0 0 0 0 0 0 0 0 0 0 0 0 0
73 73 73 73 73 50 50 50 69 69 69 89 89 46 46 16 16 16 70 70 54 54 54 54 54 54 93 93 93 37 49 49 0 0 0 0 0 0 0 0 0 0 0 0 0 0 0 0 0 0
22 22 22 22 22 50 50 50 50 69 69 89 89 46 46 46 27 27 70 70 70 54 54 54 18 18 18 18 41 23 23 49 0 0 0 0 0 0 0 0 0 0 0 0 0 0 0 0 0 0
0 22 22 22 79 79 79 79 69 69 69 69 89 46 46 27 27 70 70 0 70 70 54 54 18 18 18 41 41 68 23 34 0 0 0 0 0 0 0 0 0 0 0 0 0 0 0 0 0 0
22 22 0 22 79 0 0 79 79 79 79 69 46 46 27 27 27 70 0 0 0 70 70 54 18 18 41 41 41 68 34 34 0 0 0 0 0 0 0 0 0 0 0 0 0 0 0 0 0 0
0 0 0 0 0 0 0 0 0 0 0 0 0 0 0 0 0 0 0 0 0 0 0 0 0 0 0 0 0 0 0 0 0 0 0 0 0 0 0 0 0 0 0 0 0 0 0 0 0 0
0 0 0 0 0 0 0 0 0 0 0 0 0 0 0 0 0 0 0 0 0 0 0 0 0 0 0 0 0 0 0 0 0 0 0 0 0 0 0 0 0 0 0 0 0 0 0 0 0 0
0 0 0 0 0 0 0 0 0 0 0 0 0 0 0 0 0 0 0 0 0 0 0 0 0 0 0 0 0 0 0 0 0 0 0 0 0 0 0 0 0 0 0 0 0 0 0 0 0 0
0 0 0 0 0 0 0 0 0 0 0 0 0 0 0 0 0 0 0 0 0 0 0 0 0 0 0 0 0 0 0 0 0 0 0 0 0 0 0 0 0 0 0 0 0 0 0 0 0 0
0 0 0 0 0 0 0 0 0 0 0 0 0 0 0 0 0 0 0 0 0 0 0 0 0 0 0 0 0 0 0 0 0 0 0 0 0 0 0 0 0 0 0 0 0 0 0 0 0 0
0 0 0 0 0 0 0 0 0 0 0 0 0 0 0 0 0 0 0 0 0 0 0 0 0 0 0 0 0 0 0 0 0 0 0 0 0 0 0 0 0 0 0 0 0 0 0 0 0 0
0 0 0 0 0 0 0 0 0 0 0 0 0 0 0 0 0 0 0 0 0 0 0 0 0 0 0 0 0 0 0 0 0 0 0 0 0 0 0 0 0 0 0 0 0 0 0 0 0 0
0 0 0 0 0 0 0 0 0 0 0 0 0 0 0 0 0 0 0 0 0 0 0 0 0 0 0 0 0 0 0 0 0 0 0 0 0 0 0 0 0 0 0 0 0 0 0 0 0 0
0 0 0 0 0 0 0 0 0 0 0 0 0 0 0 0 0 0 0 0 0 0 0 0 0 0 0 0 0 0 0 0 0 0 0 0 0 0 0 0 0 0 0 0 0 0 0 0 0 0
0 0 0 0 0 0 0 0 0 0 0 0 0 0 0 0 0 0 0 0 0 0 0 0 0 0 0 0 0 0 0 0 0 0 0 0 0 0 0 0 0 0 0 0 0 0 0 0 0 0
0 0 0 0 0 0 0 0 0 0 0 0 0 0 0 0 0 0 0 0 0 0 0 0 0 0 0 0 0 0 0 0 0 0 0 0 0 0 0 0 0 0 0 0 0 0 0 0 0 0
0 0 0 0 0 0 0 0 0 0 0 0 0 0 0 0 0 0 0 0 0 0 0 0 0 0 0 0 0 0 0 0 0 0 0 0 0 0 0 0 0 0 0 0 0 0 0 0 0 0
0 0 0 0 0 0 0 0 0 0 0 0 0 0 0 0 0 0 0 0 0 0 0 0 0 0 0 0 0 0 0 0 0 0 0 0 0 0 0 0 0 0 0 0 0 0 0 0 0 0
0 0 0 0 0 0 0 0 0 0 0 0 0 0 0 0 0 0 0 0 0 0 0 0 0 0 0 0 0 0 0 0 0 0 0 0 0 0 0 0 0 0 0 0 0 0 0 0 0 0
0 0 0 0 0 0 0 0 0 0 0 0 0 0 0 0 0 0 0 0 0 0 0 0 0 0 0 0 0 0 0 0 0 0 0 0 0 0 0 0 0 0 0 0 0 0 0 0 0 0
