59 59 59 99 99 99 45 45 45 42 42 87 87 11 0 0 0 0 11 91 0 0 91 91 98 98 36 36 36 36 18 18 18 0 18 0 0 0 0 0 0 0 0 0 0 0 0 0 0 0
16 16 59 99 45 45 45 87 87 87 87 87 87 11 0 0 11 11 11 91 91 91 91 98 98 98 78 78 36 36 36 36 18 18 18 0 0 0 0 0 0 0 0 0 0 0 0 0 0 0
16 99 99 99 45 92 87 87 70 70 87 2 11 11 11 11 11 53 53 91 91 91 98 98 98 98 78 78 36 36 36 36 85 58 18 0 0 0 0 0 0 0 0 0 0 0 0 0 0 0
16 16 16 99 99 92 92 70 70 51 51 2 56 56 11 11 11 53 91 91 91 91 98 98 98 78 78 78 78 78 78 36 85 58 65 0 0 0 0 0 0 0 0 0 0 0 0 0 0 0
0 16 16 16 16 92 92 70 70 51 51 2 56 56 56 11 11 53 91 91 91 91 98 98 78 78 78 78 78 78 85 85 85 3 65 0 0 0 0 0 0 0 0 0 0 0 0 0 0 0
0 16 16 16 16 70 70 70 51 51 51 2 93 47 83 83 11 53 91 91 91 91 98 98 73 73 73 73 78 78 78 85 78 3 65 0 0 0 0 0 0 0 0 0 0 0 0 0 0 0
16 16 16 16 70 70 70 51 51 51 51 93 93 47 83 83 83 46 91 91 91 91 98 98 73 73 73 73 3 3 78 78 78 3 65 0 0 0 0 0 0 0 0 0 0 0 0 0 0 0
79 16 16 61 70 70 70 70 51 51 51 93 93 93 93 83 83 46 91 91 91 91 98 26 73 73 73 73 73 3 3 3 3 3 65 0 0 0 0 0 0 0 0 0 0 0 0 0 0 0
79 16 61 61 61 61 61 51 51 51 51 93 93 93 93 93 46 46 46 91 91 26 26 26 73 73 73 73 80 80 3 3 3 3 65 0 0 0 0 0 0 0 0 0 0 0 0 0 0 0
79 61 61 61 61 61 61 61 61 10 51 93 93 93 93 66 66 46 46 91 26 26 26 26 26 73 73 73 80 80 3 3 3 3 65 0 0 0 0 0 0 0 0 0 0 0 0 0 0 0
79 25 25 25 61 61 25 25 25 10 10 93 93 93 66 66 66 46 46 46 46 26 26 26 26 80 80 80 80 80 3 3 3 3 3 0 0 0 0 0 0 0 0 0 0 0 0 0 0 0
79 25 25 25 25 25 25 25 10 10 10 10 66 66 66 66 66 66 66 66 26 26 26 12 26 90 90 90 90 90 72 72 72 72 3 0 0 0 0 0 0 0 0 0 0 0 0 0 0 0
79 86 86 86 86 100 100 100 100 10 10 10 10 40 40 40 40 66 66 66 94 94 94 43 43 54 54 72 72 72 72 72 82 82 82 0 0 0 0 0 0 0 0 0 0 0 0 0 0 0
86 86 100 100 100 100 100 100 76 76 77 19 19 19 19 19 19 19 94 94 94 94 94 49 49 4 4 4 4 82 82 82 82 82 82 0 0 0 0 0 0 0 0 0 0 0 0 0 0 0
100 100 100 100 100 77 77 77 77 77 77 38 19 19 19 19 19 75 75 75 75 75 94 57 4 4 4 4 4 4 4 4 4 4 35 0 0 0 0 0 0 0 0 0 0 0 0 0 0 0
100 100 100 100 100 77 77 77 77 77 77 38 19 19 19 19 19 75 75 75 75 89 57 57 4 4 4 4 4 4 4 4 4 4 35 0 0 0 0 0 0 0 0 0 0 0 0 0 0 0
37 37 37 37 37 77 77 77 77 77 77 38 38 19 38 38 75 75 75 75 75 89 89 57 64 64 64 64 64 4 4 4 35 4 35 0 0 0 0 0 0 0 0 0 0 0 0 0 0 0
0 37 37 37 77 77 77 77 77 77 38 38 38 38 38 38 14 75 75 75 75 89 89 89 64 64 64 64 64 64 4 35 35 35 35 0 0 0 0 0 0 0 0 0 0 0 0 0 0 0
37 37 23 37 37 37 74 63 63 63 63 38 33 38 14 14 14 14 75 75 84 84 89 89 89 64 64 64 29 64 17 17 17 17 6 0 0 0 0 0 0 0 0 0 0 0 0 0 0 0
37 23 23 23 62 74 74 74 63 33 33 33 33 33 14 14 14 14 14 75 84 89 89 89 29 29 29 29 29 29 39 15 6 6 6 0 0 0 0 0 0 0 0 0 0 0 0 0 0 0
37 23 23 41 62 62 52 52 52 33 33 33 33 33 14 14 14 14 84 84 84 84 89 89 29 29 29 29 29 29 39 15 15 15 15 0 0 0 0 0 0 0 0 0 0 0 0 0 0 0
37 23 23 41 41 62 62 52 52 52 33 33 33 33 14 14 14 14 14 84 84 22 22 89 29 29 29 29 29 39 39 15 15 15 15 0 0 0 0 0 0 0 0 0 0 0 0 0 0 0
37 23 20 41 41 41 88 52 52 52 33 33 33 33 33 30 30 27 32 32 32 32 22 89 29 29 29 29 39 39 39 39 5 5 5 0 0 0 0 0 0 0 0 0 0 0 0 0 0 0
37 37 20 88 88 88 88 21 52 52 33 33 33 60 30 30 27 27 32 32 32 32 34 89 29 29 29 39 39 39 39 39 39 5 0 0 0 0 0 0 0 0 0 0 0 0 0 0 0 0
1 13 13 13 21 21 21 21 60 60 60 60 60 60 30 30 30 27 34 32 34 34 34 28 28 28 28 48 5 5 5 5 5 5 5 0 0 0 0 0 0 0 0 0 0 0 0 0 0 0
1 1 50 50 21 21 21 21 21 60 60 60 60 60 60 30 30 34 34 34 34 34 24 28 28 48 48 48 48 95 95 95 95 31 31 0 0 0 0 0 0 0 0 0 0 0 0 0 0 0
55 55 55 50 21 21 21 21 21 21 60 60 60 60 30 30 30 30 24 24 24 24 24 81 81 48 48 48 96 96 95 95 95 95 31 0 0 0 0 0 0 0 0 0 0 0 0 0 0 0
69 69 69 69 21 21 21 21 21 21 60 60 60 30 30 30 9 9 9 9 24 24 24 24 96 96 96 96 96 95 95 95 95 95 31 0 0 0 0 0 0 0 0 0 0 0 0 0 0 0
0 0 69 69 69 21 21 21 21 21 97 60 60 7 7 30 9 67 67 9 68 24 24 24 96 96 96 96 96 95 95 95 95 95 31 0 0 0 0 0 0 0 0 0 0 0 0 0 0 0
0 0 69 69 69 97 97 21 21 21 97 7 7 7 7 7 7 67 67 67 68 68 68 68 96 96 0 0 96 96 95 95 95 95 31 0 0 0 0 0 0 0 0 0 0 0 0 0 0 0
0 0 69 97 97 97 97 97 21 97 97 97 7 0 0 0 7 8 8 67 68 68 68 68 96 96 0 0 0 96 95 95 95 95 31 0 0 0 0 0 0 0 0 0 0 0 0 0 0 0
69 69 69 97 0 0 0 97 97 97 7 7 7 0 0 0 7 7 8 8 8 8 8 71 71 96 0 0 0 96 96 44 44 44 31 0 0 0 0 0 0 0 0 0 0 0 0 0 0 0
0 0 0 0 0 0 0 0 0 0 0 0 0 0 0 0 0 0 0 0 0 0 0 0 0 0 0 0 0 0 0 0 0 0 0 0 0 0 0 0 0 0 0 0 0 0 0 0 0 0
0 0 0 0 0 0 0 0 0 0 0 0 0 0 0 0 0 0 0 0 0 0 0 0 0 0 0 0 0 0 0 0 0 0 0 0 0 0 0 0 0 0 0 0 0 0 0 0 0 0
0 0 0 0 0 0 0 0 0 0 0 0 0 0 0 0 0 0 0 0 0 0 0 0 0 0 0 0 0 0 0 0 0 0 0 0 0 0 0 0 0 0 0 0 0 0 0 0 0 0
0 0 0 0 0 0 0 0 0 0 0 0 0 0 0 0 0 0 0 0 0 0 0 0 0 0 0 0 0 0 0 0 0 0 0 0 0 0 0 0 0 0 0 0 0 0 0 0 0 0
0 0 0 0 0 0 0 0 0 0 0 0 0 0 0 0 0 0 0 0 0 0 0 0 0 0 0 0 0 0 0 0 0 0 0 0 0 0 0 0 0 0 0 0 0 0 0 0 0 0
0 0 0 0 0 0 0 0 0 0 0 0 0 0 0 0 0 0 0 0 0 0 0 0 0 0 0 0 0 0 0 0 0 0 0 0 0 0 0 0 0 0 0 0 0 0 0 0 0 0
0 0 0 0 0 0 0 0 0 0 0 0 0 0 0 0 0 0 0 0 0 0 0 0 0 0 0 0 0 0 0 0 0 0 0 0 0 0 0 0 0 0 0 0 0 0 0 0 0 0
0 0 0 0 0 0 0 0 0 0 0 0 0 0 0 0 0 0 0 0 0 0 0 0 0 0 0 0 0 0 0 0 0 0 0 0 0 0 0 0 0 0 0 0 0 0 0 0 0 0
0 0 0 0 0 0 0 0 0 0 0 0 0 0 0 0 0 0 0 0 0 0 0 0 0 0 0 0 0 0 0 0 0 0 0 0 0 0 0 0 0 0 0 0 0 0 0 0 0 0
0 0 0 0 0 0 0 0 0 0 0 0 0 0 0 0 0 0 0 0 0 0 0 0 0 0 0 0 0 0 0 0 0 0 0 0 0 0 0 0 0 0 0 0 0 0 0 0 0 0
0 0 0 0 0 0 0 0 0 0 0 0 0 0 0 0 0 0 0 0 0 0 0 0 0 0 0 0 0 0 0 0 0 0 0 0 0 0 0 0 0 0 0 0 0 0 0 0 0 0
0 0 0 0 0 0 0 0 0 0 0 0 0 0 0 0 0 0 0 0 0 0 0 0 0 0 0 0 0 0 0 0 0 0 0 0 0 0 0 0 0 0 0 0 0 0 0 0 0 0
0 0 0 0 0 0 0 0 0 0 0 0 0 0 0 0 0 0 0 0 0 0 0 0 0 0 0 0 0 0 0 0 0 0 0 0 0 0 0 0 0 0 0 0 0 0 0 0 0 0
0 0 0 0 0 0 0 0 0 0 0 0 0 0 0 0 0 0 0 0 0 0 0 0 0 0 0 0 0 0 0 0 0 0 0 0 0 0 0 0 0 0 0 0 0 0 0 0 0 0
0 0 0 0 0 0 0 0 0 0 0 0 0 0 0 0 0 0 0 0 0 0 0 0 0 0 0 0 0 0 0 0 0 0 0 0 0 0 0 0 0 0 0 0 0 0 0 0 0 0
0 0 0 0 0 0 0 0 0 0 0 0 0 0 0 0 0 0 0 0 0 0 0 0 0 0 0 0 0 0 0 0 0 0 0 0 0 0 0 0 0 0 0 0 0 0 0 0 0 0
0 0 0 0 0 0 0 0 0 0 0 0 0 0 0 0 0 0 0 0 0 0 0 0 0 0 0 0 0 0 0 0 0 0 0 0 0 0 0 0 0 0 0 0 0 0 0 0 0 0
0 0 0 0 0 0 0 0 0 0 0 0 0 0 0 0 0 0 0 0 0 0 0 0 0 0 0 0 0 0 0 0 0 0 0 0 0 0 0 0 0 0 0 0 0 0 0 0 0 0
