0 0 0 38 43 0 0 0 0 43 23 23 10 10 10 10 23 23 19 19 96 96 96 96 97 54 54 0 0 0 0 0 0 0 0 0 0 0 0 0 0 0 0 0 0 0 0 0 0 0
38 38 38 38 43 43 43 43 43 43 43 23 23 23 23 23 23 19 19 19 96 4 4 97 97 97 54 54 0 0 0 0 0 0 0 0 0 0 0 0 0 0 0 0 0 0 0 0 0 0
39 38 38 38 48 48 67 43 43 23 23 23 23 23 23 45 45 45 19 19 30 30 90 90 8 97 97 91 0 0 0 0 0 0 0 0 0 0 0 0 0 0 0 0 0 0 0 0 0 0
39 38 38 38 50 48 67 43 43 43 43 23 23 23 23 45 45 45 19 19 30 30 8 8 8 8 97 91 0 0 0 0 0 0 0 0 0 0 0 0 0 0 0 0 0 0 0 0 0 0
5 5 51 51 50 48 43 43 43 43 23 23 23 23 23 45 45 45 19 19 30 30 8 8 8 8 97 97 0 0 0 0 0 0 0 0 0 0 0 0 0 0 0 0 0 0 0 0 0 0
0 5 51 51 50 50 50 50 92 59 59 59 59 57 57 57 57 57 19 75 30 70 70 8 81 8 8 8 0 0 0 0 0 0 0 0 0 0 0 0 0 0 0 0 0 0 0 0 0 0
5 5 51 50 50 50 29 29 92 59 59 59 59 59 59 59 59 59 59 75 30 70 70 81 81 1 8 8 0 0 0 0 0 0 0 0 0 0 0 0 0 0 0 0 0 0 0 0 0 0
5 51 51 50 50 50 29 29 92 92 92 59 59 59 59 79 79 79 75 75 70 70 81 81 81 1 1 8 0 0 0 0 0 0 0 0 0 0 0 0 0 0 0 0 0 0 0 0 0 0
5 73 51 29 50 29 29 29 92 92 92 33 33 33 33 79 79 79 75 75 70 81 81 81 81 1 1 28 0 0 0 0 0 0 0 0 0 0 0 0 0 0 0 0 0 0 0 0 0 0
73 73 73 29 29 29 29 29 92 92 92 92 53 53 33 79 79 79 79 79 70 81 81 81 81 1 1 28 0 0 0 0 0 0 0 0 0 0 0 0 0 0 0 0 0 0 0 0 0 0
0 73 73 29 29 29 82 82 92 92 53 53 53 53 33 33 79 79 79 79 81 81 81 81 1 1 1 28 0 0 0 0 0 0 0 0 0 0 0 0 0 0 0 0 0 0 0 0 0 0
73 73 73 29 29 29 82 82 37 37 53 53 33 33 33 33 79 79 76 79 3 81 1 1 1 55 55 14 0 0 0 0 0 0 0 0 0 0 0 0 0 0 0 0 0 0 0 0 0 0
73 77 66 66 29 29 37 37 37 37 53 53 98 98 98 33 79 76 76 76 3 16 1 25 1 55 55 14 0 0 0 0 0 0 0 0 0 0 0 0 0 0 0 0 0 0 0 0 0 0
66 77 66 66 29 29 37 37 37 37 99 99 99 99 99 76 76 76 76 76 3 16 25 25 93 55 55 14 0 0 0 0 0 0 0 0 0 0 0 0 0 0 0 0 0 0 0 0 0 0
66 66 66 66 29 2 37 37 69 37 22 78 78 99 71 71 76 76 76 76 3 25 25 93 93 93 17 14 0 0 0 0 0 0 0 0 0 0 0 0 0 0 0 0 0 0 0 0 0 0
66 20 66 66 2 2 2 2 69 69 22 78 22 71 71 76 76 76 7 31 3 3 93 93 93 93 17 17 0 0 0 0 0 0 0 0 0 0 0 0 0 0 0 0 0 0 0 0 0 0
20 20 66 66 66 2 69 69 69 69 22 22 22 22 22 76 76 76 7 31 3 3 3 93 85 93 93 17 0 0 0 0 0 0 0 0 0 0 0 0 0 0 0 0 0 0 0 0 0 0
0 20 66 66 66 2 2 69 68 69 26 26 26 22 22 22 22 76 31 31 3 3 3 85 85 21 17 17 0 0 0 0 0 0 0 0 0 0 0 0 0 0 0 0 0 0 0 0 0 0
0 20 66 66 66 2 2 2 68 26 26 26 84 84 84 22 22 76 31 31 13 3 3 85 85 21 21 17 0 0 0 0 0 0 0 0 0 0 0 0 0 0 0 0 0 0 0 0 0 0
0 20 20 66 86 2 61 61 68 61 26 26 84 84 84 76 76 76 31 31 13 3 85 85 85 21 21 17 0 0 0 0 0 0 0 0 0 0 0 0 0 0 0 0 0 0 0 0 0 0
0 20 20 20 86 2 61 61 61 61 26 84 84 84 84 84 84 76 31 31 6 3 85 85 85 21 21 17 0 0 0 0 0 0 0 0 0 0 0 0 0 0 0 0 0 0 0 0 0 0
20 20 20 20 86 61 61 61 61 61 61 84 84 84 84 84 84 76 47 47 6 3 85 85 85 21 21 17 0 0 0 0 0 0 0 0 0 0 0 0 0 0 0 0 0 0 0 0 0 0
86 86 86 86 86 61 61 61 61 61 52 52 52 52 95 95 95 95 47 47 58 85 85 85 85 74 74 17 0 0 0 0 0 0 0 0 0 0 0 0 0 0 0 0 0 0 0 0 0 0
72 86 86 86 86 86 65 36 36 36 52 52 52 52 95 95 95 47 47 58 58 85 85 89 89 74 74 74 0 0 0 0 0 0 0 0 0 0 0 0 0 0 0 0 0 0 0 0 0 0
72 86 86 86 86 94 65 36 36 36 36 52 52 95 95 95 95 24 24 58 58 58 85 89 89 74 74 0 0 0 0 0 0 0 0 0 0 0 0 0 0 0 0 0 0 0 0 0 0 0
72 86 86 86 94 94 65 65 36 36 36 36 36 95 9 9 95 24 24 24 58 58 89 89 89 74 74 0 0 0 0 0 0 0 0 0 0 0 0 0 0 0 0 0 0 0 0 0 0 0
72 72 86 86 94 94 32 65 36 36 36 87 87 9 9 24 24 24 24 24 58 58 89 89 89 74 74 74 0 0 0 0 0 0 0 0 0 0 0 0 0 0 0 0 0 0 0 0 0 0
0 72 72 72 94 94 32 65 65 36 36 87 87 9 24 24 24 24 24 24 58 41 41 89 41 41 60 40 0 0 0 0 0 0 0 0 0 0 0 0 0 0 0 0 0 0 0 0 0 0
0 72 49 94 94 32 32 65 65 87 87 87 9 9 9 9 9 9 24 24 46 41 41 41 41 41 60 40 0 0 0 0 0 0 0 0 0 0 0 0 0 0 0 0 0 0 0 0 0 0
0 72 49 49 32 32 32 65 65 87 87 87 87 9 9 9 9 42 63 46 46 41 41 41 41 60 60 40 0 0 0 0 0 0 0 0 0 0 0 0 0 0 0 0 0 0 0 0 0 0
72 72 49 49 35 35 56 65 65 87 87 87 87 87 9 9 9 63 63 46 41 41 80 41 60 60 60 40 0 0 0 0 0 0 0 0 0 0 0 0 0 0 0 0 0 0 0 0 0 0
72 49 49 49 35 35 56 27 27 27 27 87 87 9 9 9 9 63 63 46 41 80 80 80 60 60 40 40 0 0 0 0 0 0 0 0 0 0 0 0 0 0 0 0 0 0 0 0 0 0
12 49 35 35 35 35 56 56 27 27 27 87 9 9 9 9 9 63 63 46 11 80 80 80 60 60 40 40 0 0 0 0 0 0 0 0 0 0 0 0 0 0 0 0 0 0 0 0 0 0
12 49 35 35 35 35 44 44 27 83 83 83 83 9 9 9 9 62 62 62 11 11 18 18 18 60 34 40 0 0 0 0 0 0 0 0 0 0 0 0 0 0 0 0 0 0 0 0 0 0
100 49 64 64 35 35 44 44 44 83 83 83 83 83 83 62 62 62 62 62 11 11 11 11 11 60 34 88 0 0 0 0 0 0 0 0 0 0 0 0 0 0 0 0 0 0 0 0 0 0
100 64 64 64 35 35 44 44 83 83 83 83 83 83 83 83 62 62 62 62 11 0 0 0 11 60 88 88 0 0 0 0 0 0 0 0 0 0 0 0 0 0 0 0 0 0 0 0 0 0
100 64 0 64 64 64 44 44 83 15 15 83 0 0 83 62 62 0 0 62 11 0 0 0 11 88 88 0 0 0 0 0 0 0 0 0 0 0 0 0 0 0 0 0 0 0 0 0 0 0
0 0 0 0 0 0 0 0 0 0 0 0 0 0 0 0 0 0 0 0 0 0 0 0 0 0 0 0 0 0 0 0 0 0 0 0 0 0 0 0 0 0 0 0 0 0 0 0 0 0
0 0 0 0 0 0 0 0 0 0 0 0 0 0 0 0 0 0 0 0 0 0 0 0 0 0 0 0 0 0 0 0 0 0 0 0 0 0 0 0 0 0 0 0 0 0 0 0 0 0
0 0 0 0 0 0 0 0 0 0 0 0 0 0 0 0 0 0 0 0 0 0 0 0 0 0 0 0 0 0 0 0 0 0 0 0 0 0 0 0 0 0 0 0 0 0 0 0 0 0
0 0 0 0 0 0 0 0 0 0 0 0 0 0 0 0 0 0 0 0 0 0 0 0 0 0 0 0 0 0 0 0 0 0 0 0 0 0 0 0 0 0 0 0 0 0 0 0 0 0
0 0 0 0 0 0 0 0 0 0 0 0 0 0 0 0 0 0 0 0 0 0 0 0 0 0 0 0 0 0 0 0 0 0 0 0 0 0 0 0 0 0 0 0 0 0 0 0 0 0
0 0 0 0 0 0 0 0 0 0 0 0 0 0 0 0 0 0 0 0 0 0 0 0 0 0 0 0 0 0 0 0 0 0 0 0 0 0 0 0 0 0 0 0 0 0 0 0 0 0
0 0 0 0 0 0 0 0 0 0 0 0 0 0 0 0 0 0 0 0 0 0 0 0 0 0 0 0 0 0 0 0 0 0 0 0 0 0 0 0 0 0 0 0 0 0 0 0 0 0
0 0 0 0 0 0 0 0 0 0 0 0 0 0 0 0 0 0 0 0 0 0 0 0 0 0 0 0 0 0 0 0 0 0 0 0 0 0 0 0 0 0 0 0 0 0 0 0 0 0
0 0 0 0 0 0 0 0 0 0 0 0 0 0 0 0 0 0 0 0 0 0 0 0 0 0 0 0 0 0 0 0 0 0 0 0 0 0 0 0 0 0 0 0 0 0 0 0 0 0
0 0 0 0 0 0 0 0 0 0 0 0 0 0 0 0 0 0 0 0 0 0 0 0 0 0 0 0 0 0 0 0 0 0 0 0 0 0 0 0 0 0 0 0 0 0 0 0 0 0
0 0 0 0 0 0 0 0 0 0 0 0 0 0 0 0 0 0 0 0 0 0 0 0 0 0 0 0 0 0 0 0 0 0 0 0 0 0 0 0 0 0 0 0 0 0 0 0 0 0
0 0 0 0 0 0 0 0 0 0 0 0 0 0 0 0 0 0 0 0 0 0 0 0 0 0 0 0 0 0 0 0 0 0 0 0 0 0 0 0 0 0 0 0 0 0 0 0 0 0
0 0 0 0 0 0 0 0 0 0 0 0 0 0 0 0 0 0 0 0 0 0 0 0 0 0 0 0 0 0 0 0 0 0 0 0 0 0 0 0 0 0 0 0 0 0 0 0 0 0
