57 57 24 0 0 24 84 37 0 37 62 86 86 86 31 99 99 99 99 99 31 0 0 0 31 12 0 0 0 0 0 0 12 12 0 0 0 0 0 0 0 0 0 0 0 0 0 0 0 0
57 24 24 24 24 24 84 37 37 37 62 62 62 86 31 31 31 31 31 31 31 0 0 31 31 12 12 12 12 0 12 12 12 78 0 0 0 0 0 0 0 0 0 0 0 0 0 0 0 0
57 96 96 24 24 24 82 82 82 82 62 62 62 62 62 31 31 31 31 31 31 31 31 31 10 10 92 92 12 12 12 92 92 78 0 0 0 0 0 0 0 0 0 0 0 0 0 0 0 0
96 96 96 96 60 60 82 82 82 82 82 82 62 62 62 81 81 81 81 31 31 31 31 31 10 10 10 92 92 92 92 92 98 98 0 0 0 0 0 0 0 0 0 0 0 0 0 0 0 0
0 0 0 96 96 75 82 82 82 82 82 82 82 62 62 62 81 81 72 28 28 31 31 28 10 10 10 92 92 92 92 92 98 0 0 0 0 0 0 0 0 0 0 0 0 0 0 0 0 0
0 0 0 96 96 75 82 82 82 82 82 82 62 62 62 72 72 72 72 72 28 28 28 28 10 10 10 10 92 92 92 98 98 0 0 0 0 0 0 0 0 0 0 0 0 0 0 0 0 0
0 0 96 96 75 75 26 17 17 17 17 62 62 93 62 72 72 72 72 28 28 28 28 28 10 10 10 10 10 10 98 98 0 0 0 0 0 0 0 0 0 0 0 0 0 0 0 0 0 0
96 96 96 26 26 26 26 17 17 17 17 17 62 93 72 72 72 72 28 28 28 28 61 61 61 10 10 10 10 66 98 98 98 0 0 0 0 0 0 0 0 0 0 0 0 0 0 0 0 0
35 38 38 26 26 26 26 17 17 17 17 17 93 93 93 72 72 72 28 28 28 28 13 13 61 10 10 52 10 66 66 66 98 0 0 0 0 0 0 0 0 0 0 0 0 0 0 0 0 0
35 38 26 26 26 26 26 17 17 17 3 3 3 93 93 93 72 72 28 28 9 9 13 61 61 61 89 52 10 66 66 66 98 0 0 0 0 0 0 0 0 0 0 0 0 0 0 0 0 0
35 38 1 1 1 94 26 17 17 17 3 3 3 93 93 93 93 72 28 28 9 9 13 13 61 61 89 64 64 66 66 66 98 98 0 0 0 0 0 0 0 0 0 0 0 0 0 0 0 0
35 38 1 1 1 94 30 17 17 17 3 3 93 93 93 93 9 9 9 9 9 13 13 20 71 89 89 89 64 83 83 83 83 98 0 0 0 0 0 0 0 0 0 0 0 0 0 0 0 0
35 19 1 1 1 94 17 17 3 3 3 3 93 93 93 93 9 9 9 13 13 13 20 20 71 89 2 2 64 83 83 83 83 83 0 0 0 0 0 0 0 0 0 0 0 0 0 0 0 0
33 19 19 1 1 94 17 3 3 3 3 3 93 93 93 9 9 9 13 13 13 13 20 20 67 2 2 2 40 40 83 83 83 83 0 0 0 0 0 0 0 0 0 0 0 0 0 0 0 0
33 19 19 19 1 94 3 3 79 3 3 3 6 6 65 65 65 65 65 55 55 55 20 55 67 67 67 40 40 40 40 83 83 11 0 0 0 0 0 0 0 0 0 0 0 0 0 0 0 0
33 19 19 19 19 79 79 79 79 79 3 3 6 6 6 65 65 65 65 55 55 55 55 55 67 67 67 40 40 40 40 63 63 11 0 0 0 0 0 0 0 0 0 0 0 0 0 0 0 0
33 19 19 19 19 79 79 79 79 79 79 6 6 6 6 65 65 65 65 55 55 55 55 55 67 67 67 40 40 40 29 63 63 11 0 0 0 0 0 0 0 0 0 0 0 0 0 0 0 0
33 19 19 19 19 79 79 79 79 79 79 97 6 6 65 65 65 65 65 55 55 91 55 91 67 67 67 67 40 40 29 63 63 11 0 0 0 0 0 0 0 0 0 0 0 0 0 0 0 0
33 19 19 19 19 21 21 34 34 34 34 97 97 97 65 65 65 49 49 49 91 91 91 91 91 67 67 67 29 29 29 47 4 11 0 0 0 0 0 0 0 0 0 0 0 0 0 0 0 0
33 16 16 16 16 21 21 21 97 97 97 97 97 49 49 49 70 70 49 49 91 91 91 91 91 91 67 67 5 29 29 47 4 4 0 0 0 0 0 0 0 0 0 0 0 0 0 0 0 0
16 16 16 16 16 21 100 21 97 97 97 97 97 49 49 49 49 49 49 49 32 32 91 91 91 91 91 67 5 5 5 5 5 4 0 0 0 0 0 0 0 0 0 0 0 0 0 0 0 0
23 16 16 16 16 16 100 100 97 97 97 97 97 49 74 74 74 74 74 49 32 32 91 91 91 5 5 5 5 5 5 5 5 5 0 0 0 0 0 0 0 0 0 0 0 0 0 0 0 0
23 22 22 16 16 100 100 100 100 42 42 45 45 45 45 74 74 74 74 32 32 32 32 32 36 36 5 5 5 5 5 5 27 27 0 0 0 0 0 0 0 0 0 0 0 0 0 0 0 0
23 23 22 16 51 51 100 100 100 42 42 45 45 45 45 46 46 46 46 32 32 36 32 36 36 36 36 5 5 5 5 5 27 0 0 0 0 0 0 0 0 0 0 0 0 0 0 0 0 0
0 23 51 51 51 51 100 100 42 42 45 45 45 45 45 46 46 46 50 50 50 36 36 36 36 36 36 8 5 5 27 27 27 0 0 0 0 0 0 0 0 0 0 0 0 0 0 0 0 0
0 23 58 51 51 51 15 100 18 45 45 45 45 45 45 46 46 46 50 50 50 36 36 36 36 36 36 8 25 5 27 27 27 27 0 0 0 0 0 0 0 0 0 0 0 0 0 0 0 0
23 23 58 51 51 15 15 18 18 18 18 45 45 45 45 46 46 50 50 50 50 50 36 36 36 8 8 8 25 5 69 69 69 27 0 0 0 0 0 0 0 0 0 0 0 0 0 0 0 0
7 23 51 51 54 15 15 18 18 18 18 45 45 45 45 46 50 50 50 50 36 36 36 36 8 8 8 8 25 25 25 48 48 48 0 0 0 0 0 0 0 0 0 0 0 0 0 0 0 0
7 7 7 51 54 87 15 18 18 18 18 18 18 45 18 46 46 50 85 50 50 50 36 8 8 8 8 8 25 25 25 48 48 0 0 0 0 0 0 0 0 0 0 0 0 0 0 0 0 0
7 7 7 54 54 87 15 18 18 18 18 18 18 18 18 39 50 50 85 85 44 44 44 8 8 8 8 25 25 25 25 48 48 48 0 0 0 0 0 0 0 0 0 0 0 0 0 0 0 0
76 7 54 54 54 87 87 87 18 18 95 18 39 39 39 39 68 85 85 85 85 44 44 44 44 8 8 25 25 25 14 14 14 14 0 0 0 0 0 0 0 0 0 0 0 0 0 0 0 0
76 76 76 54 54 87 87 95 95 95 95 95 95 39 39 39 68 85 85 85 85 44 41 41 44 8 25 25 25 25 25 14 14 14 0 0 0 0 0 0 0 0 0 0 0 0 0 0 0 0
80 76 56 56 56 56 87 95 95 95 95 95 95 39 39 68 68 68 68 68 41 41 41 41 59 59 59 25 59 25 43 43 14 43 0 0 0 0 0 0 0 0 0 0 0 0 0 0 0 0
80 53 53 53 56 56 87 95 95 95 95 95 95 95 73 73 73 73 73 41 41 41 41 41 59 59 59 59 59 59 43 43 43 43 0 0 0 0 0 0 0 0 0 0 0 0 0 0 0 0
53 53 53 56 56 56 87 88 88 88 90 90 90 73 73 0 0 0 73 73 77 77 77 77 77 77 77 59 0 59 43 0 0 43 0 0 0 0 0 0 0 0 0 0 0 0 0 0 0 0
0 0 0 0 0 0 0 0 0 0 0 0 0 0 0 0 0 0 0 0 0 0 0 0 0 0 0 0 0 0 0 0 0 0 0 0 0 0 0 0 0 0 0 0 0 0 0 0 0 0
0 0 0 0 0 0 0 0 0 0 0 0 0 0 0 0 0 0 0 0 0 0 0 0 0 0 0 0 0 0 0 0 0 0 0 0 0 0 0 0 0 0 0 0 0 0 0 0 0 0
0 0 0 0 0 0 0 0 0 0 0 0 0 0 0 0 0 0 0 0 0 0 0 0 0 0 0 0 0 0 0 0 0 0 0 0 0 0 0 0 0 0 0 0 0 0 0 0 0 0
0 0 0 0 0 0 0 0 0 0 0 0 0 0 0 0 0 0 0 0 0 0 0 0 0 0 0 0 0 0 0 0 0 0 0 0 0 0 0 0 0 0 0 0 0 0 0 0 0 0
0 0 0 0 0 0 0 0 0 0 0 0 0 0 0 0 0 0 0 0 0 0 0 0 0 0 0 0 0 0 0 0 0 0 0 0 0 0 0 0 0 0 0 0 0 0 0 0 0 0
0 0 0 0 0 0 0 0 0 0 0 0 0 0 0 0 0 0 0 0 0 0 0 0 0 0 0 0 0 0 0 0 0 0 0 0 0 0 0 0 0 0 0 0 0 0 0 0 0 0
0 0 0 0 0 0 0 0 0 0 0 0 0 0 0 0 0 0 0 0 0 0 0 0 0 0 0 0 0 0 0 0 0 0 0 0 0 0 0 0 0 0 0 0 0 0 0 0 0 0
0 0 0 0 0 0 0 0 0 0 0 0 0 0 0 0 0 0 0 0 0 0 0 0 0 0 0 0 0 0 0 0 0 0 0 0 0 0 0 0 0 0 0 0 0 0 0 0 0 0
0 0 0 0 0 0 0 0 0 0 0 0 0 0 0 0 0 0 0 0 0 0 0 0 0 0 0 0 0 0 0 0 0 0 0 0 0 0 0 0 0 0 0 0 0 0 0 0 0 0
0 0 0 0 0 0 0 0 0 0 0 0 0 0 0 0 0 0 0 0 0 0 0 0 0 0 0 0 0 0 0 0 0 0 0 0 0 0 0 0 0 0 0 0 0 0 0 0 0 0
0 0 0 0 0 0 0 0 0 0 0 0 0 0 0 0 0 0 0 0 0 0 0 0 0 0 0 0 0 0 0 0 0 0 0 0 0 0 0 0 0 0 0 0 0 0 0 0 0 0
0 0 0 0 0 0 0 0 0 0 0 0 0 0 0 0 0 0 0 0 0 0 0 0 0 0 0 0 0 0 0 0 0 0 0 0 0 0 0 0 0 0 0 0 0 0 0 0 0 0
0 0 0 0 0 0 0 0 0 0 0 0 0 0 0 0 0 0 0 0 0 0 0 0 0 0 0 0 0 0 0 0 0 0 0 0 0 0 0 0 0 0 0 0 0 0 0 0 0 0
0 0 0 0 0 0 0 0 0 0 0 0 0 0 0 0 0 0 0 0 0 0 0 0 0 0 0 0 0 0 0 0 0 0 0 0 0 0 0 0 0 0 0 0 0 0 0 0 0 0
0 0 0 0 0 0 0 0 0 0 0 0 0 0 0 0 0 0 0 0 0 0 0 0 0 0 0 0 0 0 0 0 0 0 0 0 0 0 0 0 0 0 0 0 0 0 0 0 0 0
