0 20 68 0 0 0 68 68 52 52 15 15 0 0 15 91 91 28 28 28 28 0 0 28 28 53 0 53 53 53 53 42 34 34 36 0 0 0 0 0 0 0 0 0 0 0 0 0 0 0
20 20 68 0 0 68 68 52 52 52 52 15 15 15 15 15 15 15 15 88 28 28 28 28 53 53 53 53 95 95 63 42 42 36 36 0 0 0 0 0 0 0 0 0 0 0 0 0 0 0
71 71 68 68 68 68 52 52 52 52 15 15 15 15 15 15 15 88 88 88 88 88 88 14 53 14 14 53 53 63 63 63 63 36 0 0 0 0 0 0 0 0 0 0 0 0 0 0 0 0
71 71 68 68 68 68 52 52 52 52 15 15 15 15 15 15 69 69 88 88 88 88 88 14 14 14 37 37 87 87 63 63 63 36 36 0 0 0 0 0 0 0 0 0 0 0 0 0 0 0
71 16 16 52 52 68 52 52 52 52 52 15 15 15 15 15 69 88 88 88 88 88 9 14 14 14 37 37 37 87 87 63 63 63 36 0 0 0 0 0 0 0 0 0 0 0 0 0 0 0
71 16 16 52 52 52 52 52 52 47 52 43 43 43 43 69 69 69 69 69 69 9 9 9 14 14 6 37 37 87 87 63 63 63 36 0 0 0 0 0 0 0 0 0 0 0 0 0 0 0
16 16 35 35 35 35 47 47 47 47 47 43 43 69 69 69 69 69 19 19 19 19 19 9 1 6 6 8 8 8 8 8 8 36 36 0 0 0 0 0 0 0 0 0 0 0 0 0 0 0
16 16 35 35 35 35 35 41 41 41 41 41 43 43 43 69 69 19 19 19 19 19 19 19 1 8 8 8 8 8 8 8 8 97 36 0 0 0 0 0 0 0 0 0 0 0 0 0 0 0
16 35 35 35 35 35 41 41 41 41 41 41 41 61 5 5 5 5 5 5 19 5 5 1 1 1 89 89 89 89 89 97 97 97 97 0 0 0 0 0 0 0 0 0 0 0 0 0 0 0
40 40 35 40 40 35 45 45 45 41 41 41 61 61 61 61 61 5 5 5 5 5 5 5 1 1 23 98 98 89 83 97 97 97 0 0 0 0 0 0 0 0 0 0 0 0 0 0 0 0
0 40 40 40 40 45 45 45 45 45 61 61 61 61 61 61 61 27 27 27 5 5 5 23 23 23 23 98 83 83 83 96 96 97 97 0 0 0 0 0 0 0 0 0 0 0 0 0 0 0
0 0 0 40 45 45 45 45 45 45 45 45 45 61 61 61 61 61 27 27 5 5 5 23 23 23 23 83 83 18 18 96 96 96 96 0 0 0 0 0 0 0 0 0 0 0 0 0 0 0
0 0 0 40 40 45 45 45 81 81 81 81 32 61 61 61 61 61 27 27 27 27 48 48 23 23 23 23 23 23 18 18 18 58 96 0 0 0 0 0 0 0 0 0 0 0 0 0 0 0
0 0 0 40 40 40 57 57 81 81 32 32 32 13 13 61 61 99 99 99 48 48 48 48 21 23 21 24 24 24 51 51 58 58 67 0 0 0 0 0 0 0 0 0 0 0 0 0 0 0
0 0 40 40 100 100 57 46 46 32 32 32 84 84 84 84 4 4 99 99 48 48 21 21 21 21 21 24 24 24 24 58 58 58 67 0 0 0 0 0 0 0 0 0 0 0 0 0 0 0
0 0 40 100 100 100 57 46 32 32 32 32 84 84 84 84 4 4 99 48 48 48 21 85 21 62 21 24 24 29 24 24 58 58 58 0 0 0 0 0 0 0 0 0 0 0 0 0 0 0
0 0 40 59 59 100 100 100 32 32 32 84 84 84 84 84 25 25 56 48 85 85 85 85 62 62 24 24 24 29 24 54 54 58 0 0 0 0 0 0 0 0 0 0 0 0 0 0 0 0
40 40 40 59 59 100 100 100 32 93 84 84 84 84 84 84 25 56 56 85 85 85 85 85 62 62 62 29 24 29 54 54 54 58 58 0 0 0 0 0 0 0 0 0 0 0 0 0 0 0
40 3 59 59 2 100 100 44 44 93 93 93 93 84 84 84 84 56 56 85 85 85 85 85 62 62 33 29 29 29 29 54 54 60 60 0 0 0 0 0 0 0 0 0 0 0 0 0 0 0
40 3 59 59 2 2 100 44 44 44 44 93 93 65 65 65 84 65 65 66 85 85 85 85 62 62 33 29 29 29 29 54 54 60 0 0 0 0 0 0 0 0 0 0 0 0 0 0 0 0
50 50 50 59 2 2 2 44 44 44 93 93 93 93 65 65 65 65 66 66 66 66 85 85 33 33 33 33 29 29 54 54 54 60 0 0 0 0 0 0 0 0 0 0 0 0 0 0 0 0
0 0 50 59 59 11 2 70 44 44 93 93 93 93 93 65 66 66 66 66 66 39 39 77 33 33 33 33 33 54 54 54 54 60 0 0 0 0 0 0 0 0 0 0 0 0 0 0 0 0
0 0 50 50 11 11 2 70 70 44 44 93 93 93 93 66 66 66 66 39 39 39 77 77 77 77 33 33 33 33 54 54 54 60 0 0 0 0 0 0 0 0 0 0 0 0 0 0 0 0
0 0 50 50 50 50 2 70 7 7 75 75 93 93 93 93 66 66 66 39 39 39 77 77 77 77 77 77 77 77 86 86 54 60 60 0 0 0 0 0 0 0 0 0 0 0 0 0 0 0
50 50 50 50 50 50 2 7 7 7 7 92 92 93 93 93 66 66 66 39 39 39 77 77 77 77 64 86 77 86 86 86 86 86 30 0 0 0 0 0 0 0 0 0 0 0 0 0 0 0
79 50 50 50 50 50 2 7 7 7 7 92 93 93 93 55 55 66 66 66 55 77 77 77 10 10 64 86 86 86 86 86 86 86 30 0 0 0 0 0 0 0 0 0 0 0 0 0 0 0
79 94 26 26 26 50 2 2 7 7 7 7 55 55 55 55 55 55 55 55 55 76 76 76 10 10 86 86 86 86 86 86 80 80 30 0 0 0 0 0 0 0 0 0 0 0 0 0 0 0
94 94 26 26 26 26 2 17 7 7 7 7 55 55 55 55 55 55 55 55 55 76 76 76 10 86 86 86 86 86 80 80 80 80 30 0 0 0 0 0 0 0 0 0 0 0 0 0 0 0
38 94 26 26 26 26 26 17 17 74 74 74 74 74 55 55 55 12 12 12 12 12 76 76 49 49 49 49 49 49 80 80 80 80 30 0 0 0 0 0 0 0 0 0 0 0 0 0 0 0
38 94 26 26 26 26 17 17 17 31 74 74 74 74 55 55 78 78 78 12 78 76 76 78 49 49 49 49 49 49 80 80 80 80 30 0 0 0 0 0 0 0 0 0 0 0 0 0 0 0
90 90 90 73 73 31 31 31 31 31 72 72 72 74 74 78 78 0 78 78 78 78 78 78 78 49 0 0 49 22 22 22 82 82 82 0 0 0 0 0 0 0 0 0 0 0 0 0 0 0
0 0 0 0 0 0 0 0 0 0 0 0 0 0 0 0 0 0 0 0 0 0 0 0 0 0 0 0 0 0 0 0 0 0 0 0 0 0 0 0 0 0 0 0 0 0 0 0 0 0
0 0 0 0 0 0 0 0 0 0 0 0 0 0 0 0 0 0 0 0 0 0 0 0 0 0 0 0 0 0 0 0 0 0 0 0 0 0 0 0 0 0 0 0 0 0 0 0 0 0
0 0 0 0 0 0 0 0 0 0 0 0 0 0 0 0 0 0 0 0 0 0 0 0 0 0 0 0 0 0 0 0 0 0 0 0 0 0 0 0 0 0 0 0 0 0 0 0 0 0
0 0 0 0 0 0 0 0 0 0 0 0 0 0 0 0 0 0 0 0 0 0 0 0 0 0 0 0 0 0 0 0 0 0 0 0 0 0 0 0 0 0 0 0 0 0 0 0 0 0
0 0 0 0 0 0 0 0 0 0 0 0 0 0 0 0 0 0 0 0 0 0 0 0 0 0 0 0 0 0 0 0 0 0 0 0 0 0 0 0 0 0 0 0 0 0 0 0 0 0
0 0 0 0 0 0 0 0 0 0 0 0 0 0 0 0 0 0 0 0 0 0 0 0 0 0 0 0 0 0 0 0 0 0 0 0 0 0 0 0 0 0 0 0 0 0 0 0 0 0
0 0 0 0 0 0 0 0 0 0 0 0 0 0 0 0 0 0 0 0 0 0 0 0 0 0 0 0 0 0 0 0 0 0 0 0 0 0 0 0 0 0 0 0 0 0 0 0 0 0
0 0 0 0 0 0 0 0 0 0 0 0 0 0 0 0 0 0 0 0 0 0 0 0 0 0 0 0 0 0 0 0 0 0 0 0 0 0 0 0 0 0 0 0 0 0 0 0 0 0
0 0 0 0 0 0 0 0 0 0 0 0 0 0 0 0 0 0 0 0 0 0 0 0 0 0 0 0 0 0 0 0 0 0 0 0 0 0 0 0 0 0 0 0 0 0 0 0 0 0
0 0 0 0 0 0 0 0 0 0 0 0 0 0 0 0 0 0 0 0 0 0 0 0 0 0 0 0 0 0 0 0 0 0 0 0 0 0 0 0 0 0 0 0 0 0 0 0 0 0
0 0 0 0 0 0 0 0 0 0 0 0 0 0 0 0 0 0 0 0 0 0 0 0 0 0 0 0 0 0 0 0 0 0 0 0 0 0 0 0 0 0 0 0 0 0 0 0 0 0
0 0 0 0 0 0 0 0 0 0 0 0 0 0 0 0 0 0 0 0 0 0 0 0 0 0 0 0 0 0 0 0 0 0 0 0 0 0 0 0 0 0 0 0 0 0 0 0 0 0
0 0 0 0 0 0 0 0 0 0 0 0 0 0 0 0 0 0 0 0 0 0 0 0 0 0 0 0 0 0 0 0 0 0 0 0 0 0 0 0 0 0 0 0 0 0 0 0 0 0
0 0 0 0 0 0 0 0 0 0 0 0 0 0 0 0 0 0 0 0 0 0 0 0 0 0 0 0 0 0 0 0 0 0 0 0 0 0 0 0 0 0 0 0 0 0 0 0 0 0
0 0 0 0 0 0 0 0 0 0 0 0 0 0 0 0 0 0 0 0 0 0 0 0 0 0 0 0 0 0 0 0 0 0 0 0 0 0 0 0 0 0 0 0 0 0 0 0 0 0
0 0 0 0 0 0 0 0 0 0 0 0 0 0 0 0 0 0 0 0 0 0 0 0 0 0 0 0 0 0 0 0 0 0 0 0 0 0 0 0 0 0 0 0 0 0 0 0 0 0
0 0 0 0 0 0 0 0 0 0 0 0 0 0 0 0 0 0 0 0 0 0 0 0 0 0 0 0 0 0 0 0 0 0 0 0 0 0 0 0 0 0 0 0 0 0 0 0 0 0
0 0 0 0 0 0 0 0 0 0 0 0 0 0 0 0 0 0 0 0 0 0 0 0 0 0 0 0 0 0 0 0 0 0 0 0 0 0 0 0 0 0 0 0 0 0 0 0 0 0
0 0 0 0 0 0 0 0 0 0 0 0 0 0 0 0 0 0 0 0 0 0 0 0 0 0 0 0 0 0 0 0 0 0 0 0 0 0 0 0 0 0 0 0 0 0 0 0 0 0
