37 37 20 20 64 0 64 81 81 62 0 62 97 0 97 87 0 87 28 0 0 28 93 93 0 0 0 93 60 60 60 90 0 0 0 0 0 0 0 0 0 0 0 0 0 0 0 0 0 0
37 13 20 20 64 64 64 81 81 62 62 62 97 97 97 87 87 87 28 28 28 28 28 93 0 0 0 93 60 60 90 90 0 0 0 0 0 0 0 0 0 0 0 0 0 0 0 0 0 0
20 13 20 20 64 64 64 64 12 12 12 12 97 97 87 87 87 87 26 26 26 26 28 93 93 93 93 93 1 60 90 90 0 0 0 0 0 0 0 0 0 0 0 0 0 0 0 0 0 0
20 20 20 14 14 64 16 7 12 12 12 12 12 53 74 87 87 26 26 26 26 48 28 28 93 1 1 1 1 1 1 1 0 0 0 0 0 0 0 0 0 0 0 0 0 0 0 0 0 0
20 20 14 14 14 16 16 7 7 12 12 12 12 53 74 87 85 85 85 26 85 48 28 28 93 1 1 1 1 1 1 6 0 0 0 0 0 0 0 0 0 0 0 0 0 0 0 0 0 0
20 14 14 35 35 42 42 7 7 12 12 12 31 53 74 85 85 85 85 85 85 48 28 28 1 1 1 1 1 1 6 6 0 0 0 0 0 0 0 0 0 0 0 0 0 0 0 0 0 0
35 35 35 35 35 35 35 7 47 47 47 31 31 31 74 85 85 85 85 85 85 48 48 48 1 34 34 34 34 6 6 2 0 0 0 0 0 0 0 0 0 0 0 0 0 0 0 0 0 0
35 35 35 35 50 50 7 7 47 47 47 31 31 31 74 85 85 85 85 85 85 48 48 48 48 34 34 34 34 6 6 2 0 0 0 0 0 0 0 0 0 0 0 0 0 0 0 0 0 0
35 59 35 35 50 50 23 7 8 47 31 31 31 31 74 74 85 85 85 30 30 70 48 48 48 34 9 89 34 6 2 2 0 0 0 0 0 0 0 0 0 0 0 0 0 0 0 0 0 0
59 59 50 50 50 50 23 7 7 47 47 94 94 31 74 39 39 68 68 68 68 70 70 27 27 27 27 27 34 6 83 83 0 0 0 0 0 0 0 0 0 0 0 0 0 0 0 0 0 0
0 59 59 59 50 92 23 95 47 47 94 94 94 31 94 39 39 39 39 68 68 70 70 27 27 27 56 27 27 10 10 10 0 0 0 0 0 0 0 0 0 0 0 0 0 0 0 0 0 0
0 0 59 59 92 92 92 95 95 22 22 22 94 94 94 11 11 39 39 39 70 70 70 70 56 56 56 56 56 10 10 10 0 0 0 0 0 0 0 0 0 0 0 0 0 0 0 0 0 0
0 0 59 59 92 92 92 95 95 19 19 19 19 94 94 11 11 39 88 88 88 88 24 24 24 56 56 56 56 56 4 4 0 0 0 0 0 0 0 0 0 0 0 0 0 0 0 0 0 0
59 59 59 59 79 79 92 95 61 19 19 19 19 94 94 39 39 39 39 88 88 88 24 24 24 24 24 56 49 40 4 4 0 0 0 0 0 0 0 0 0 0 0 0 0 0 0 0 0 0
59 43 59 59 79 79 79 79 61 19 19 19 94 94 94 77 77 39 39 77 88 88 24 24 24 24 24 24 49 40 40 4 0 0 0 0 0 0 0 0 0 0 0 0 0 0 0 0 0 0
43 43 58 58 79 79 79 61 61 33 19 19 94 94 94 77 77 77 77 77 77 77 77 21 21 24 98 49 49 40 40 40 0 0 0 0 0 0 0 0 0 0 0 0 0 0 0 0 0 0
65 43 58 58 79 79 79 61 61 33 33 94 94 94 84 84 84 84 84 77 77 77 77 77 77 24 98 98 98 40 40 40 0 0 0 0 0 0 0 0 0 0 0 0 0 0 0 0 0 0
65 65 65 66 66 79 5 5 5 33 33 33 33 67 67 84 84 84 84 84 84 84 63 77 77 98 98 72 98 29 29 29 0 0 0 0 0 0 0 0 0 0 0 0 0 0 0 0 0 0
0 65 65 65 80 80 5 5 5 33 33 33 33 67 67 84 84 84 84 84 84 84 63 63 72 72 72 72 98 29 0 0 0 0 0 0 0 0 0 0 0 0 0 0 0 0 0 0 0 0
0 65 65 65 65 80 80 5 5 33 33 33 33 67 67 86 86 84 84 84 84 84 63 63 63 72 72 72 72 29 0 0 0 0 0 0 0 0 0 0 0 0 0 0 0 0 0 0 0 0
65 65 3 65 80 80 80 80 5 33 33 67 67 67 67 84 84 84 84 84 63 63 63 63 63 63 63 72 72 29 0 0 0 0 0 0 0 0 0 0 0 0 0 0 0 0 0 0 0 0
3 3 3 65 80 80 80 80 80 33 18 18 67 67 67 99 84 84 84 63 63 63 63 63 63 63 72 72 72 29 29 29 0 0 0 0 0 0 0 0 0 0 0 0 0 0 0 0 0 0
0 3 3 3 3 80 80 80 57 57 57 18 18 18 18 99 99 99 99 63 63 63 63 63 63 72 72 72 72 100 100 100 0 0 0 0 0 0 0 0 0 0 0 0 0 0 0 0 0 0
3 3 3 91 91 80 80 80 57 57 57 18 18 96 18 46 46 46 46 63 63 63 63 63 72 72 72 72 17 17 17 17 0 0 0 0 0 0 0 0 0 0 0 0 0 0 0 0 0 0
3 38 38 91 91 80 80 57 57 57 57 57 18 96 18 46 46 46 46 36 36 36 36 72 72 72 44 44 17 17 17 0 0 0 0 0 0 0 0 0 0 0 0 0 0 0 0 0 0 0
38 38 38 38 91 91 25 25 57 32 32 57 78 78 18 46 46 36 36 36 36 52 52 52 45 45 44 44 17 17 17 17 0 0 0 0 0 0 0 0 0 0 0 0 0 0 0 0 0 0
0 38 25 25 91 25 25 25 75 32 32 57 78 78 46 46 46 36 36 52 52 52 52 52 45 44 44 44 44 44 17 44 0 0 0 0 0 0 0 0 0 0 0 0 0 0 0 0 0 0
0 38 38 25 25 25 25 25 75 51 32 32 78 76 46 46 46 36 36 52 52 52 45 45 45 44 44 44 44 44 17 44 0 0 0 0 0 0 0 0 0 0 0 0 0 0 0 0 0 0
0 0 38 25 25 25 25 41 41 51 15 15 55 76 46 54 36 36 36 52 52 52 45 45 45 44 44 44 44 44 44 44 0 0 0 0 0 0 0 0 0 0 0 0 0 0 0 0 0 0
0 0 38 25 38 25 38 41 73 51 15 15 55 76 54 54 54 36 52 52 52 52 52 45 45 44 44 44 44 44 44 0 0 0 0 0 0 0 0 0 0 0 0 0 0 0 0 0 0 0
0 0 38 38 38 38 38 41 73 51 71 15 55 76 54 54 54 36 36 52 52 52 45 45 45 45 44 44 44 82 44 44 0 0 0 0 0 0 0 0 0 0 0 0 0 0 0 0 0 0
0 38 38 0 0 38 69 69 69 69 71 15 55 55 54 54 54 54 36 45 45 45 45 0 0 45 45 45 82 82 82 82 0 0 0 0 0 0 0 0 0 0 0 0 0 0 0 0 0 0
38 38 0 0 0 38 38 69 0 69 69 55 55 55 54 0 0 54 54 54 45 0 0 0 0 0 0 45 82 0 0 82 0 0 0 0 0 0 0 0 0 0 0 0 0 0 0 0 0 0
0 0 0 0 0 0 0 0 0 0 0 0 0 0 0 0 0 0 0 0 0 0 0 0 0 0 0 0 0 0 0 0 0 0 0 0 0 0 0 0 0 0 0 0 0 0 0 0 0 0
0 0 0 0 0 0 0 0 0 0 0 0 0 0 0 0 0 0 0 0 0 0 0 0 0 0 0 0 0 0 0 0 0 0 0 0 0 0 0 0 0 0 0 0 0 0 0 0 0 0
0 0 0 0 0 0 0 0 0 0 0 0 0 0 0 0 0 0 0 0 0 0 0 0 0 0 0 0 0 0 0 0 0 0 0 0 0 0 0 0 0 0 0 0 0 0 0 0 0 0
0 0 0 0 0 0 0 0 0 0 0 0 0 0 0 0 0 0 0 0 0 0 0 0 0 0 0 0 0 0 0 0 0 0 0 0 0 0 0 0 0 0 0 0 0 0 0 0 0 0
0 0 0 0 0 0 0 0 0 0 0 0 0 0 0 0 0 0 0 0 0 0 0 0 0 0 0 0 0 0 0 0 0 0 0 0 0 0 0 0 0 0 0 0 0 0 0 0 0 0
0 0 0 0 0 0 0 0 0 0 0 0 0 0 0 0 0 0 0 0 0 0 0 0 0 0 0 0 0 0 0 0 0 0 0 0 0 0 0 0 0 0 0 0 0 0 0 0 0 0
0 0 0 0 0 0 0 0 0 0 0 0 0 0 0 0 0 0 0 0 0 0 0 0 0 0 0 0 0 0 0 0 0 0 0 0 0 0 0 0 0 0 0 0 0 0 0 0 0 0
0 0 0 0 0 0 0 0 0 0 0 0 0 0 0 0 0 0 0 0 0 0 0 0 0 0 0 0 0 0 0 0 0 0 0 0 0 0 0 0 0 0 0 0 0 0 0 0 0 0
0 0 0 0 0 0 0 0 0 0 0 0 0 0 0 0 0 0 0 0 0 0 0 0 0 0 0 0 0 0 0 0 0 0 0 0 0 0 0 0 0 0 0 0 0 0 0 0 0 0
0 0 0 0 0 0 0 0 0 0 0 0 0 0 0 0 0 0 0 0 0 0 0 0 0 0 0 0 0 0 0 0 0 0 0 0 0 0 0 0 0 0 0 0 0 0 0 0 0 0
0 0 0 0 0 0 0 0 0 0 0 0 0 0 0 0 0 0 0 0 0 0 0 0 0 0 0 0 0 0 0 0 0 0 0 0 0 0 0 0 0 0 0 0 0 0 0 0 0 0
0 0 0 0 0 0 0 0 0 0 0 0 0 0 0 0 0 0 0 0 0 0 0 0 0 0 0 0 0 0 0 0 0 0 0 0 0 0 0 0 0 0 0 0 0 0 0 0 0 0
0 0 0 0 0 0 0 0 0 0 0 0 0 0 0 0 0 0 0 0 0 0 0 0 0 0 0 0 0 0 0 0 0 0 0 0 0 0 0 0 0 0 0 0 0 0 0 0 0 0
0 0 0 0 0 0 0 0 0 0 0 0 0 0 0 0 0 0 0 0 0 0 0 0 0 0 0 0 0 0 0 0 0 0 0 0 0 0 0 0 0 0 0 0 0 0 0 0 0 0
0 0 0 0 0 0 0 0 0 0 0 0 0 0 0 0 0 0 0 0 0 0 0 0 0 0 0 0 0 0 0 0 0 0 0 0 0 0 0 0 0 0 0 0 0 0 0 0 0 0
0 0 0 0 0 0 0 0 0 0 0 0 0 0 0 0 0 0 0 0 0 0 0 0 0 0 0 0 0 0 0 0 0 0 0 0 0 0 0 0 0 0 0 0 0 0 0 0 0 0
0 0 0 0 0 0 0 0 0 0 0 0 0 0 0 0 0 0 0 0 0 0 0 0 0 0 0 0 0 0 0 0 0 0 0 0 0 0 0 0 0 0 0 0 0 0 0 0 0 0
