43 19 19 19 25 25 25 25 25 25 71 0 0 71 57 0 0 0 0 57 57 45 90 0 90 32 32 64 64 64 64 64 87 0 0 0 0 0 0 0 0 0 0 0 0 0 0 0 0 0
43 43 43 19 19 19 52 52 19 19 71 71 71 71 57 57 57 57 57 57 45 45 90 90 90 64 64 64 87 87 87 87 87 0 0 0 0 0 0 0 0 0 0 0 0 0 0 0 0 0
0 43 43 29 29 19 19 19 19 19 71 71 71 71 33 10 10 10 57 57 45 45 90 90 90 51 69 69 87 87 87 87 77 0 0 0 0 0 0 0 0 0 0 0 0 0 0 0 0 0
0 43 29 29 29 29 19 19 19 19 19 71 71 71 33 10 10 10 10 45 45 45 50 50 51 51 69 69 87 87 87 77 77 0 0 0 0 0 0 0 0 0 0 0 0 0 0 0 0 0
0 43 29 29 29 29 29 29 15 15 19 13 71 71 33 33 33 10 10 45 45 45 45 45 51 51 69 69 87 87 87 77 0 0 0 0 0 0 0 0 0 0 0 0 0 0 0 0 0 0
43 43 43 88 88 88 29 15 15 15 13 13 13 33 33 33 33 33 10 10 10 10 45 45 45 53 53 69 87 87 87 77 77 0 0 0 0 0 0 0 0 0 0 0 0 0 0 0 0 0
91 43 43 20 20 4 15 15 15 15 2 13 13 33 33 33 33 21 10 37 37 10 67 67 45 53 53 12 12 77 77 77 81 0 0 0 0 0 0 0 0 0 0 0 0 0 0 0 0 0
91 43 43 4 4 4 41 41 15 15 2 2 13 30 30 33 33 21 10 37 68 68 67 67 92 53 53 12 12 77 77 77 81 0 0 0 0 0 0 0 0 0 0 0 0 0 0 0 0 0
91 43 43 4 41 41 41 41 15 15 2 2 30 30 30 33 33 33 33 68 68 68 67 67 92 92 92 12 77 77 77 77 81 0 0 0 0 0 0 0 0 0 0 0 0 0 0 0 0 0
91 91 43 41 41 41 41 41 15 15 2 2 30 30 30 33 33 33 33 68 68 67 67 67 92 92 92 38 77 77 77 77 81 0 0 0 0 0 0 0 0 0 0 0 0 0 0 0 0 0
91 56 41 41 41 41 41 15 15 15 2 2 30 30 30 33 33 33 82 82 82 67 67 67 48 92 38 38 58 72 72 81 81 0 0 0 0 0 0 0 0 0 0 0 0 0 0 0 0 0
56 56 56 41 41 41 15 15 15 15 2 30 30 30 30 98 33 33 82 82 82 67 67 48 48 48 38 38 58 72 72 81 81 0 0 0 0 0 0 0 0 0 0 0 0 0 0 0 0 0
56 56 56 41 41 41 15 15 15 15 15 30 30 30 30 98 98 98 82 82 82 82 48 48 48 48 58 58 58 72 72 72 81 0 0 0 0 0 0 0 0 0 0 0 0 0 0 0 0 0
66 56 56 56 56 31 31 79 79 1 1 1 76 76 76 98 82 98 82 82 82 48 48 48 48 48 48 9 9 9 9 9 81 0 0 0 0 0 0 0 0 0 0 0 0 0 0 0 0 0
66 56 56 56 56 31 31 79 79 79 1 1 1 76 76 98 82 82 82 82 82 48 48 48 48 48 48 9 9 9 9 9 81 0 0 0 0 0 0 0 0 0 0 0 0 0 0 0 0 0
56 56 78 56 56 31 31 55 79 79 79 79 1 76 76 98 82 82 82 82 82 48 48 48 48 48 48 9 9 9 9 9 95 0 0 0 0 0 0 0 0 0 0 0 0 0 0 0 0 0
78 78 78 31 31 31 31 55 79 79 79 79 1 76 76 98 82 82 82 82 82 36 48 48 48 94 94 94 94 97 95 95 95 0 0 0 0 0 0 0 0 0 0 0 0 0 0 0 0 0
0 78 78 16 16 16 31 55 79 79 79 79 1 76 76 82 82 36 36 36 36 36 48 48 48 48 94 94 95 95 95 0 0 0 0 0 0 0 0 0 0 0 0 0 0 0 0 0 0 0
78 78 78 16 16 16 16 55 55 79 79 79 1 76 76 80 75 75 36 36 36 36 36 48 48 94 94 95 95 95 0 0 0 0 0 0 0 0 0 0 0 0 0 0 0 0 0 0 0 0
11 16 16 16 16 55 55 55 55 55 79 79 1 1 80 80 80 75 75 36 36 36 36 44 44 44 95 95 95 95 0 0 0 0 0 0 0 0 0 0 0 0 0 0 0 0 0 0 0 0
11 11 16 16 16 16 16 16 46 46 46 23 23 80 80 80 80 59 59 36 36 65 44 44 44 44 44 60 95 95 95 95 0 0 0 0 0 0 0 0 0 0 0 0 0 0 0 0 0 0
11 11 11 11 18 18 18 18 18 93 23 23 23 63 80 59 59 59 59 59 65 65 44 44 44 60 60 60 60 7 7 95 95 0 0 0 0 0 0 0 0 0 0 0 0 0 0 0 0 0
54 11 11 54 18 18 18 18 18 93 23 23 63 63 14 59 59 59 59 59 65 65 35 44 44 60 60 60 60 7 7 7 74 0 0 0 0 0 0 0 0 0 0 0 0 0 0 0 0 0
54 54 54 54 93 93 93 93 93 93 93 63 63 63 14 14 59 59 59 59 85 85 35 35 40 60 60 60 60 74 74 74 74 0 0 0 0 0 0 0 0 0 0 0 0 0 0 0 0 0
54 61 6 6 93 93 93 93 93 93 42 42 63 63 14 49 49 49 49 59 85 85 85 35 40 60 60 17 17 74 0 0 0 0 0 0 0 0 0 0 0 0 0 0 0 0 0 0 0 0
54 61 6 6 6 93 93 93 62 47 47 42 63 63 14 49 49 49 49 85 85 85 85 85 40 40 40 17 17 74 0 0 0 0 0 0 0 0 0 0 0 0 0 0 0 0 0 0 0 0
61 61 6 6 6 6 93 62 62 47 47 42 42 42 14 14 49 49 49 49 85 85 3 85 40 40 40 17 74 74 0 0 0 0 0 0 0 0 0 0 0 0 0 0 0 0 0 0 0 0
0 61 6 6 6 62 62 62 62 47 47 47 42 42 49 49 49 49 49 8 85 85 3 3 22 40 100 17 74 74 0 0 0 0 0 0 0 0 0 0 0 0 0 0 0 0 0 0 0 0
61 61 6 86 86 62 62 62 62 62 47 47 42 42 42 8 8 8 8 8 85 3 3 3 22 100 100 100 74 74 74 74 74 0 0 0 0 0 0 0 0 0 0 0 0 0 0 0 0 0
61 89 89 86 86 62 62 62 62 47 47 84 84 42 42 8 8 8 8 85 85 5 3 3 22 100 100 100 100 74 39 39 74 0 0 0 0 0 0 0 0 0 0 0 0 0 0 0 0 0
89 89 89 27 86 62 62 62 84 84 84 84 42 42 42 8 8 8 8 26 26 5 5 5 5 73 73 34 100 74 39 74 74 0 0 0 0 0 0 0 0 0 0 0 0 0 0 0 0 0
0 89 89 86 86 86 62 62 62 84 84 84 96 83 42 8 26 26 26 26 26 26 5 5 5 24 24 34 28 28 39 39 74 0 0 0 0 0 0 0 0 0 0 0 0 0 0 0 0 0
89 89 99 99 99 86 83 83 84 84 84 84 96 83 83 8 26 26 26 26 26 5 5 5 5 28 24 34 28 28 28 39 39 0 0 0 0 0 0 0 0 0 0 0 0 0 0 0 0 0
70 70 70 70 70 70 70 83 83 83 83 83 83 83 83 83 83 26 0 0 26 5 0 5 28 28 28 28 28 0 28 39 0 0 0 0 0 0 0 0 0 0 0 0 0 0 0 0 0 0
0 0 0 0 0 0 0 0 0 0 0 0 0 0 0 0 0 0 0 0 0 0 0 0 0 0 0 0 0 0 0 0 0 0 0 0 0 0 0 0 0 0 0 0 0 0 0 0 0 0
0 0 0 0 0 0 0 0 0 0 0 0 0 0 0 0 0 0 0 0 0 0 0 0 0 0 0 0 0 0 0 0 0 0 0 0 0 0 0 0 0 0 0 0 0 0 0 0 0 0
0 0 0 0 0 0 0 0 0 0 0 0 0 0 0 0 0 0 0 0 0 0 0 0 0 0 0 0 0 0 0 0 0 0 0 0 0 0 0 0 0 0 0 0 0 0 0 0 0 0
0 0 0 0 0 0 0 0 0 0 0 0 0 0 0 0 0 0 0 0 0 0 0 0 0 0 0 0 0 0 0 0 0 0 0 0 0 0 0 0 0 0 0 0 0 0 0 0 0 0
0 0 0 0 0 0 0 0 0 0 0 0 0 0 0 0 0 0 0 0 0 0 0 0 0 0 0 0 0 0 0 0 0 0 0 0 0 0 0 0 0 0 0 0 0 0 0 0 0 0
0 0 0 0 0 0 0 0 0 0 0 0 0 0 0 0 0 0 0 0 0 0 0 0 0 0 0 0 0 0 0 0 0 0 0 0 0 0 0 0 0 0 0 0 0 0 0 0 0 0
0 0 0 0 0 0 0 0 0 0 0 0 0 0 0 0 0 0 0 0 0 0 0 0 0 0 0 0 0 0 0 0 0 0 0 0 0 0 0 0 0 0 0 0 0 0 0 0 0 0
0 0 0 0 0 0 0 0 0 0 0 0 0 0 0 0 0 0 0 0 0 0 0 0 0 0 0 0 0 0 0 0 0 0 0 0 0 0 0 0 0 0 0 0 0 0 0 0 0 0
0 0 0 0 0 0 0 0 0 0 0 0 0 0 0 0 0 0 0 0 0 0 0 0 0 0 0 0 0 0 0 0 0 0 0 0 0 0 0 0 0 0 0 0 0 0 0 0 0 0
0 0 0 0 0 0 0 0 0 0 0 0 0 0 0 0 0 0 0 0 0 0 0 0 0 0 0 0 0 0 0 0 0 0 0 0 0 0 0 0 0 0 0 0 0 0 0 0 0 0
0 0 0 0 0 0 0 0 0 0 0 0 0 0 0 0 0 0 0 0 0 0 0 0 0 0 0 0 0 0 0 0 0 0 0 0 0 0 0 0 0 0 0 0 0 0 0 0 0 0
0 0 0 0 0 0 0 0 0 0 0 0 0 0 0 0 0 0 0 0 0 0 0 0 0 0 0 0 0 0 0 0 0 0 0 0 0 0 0 0 0 0 0 0 0 0 0 0 0 0
0 0 0 0 0 0 0 0 0 0 0 0 0 0 0 0 0 0 0 0 0 0 0 0 0 0 0 0 0 0 0 0 0 0 0 0 0 0 0 0 0 0 0 0 0 0 0 0 0 0
0 0 0 0 0 0 0 0 0 0 0 0 0 0 0 0 0 0 0 0 0 0 0 0 0 0 0 0 0 0 0 0 0 0 0 0 0 0 0 0 0 0 0 0 0 0 0 0 0 0
0 0 0 0 0 0 0 0 0 0 0 0 0 0 0 0 0 0 0 0 0 0 0 0 0 0 0 0 0 0 0 0 0 0 0 0 0 0 0 0 0 0 0 0 0 0 0 0 0 0
0 0 0 0 0 0 0 0 0 0 0 0 0 0 0 0 0 0 0 0 0 0 0 0 0 0 0 0 0 0 0 0 0 0 0 0 0 0 0 0 0 0 0 0 0 0 0 0 0 0
