73 56 56 3 56 0 0 56 33 0 0 0 0 33 55 55 0 0 55 55 2 0 0 2 27 27 32 0 0 0 0 32 23 0 0 0 0 0 0 0 0 0 0 0 0 0 0 0 0 0
73 73 56 3 56 56 56 56 33 0 0 0 0 33 33 55 55 55 55 15 2 2 2 2 27 77 32 0 0 0 32 32 23 0 0 0 0 0 0 0 0 0 0 0 0 0 0 0 0 0
0 73 56 56 56 56 61 61 33 0 0 0 0 0 33 55 55 55 55 15 2 2 2 2 2 77 32 0 0 0 32 23 23 0 0 0 0 0 0 0 0 0 0 0 0 0 0 0 0 0
0 73 56 73 56 56 61 33 33 33 0 0 0 33 33 55 55 55 55 15 2 2 2 2 54 77 32 32 0 32 32 23 0 0 0 0 0 0 0 0 0 0 0 0 0 0 0 0 0 0
0 73 73 73 56 56 61 61 61 33 33 33 33 33 55 55 9 9 9 15 2 2 2 2 54 43 43 32 32 32 23 23 0 0 0 0 0 0 0 0 0 0 0 0 0 0 0 0 0 0
0 73 73 73 13 13 13 61 61 61 61 33 33 72 55 55 10 9 15 15 10 38 38 38 38 43 43 43 43 23 23 0 0 0 0 0 0 0 0 0 0 0 0 0 0 0 0 0 0 0
73 73 73 73 97 61 61 61 61 61 61 22 22 72 72 72 10 10 15 10 10 81 38 38 38 43 43 43 23 23 23 0 0 0 0 0 0 0 0 0 0 0 0 0 0 0 0 0 0 0
92 92 73 73 97 97 61 61 61 61 61 22 22 72 72 72 10 10 10 10 10 38 38 38 38 43 43 43 63 63 23 23 23 0 0 0 0 0 0 0 0 0 0 0 0 0 0 0 0 0
0 92 92 92 97 97 97 58 58 58 22 22 72 72 72 72 10 10 31 31 31 31 31 38 38 80 63 63 63 63 49 49 49 0 0 0 0 0 0 0 0 0 0 0 0 0 0 0 0 0
92 92 83 97 97 97 97 58 58 58 22 22 22 72 72 72 10 10 31 31 31 82 82 82 82 80 80 80 63 63 49 49 49 0 0 0 0 0 0 0 0 0 0 0 0 0 0 0 0 0
92 83 83 11 97 58 58 58 58 58 22 22 22 22 22 72 10 31 31 31 82 82 82 82 82 80 80 80 80 49 49 90 90 0 0 0 0 0 0 0 0 0 0 0 0 0 0 0 0 0
92 83 11 11 58 58 58 58 58 58 58 22 22 22 22 72 31 31 31 31 82 82 82 82 82 82 80 80 80 49 49 87 90 0 0 0 0 0 0 0 0 0 0 0 0 0 0 0 0 0
92 92 11 11 58 58 58 58 58 58 58 58 58 34 34 72 75 75 75 75 82 82 82 82 82 82 80 80 80 80 7 87 90 0 0 0 0 0 0 0 0 0 0 0 0 0 0 0 0 0
42 42 42 42 42 58 58 58 58 18 58 58 30 34 34 34 34 75 75 82 82 82 82 82 82 79 79 8 8 7 7 7 7 0 0 0 0 0 0 0 0 0 0 0 0 0 0 0 0 0
0 42 42 42 42 58 58 58 58 18 18 58 30 34 34 34 34 34 34 82 6 82 82 82 82 79 79 8 8 8 8 7 0 0 0 0 0 0 0 0 0 0 0 0 0 0 0 0 0 0
42 42 42 42 86 86 46 46 46 18 30 30 30 30 34 34 34 34 34 6 6 6 6 82 82 79 79 8 8 8 8 7 7 0 0 0 0 0 0 0 0 0 0 0 0 0 0 0 0 0
40 42 91 91 86 86 86 30 30 30 30 30 30 37 37 34 93 93 93 6 6 6 96 96 96 79 79 8 8 8 8 8 66 0 0 0 0 0 0 0 0 0 0 0 0 0 0 0 0 0
40 42 39 86 86 86 86 30 30 30 30 30 30 37 37 37 93 93 93 28 6 96 96 96 96 79 79 8 8 66 8 66 66 0 0 0 0 0 0 0 0 0 0 0 0 0 0 0 0 0
39 39 39 39 86 86 86 44 44 44 30 30 30 37 37 37 100 100 99 28 28 28 28 96 96 96 79 66 66 66 66 66 66 0 0 0 0 0 0 0 0 0 0 0 0 0 0 0 0 0
51 51 51 51 86 86 44 44 44 44 44 44 44 44 44 20 20 20 99 62 62 28 28 17 17 17 17 17 98 98 50 50 50 0 0 0 0 0 0 0 0 0 0 0 0 0 0 0 0 0
0 51 51 51 51 86 86 86 86 44 44 60 60 44 44 20 20 5 53 62 62 62 28 21 21 17 17 17 98 50 50 36 36 0 0 0 0 0 0 0 0 0 0 0 0 0 0 0 0 0
51 51 51 51 51 51 88 88 44 44 44 60 60 60 20 20 20 5 53 53 5 21 21 21 4 4 4 98 98 98 50 36 0 0 0 0 0 0 0 0 0 0 0 0 0 0 0 0 0 0
85 85 85 85 88 88 88 88 88 88 76 60 60 78 78 5 5 5 5 5 5 21 21 21 21 4 4 4 4 36 36 36 36 0 0 0 0 0 0 0 0 0 0 0 0 0 0 0 0 0
64 64 85 85 59 59 59 59 59 88 76 76 60 94 94 94 5 5 5 5 21 21 71 4 4 4 4 4 4 1 1 69 69 0 0 0 0 0 0 0 0 0 0 0 0 0 0 0 0 0
64 64 64 85 59 59 59 59 59 59 76 94 94 94 94 94 5 5 5 21 21 21 71 4 4 4 4 4 4 4 1 70 70 0 0 0 0 0 0 0 0 0 0 0 0 0 0 0 0 0
64 26 59 59 59 59 59 76 76 76 76 41 41 41 45 94 94 94 5 5 71 71 71 71 71 84 84 68 68 1 1 1 70 0 0 0 0 0 0 0 0 0 0 0 0 0 0 0 0 0
64 26 47 47 47 59 76 76 76 76 76 65 65 41 45 94 89 94 25 71 71 71 71 71 71 84 29 29 1 1 1 70 70 0 0 0 0 0 0 0 0 0 0 0 0 0 0 0 0 0
26 26 26 47 47 59 67 67 67 76 52 52 52 45 45 89 89 25 25 71 71 71 71 71 71 29 29 29 29 16 16 16 16 0 0 0 0 0 0 0 0 0 0 0 0 0 0 0 0 0
26 74 12 12 12 12 67 35 57 57 57 52 52 89 89 89 89 25 25 19 19 19 19 19 48 48 29 29 29 95 95 16 0 0 0 0 0 0 0 0 0 0 0 0 0 0 0 0 0 0
74 74 74 74 12 12 35 35 57 57 57 52 52 89 89 89 25 25 25 19 0 0 0 19 19 48 48 29 95 95 95 16 0 0 0 0 0 0 0 0 0 0 0 0 0 0 0 0 0 0
0 0 0 74 14 14 14 14 14 14 52 52 52 24 24 89 25 0 25 19 0 0 0 0 19 48 48 48 48 95 95 16 16 0 0 0 0 0 0 0 0 0 0 0 0 0 0 0 0 0
0 0 0 0 0 0 0 0 0 0 0 0 0 0 0 0 0 0 0 0 0 0 0 0 0 0 0 0 0 0 0 0 0 0 0 0 0 0 0 0 0 0 0 0 0 0 0 0 0 0
0 0 0 0 0 0 0 0 0 0 0 0 0 0 0 0 0 0 0 0 0 0 0 0 0 0 0 0 0 0 0 0 0 0 0 0 0 0 0 0 0 0 0 0 0 0 0 0 0 0
0 0 0 0 0 0 0 0 0 0 0 0 0 0 0 0 0 0 0 0 0 0 0 0 0 0 0 0 0 0 0 0 0 0 0 0 0 0 0 0 0 0 0 0 0 0 0 0 0 0
0 0 0 0 0 0 0 0 0 0 0 0 0 0 0 0 0 0 0 0 0 0 0 0 0 0 0 0 0 0 0 0 0 0 0 0 0 0 0 0 0 0 0 0 0 0 0 0 0 0
0 0 0 0 0 0 0 0 0 0 0 0 0 0 0 0 0 0 0 0 0 0 0 0 0 0 0 0 0 0 0 0 0 0 0 0 0 0 0 0 0 0 0 0 0 0 0 0 0 0
0 0 0 0 0 0 0 0 0 0 0 0 0 0 0 0 0 0 0 0 0 0 0 0 0 0 0 0 0 0 0 0 0 0 0 0 0 0 0 0 0 0 0 0 0 0 0 0 0 0
0 0 0 0 0 0 0 0 0 0 0 0 0 0 0 0 0 0 0 0 0 0 0 0 0 0 0 0 0 0 0 0 0 0 0 0 0 0 0 0 0 0 0 0 0 0 0 0 0 0
0 0 0 0 0 0 0 0 0 0 0 0 0 0 0 0 0 0 0 0 0 0 0 0 0 0 0 0 0 0 0 0 0 0 0 0 0 0 0 0 0 0 0 0 0 0 0 0 0 0
0 0 0 0 0 0 0 0 0 0 0 0 0 0 0 0 0 0 0 0 0 0 0 0 0 0 0 0 0 0 0 0 0 0 0 0 0 0 0 0 0 0 0 0 0 0 0 0 0 0
0 0 0 0 0 0 0 0 0 0 0 0 0 0 0 0 0 0 0 0 0 0 0 0 0 0 0 0 0 0 0 0 0 0 0 0 0 0 0 0 0 0 0 0 0 0 0 0 0 0
0 0 0 0 0 0 0 0 0 0 0 0 0 0 0 0 0 0 0 0 0 0 0 0 0 0 0 0 0 0 0 0 0 0 0 0 0 0 0 0 0 0 0 0 0 0 0 0 0 0
0 0 0 0 0 0 0 0 0 0 0 0 0 0 0 0 0 0 0 0 0 0 0 0 0 0 0 0 0 0 0 0 0 0 0 0 0 0 0 0 0 0 0 0 0 0 0 0 0 0
0 0 0 0 0 0 0 0 0 0 0 0 0 0 0 0 0 0 0 0 0 0 0 0 0 0 0 0 0 0 0 0 0 0 0 0 0 0 0 0 0 0 0 0 0 0 0 0 0 0
0 0 0 0 0 0 0 0 0 0 0 0 0 0 0 0 0 0 0 0 0 0 0 0 0 0 0 0 0 0 0 0 0 0 0 0 0 0 0 0 0 0 0 0 0 0 0 0 0 0
0 0 0 0 0 0 0 0 0 0 0 0 0 0 0 0 0 0 0 0 0 0 0 0 0 0 0 0 0 0 0 0 0 0 0 0 0 0 0 0 0 0 0 0 0 0 0 0 0 0
0 0 0 0 0 0 0 0 0 0 0 0 0 0 0 0 0 0 0 0 0 0 0 0 0 0 0 0 0 0 0 0 0 0 0 0 0 0 0 0 0 0 0 0 0 0 0 0 0 0
0 0 0 0 0 0 0 0 0 0 0 0 0 0 0 0 0 0 0 0 0 0 0 0 0 0 0 0 0 0 0 0 0 0 0 0 0 0 0 0 0 0 0 0 0 0 0 0 0 0
0 0 0 0 0 0 0 0 0 0 0 0 0 0 0 0 0 0 0 0 0 0 0 0 0 0 0 0 0 0 0 0 0 0 0 0 0 0 0 0 0 0 0 0 0 0 0 0 0 0
0 0 0 0 0 0 0 0 0 0 0 0 0 0 0 0 0 0 0 0 0 0 0 0 0 0 0 0 0 0 0 0 0 0 0 0 0 0 0 0 0 0 0 0 0 0 0 0 0 0
