0 16 23 0 0 23 23 9 0 0 9 94 94 94 32 32 28 0 0 0 28 76 76 55 55 0 0 0 0 0 0 55 92 0 92 0 0 0 0 0 0 0 0 0 0 0 0 0 0 0
0 16 23 23 23 23 9 9 9 9 9 9 94 94 40 40 28 28 0 28 28 76 76 76 55 55 0 0 0 0 0 55 92 92 92 0 0 0 0 0 0 0 0 0 0 0 0 0 0 0
0 16 62 23 23 23 23 79 9 9 9 94 94 53 53 53 53 28 28 28 76 76 76 76 82 55 55 55 55 55 55 55 92 0 0 0 0 0 0 0 0 0 0 0 0 0 0 0 0 0
16 16 62 23 23 23 79 79 79 9 94 94 94 94 53 53 53 57 28 28 14 76 76 76 82 82 82 55 55 82 82 55 92 0 0 0 0 0 0 0 0 0 0 0 0 0 0 0 0 0
22 16 16 23 23 23 23 79 79 9 94 94 57 57 57 57 57 57 57 28 14 14 39 39 82 82 82 82 82 82 92 92 92 0 0 0 0 0 0 0 0 0 0 0 0 0 0 0 0 0
22 22 60 60 23 23 79 79 79 79 94 94 94 94 57 57 57 57 57 75 75 14 14 39 82 82 82 82 82 82 92 92 92 0 0 0 0 0 0 0 0 0 0 0 0 0 0 0 0 0
60 60 60 60 23 23 79 79 79 79 94 94 94 57 57 57 57 57 57 57 75 75 14 39 39 70 82 82 82 82 34 34 92 92 0 0 0 0 0 0 0 0 0 0 0 0 0 0 0 0
86 60 86 60 36 79 79 79 79 79 94 94 57 57 57 57 57 57 75 75 75 75 39 39 70 70 82 82 82 82 34 34 34 92 0 0 0 0 0 0 0 0 0 0 0 0 0 0 0 0
86 86 86 60 36 36 79 79 79 79 79 94 57 88 88 88 57 57 75 75 75 75 39 39 39 39 82 82 82 82 34 34 34 92 92 0 0 0 0 0 0 0 0 0 0 0 0 0 0 0
0 86 86 86 36 36 36 79 79 79 88 88 88 88 25 25 64 57 75 75 75 75 39 39 39 39 39 17 17 34 34 34 34 34 92 0 0 0 0 0 0 0 0 0 0 0 0 0 0 0
86 86 86 36 36 36 79 79 79 79 88 88 88 88 25 64 64 64 75 75 75 75 39 39 39 39 39 39 17 17 34 34 34 8 92 0 0 0 0 0 0 0 0 0 0 0 0 0 0 0
86 74 36 36 36 36 89 79 79 79 79 88 1 25 25 64 64 64 64 19 19 19 39 39 39 39 39 17 17 17 17 34 8 8 72 0 0 0 0 0 0 0 0 0 0 0 0 0 0 0
74 74 74 74 29 73 89 89 89 79 79 1 1 1 64 64 64 64 64 19 19 19 38 38 38 38 39 17 17 17 17 8 8 8 72 0 0 0 0 0 0 0 0 0 0 0 0 0 0 0
24 24 24 29 29 73 89 89 89 79 79 1 1 1 64 64 64 64 64 80 80 19 38 38 38 38 31 31 17 8 8 8 8 72 72 0 0 0 0 0 0 0 0 0 0 0 0 0 0 0
0 0 24 24 24 73 89 89 89 2 2 2 2 93 93 93 93 93 96 96 80 19 19 19 19 38 31 31 31 31 31 8 8 8 8 0 0 0 0 0 0 0 0 0 0 0 0 0 0 0
0 0 0 0 24 89 89 89 89 2 2 2 93 93 93 93 93 93 93 96 19 19 19 19 63 38 31 31 31 31 31 31 8 8 0 0 0 0 0 0 0 0 0 0 0 0 0 0 0 0
0 0 0 0 24 89 89 89 89 89 2 2 93 93 93 3 3 6 6 19 19 19 63 19 63 63 63 47 31 31 31 31 31 8 0 0 0 0 0 0 0 0 0 0 0 0 0 0 0 0
0 0 0 0 24 89 89 89 12 89 10 2 93 95 3 3 3 6 6 19 19 63 63 63 63 63 63 47 47 31 31 31 31 8 8 0 0 0 0 0 0 0 0 0 0 0 0 0 0 0
24 24 24 24 24 89 89 12 12 12 10 95 95 95 11 11 3 6 6 6 6 63 63 63 63 63 63 47 47 31 31 31 31 31 8 0 0 0 0 0 0 0 0 0 0 0 0 0 0 0
5 5 7 7 24 24 12 12 12 12 97 95 95 6 6 6 6 6 6 6 6 63 56 56 56 56 47 47 47 91 91 90 90 90 90 0 0 0 0 0 0 0 0 0 0 0 0 0 0 0
5 5 7 69 69 69 12 97 97 97 97 97 97 97 6 26 26 26 26 26 46 46 56 56 56 56 47 47 47 66 66 66 90 90 0 0 0 0 0 0 0 0 0 0 0 0 0 0 0 0
5 69 69 69 69 69 42 42 42 97 97 97 97 97 97 26 26 26 26 81 81 46 56 56 56 4 4 4 4 66 66 66 90 90 90 0 0 0 0 0 0 0 0 0 0 0 0 0 0 0
27 27 69 27 69 42 42 42 42 59 59 97 97 97 45 26 26 26 26 81 81 46 77 77 41 41 41 4 4 4 66 87 90 87 87 0 0 0 0 0 0 0 0 0 0 0 0 0 0 0
0 27 27 27 42 42 42 59 59 59 59 20 20 45 45 45 45 26 26 81 46 46 77 77 41 41 41 21 30 87 87 87 87 87 0 0 0 0 0 0 0 0 0 0 0 0 0 0 0 0
0 0 0 27 42 42 42 59 59 59 43 20 45 45 45 45 45 45 77 77 46 46 77 77 41 71 71 21 30 87 87 87 87 0 0 0 0 0 0 0 0 0 0 0 0 0 0 0 0 0
0 0 0 27 42 42 15 15 15 43 43 20 20 20 45 45 45 77 77 77 77 77 77 77 41 71 71 30 30 30 30 30 87 0 0 0 0 0 0 0 0 0 0 0 0 0 0 0 0 0
0 0 0 27 27 98 98 15 15 43 43 20 35 20 33 45 45 45 77 77 77 77 77 77 77 71 71 71 30 30 30 87 87 87 87 0 0 0 0 0 0 0 0 0 0 0 0 0 0 0
27 27 27 27 98 98 98 15 15 43 43 20 20 20 33 33 33 50 50 50 50 77 61 51 77 71 71 71 30 30 30 30 30 30 87 0 0 0 0 0 0 0 0 0 0 0 0 0 0 0
65 65 65 98 98 98 98 15 58 43 43 43 33 33 33 33 33 50 50 50 61 61 61 51 51 37 37 37 37 30 30 30 67 67 67 0 0 0 0 0 0 0 0 0 0 0 0 0 0 0
0 65 65 98 98 98 58 58 58 54 78 43 33 33 33 33 33 18 18 18 18 83 51 51 51 37 37 37 37 52 52 67 67 67 0 0 0 0 0 0 0 0 0 0 0 0 0 0 0 0
0 65 65 99 99 98 13 54 54 54 78 43 78 78 78 33 33 18 18 18 18 83 83 51 37 37 84 84 84 84 52 52 67 67 67 0 0 0 0 0 0 0 0 0 0 0 0 0 0 0
65 65 100 100 99 99 13 54 54 54 78 78 78 78 33 33 33 18 18 83 83 83 83 83 83 49 84 84 84 84 48 52 67 68 68 0 0 0 0 0 0 0 0 0 0 0 0 0 0 0
65 100 100 99 99 99 85 54 54 78 78 0 0 78 78 78 18 18 18 44 44 44 83 49 49 49 49 49 84 84 52 52 67 68 0 0 0 0 0 0 0 0 0 0 0 0 0 0 0 0
65 99 99 99 0 99 85 54 78 78 0 0 0 0 78 18 18 44 44 44 0 44 83 49 0 0 0 49 49 84 67 67 67 68 68 0 0 0 0 0 0 0 0 0 0 0 0 0 0 0
0 0 0 0 0 0 0 0 0 0 0 0 0 0 0 0 0 0 0 0 0 0 0 0 0 0 0 0 0 0 0 0 0 0 0 0 0 0 0 0 0 0 0 0 0 0 0 0 0 0
0 0 0 0 0 0 0 0 0 0 0 0 0 0 0 0 0 0 0 0 0 0 0 0 0 0 0 0 0 0 0 0 0 0 0 0 0 0 0 0 0 0 0 0 0 0 0 0 0 0
0 0 0 0 0 0 0 0 0 0 0 0 0 0 0 0 0 0 0 0 0 0 0 0 0 0 0 0 0 0 0 0 0 0 0 0 0 0 0 0 0 0 0 0 0 0 0 0 0 0
0 0 0 0 0 0 0 0 0 0 0 0 0 0 0 0 0 0 0 0 0 0 0 0 0 0 0 0 0 0 0 0 0 0 0 0 0 0 0 0 0 0 0 0 0 0 0 0 0 0
0 0 0 0 0 0 0 0 0 0 0 0 0 0 0 0 0 0 0 0 0 0 0 0 0 0 0 0 0 0 0 0 0 0 0 0 0 0 0 0 0 0 0 0 0 0 0 0 0 0
0 0 0 0 0 0 0 0 0 0 0 0 0 0 0 0 0 0 0 0 0 0 0 0 0 0 0 0 0 0 0 0 0 0 0 0 0 0 0 0 0 0 0 0 0 0 0 0 0 0
0 0 0 0 0 0 0 0 0 0 0 0 0 0 0 0 0 0 0 0 0 0 0 0 0 0 0 0 0 0 0 0 0 0 0 0 0 0 0 0 0 0 0 0 0 0 0 0 0 0
0 0 0 0 0 0 0 0 0 0 0 0 0 0 0 0 0 0 0 0 0 0 0 0 0 0 0 0 0 0 0 0 0 0 0 0 0 0 0 0 0 0 0 0 0 0 0 0 0 0
0 0 0 0 0 0 0 0 0 0 0 0 0 0 0 0 0 0 0 0 0 0 0 0 0 0 0 0 0 0 0 0 0 0 0 0 0 0 0 0 0 0 0 0 0 0 0 0 0 0
0 0 0 0 0 0 0 0 0 0 0 0 0 0 0 0 0 0 0 0 0 0 0 0 0 0 0 0 0 0 0 0 0 0 0 0 0 0 0 0 0 0 0 0 0 0 0 0 0 0
0 0 0 0 0 0 0 0 0 0 0 0 0 0 0 0 0 0 0 0 0 0 0 0 0 0 0 0 0 0 0 0 0 0 0 0 0 0 0 0 0 0 0 0 0 0 0 0 0 0
0 0 0 0 0 0 0 0 0 0 0 0 0 0 0 0 0 0 0 0 0 0 0 0 0 0 0 0 0 0 0 0 0 0 0 0 0 0 0 0 0 0 0 0 0 0 0 0 0 0
0 0 0 0 0 0 0 0 0 0 0 0 0 0 0 0 0 0 0 0 0 0 0 0 0 0 0 0 0 0 0 0 0 0 0 0 0 0 0 0 0 0 0 0 0 0 0 0 0 0
0 0 0 0 0 0 0 0 0 0 0 0 0 0 0 0 0 0 0 0 0 0 0 0 0 0 0 0 0 0 0 0 0 0 0 0 0 0 0 0 0 0 0 0 0 0 0 0 0 0
0 0 0 0 0 0 0 0 0 0 0 0 0 0 0 0 0 0 0 0 0 0 0 0 0 0 0 0 0 0 0 0 0 0 0 0 0 0 0 0 0 0 0 0 0 0 0 0 0 0
0 0 0 0 0 0 0 0 0 0 0 0 0 0 0 0 0 0 0 0 0 0 0 0 0 0 0 0 0 0 0 0 0 0 0 0 0 0 0 0 0 0 0 0 0 0 0 0 0 0
