32 40 40 7 7 0 7 63 63 63 98 0 0 98 47 47 91 91 0 0 91 62 62 62 62 82 0 0 82 77 0 0 0 0 0 0 0 0 0 0 0 0 0 0 0 0 0 0 0 0
32 40 40 40 7 7 7 63 95 95 98 98 98 98 47 53 53 91 91 91 91 91 91 91 82 82 82 82 82 77 77 0 0 0 0 0 0 0 0 0 0 0 0 0 0 0 0 0 0 0
32 86 86 88 7 7 7 95 95 80 25 98 98 53 47 53 53 91 91 91 91 91 91 91 82 82 82 82 65 65 77 0 0 0 0 0 0 0 0 0 0 0 0 0 0 0 0 0 0 0
32 86 86 88 7 79 7 95 95 25 25 25 38 53 53 53 53 91 91 91 91 91 91 91 82 82 65 65 65 48 48 0 0 0 0 0 0 0 0 0 0 0 0 0 0 0 0 0 0 0
86 86 86 88 79 79 7 25 25 25 25 25 38 53 53 53 53 53 91 91 91 91 91 78 82 82 65 65 48 48 0 0 0 0 0 0 0 0 0 0 0 0 0 0 0 0 0 0 0 0
86 86 86 88 88 79 59 59 59 59 38 38 38 38 38 53 53 53 91 91 23 78 78 78 78 67 65 67 48 0 0 0 0 0 0 0 0 0 0 0 0 0 0 0 0 0 0 0 0 0
86 30 88 88 88 79 79 59 59 59 59 59 38 38 38 53 53 53 53 91 23 78 78 78 11 67 67 67 48 0 0 0 0 0 0 0 0 0 0 0 0 0 0 0 0 0 0 0 0 0
19 30 30 88 88 84 84 59 59 83 83 83 83 83 83 53 53 53 23 23 23 78 78 78 11 67 48 48 48 48 48 0 0 0 0 0 0 0 0 0 0 0 0 0 0 0 0 0 0 0
19 19 19 88 88 24 84 84 84 83 83 83 83 83 83 83 23 23 23 23 23 23 78 78 100 100 100 100 100 100 48 0 0 0 0 0 0 0 0 0 0 0 0 0 0 0 0 0 0 0
51 19 19 52 52 24 42 42 89 89 89 85 85 85 85 85 23 23 23 23 23 100 100 100 100 100 100 100 100 50 50 0 0 0 0 0 0 0 0 0 0 0 0 0 0 0 0 0 0 0
51 19 19 52 52 42 42 42 76 89 89 89 89 89 85 85 26 26 23 23 41 41 41 41 100 100 27 27 27 50 0 0 0 0 0 0 0 0 0 0 0 0 0 0 0 0 0 0 0 0
44 19 19 52 52 42 42 42 76 76 89 33 33 26 26 26 26 26 26 41 41 41 41 41 100 27 27 27 27 50 50 0 0 0 0 0 0 0 0 0 0 0 0 0 0 0 0 0 0 0
44 52 52 52 52 57 57 42 42 33 33 33 33 26 26 26 26 26 3 3 41 41 41 41 27 27 27 27 27 27 50 0 0 0 0 0 0 0 0 0 0 0 0 0 0 0 0 0 0 0
44 52 52 52 52 57 5 5 5 5 33 26 26 26 26 26 26 26 3 3 41 41 41 41 36 36 27 27 27 27 50 0 0 0 0 0 0 0 0 0 0 0 0 0 0 0 0 0 0 0
44 4 4 55 55 55 5 5 5 5 5 5 16 45 45 45 64 64 3 3 97 41 34 34 36 36 36 36 27 27 27 0 0 0 0 0 0 0 0 0 0 0 0 0 0 0 0 0 0 0
35 4 4 55 55 55 5 5 5 5 5 16 16 45 45 64 64 3 3 3 97 97 34 34 36 36 36 36 36 27 72 0 0 0 0 0 0 0 0 0 0 0 0 0 0 0 0 0 0 0
35 4 4 55 55 69 69 69 69 69 5 5 5 45 45 73 73 3 99 34 34 34 34 34 34 34 36 27 27 27 72 0 0 0 0 0 0 0 0 0 0 0 0 0 0 0 0 0 0 0
35 61 61 55 55 81 69 69 69 69 69 69 5 45 45 73 73 99 99 34 34 34 34 34 29 29 36 58 58 58 72 0 0 0 0 0 0 0 0 0 0 0 0 0 0 0 0 0 0 0
35 61 81 81 81 81 69 69 69 69 69 69 69 70 70 73 99 99 99 90 34 34 34 34 29 29 29 58 58 58 58 0 0 0 0 0 0 0 0 0 0 0 0 0 0 0 0 0 0 0
66 61 81 81 81 81 2 69 2 69 69 69 69 69 70 68 70 70 70 90 31 31 29 29 29 29 54 54 58 58 8 0 0 0 0 0 0 0 0 0 0 0 0 0 0 0 0 0 0 0
66 61 81 87 81 2 2 2 2 13 69 60 70 70 70 68 70 70 70 31 31 31 18 29 29 29 54 54 54 58 8 0 0 0 0 0 0 0 0 0 0 0 0 0 0 0 0 0 0 0
22 22 22 87 87 2 2 2 2 13 13 60 60 60 70 70 70 70 70 31 31 31 18 18 18 54 54 54 54 58 58 0 0 0 0 0 0 0 0 0 0 0 0 0 0 0 0 0 0 0
0 0 22 87 87 10 10 43 43 43 43 60 60 37 70 70 70 70 31 31 31 18 18 18 18 54 54 54 17 17 75 0 0 0 0 0 0 0 0 0 0 0 0 0 0 0 0 0 0 0
0 0 22 87 87 10 10 43 43 43 6 37 37 37 37 70 70 31 31 31 31 18 18 18 18 54 54 54 17 17 75 0 0 0 0 0 0 0 0 0 0 0 0 0 0 0 0 0 0 0
0 0 22 87 87 43 43 43 43 6 6 37 6 37 37 37 28 28 28 28 31 18 18 18 18 54 49 54 96 96 75 0 0 0 0 0 0 0 0 0 0 0 0 0 0 0 0 0 0 0
0 0 22 22 87 20 43 43 6 6 6 6 6 6 6 28 28 28 28 28 28 18 18 46 46 54 49 49 49 96 96 0 0 0 0 0 0 0 0 0 0 0 0 0 0 0 0 0 0 0
0 0 22 22 39 20 43 43 6 6 6 6 6 6 6 28 28 28 28 28 28 1 46 46 46 12 12 49 49 96 96 0 0 0 0 0 0 0 0 0 0 0 0 0 0 0 0 0 0 0
22 22 22 39 39 39 39 43 6 6 6 74 74 74 28 28 14 14 92 92 1 1 46 21 46 46 12 12 12 12 96 0 0 0 0 0 0 0 0 0 0 0 0 0 0 0 0 0 0 0
56 22 22 39 39 39 39 15 15 71 71 74 74 74 74 92 92 92 92 1 1 1 1 21 93 93 12 12 12 12 96 0 0 0 0 0 0 0 0 0 0 0 0 0 0 0 0 0 0 0
56 56 22 39 39 39 15 15 15 71 71 74 74 74 92 92 0 0 92 92 1 1 94 94 93 93 12 12 12 12 9 0 0 0 0 0 0 0 0 0 0 0 0 0 0 0 0 0 0 0
0 56 56 39 0 39 15 0 15 15 15 15 74 92 92 0 0 0 0 92 1 94 94 93 93 93 12 12 9 9 9 0 0 0 0 0 0 0 0 0 0 0 0 0 0 0 0 0 0 0
0 0 0 0 0 0 0 0 0 0 0 0 0 0 0 0 0 0 0 0 0 0 0 0 0 0 0 0 0 0 0 0 0 0 0 0 0 0 0 0 0 0 0 0 0 0 0 0 0 0
0 0 0 0 0 0 0 0 0 0 0 0 0 0 0 0 0 0 0 0 0 0 0 0 0 0 0 0 0 0 0 0 0 0 0 0 0 0 0 0 0 0 0 0 0 0 0 0 0 0
0 0 0 0 0 0 0 0 0 0 0 0 0 0 0 0 0 0 0 0 0 0 0 0 0 0 0 0 0 0 0 0 0 0 0 0 0 0 0 0 0 0 0 0 0 0 0 0 0 0
0 0 0 0 0 0 0 0 0 0 0 0 0 0 0 0 0 0 0 0 0 0 0 0 0 0 0 0 0 0 0 0 0 0 0 0 0 0 0 0 0 0 0 0 0 0 0 0 0 0
0 0 0 0 0 0 0 0 0 0 0 0 0 0 0 0 0 0 0 0 0 0 0 0 0 0 0 0 0 0 0 0 0 0 0 0 0 0 0 0 0 0 0 0 0 0 0 0 0 0
0 0 0 0 0 0 0 0 0 0 0 0 0 0 0 0 0 0 0 0 0 0 0 0 0 0 0 0 0 0 0 0 0 0 0 0 0 0 0 0 0 0 0 0 0 0 0 0 0 0
0 0 0 0 0 0 0 0 0 0 0 0 0 0 0 0 0 0 0 0 0 0 0 0 0 0 0 0 0 0 0 0 0 0 0 0 0 0 0 0 0 0 0 0 0 0 0 0 0 0
0 0 0 0 0 0 0 0 0 0 0 0 0 0 0 0 0 0 0 0 0 0 0 0 0 0 0 0 0 0 0 0 0 0 0 0 0 0 0 0 0 0 0 0 0 0 0 0 0 0
0 0 0 0 0 0 0 0 0 0 0 0 0 0 0 0 0 0 0 0 0 0 0 0 0 0 0 0 0 0 0 0 0 0 0 0 0 0 0 0 0 0 0 0 0 0 0 0 0 0
0 0 0 0 0 0 0 0 0 0 0 0 0 0 0 0 0 0 0 0 0 0 0 0 0 0 0 0 0 0 0 0 0 0 0 0 0 0 0 0 0 0 0 0 0 0 0 0 0 0
0 0 0 0 0 0 0 0 0 0 0 0 0 0 0 0 0 0 0 0 0 0 0 0 0 0 0 0 0 0 0 0 0 0 0 0 0 0 0 0 0 0 0 0 0 0 0 0 0 0
0 0 0 0 0 0 0 0 0 0 0 0 0 0 0 0 0 0 0 0 0 0 0 0 0 0 0 0 0 0 0 0 0 0 0 0 0 0 0 0 0 0 0 0 0 0 0 0 0 0
0 0 0 0 0 0 0 0 0 0 0 0 0 0 0 0 0 0 0 0 0 0 0 0 0 0 0 0 0 0 0 0 0 0 0 0 0 0 0 0 0 0 0 0 0 0 0 0 0 0
0 0 0 0 0 0 0 0 0 0 0 0 0 0 0 0 0 0 0 0 0 0 0 0 0 0 0 0 0 0 0 0 0 0 0 0 0 0 0 0 0 0 0 0 0 0 0 0 0 0
0 0 0 0 0 0 0 0 0 0 0 0 0 0 0 0 0 0 0 0 0 0 0 0 0 0 0 0 0 0 0 0 0 0 0 0 0 0 0 0 0 0 0 0 0 0 0 0 0 0
0 0 0 0 0 0 0 0 0 0 0 0 0 0 0 0 0 0 0 0 0 0 0 0 0 0 0 0 0 0 0 0 0 0 0 0 0 0 0 0 0 0 0 0 0 0 0 0 0 0
0 0 0 0 0 0 0 0 0 0 0 0 0 0 0 0 0 0 0 0 0 0 0 0 0 0 0 0 0 0 0 0 0 0 0 0 0 0 0 0 0 0 0 0 0 0 0 0 0 0
0 0 0 0 0 0 0 0 0 0 0 0 0 0 0 0 0 0 0 0 0 0 0 0 0 0 0 0 0 0 0 0 0 0 0 0 0 0 0 0 0 0 0 0 0 0 0 0 0 0
0 0 0 0 0 0 0 0 0 0 0 0 0 0 0 0 0 0 0 0 0 0 0 0 0 0 0 0 0 0 0 0 0 0 0 0 0 0 0 0 0 0 0 0 0 0 0 0 0 0
