80 68 68 68 68 68 60 83 83 47 47 0 0 47 19 19 58 58 58 58 79 0 79 39 39 39 3 0 0 0 0 0 0 0 0 0 0 0 0 0 0 0 0 0 0 0 0 0 0 0
80 80 77 77 77 65 60 60 83 83 47 47 47 47 19 19 58 85 85 79 79 79 79 39 3 3 3 0 0 0 0 0 0 0 0 0 0 0 0 0 0 0 0 0 0 0 0 0 0 0
77 77 77 77 77 65 60 60 83 83 83 47 47 47 19 19 58 58 89 79 89 89 89 39 3 3 3 3 0 0 0 0 0 0 0 0 0 0 0 0 0 0 0 0 0 0 0 0 0 0
77 77 77 2 2 65 60 60 83 83 83 6 6 47 47 19 58 48 89 89 89 89 89 13 3 3 3 23 0 0 0 0 0 0 0 0 0 0 0 0 0 0 0 0 0 0 0 0 0 0
77 57 57 2 97 97 60 83 83 6 6 6 6 24 48 48 48 48 48 48 48 48 48 13 13 13 23 23 0 0 0 0 0 0 0 0 0 0 0 0 0 0 0 0 0 0 0 0 0 0
4 4 57 97 97 97 97 97 83 6 6 6 24 24 24 48 48 48 48 48 48 48 48 13 13 13 23 0 0 0 0 0 0 0 0 0 0 0 0 0 0 0 0 0 0 0 0 0 0 0
4 67 97 97 97 97 97 97 6 6 6 6 24 24 45 45 73 73 48 48 48 48 50 50 50 13 23 0 0 0 0 0 0 0 0 0 0 0 0 0 0 0 0 0 0 0 0 0 0 0
4 67 97 98 98 97 97 97 30 30 30 30 24 24 45 45 73 73 73 48 48 50 50 50 50 40 23 23 0 0 0 0 0 0 0 0 0 0 0 0 0 0 0 0 0 0 0 0 0 0
4 97 97 98 98 97 97 11 30 30 30 30 24 24 45 73 73 73 73 73 73 50 62 62 50 40 40 23 0 0 0 0 0 0 0 0 0 0 0 0 0 0 0 0 0 0 0 0 0 0
4 4 52 52 98 81 81 11 30 30 30 30 24 24 45 73 73 73 73 73 73 62 62 62 62 40 40 40 0 0 0 0 0 0 0 0 0 0 0 0 0 0 0 0 0 0 0 0 0 0
42 7 52 52 81 81 81 11 11 18 18 30 30 45 45 45 45 45 1 1 9 9 62 9 54 54 49 56 0 0 0 0 0 0 0 0 0 0 0 0 0 0 0 0 0 0 0 0 0 0
42 7 7 94 81 81 11 11 11 18 18 18 18 45 45 45 45 1 1 1 1 9 9 9 9 49 49 56 0 0 0 0 0 0 0 0 0 0 0 0 0 0 0 0 0 0 0 0 0 0
42 7 7 94 81 81 11 11 18 18 18 18 18 45 45 45 45 1 1 1 1 1 9 9 93 49 56 56 0 0 0 0 0 0 0 0 0 0 0 0 0 0 0 0 0 0 0 0 0 0
42 94 94 94 81 59 11 11 18 18 18 18 82 82 45 45 45 1 1 1 1 9 9 9 93 38 56 0 0 0 0 0 0 0 0 0 0 0 0 0 0 0 0 0 0 0 0 0 0 0
94 94 94 59 59 59 59 59 18 18 18 18 99 82 61 61 61 1 1 1 1 9 9 9 93 38 56 56 0 0 0 0 0 0 0 0 0 0 0 0 0 0 0 0 0 0 0 0 0 0
34 94 94 59 59 59 59 59 59 18 18 18 99 99 61 61 61 1 1 88 20 20 20 9 9 38 29 56 0 0 0 0 0 0 0 0 0 0 0 0 0 0 0 0 0 0 0 0 0 0
34 75 75 59 59 59 59 59 59 59 59 18 99 61 61 61 61 87 87 88 87 87 20 20 20 14 29 56 0 0 0 0 0 0 0 0 0 0 0 0 0 0 0 0 0 0 0 0 0 0
34 75 75 75 75 75 59 86 59 59 59 18 99 61 61 61 61 87 87 87 87 20 20 20 14 14 29 29 0 0 0 0 0 0 0 0 0 0 0 0 0 0 0 0 0 0 0 0 0 0
34 75 75 75 75 75 75 86 86 86 37 37 37 61 61 71 71 71 71 71 71 20 31 26 14 14 17 29 0 0 0 0 0 0 0 0 0 0 0 0 0 0 0 0 0 0 0 0 0 0
34 69 69 75 75 66 86 86 86 86 37 37 37 61 61 71 71 71 71 71 31 20 31 26 26 17 17 17 0 0 0 0 0 0 0 0 0 0 0 0 0 0 0 0 0 0 0 0 0 0
92 69 69 66 66 66 86 86 86 21 37 37 37 95 95 95 95 25 25 31 31 31 31 26 26 26 53 53 0 0 0 0 0 0 0 0 0 0 0 0 0 0 0 0 0 0 0 0 0 0
92 70 70 70 66 8 86 86 86 21 21 37 37 95 25 25 25 25 25 25 31 31 44 44 26 53 53 0 0 0 0 0 0 0 0 0 0 0 0 0 0 0 0 0 0 0 0 0 0 0
22 70 70 70 70 8 86 86 86 21 21 21 95 95 25 25 25 25 25 15 31 31 44 44 74 53 53 53 0 0 0 0 0 0 0 0 0 0 0 0 0 0 0 0 0 0 0 0 0 0
22 96 70 70 8 8 91 91 91 91 91 12 12 12 12 25 15 15 15 15 74 74 74 74 74 53 53 43 0 0 0 0 0 0 0 0 0 0 0 0 0 0 0 0 0 0 0 0 0 0
22 96 96 70 8 8 91 91 91 63 63 12 12 12 5 15 15 15 15 74 74 74 74 74 74 53 43 43 0 0 0 0 0 0 0 0 0 0 0 0 0 0 0 0 0 0 0 0 0 0
84 96 96 96 8 8 91 91 91 91 63 12 12 12 5 15 15 15 15 74 74 74 74 74 74 53 43 43 0 0 0 0 0 0 0 0 0 0 0 0 0 0 0 0 0 0 0 0 0 0
84 96 100 33 33 33 91 76 91 91 12 12 12 46 5 5 15 15 15 15 74 74 74 74 74 51 43 41 0 0 0 0 0 0 0 0 0 0 0 0 0 0 0 0 0 0 0 0 0 0
84 84 100 100 100 33 91 76 76 91 12 12 46 46 5 5 15 15 15 15 74 90 74 74 74 51 43 41 0 0 0 0 0 0 0 0 0 0 0 0 0 0 0 0 0 0 0 0 0 0
84 100 100 100 100 36 36 76 76 91 10 10 10 5 5 5 5 90 90 90 90 90 55 74 74 43 43 41 0 0 0 0 0 0 0 0 0 0 0 0 0 0 0 0 0 0 0 0 0 0
84 84 100 100 100 36 36 36 10 10 10 10 64 5 5 90 90 90 90 90 90 55 55 74 74 43 72 72 0 0 0 0 0 0 0 0 0 0 0 0 0 0 0 0 0 0 0 0 0 0
0 84 100 100 100 100 36 36 10 10 10 10 64 5 5 32 32 28 35 35 35 55 55 74 74 43 16 72 0 0 0 0 0 0 0 0 0 0 0 0 0 0 0 0 0 0 0 0 0 0
0 84 100 100 100 100 36 10 10 10 10 10 64 5 5 32 32 28 35 35 27 55 55 55 55 43 16 72 0 0 0 0 0 0 0 0 0 0 0 0 0 0 0 0 0 0 0 0 0 0
84 84 100 0 100 36 36 36 36 36 10 10 64 64 64 32 32 35 35 35 27 55 0 0 55 43 78 78 0 0 0 0 0 0 0 0 0 0 0 0 0 0 0 0 0 0 0 0 0 0
0 0 0 0 0 0 0 0 0 0 0 0 0 0 0 0 0 0 0 0 0 0 0 0 0 0 0 0 0 0 0 0 0 0 0 0 0 0 0 0 0 0 0 0 0 0 0 0 0 0
0 0 0 0 0 0 0 0 0 0 0 0 0 0 0 0 0 0 0 0 0 0 0 0 0 0 0 0 0 0 0 0 0 0 0 0 0 0 0 0 0 0 0 0 0 0 0 0 0 0
0 0 0 0 0 0 0 0 0 0 0 0 0 0 0 0 0 0 0 0 0 0 0 0 0 0 0 0 0 0 0 0 0 0 0 0 0 0 0 0 0 0 0 0 0 0 0 0 0 0
0 0 0 0 0 0 0 0 0 0 0 0 0 0 0 0 0 0 0 0 0 0 0 0 0 0 0 0 0 0 0 0 0 0 0 0 0 0 0 0 0 0 0 0 0 0 0 0 0 0
0 0 0 0 0 0 0 0 0 0 0 0 0 0 0 0 0 0 0 0 0 0 0 0 0 0 0 0 0 0 0 0 0 0 0 0 0 0 0 0 0 0 0 0 0 0 0 0 0 0
0 0 0 0 0 0 0 0 0 0 0 0 0 0 0 0 0 0 0 0 0 0 0 0 0 0 0 0 0 0 0 0 0 0 0 0 0 0 0 0 0 0 0 0 0 0 0 0 0 0
0 0 0 0 0 0 0 0 0 0 0 0 0 0 0 0 0 0 0 0 0 0 0 0 0 0 0 0 0 0 0 0 0 0 0 0 0 0 0 0 0 0 0 0 0 0 0 0 0 0
0 0 0 0 0 0 0 0 0 0 0 0 0 0 0 0 0 0 0 0 0 0 0 0 0 0 0 0 0 0 0 0 0 0 0 0 0 0 0 0 0 0 0 0 0 0 0 0 0 0
0 0 0 0 0 0 0 0 0 0 0 0 0 0 0 0 0 0 0 0 0 0 0 0 0 0 0 0 0 0 0 0 0 0 0 0 0 0 0 0 0 0 0 0 0 0 0 0 0 0
0 0 0 0 0 0 0 0 0 0 0 0 0 0 0 0 0 0 0 0 0 0 0 0 0 0 0 0 0 0 0 0 0 0 0 0 0 0 0 0 0 0 0 0 0 0 0 0 0 0
0 0 0 0 0 0 0 0 0 0 0 0 0 0 0 0 0 0 0 0 0 0 0 0 0 0 0 0 0 0 0 0 0 0 0 0 0 0 0 0 0 0 0 0 0 0 0 0 0 0
0 0 0 0 0 0 0 0 0 0 0 0 0 0 0 0 0 0 0 0 0 0 0 0 0 0 0 0 0 0 0 0 0 0 0 0 0 0 0 0 0 0 0 0 0 0 0 0 0 0
0 0 0 0 0 0 0 0 0 0 0 0 0 0 0 0 0 0 0 0 0 0 0 0 0 0 0 0 0 0 0 0 0 0 0 0 0 0 0 0 0 0 0 0 0 0 0 0 0 0
0 0 0 0 0 0 0 0 0 0 0 0 0 0 0 0 0 0 0 0 0 0 0 0 0 0 0 0 0 0 0 0 0 0 0 0 0 0 0 0 0 0 0 0 0 0 0 0 0 0
0 0 0 0 0 0 0 0 0 0 0 0 0 0 0 0 0 0 0 0 0 0 0 0 0 0 0 0 0 0 0 0 0 0 0 0 0 0 0 0 0 0 0 0 0 0 0 0 0 0
0 0 0 0 0 0 0 0 0 0 0 0 0 0 0 0 0 0 0 0 0 0 0 0 0 0 0 0 0 0 0 0 0 0 0 0 0 0 0 0 0 0 0 0 0 0 0 0 0 0
0 0 0 0 0 0 0 0 0 0 0 0 0 0 0 0 0 0 0 0 0 0 0 0 0 0 0 0 0 0 0 0 0 0 0 0 0 0 0 0 0 0 0 0 0 0 0 0 0 0
