0 0 0 0 0 0 0 0 38 38 42 0 0 42 17 17 17 17 17 17 90 90 95 95 48 0 0 0 48 37 37 37 37 3 3 3 3 0 0 0 0 0 0 0 0 0 0 0 0 0
38 38 0 0 0 0 0 0 38 42 42 42 42 42 34 17 17 52 17 87 87 87 87 87 48 48 48 48 48 48 48 48 37 66 66 79 79 0 0 0 0 0 0 0 0 0 0 0 0 0
86 38 38 38 38 38 38 38 38 42 8 42 42 42 34 34 52 52 87 87 87 87 87 87 46 48 46 48 48 48 48 37 37 37 79 79 0 0 0 0 0 0 0 0 0 0 0 0 0 0
86 86 86 86 39 11 11 38 38 8 8 8 8 64 64 49 49 52 81 87 87 87 87 87 46 46 46 46 48 48 48 26 26 79 79 0 0 0 0 0 0 0 0 0 0 0 0 0 0 0
0 86 86 86 39 11 11 38 8 8 8 8 8 93 93 49 81 81 81 81 87 87 87 87 46 46 46 46 48 26 26 26 26 79 79 0 0 0 0 0 0 0 0 0 0 0 0 0 0 0
0 86 86 86 39 11 11 38 8 8 8 8 8 93 93 49 44 91 81 81 81 87 87 87 46 46 46 46 26 26 26 26 26 79 79 79 0 0 0 0 0 0 0 0 0 0 0 0 0 0
86 86 86 39 39 11 11 11 93 93 93 93 93 93 93 49 44 91 81 81 81 81 81 47 46 46 46 46 46 26 26 26 26 26 43 79 0 0 0 0 0 0 0 0 0 0 0 0 0 0
16 86 86 39 28 11 11 11 93 93 93 93 93 93 93 93 91 91 91 81 81 81 47 47 46 46 46 46 46 26 26 26 26 26 43 79 79 0 0 0 0 0 0 0 0 0 0 0 0 0
16 28 28 28 28 50 50 50 50 50 93 93 93 93 93 75 75 75 32 32 32 32 47 47 46 24 24 24 24 26 26 26 26 43 43 43 43 0 0 0 0 0 0 0 0 0 0 0 0 0
16 16 28 28 28 50 50 50 50 50 93 93 93 93 93 75 75 75 32 32 32 47 47 47 85 85 24 24 14 26 68 68 68 43 0 0 0 0 0 0 0 0 0 0 0 0 0 0 0 0
0 16 16 16 28 50 50 50 50 50 93 93 93 93 93 75 75 75 32 32 32 47 47 47 85 85 85 24 14 68 68 68 43 43 0 0 0 0 0 0 0 0 0 0 0 0 0 0 0 0
16 16 18 50 50 50 50 50 50 50 93 93 93 93 93 54 54 54 32 32 32 47 47 47 85 85 24 24 14 68 68 68 43 43 43 0 0 0 0 0 0 0 0 0 0 0 0 0 0 0
18 18 18 18 18 50 50 50 50 50 93 73 73 73 73 73 73 54 70 67 67 67 67 85 85 85 24 77 77 60 60 68 68 29 43 43 0 0 0 0 0 0 0 0 0 0 0 0 0 0
0 0 18 18 18 50 50 50 50 2 2 2 73 73 73 73 73 54 70 67 67 67 85 85 85 27 27 92 77 77 60 68 68 29 29 43 43 0 0 0 0 0 0 0 0 0 0 0 0 0
0 0 18 18 18 50 50 50 2 2 2 33 33 33 73 54 54 54 70 67 67 67 85 85 85 27 27 92 77 77 77 77 77 29 29 43 15 0 0 0 0 0 0 0 0 0 0 0 0 0
0 18 18 18 65 50 50 50 2 2 36 33 33 33 33 33 54 54 70 70 70 85 85 85 85 27 27 31 31 31 77 77 77 29 29 43 15 0 0 0 0 0 0 0 0 0 0 0 0 0
18 18 65 65 65 65 2 2 2 2 36 36 36 36 36 36 54 54 70 70 22 22 22 22 76 27 71 71 71 71 77 77 77 29 29 15 15 0 0 0 0 0 0 0 0 0 0 0 0 0
18 65 65 65 65 2 2 2 2 2 36 36 36 36 10 36 10 10 70 70 22 22 22 22 76 76 71 71 71 71 77 77 77 77 15 15 0 0 0 0 0 0 0 0 0 0 0 0 0 0
18 65 65 65 65 2 2 2 2 2 51 51 51 30 10 10 10 10 12 70 22 22 22 22 76 76 76 40 40 40 77 77 77 82 15 15 0 0 0 0 0 0 0 0 0 0 0 0 0 0
18 88 65 65 65 2 2 2 2 2 51 72 72 30 10 10 10 12 12 70 45 45 45 22 76 76 76 40 40 40 77 77 89 82 82 15 15 0 0 0 0 0 0 0 0 0 0 0 0 0
74 88 88 88 88 2 2 2 2 2 51 72 72 72 10 10 12 12 12 21 45 45 45 76 76 76 40 40 40 40 89 89 89 82 82 82 82 0 0 0 0 0 0 0 0 0 0 0 0 0
74 74 74 88 88 88 88 13 13 2 72 72 72 72 72 10 12 83 83 21 45 45 45 6 76 76 40 40 78 89 89 89 89 89 82 82 0 0 0 0 0 0 0 0 0 0 0 0 0 0
0 0 74 88 88 88 88 57 13 13 72 72 72 72 72 12 12 83 83 21 45 45 45 6 76 76 40 40 78 89 89 89 89 89 82 82 82 0 0 0 0 0 0 0 0 0 0 0 0 0
0 0 74 74 88 88 57 57 13 72 72 72 72 72 94 94 12 83 83 21 21 21 45 6 76 40 40 78 78 89 59 59 89 89 82 82 41 0 0 0 0 0 0 0 0 0 0 0 0 0
0 0 0 74 88 88 57 57 57 97 72 94 94 94 94 94 21 21 21 21 21 61 61 6 76 40 40 40 78 78 59 59 89 89 82 82 41 0 0 0 0 0 0 0 0 0 0 0 0 0
0 0 74 74 53 62 62 97 97 97 7 94 94 94 94 94 21 21 21 21 61 61 61 61 61 40 78 78 78 78 89 89 89 89 89 82 41 0 0 0 0 0 0 0 0 0 0 0 0 0
0 0 74 53 53 62 62 62 7 7 7 94 94 94 94 94 21 21 21 61 61 61 61 61 61 78 78 78 89 89 89 89 89 89 89 82 96 0 0 0 0 0 0 0 0 0 0 0 0 0
74 74 74 74 53 53 62 62 7 62 7 7 94 94 94 94 35 21 21 61 61 61 61 61 61 78 78 89 89 89 89 89 89 96 89 96 96 0 0 0 0 0 0 0 0 0 0 0 0 0
100 100 100 100 1 53 62 62 62 62 7 5 94 35 35 35 35 35 21 21 61 61 61 61 61 78 78 89 89 89 89 89 89 96 96 96 0 0 0 0 0 0 0 0 0 0 0 0 0 0
0 100 25 25 1 1 62 62 62 62 5 5 35 35 35 35 35 35 35 99 61 61 61 61 80 80 80 89 19 19 19 19 19 96 96 96 96 0 0 0 0 0 0 0 0 0 0 0 0 0
100 100 100 69 69 1 62 62 62 62 5 5 20 20 20 20 56 56 56 99 99 99 80 80 80 0 80 80 80 58 58 58 58 58 23 23 23 0 0 0 0 0 0 0 0 0 0 0 0 0
84 84 100 100 69 1 62 62 62 62 5 5 20 20 20 20 20 20 4 99 99 99 80 80 0 0 0 0 80 58 58 58 58 58 23 23 23 0 0 0 0 0 0 0 0 0 0 0 0 0
84 84 84 100 69 69 62 5 5 5 5 5 20 20 20 20 20 4 4 4 99 99 80 80 0 0 0 0 80 80 58 58 58 58 58 58 58 0 0 0 0 0 0 0 0 0 0 0 0 0
9 9 9 9 9 9 62 62 63 63 63 55 55 98 98 98 98 98 98 98 98 98 98 80 0 0 0 0 0 80 80 80 58 58 58 58 0 0 0 0 0 0 0 0 0 0 0 0 0 0
0 0 0 0 0 9 63 63 63 0 63 63 63 98 0 0 0 0 0 0 0 98 80 80 0 0 0 0 0 0 0 80 80 58 0 58 58 0 0 0 0 0 0 0 0 0 0 0 0 0
0 0 0 0 0 0 0 0 0 0 0 0 0 0 0 0 0 0 0 0 0 0 0 0 0 0 0 0 0 0 0 0 0 0 0 0 0 0 0 0 0 0 0 0 0 0 0 0 0 0
0 0 0 0 0 0 0 0 0 0 0 0 0 0 0 0 0 0 0 0 0 0 0 0 0 0 0 0 0 0 0 0 0 0 0 0 0 0 0 0 0 0 0 0 0 0 0 0 0 0
0 0 0 0 0 0 0 0 0 0 0 0 0 0 0 0 0 0 0 0 0 0 0 0 0 0 0 0 0 0 0 0 0 0 0 0 0 0 0 0 0 0 0 0 0 0 0 0 0 0
0 0 0 0 0 0 0 0 0 0 0 0 0 0 0 0 0 0 0 0 0 0 0 0 0 0 0 0 0 0 0 0 0 0 0 0 0 0 0 0 0 0 0 0 0 0 0 0 0 0
0 0 0 0 0 0 0 0 0 0 0 0 0 0 0 0 0 0 0 0 0 0 0 0 0 0 0 0 0 0 0 0 0 0 0 0 0 0 0 0 0 0 0 0 0 0 0 0 0 0
0 0 0 0 0 0 0 0 0 0 0 0 0 0 0 0 0 0 0 0 0 0 0 0 0 0 0 0 0 0 0 0 0 0 0 0 0 0 0 0 0 0 0 0 0 0 0 0 0 0
0 0 0 0 0 0 0 0 0 0 0 0 0 0 0 0 0 0 0 0 0 0 0 0 0 0 0 0 0 0 0 0 0 0 0 0 0 0 0 0 0 0 0 0 0 0 0 0 0 0
0 0 0 0 0 0 0 0 0 0 0 0 0 0 0 0 0 0 0 0 0 0 0 0 0 0 0 0 0 0 0 0 0 0 0 0 0 0 0 0 0 0 0 0 0 0 0 0 0 0
0 0 0 0 0 0 0 0 0 0 0 0 0 0 0 0 0 0 0 0 0 0 0 0 0 0 0 0 0 0 0 0 0 0 0 0 0 0 0 0 0 0 0 0 0 0 0 0 0 0
0 0 0 0 0 0 0 0 0 0 0 0 0 0 0 0 0 0 0 0 0 0 0 0 0 0 0 0 0 0 0 0 0 0 0 0 0 0 0 0 0 0 0 0 0 0 0 0 0 0
0 0 0 0 0 0 0 0 0 0 0 0 0 0 0 0 0 0 0 0 0 0 0 0 0 0 0 0 0 0 0 0 0 0 0 0 0 0 0 0 0 0 0 0 0 0 0 0 0 0
0 0 0 0 0 0 0 0 0 0 0 0 0 0 0 0 0 0 0 0 0 0 0 0 0 0 0 0 0 0 0 0 0 0 0 0 0 0 0 0 0 0 0 0 0 0 0 0 0 0
0 0 0 0 0 0 0 0 0 0 0 0 0 0 0 0 0 0 0 0 0 0 0 0 0 0 0 0 0 0 0 0 0 0 0 0 0 0 0 0 0 0 0 0 0 0 0 0 0 0
0 0 0 0 0 0 0 0 0 0 0 0 0 0 0 0 0 0 0 0 0 0 0 0 0 0 0 0 0 0 0 0 0 0 0 0 0 0 0 0 0 0 0 0 0 0 0 0 0 0
0 0 0 0 0 0 0 0 0 0 0 0 0 0 0 0 0 0 0 0 0 0 0 0 0 0 0 0 0 0 0 0 0 0 0 0 0 0 0 0 0 0 0 0 0 0 0 0 0 0
