0 0 85 83 83 35 0 35 6 6 6 6 6 6 25 46 46 46 46 43 43 43 79 0 0 79 95 0 95 13 13 13 13 13 13 0 0 0 0 0 0 0 0 0 0 0 0 0 0 0
0 0 85 83 35 35 35 35 84 84 84 6 25 25 25 25 18 86 86 86 43 43 79 79 79 79 95 95 95 95 90 13 90 90 90 0 0 0 0 0 0 0 0 0 0 0 0 0 0 0
0 0 85 83 83 83 83 56 84 84 84 84 25 97 97 97 18 18 86 86 43 43 43 79 79 79 95 95 45 45 90 90 90 0 0 0 0 0 0 0 0 0 0 0 0 0 0 0 0 0
0 0 85 83 83 56 56 56 56 56 56 56 56 97 97 97 97 18 18 18 18 43 47 47 24 77 77 45 45 100 90 90 90 0 0 0 0 0 0 0 0 0 0 0 0 0 0 0 0 0
0 0 85 85 56 56 56 56 56 56 56 56 56 97 97 97 18 18 18 18 18 24 24 24 24 24 77 77 100 100 100 100 90 0 0 0 0 0 0 0 0 0 0 0 0 0 0 0 0 0
85 85 85 56 56 56 56 56 56 56 56 56 56 67 67 67 67 18 18 18 2 24 24 24 24 77 77 100 100 100 100 100 90 90 90 0 0 0 0 0 0 0 0 0 0 0 0 0 0 0
53 53 53 53 53 53 53 56 56 56 56 42 67 67 67 67 40 40 40 40 2 2 2 41 41 41 32 32 32 32 100 100 100 32 90 0 0 0 0 0 0 0 0 0 0 0 0 0 0 0
0 0 0 53 53 53 53 53 42 42 42 42 42 67 67 67 67 40 80 80 2 2 15 41 41 41 41 32 32 32 32 32 32 32 32 0 0 0 0 0 0 0 0 0 0 0 0 0 0 0
0 0 0 53 53 53 53 53 39 42 42 42 42 67 67 67 67 89 89 89 2 2 15 41 41 41 41 32 32 32 32 32 62 62 62 0 0 0 0 0 0 0 0 0 0 0 0 0 0 0
0 0 0 53 36 36 36 36 39 42 42 42 42 67 67 67 67 89 89 89 15 15 15 41 41 41 32 32 32 32 32 32 62 62 62 0 0 0 0 0 0 0 0 0 0 0 0 0 0 0
0 0 0 53 53 36 36 36 39 39 39 39 42 42 42 67 67 66 89 89 15 64 15 15 15 65 65 65 65 32 62 62 62 14 14 0 0 0 0 0 0 0 0 0 0 0 0 0 0 0
53 53 53 53 53 36 36 36 39 39 39 39 42 42 42 67 67 66 66 64 64 64 64 64 65 65 65 65 65 62 62 62 62 14 0 0 0 0 0 0 0 0 0 0 0 0 0 0 0 0
53 1 1 38 55 55 55 55 55 55 55 55 42 42 42 68 68 11 11 11 64 64 44 44 44 65 65 65 65 62 33 33 14 14 0 0 0 0 0 0 0 0 0 0 0 0 0 0 0 0
73 1 1 38 72 55 55 55 55 55 55 55 42 68 68 68 68 11 11 44 44 44 44 44 44 44 91 19 19 19 33 33 33 14 0 0 0 0 0 0 0 0 0 0 0 0 0 0 0 0
73 1 1 38 38 30 30 55 55 55 55 68 68 68 68 68 68 68 68 44 44 44 44 44 44 91 91 19 19 19 19 19 14 14 14 0 0 0 0 0 0 0 0 0 0 0 0 0 0 0
73 73 1 1 1 30 92 92 92 92 68 68 68 61 68 4 4 68 68 49 48 48 10 10 10 91 91 91 19 19 19 20 14 20 17 0 0 0 0 0 0 0 0 0 0 0 0 0 0 0
73 73 73 73 34 30 92 92 92 92 68 78 78 61 61 61 49 49 49 49 48 48 10 10 10 91 87 87 19 20 19 20 20 20 17 0 0 0 0 0 0 0 0 0 0 0 0 0 0 0
82 82 34 34 34 34 75 92 92 92 92 52 78 78 61 49 49 49 49 48 48 48 10 10 10 87 87 87 19 20 20 20 20 20 17 0 0 0 0 0 0 0 0 0 0 0 0 0 0 0
5 34 34 34 34 75 75 75 75 75 52 52 51 51 51 49 49 49 49 48 48 48 74 74 74 74 20 20 20 20 20 20 20 17 17 0 0 0 0 0 0 0 0 0 0 0 0 0 0 0
5 5 21 21 21 21 76 76 76 76 52 52 51 51 51 51 51 12 12 12 48 48 48 93 74 74 20 20 20 20 99 99 17 17 8 0 0 0 0 0 0 0 0 0 0 0 0 0 0 0
5 21 21 21 21 21 21 21 76 76 52 52 52 51 51 51 51 12 12 12 12 12 12 93 93 93 20 20 20 20 59 99 8 8 8 0 0 0 0 0 0 0 0 0 0 0 0 0 0 0
70 21 21 21 21 21 21 21 21 81 81 81 28 28 28 28 28 12 12 12 12 12 12 93 93 93 93 20 59 59 59 59 8 22 22 0 0 0 0 0 0 0 0 0 0 0 0 0 0 0
70 21 21 21 27 21 21 57 81 81 81 81 81 16 63 28 28 58 12 12 12 71 71 71 93 93 31 31 31 22 59 59 22 22 0 0 0 0 0 0 0 0 0 0 0 0 0 0 0 0
70 70 70 70 27 27 57 57 98 98 98 98 88 16 16 37 37 58 58 29 29 29 71 71 71 93 31 31 31 22 22 22 22 0 0 0 0 0 0 0 0 0 0 0 0 0 0 0 0 0
0 70 27 27 27 26 26 94 98 98 98 3 88 16 9 9 9 58 29 29 29 29 71 71 71 31 31 31 31 31 22 22 0 0 0 0 0 0 0 0 0 0 0 0 0 0 0 0 0 0
70 70 27 27 27 94 94 94 98 98 3 3 54 54 9 9 9 96 29 29 29 29 71 71 71 69 69 31 31 31 31 22 0 0 0 0 0 0 0 0 0 0 0 0 0 0 0 0 0 0
70 50 50 60 60 60 94 94 94 3 3 3 54 54 54 9 9 96 29 29 23 23 23 71 69 69 69 31 31 31 31 22 22 0 0 0 0 0 0 0 0 0 0 0 0 0 0 0 0 0
70 50 50 60 0 60 7 7 7 7 7 7 54 0 54 54 96 96 29 29 23 0 23 23 69 0 69 69 69 69 69 69 22 22 22 0 0 0 0 0 0 0 0 0 0 0 0 0 0 0
0 0 0 0 0 0 0 0 0 0 0 0 0 0 0 0 0 0 0 0 0 0 0 0 0 0 0 0 0 0 0 0 0 0 0 0 0 0 0 0 0 0 0 0 0 0 0 0 0 0
0 0 0 0 0 0 0 0 0 0 0 0 0 0 0 0 0 0 0 0 0 0 0 0 0 0 0 0 0 0 0 0 0 0 0 0 0 0 0 0 0 0 0 0 0 0 0 0 0 0
0 0 0 0 0 0 0 0 0 0 0 0 0 0 0 0 0 0 0 0 0 0 0 0 0 0 0 0 0 0 0 0 0 0 0 0 0 0 0 0 0 0 0 0 0 0 0 0 0 0
0 0 0 0 0 0 0 0 0 0 0 0 0 0 0 0 0 0 0 0 0 0 0 0 0 0 0 0 0 0 0 0 0 0 0 0 0 0 0 0 0 0 0 0 0 0 0 0 0 0
0 0 0 0 0 0 0 0 0 0 0 0 0 0 0 0 0 0 0 0 0 0 0 0 0 0 0 0 0 0 0 0 0 0 0 0 0 0 0 0 0 0 0 0 0 0 0 0 0 0
0 0 0 0 0 0 0 0 0 0 0 0 0 0 0 0 0 0 0 0 0 0 0 0 0 0 0 0 0 0 0 0 0 0 0 0 0 0 0 0 0 0 0 0 0 0 0 0 0 0
0 0 0 0 0 0 0 0 0 0 0 0 0 0 0 0 0 0 0 0 0 0 0 0 0 0 0 0 0 0 0 0 0 0 0 0 0 0 0 0 0 0 0 0 0 0 0 0 0 0
0 0 0 0 0 0 0 0 0 0 0 0 0 0 0 0 0 0 0 0 0 0 0 0 0 0 0 0 0 0 0 0 0 0 0 0 0 0 0 0 0 0 0 0 0 0 0 0 0 0
0 0 0 0 0 0 0 0 0 0 0 0 0 0 0 0 0 0 0 0 0 0 0 0 0 0 0 0 0 0 0 0 0 0 0 0 0 0 0 0 0 0 0 0 0 0 0 0 0 0
0 0 0 0 0 0 0 0 0 0 0 0 0 0 0 0 0 0 0 0 0 0 0 0 0 0 0 0 0 0 0 0 0 0 0 0 0 0 0 0 0 0 0 0 0 0 0 0 0 0
0 0 0 0 0 0 0 0 0 0 0 0 0 0 0 0 0 0 0 0 0 0 0 0 0 0 0 0 0 0 0 0 0 0 0 0 0 0 0 0 0 0 0 0 0 0 0 0 0 0
0 0 0 0 0 0 0 0 0 0 0 0 0 0 0 0 0 0 0 0 0 0 0 0 0 0 0 0 0 0 0 0 0 0 0 0 0 0 0 0 0 0 0 0 0 0 0 0 0 0
0 0 0 0 0 0 0 0 0 0 0 0 0 0 0 0 0 0 0 0 0 0 0 0 0 0 0 0 0 0 0 0 0 0 0 0 0 0 0 0 0 0 0 0 0 0 0 0 0 0
0 0 0 0 0 0 0 0 0 0 0 0 0 0 0 0 0 0 0 0 0 0 0 0 0 0 0 0 0 0 0 0 0 0 0 0 0 0 0 0 0 0 0 0 0 0 0 0 0 0
0 0 0 0 0 0 0 0 0 0 0 0 0 0 0 0 0 0 0 0 0 0 0 0 0 0 0 0 0 0 0 0 0 0 0 0 0 0 0 0 0 0 0 0 0 0 0 0 0 0
0 0 0 0 0 0 0 0 0 0 0 0 0 0 0 0 0 0 0 0 0 0 0 0 0 0 0 0 0 0 0 0 0 0 0 0 0 0 0 0 0 0 0 0 0 0 0 0 0 0
0 0 0 0 0 0 0 0 0 0 0 0 0 0 0 0 0 0 0 0 0 0 0 0 0 0 0 0 0 0 0 0 0 0 0 0 0 0 0 0 0 0 0 0 0 0 0 0 0 0
0 0 0 0 0 0 0 0 0 0 0 0 0 0 0 0 0 0 0 0 0 0 0 0 0 0 0 0 0 0 0 0 0 0 0 0 0 0 0 0 0 0 0 0 0 0 0 0 0 0
0 0 0 0 0 0 0 0 0 0 0 0 0 0 0 0 0 0 0 0 0 0 0 0 0 0 0 0 0 0 0 0 0 0 0 0 0 0 0 0 0 0 0 0 0 0 0 0 0 0
0 0 0 0 0 0 0 0 0 0 0 0 0 0 0 0 0 0 0 0 0 0 0 0 0 0 0 0 0 0 0 0 0 0 0 0 0 0 0 0 0 0 0 0 0 0 0 0 0 0
0 0 0 0 0 0 0 0 0 0 0 0 0 0 0 0 0 0 0 0 0 0 0 0 0 0 0 0 0 0 0 0 0 0 0 0 0 0 0 0 0 0 0 0 0 0 0 0 0 0
0 0 0 0 0 0 0 0 0 0 0 0 0 0 0 0 0 0 0 0 0 0 0 0 0 0 0 0 0 0 0 0 0 0 0 0 0 0 0 0 0 0 0 0 0 0 0 0 0 0
