419 422 421 417 419 434 462 488 496 489 474 466 469 489 511 523 512 485 449 411 369 319 251 197 141 0 181 247 288 319 344 365 383 399 411
352 356 353 342 311 312 332 376 388 380 361 329 329 351 396 415 417 404 381 351 313 264 197 15 90 30 125 173 207 236 271 294 314 331 344
291 296 295 280 242 45 252 294 303 280 255 221 60 254 302 328 337 334 320 298 268 229 172 131 101 111 124 141 75 184 206 226 246 272 284
233 240 251 243 209 201 211 246 247 220 90 166 178 191 232 255 273 275 268 254 234 208 180 155 141 137 141 139 149 161 174 105 205 228 228
120 209 226 226 220 215 219 223 219 194 178 171 182 185 135 212 222 226 224 219 208 195 184 172 164 160 159 161 165 171 168 176 188 204 199
192 200 217 223 224 222 220 217 210 201 194 191 191 186 189 193 198 150 201 202 165 192 191 186 182 179 179 180 182 184 187 191 197 199 191
206 212 220 227 230 229 225 215 208 204 207 206 204 203 202 199 193 194 198 201 200 199 201 200 199 198 198 199 200 201 203 205 207 207 206
217 221 230 236 240 240 236 225 180 217 222 222 221 219 217 212 195 210 213 215 216 215 215 216 217 218 219 219 219 220 220 221 221 220 216
210 236 244 250 254 256 254 246 241 239 242 241 239 237 235 230 228 228 231 233 234 233 225 234 237 240 241 241 240 239 239 239 240 236 232
251 254 261 267 272 277 279 280 276 272 265 262 260 257 255 253 251 251 252 253 254 254 256 258 255 264 270 263 261 260 259 259 257 255 251
275 278 281 285 291 300 315 306 330 298 289 284 281 279 277 276 274 274 274 275 276 278 282 288 291 292 288 286 283 282 281 279 278 276 275
299 300 303 306 311 317 321 326 324 319 311 307 304 302 301 299 298 297 297 298 299 302 306 314 345 317 311 308 306 305 303 302 300 299 298
322 323 325 328 331 334 337 339 338 336 332 329 327 327 326 324 321 320 320 321 322 325 329 337 340 339 334 331 330 329 327 326 324 323 322
346 346 348 350 352 353 355 356 356 355 354 352 351 351 360 348 345 344 344 344 346 348 352 355 357 357 356 355 355 354 353 351 350 348 347
370 369 370 375 373 374 375 376 376 377 377 376 375 375 374 372 369 368 368 368 370 372 375 377 379 379 379 380 382 382 381 378 376 374 372
395 390 394 395 395 395 396 397 398 400 405 400 399 398 397 395 394 393 392 393 394 398 400 402 402 403 404 405 407 420 408 406 404 401 398
421 419 418 418 418 418 418 419 421 423 425 425 424 422 421 420 419 418 417 417 419 422 435 425 425 428 429 430 431 433 434 435 434 431 425
449 446 444 442 441 441 442 443 444 447 451 452 451 447 446 450 444 443 442 442 443 446 447 448 448 451 465 453 453 454 457 461 480 459 453
477 474 471 467 466 465 466 467 468 471 475 495 475 471 470 469 469 469 469 468 468 468 469 469 470 473 474 475 474 476 480 486 488 486 480
503 510 496 492 490 490 491 492 493 494 498 499 498 494 493 493 494 497 497 496 493 492 491 491 491 492 493 494 495 498 503 510 513 511 506
527 524 520 516 514 514 516 525 517 517 518 518 518 517 516 517 519 522 540 522 518 516 515 514 513 513 513 514 516 520 525 533 555 535 530
550 546 543 540 538 538 539 540 541 540 540 540 540 540 540 541 542 546 547 546 543 541 540 538 536 535 535 535 537 541 547 555 559 559 554
575 570 566 563 562 561 562 563 564 564 564 564 564 564 565 565 566 567 568 568 568 568 566 563 560 558 557 556 558 561 568 575 582 583 580
601 594 589 586 585 585 586 587 589 590 590 590 590 590 590 590 590 591 591 592 595 598 596 591 584 581 580 579 570 585 585 600 610 615 609
626 618 613 609 608 609 611 613 615 617 618 618 618 617 617 616 616 616 616 617 619 630 645 614 606 603 604 605 608 612 620 628 638 660 636
651 642 635 632 631 633 637 641 644 646 648 648 647 646 645 644 643 643 643 642 641 640 636 630 624 624 628 634 640 644 650 658 667 669 663
674 663 657 653 653 657 664 671 675 678 680 680 678 676 674 672 671 670 670 675 660 651 643 638 637 642 652 666 674 677 678 688 700 702 690
690 685 676 671 671 678 694 705 710 708 720 713 712 709 704 700 698 699 699 694 681 663 649 642 644 656 675 696 735 703 699 708 750 765 712
719 707 694 685 684 692 712 780 732 732 740 750 751 745 735 728 724 726 735 729 707 672 648 638 642 662 701 729 737 721 710 714 725 732 729
750 736 707 691 688 697 718 734 744 748 761 795 810 777 766 755 746 746 767 825 728 669 636 622 627 652 702 840 749 727 710 703 708 723 746
855 756 706 685 683 694 712 730 744 758 776 794 802 810 800 785 759 749 763 870 710 645 607 590 594 619 674 740 760 738 694 680 685 708 758
885 731 682 663 665 684 710 734 746 759 790 807 816 814 900 799 761 733 722 695 655 597 560 540 540 562 607 677 915 699 656 641 647 673 727
671 664 633 623 631 660 722 751 759 739 764 930 786 788 816 808 764 697 655 617 575 533 496 473 467 482 519 585 617 622 591 585 593 616 656
574 573 568 566 579 614 681 945 716 686 699 707 714 713 750 960 715 642 590 546 503 460 421 389 373 379 411 452 488 505 511 515 527 545 563
492 495 494 496 507 536 598 627 630 597 588 588 594 611 651 656 632 568 521 477 433 386 339 295 253 252 282 341 380 407 425 440 455 470 484
0 0 0
0 0 1
0 1 0
0 0 -1
0 -1 0
0 1 1
0 1 -1
0 -1 1
0 -1 -1
0 0 0
0 0 1
0 1 0
0 0 -1
0 -1 0
0 1 1
0 1 -1
0 -1 1
0 -1 -1
0 0 0
0 0 1
0 1 0
0 0 -1
0 -1 0
0 1 1
0 1 -1
0 -1 1
0 -1 -1
0 0 0
0 0 1
0 1 0
0 0 -1
0 -1 0
0 1 1
0 1 -1
0 -1 1
0 -1 -1
0 0 0
0 0 1
0 1 0
0 0 -1
0 -1 0
0 1 1
0 1 -1
0 -1 1
0 -1 -1
0 0 0
0 0 1
0 1 0
0 0 -1
0 -1 0
0 1 1
0 1 -1
0 -1 1
0 -1 -1
0 0 0
0 0 1
0 1 0
0 0 -1
0 -1 0
0 1 1
0 1 -1
0 -1 1
0 -1 -1
0 0 0
0 0 1
0 1 0
0 0 -1
0 -1 0
0 1 1
0 1 -1
0 -1 1
0 -1 -1
0 0 0
0 0 1
0 1 0
0 0 -1
0 -1 0
0 1 1
0 1 -1
0 -1 1
0 -1 -1
0 0 0
0 0 1
0 1 0
0 0 -1
0 -1 0
0 1 1
0 1 -1
0 -1 1
0 -1 -1
0 0 0
0 0 1
0 1 0
0 0 -1
0 -1 0
0 1 1
0 1 -1
0 -1 1
0 -1 -1
0 0 0
0 0 1
0 1 0
0 0 -1
0 -1 0
0 1 1
0 1 -1
0 -1 1
0 -1 -1
0 0 0
0 0 1
0 1 0
0 0 -1
0 -1 0
0 1 1
0 1 -1
0 -1 1
0 -1 -1
0 0 0
0 0 1
0 1 0
0 0 -1
0 -1 0
0 1 1
0 1 -1
0 -1 1
0 -1 -1
0 0 0
0 0 1
0 1 0
0 0 -1
0 -1 0
0 1 1
0 1 -1
0 -1 1
0 -1 -1
0 0 0
0 0 1
0 1 0
0 0 -1
0 -1 0
0 1 1
0 1 -1
0 -1 1
0 -1 -1
1 0 0
1 0 1
1 1 0
1 0 -1
1 -1 0
1 1 1
1 1 -1
1 -1 1
1 -1 -1
1 0 0
1 0 1
1 1 0
1 0 -1
1 -1 0
1 1 1
1 1 -1
1 -1 1
1 -1 -1
1 0 0
1 0 1
1 1 0
1 0 -1
1 -1 0
1 1 1
1 1 -1
1 -1 1
1 -1 -1
1 0 0
1 0 1
1 1 0
1 0 -1
1 -1 0
1 1 1
1 1 -1
1 -1 1
1 -1 -1
1 0 0
1 0 1
1 1 0
1 0 -1
1 -1 0
1 1 1
1 1 -1
1 -1 1
1 -1 -1
1 0 0
1 0 1
1 1 0
1 0 -1
1 -1 0
1 1 1
1 1 -1
1 -1 1
1 -1 -1
1 0 0
1 0 1
1 1 0
1 0 -1
1 -1 0
1 1 1
1 1 -1
1 -1 1
1 -1 -1
1 0 0
1 0 1
1 1 0
1 0 -1
1 -1 0
1 1 1
1 1 -1
1 -1 1
1 -1 -1
1 0 0
1 0 1
1 1 0
1 0 -1
1 -1 0
1 1 1
1 1 -1
1 -1 1
1 -1 -1
1 0 0
1 0 1
1 1 0
1 0 -1
1 -1 0
1 1 1
1 1 -1
1 -1 1
1 -1 -1
1 0 0
1 0 1
1 1 0
1 0 -1
1 -1 0
1 1 1
1 1 -1
1 -1 1
1 -1 -1
1 0 0
1 0 1
1 1 0
1 0 -1
1 -1 0
1 1 1
1 1 -1
1 -1 1
1 -1 -1
1 0 0
1 0 1
1 1 0
1 0 -1
1 -1 0
1 1 1
1 1 -1
1 -1 1
1 -1 -1
1 0 0
1 0 1
1 1 0
1 0 -1
1 -1 0
1 1 1
1 1 -1
1 -1 1
1 -1 -1
1 0 0
1 0 1
1 1 0
1 0 -1
1 -1 0
1 1 1
1 1 -1
1 -1 1
1 -1 -1
1 0 0
1 0 1
1 1 0
1 0 -1
1 -1 0
1 1 1
1 1 -1
1 -1 1
1 -1 -1
2 0 0
2 0 1
2 1 0
2 0 -1
2 -1 0
2 1 1
2 1 -1
2 -1 1
2 -1 -1
2 0 0
2 0 1
2 1 0
2 0 -1
2 -1 0
2 1 1
2 1 -1
2 -1 1
2 -1 -1
2 0 0
2 0 1
2 1 0
2 0 -1
2 -1 0
2 1 1
2 1 -1
2 -1 1
2 -1 -1
2 0 0
2 0 1
2 1 0
2 0 -1
2 -1 0
2 1 1
2 1 -1
2 -1 1
2 -1 -1
2 0 0
2 0 1
2 1 0
2 0 -1
2 -1 0
2 1 1
2 1 -1
2 -1 1
2 -1 -1
2 0 0
2 0 1
2 1 0
2 0 -1
2 -1 0
2 1 1
2 1 -1
2 -1 1
2 -1 -1
2 0 0
2 0 1
2 1 0
2 0 -1
2 -1 0
2 1 1
2 1 -1
2 -1 1
2 -1 -1
2 0 0
2 0 1
2 1 0
2 0 -1
2 -1 0
2 1 1
2 1 -1
2 -1 1
2 -1 -1
2 0 0
2 0 1
2 1 0
2 0 -1
2 -1 0
2 1 1
2 1 -1
2 -1 1
2 -1 -1
2 0 0
2 0 1
2 1 0
2 0 -1
2 -1 0
2 1 1
2 1 -1
2 -1 1
2 -1 -1
2 0 0
2 0 1
2 1 0
2 0 -1
2 -1 0
2 1 1
2 1 -1
2 -1 1
2 -1 -1
2 0 0
2 0 1
2 1 0
2 0 -1
2 -1 0
2 1 1
2 1 -1
2 -1 1
2 -1 -1
2 0 0
2 0 1
2 1 0
2 0 -1
2 -1 0
2 1 1
2 1 -1
2 -1 1
2 -1 -1
2 0 0
2 0 1
2 1 0
2 0 -1
2 -1 0
2 1 1
2 1 -1
2 -1 1
2 -1 -1
2 0 0
2 0 1
2 1 0
2 0 -1
2 -1 0
2 1 1
2 1 -1
2 -1 1
2 -1 -1
2 0 0
2 0 1
2 1 0
2 0 -1
2 -1 0
2 1 1
2 1 -1
2 -1 1
2 -1 -1
3 0 0
3 0 1
3 1 0
3 0 -1
3 -1 0
3 1 1
3 1 -1
3 -1 1
3 -1 -1
3 0 0
3 0 1
3 1 0
3 0 -1
3 -1 0
3 1 1
3 1 -1
3 -1 1
3 -1 -1
3 0 0
3 0 1
3 1 0
3 0 -1
3 -1 0
3 1 1
3 1 -1
3 -1 1
3 -1 -1
3 0 0
3 0 1
3 1 0
3 0 -1
3 -1 0
3 1 1
3 1 -1
3 -1 1
3 -1 -1
3 0 0
3 0 1
3 1 0
3 0 -1
3 -1 0
3 1 1
3 1 -1
3 -1 1
3 -1 -1
3 0 0
3 0 1
3 1 0
3 0 -1
3 -1 0
3 1 1
3 1 -1
3 -1 1
3 -1 -1
3 0 0
3 0 1
3 1 0
3 0 -1
3 -1 0
3 1 1
3 1 -1
3 -1 1
3 -1 -1
3 0 0
3 0 1
3 1 0
3 0 -1
3 -1 0
3 1 1
3 1 -1
3 -1 1
3 -1 -1
3 0 0
3 0 1
3 1 0
3 0 -1
3 -1 0
3 1 1
3 1 -1
3 -1 1
3 -1 -1
3 0 0
3 0 1
3 1 0
3 0 -1
3 -1 0
3 1 1
3 1 -1
3 -1 1
3 -1 -1
3 0 0
3 0 1
3 1 0
3 0 -1
3 -1 0
3 1 1
3 1 -1
3 -1 1
3 -1 -1
3 0 0
3 0 1
3 1 0
3 0 -1
3 -1 0
3 1 1
3 1 -1
3 -1 1
3 -1 -1
3 0 0
3 0 1
3 1 0
3 0 -1
3 -1 0
3 1 1
3 1 -1
3 -1 1
3 -1 -1
3 0 0
3 0 1
3 1 0
3 0 -1
3 -1 0
3 1 1
3 1 -1
3 -1 1
3 -1 -1
3 0 0
3 0 1
3 1 0
3 0 -1
3 -1 0
3 1 1
3 1 -1
3 -1 1
3 -1 -1
3 0 0
3 0 1
3 1 0
3 0 -1
3 -1 0
3 1 1
3 1 -1
3 -1 1
3 -1 -1
4 0 0
4 0 1
4 1 0
4 0 -1
4 -1 0
4 1 1
4 1 -1
4 -1 1
4 -1 -1
4 0 0
4 0 1
4 1 0
4 0 -1
4 -1 0
4 1 1
4 1 -1
4 -1 1
4 -1 -1
4 0 0
4 0 1
4 1 0
4 0 -1
4 -1 0
4 1 1
4 1 -1
4 -1 1
4 -1 -1
4 0 0
4 0 1
4 1 0
4 0 -1
4 -1 0
4 1 1
4 1 -1
4 -1 1
4 -1 -1
4 0 0
4 0 1
4 1 0
4 0 -1
4 -1 0
4 1 1
4 1 -1
4 -1 1
4 -1 -1
4 0 0
4 0 1
4 1 0
4 0 -1
4 -1 0
4 1 1
4 1 -1
4 -1 1
4 -1 -1
4 0 0
4 0 1
4 1 0
4 0 -1
4 -1 0
4 1 1
4 1 -1
4 -1 1
4 -1 -1
4 0 0
4 0 1
4 1 0
4 0 -1
4 -1 0
4 1 1
4 1 -1
4 -1 1
4 -1 -1
4 0 0
4 0 1
4 1 0
4 0 -1
4 -1 0
4 1 1
4 1 -1
4 -1 1
4 -1 -1
4 0 0
4 0 1
4 1 0
4 0 -1
4 -1 0
4 1 1
4 1 -1
4 -1 1
4 -1 -1
4 0 0
4 0 1
4 1 0
4 0 -1
4 -1 0
4 1 1
4 1 -1
4 -1 1
4 -1 -1
4 0 0
4 0 1
4 1 0
4 0 -1
4 -1 0
4 1 1
4 1 -1
4 -1 1
4 -1 -1
4 0 0
4 0 1
4 1 0
4 0 -1
4 -1 0
4 1 1
4 1 -1
4 -1 1
4 -1 -1
4 0 0
4 0 1
4 1 0
4 0 -1
4 -1 0
4 1 1
4 1 -1
4 -1 1
4 -1 -1
4 0 0
4 0 1
4 1 0
4 0 -1
4 -1 0
4 1 1
4 1 -1
4 -1 1
4 -1 -1
4 0 0
4 0 1
4 1 0
4 0 -1
4 -1 0
4 1 1
4 1 -1
4 -1 1
4 -1 -1
5 0 0
5 0 1
5 1 0
5 0 -1
5 -1 0
5 1 1
5 1 -1
5 -1 1
5 -1 -1
5 0 0
5 0 1
5 1 0
5 0 -1
5 -1 0
5 1 1
5 1 -1
5 -1 1
5 -1 -1
5 0 0
5 0 1
5 1 0
5 0 -1
5 -1 0
5 1 1
5 1 -1
5 -1 1
5 -1 -1
5 0 0
5 0 1
5 1 0
5 0 -1
5 -1 0
5 1 1
5 1 -1
5 -1 1
5 -1 -1
5 0 0
5 0 1
5 1 0
5 0 -1
5 -1 0
5 1 1
5 1 -1
5 -1 1
5 -1 -1
5 0 0
5 0 1
5 1 0
5 0 -1
5 -1 0
5 1 1
5 1 -1
5 -1 1
5 -1 -1
5 0 0
5 0 1
5 1 0
5 0 -1
5 -1 0
5 1 1
5 1 -1
5 -1 1
5 -1 -1
5 0 0
5 0 1
5 1 0
5 0 -1
5 -1 0
5 1 1
5 1 -1
5 -1 1
5 -1 -1
5 0 0
5 0 1
5 1 0
5 0 -1
5 -1 0
5 1 1
5 1 -1
5 -1 1
5 -1 -1
5 0 0
5 0 1
5 1 0
5 0 -1
5 -1 0
5 1 1
5 1 -1
5 -1 1
5 -1 -1
5 0 0
5 0 1
5 1 0
5 0 -1
5 -1 0
5 1 1
5 1 -1
5 -1 1
5 -1 -1
5 0 0
5 0 1
5 1 0
5 0 -1
5 -1 0
5 1 1
5 1 -1
5 -1 1
5 -1 -1
5 0 0
5 0 1
5 1 0
5 0 -1
5 -1 0
5 1 1
5 1 -1
5 -1 1
5 -1 -1
5 0 0
5 0 1
5 1 0
5 0 -1
5 -1 0
5 1 1
5 1 -1
5 -1 1
5 -1 -1
5 0 0
5 0 1
5 1 0
5 0 -1
5 -1 0
5 1 1
5 1 -1
5 -1 1
5 -1 -1
5 0 0
5 0 1
5 1 0
5 0 -1
5 -1 0
5 1 1
5 1 -1
5 -1 1
5 -1 -1
6 0 0
6 0 1
6 1 0
6 0 -1
6 -1 0
6 1 1
6 1 -1
6 -1 1
6 -1 -1
6 0 0
6 0 1
6 1 0
6 0 -1
6 -1 0
6 1 1
6 1 -1
6 -1 1
6 -1 -1
6 0 0
6 0 1
6 1 0
6 0 -1
6 -1 0
6 1 1
6 1 -1
6 -1 1
6 -1 -1
6 0 0
6 0 1
6 1 0
6 0 -1
6 -1 0
6 1 1
6 1 -1
6 -1 1
6 -1 -1
6 0 0
6 0 1
6 1 0
6 0 -1
6 -1 0
6 1 1
6 1 -1
6 -1 1
6 -1 -1
6 0 0
6 0 1
6 1 0
6 0 -1
6 -1 0
6 1 1
6 1 -1
6 -1 1
6 -1 -1
6 0 0
6 0 1
6 1 0
6 0 -1
6 -1 0
6 1 1
6 1 -1
6 -1 1
6 -1 -1
6 0 0
6 0 1
6 1 0
6 0 -1
6 -1 0
6 1 1
6 1 -1
6 -1 1
6 -1 -1
6 0 0
6 0 1
6 1 0
6 0 -1
6 -1 0
6 1 1
6 1 -1
6 -1 1
6 -1 -1
6 0 0
6 0 1
6 1 0
6 0 -1
6 -1 0
6 1 1
6 1 -1
6 -1 1
6 -1 -1
6 0 0
6 0 1
6 1 0
6 0 -1
6 -1 0
6 1 1
6 1 -1
6 -1 1
6 -1 -1
6 0 0
6 0 1
6 1 0
6 0 -1
6 -1 0
6 1 1
6 1 -1
6 -1 1
6 -1 -1
6 0 0
6 0 1
6 1 0
6 0 -1
6 -1 0
6 1 1
6 1 -1
6 -1 1
6 -1 -1
6 0 0
6 0 1
6 1 0
6 0 -1
6 -1 0
6 1 1
6 1 -1
6 -1 1
6 -1 -1
6 0 0
6 0 1
6 1 0
6 0 -1
6 -1 0
6 1 1
6 1 -1
6 -1 1
6 -1 -1
6 0 0
6 0 1
6 1 0
6 0 -1
6 -1 0
6 1 1
6 1 -1
6 -1 1
6 -1 -1
7 0 0
7 0 1
7 1 0
7 0 -1
7 -1 0
7 1 1
7 1 -1
7 -1 1
7 -1 -1
7 0 0
7 0 1
7 1 0
7 0 -1
7 -1 0
7 1 1
7 1 -1
7 -1 1
7 -1 -1
7 0 0
7 0 1
7 1 0
7 0 -1
7 -1 0
7 1 1
7 1 -1
7 -1 1
7 -1 -1
7 0 0
7 0 1
7 1 0
7 0 -1
7 -1 0
7 1 1
7 1 -1
7 -1 1
7 -1 -1
7 0 0
7 0 1
7 1 0
7 0 -1
7 -1 0
7 1 1
7 1 -1
7 -1 1
7 -1 -1
7 0 0
7 0 1
7 1 0
7 0 -1
7 -1 0
7 1 1
7 1 -1
7 -1 1
7 -1 -1
7 0 0
7 0 1
7 1 0
7 0 -1
7 -1 0
7 1 1
7 1 -1
7 -1 1
7 -1 -1
7 0 0
7 0 1
7 1 0
7 0 -1
7 -1 0
7 1 1
7 1 -1
7 -1 1
7 -1 -1
7 0 0
7 0 1
7 1 0
7 0 -1
7 -1 0
7 1 1
7 1 -1
7 -1 1
7 -1 -1
7 0 0
7 0 1
7 1 0
7 0 -1
7 -1 0
7 1 1
7 1 -1
7 -1 1
7 -1 -1
7 0 0
7 0 1
7 1 0
7 0 -1
7 -1 0
7 1 1
7 1 -1
7 -1 1
7 -1 -1
7 0 0
7 0 1
7 1 0
7 0 -1
7 -1 0
7 1 1
7 1 -1
7 -1 1
7 -1 -1
7 0 0
7 0 1
7 1 0
7 0 -1
7 -1 0
7 1 1
7 1 -1
7 -1 1
7 -1 -1
7 0 0
7 0 1
7 1 0
7 0 -1
7 -1 0
7 1 1
7 1 -1
7 -1 1
7 -1 -1
7 0 0
7 0 1
7 1 0
7 0 -1
7 -1 0
7 1 1
7 1 -1
7 -1 1
7 -1 -1
7 0 0
7 0 1
7 1 0
7 0 -1
7 -1 0
7 1 1
7 1 -1
7 -1 1
7 -1 -1
8 0 0
8 0 1
8 1 0
8 0 -1
8 -1 0
8 1 1
8 1 -1
8 -1 1
8 -1 -1
8 0 0
8 0 1
8 1 0
8 0 -1
8 -1 0
8 1 1
8 1 -1
8 -1 1
8 -1 -1
8 0 0
8 0 1
8 1 0
8 0 -1
8 -1 0
8 1 1
8 1 -1
8 -1 1
8 -1 -1
8 0 0
8 0 1
8 1 0
8 0 -1
8 -1 0
8 1 1
8 1 -1
8 -1 1
8 -1 -1
8 0 0
8 0 1
8 1 0
8 0 -1
8 -1 0
8 1 1
8 1 -1
8 -1 1
8 -1 -1
8 0 0
8 0 1
8 1 0
8 0 -1
8 -1 0
8 1 1
8 1 -1
8 -1 1
8 -1 -1
8 0 0
8 0 1
8 1 0
8 0 -1
8 -1 0
8 1 1
8 1 -1
8 -1 1
8 -1 -1
8 0 0
8 0 1
8 1 0
8 0 -1
8 -1 0
8 1 1
8 1 -1
8 -1 1
8 -1 -1
8 0 0
8 0 1
8 1 0
8 0 -1
8 -1 0
8 1 1
8 1 -1
8 -1 1
8 -1 -1
8 0 0
8 0 1
8 1 0
8 0 -1
8 -1 0
8 1 1
8 1 -1
8 -1 1
8 -1 -1
8 0 0
8 0 1
8 1 0
8 0 -1
8 -1 0
8 1 1
8 1 -1
8 -1 1
8 -1 -1
8 0 0
8 0 1
8 1 0
8 0 -1
8 -1 0
8 1 1
8 1 -1
8 -1 1
8 -1 -1
8 0 0
8 0 1
8 1 0
8 0 -1
8 -1 0
8 1 1
8 1 -1
8 -1 1
8 -1 -1
8 0 0
8 0 1
8 1 0
8 0 -1
8 -1 0
8 1 1
8 1 -1
8 -1 1
8 -1 -1
8 0 0
8 0 1
8 1 0
8 0 -1
8 -1 0
8 1 1
8 1 -1
8 -1 1
8 -1 -1
8 0 0
8 0 1
8 1 0
8 0 -1
8 -1 0
8 1 1
8 1 -1
8 -1 1
8 -1 -1
9 0 0
9 0 1
9 1 0
9 0 -1
9 -1 0
9 1 1
9 1 -1
9 -1 1
9 -1 -1
9 0 0
9 0 1
9 1 0
9 0 -1
9 -1 0
9 1 1
9 1 -1
9 -1 1
9 -1 -1
9 0 0
9 0 1
9 1 0
9 0 -1
9 -1 0
9 1 1
9 1 -1
9 -1 1
9 -1 -1
9 0 0
9 0 1
9 1 0
9 0 -1
9 -1 0
9 1 1
9 1 -1
9 -1 1
9 -1 -1
9 0 0
9 0 1
9 1 0
9 0 -1
9 -1 0
9 1 1
9 1 -1
9 -1 1
9 -1 -1
9 0 0
9 0 1
9 1 0
9 0 -1
9 -1 0
9 1 1
9 1 -1
9 -1 1
9 -1 -1
9 0 0
9 0 1
9 1 0
9 0 -1
9 -1 0
9 1 1
9 1 -1
9 -1 1
9 -1 -1
9 0 0
9 0 1
9 1 0
9 0 -1
9 -1 0
9 1 1
9 1 -1
9 -1 1
9 -1 -1
9 0 0
9 0 1
9 1 0
9 0 -1
9 -1 0
9 1 1
9 1 -1
9 -1 1
9 -1 -1
9 0 0
9 0 1
9 1 0
9 0 -1
9 -1 0
9 1 1
9 1 -1
9 -1 1
9 -1 -1
9 0 0
9 0 1
9 1 0
9 0 -1
9 -1 0
9 1 1
9 1 -1
9 -1 1
9 -1 -1
9 0 0
9 0 1
9 1 0
9 0 -1
9 -1 0
9 1 1
9 1 -1
9 -1 1
9 -1 -1
9 0 0
9 0 1
9 1 0
9 0 -1
9 -1 0
9 1 1
9 1 -1
9 -1 1
9 -1 -1
9 0 0
9 0 1
9 1 0
9 0 -1
9 -1 0
9 1 1
9 1 -1
9 -1 1
9 -1 -1
9 0 0
9 0 1
9 1 0
9 0 -1
9 -1 0
9 1 1
9 1 -1
9 -1 1
9 -1 -1
9 0 0
9 0 1
9 1 0
9 0 -1
9 -1 0
9 1 1
9 1 -1
9 -1 1
9 -1 -1
10 0 0
10 0 1
10 1 0
10 0 -1
10 -1 0
10 1 1
10 1 -1
10 -1 1
10 -1 -1
10 0 0
10 0 1
10 1 0
10 0 -1
10 -1 0
10 1 1
10 1 -1
10 -1 1
10 -1 -1
10 0 0
10 0 1
10 1 0
10 0 -1
10 -1 0
10 1 1
10 1 -1
10 -1 1
10 -1 -1
10 0 0
10 0 1
10 1 0
10 0 -1
10 -1 0
10 1 1
10 1 -1
10 -1 1
10 -1 -1
10 0 0
10 0 1
10 1 0
10 0 -1
10 -1 0
10 1 1
10 1 -1
10 -1 1
10 -1 -1
10 0 0
10 0 1
10 1 0
10 0 -1
10 -1 0
10 1 1
10 1 -1
10 -1 1
10 -1 -1
10 0 0
10 0 1
10 1 0
10 0 -1
10 -1 0
10 1 1
10 1 -1
10 -1 1
10 -1 -1
10 0 0
10 0 1
10 1 0
10 0 -1
10 -1 0
10 1 1
10 1 -1
10 -1 1
10 -1 -1
10 0 0
10 0 1
10 1 0
10 0 -1
10 -1 0
10 1 1
10 1 -1
10 -1 1
10 -1 -1
10 0 0
10 0 1
10 1 0
10 0 -1
10 -1 0
10 1 1
10 1 -1
10 -1 1
10 -1 -1
10 0 0
10 0 1
10 1 0
10 0 -1
10 -1 0
10 1 1
10 1 -1
10 -1 1
10 -1 -1
10 0 0
10 0 1
10 1 0
10 0 -1
10 -1 0
10 1 1
10 1 -1
10 -1 1
10 -1 -1
10 0 0
10 0 1
10 1 0
10 0 -1
10 -1 0
10 1 1
10 1 -1
10 -1 1
10 -1 -1
10 0 0
10 0 1
10 1 0
10 0 -1
10 -1 0
10 1 1
10 1 -1
10 -1 1
10 -1 -1
10 0 0
10 0 1
10 1 0
10 0 -1
10 -1 0
10 1 1
10 1 -1
10 -1 1
10 -1 -1
10 0 0
10 0 1
10 1 0
10 0 -1
10 -1 0
10 1 1
10 1 -1
10 -1 1
10 -1 -1
11 0 0
11 0 1
11 1 0
11 0 -1
11 -1 0
11 1 1
11 1 -1
11 -1 1
11 -1 -1
11 0 0
11 0 1
11 1 0
11 0 -1
11 -1 0
11 1 1
11 1 -1
11 -1 1
11 -1 -1
11 0 0
11 0 1
11 1 0
11 0 -1
11 -1 0
11 1 1
11 1 -1
11 -1 1
11 -1 -1
11 0 0
11 0 1
11 1 0
11 0 -1
11 -1 0
11 1 1
11 1 -1
11 -1 1
11 -1 -1
11 0 0
11 0 1
11 1 0
11 0 -1
11 -1 0
11 1 1
11 1 -1
11 -1 1
11 -1 -1
11 0 0
11 0 1
11 1 0
11 0 -1
11 -1 0
11 1 1
11 1 -1
11 -1 1
11 -1 -1
11 0 0
11 0 1
11 1 0
11 0 -1
11 -1 0
11 1 1
11 1 -1
11 -1 1
11 -1 -1
11 0 0
11 0 1
11 1 0
11 0 -1
11 -1 0
11 1 1
11 1 -1
11 -1 1
11 -1 -1
11 0 0
11 0 1
11 1 0
11 0 -1
11 -1 0
11 1 1
11 1 -1
11 -1 1
11 -1 -1
11 0 0
11 0 1
11 1 0
11 0 -1
11 -1 0
11 1 1
11 1 -1
11 -1 1
11 -1 -1
11 0 0
11 0 1
11 1 0
11 0 -1
11 -1 0
11 1 1
11 1 -1
11 -1 1
11 -1 -1
11 0 0
11 0 1
11 1 0
11 0 -1
11 -1 0
11 1 1
11 1 -1
11 -1 1
11 -1 -1
11 0 0
11 0 1
11 1 0
11 0 -1
11 -1 0
11 1 1
11 1 -1
11 -1 1
11 -1 -1
11 0 0
11 0 1
11 1 0
11 0 -1
11 -1 0
11 1 1
11 1 -1
11 -1 1
11 -1 -1
11 0 0
11 0 1
11 1 0
11 0 -1
11 -1 0
11 1 1
11 1 -1
11 -1 1
11 -1 -1
11 0 0
11 0 1
11 1 0
11 0 -1
11 -1 0
11 1 1
11 1 -1
11 -1 1
11 -1 -1
12 0 0
12 0 1
12 1 0
12 0 -1
12 -1 0
12 1 1
12 1 -1
12 -1 1
12 -1 -1
12 0 0
12 0 1
12 1 0
12 0 -1
12 -1 0
12 1 1
12 1 -1
12 -1 1
12 -1 -1
12 0 0
12 0 1
12 1 0
12 0 -1
12 -1 0
12 1 1
12 1 -1
12 -1 1
12 -1 -1
12 0 0
12 0 1
12 1 0
12 0 -1
12 -1 0
12 1 1
12 1 -1
12 -1 1
12 -1 -1
12 0 0
12 0 1
12 1 0
12 0 -1
12 -1 0
12 1 1
12 1 -1
12 -1 1
12 -1 -1
12 0 0
12 0 1
12 1 0
12 0 -1
12 -1 0
12 1 1
12 1 -1
12 -1 1
12 -1 -1
12 0 0
12 0 1
12 1 0
12 0 -1
12 -1 0
12 1 1
12 1 -1
12 -1 1
12 -1 -1
12 0 0
12 0 1
12 1 0
12 0 -1
12 -1 0
12 1 1
12 1 -1
12 -1 1
12 -1 -1
12 0 0
12 0 1
12 1 0
12 0 -1
12 -1 0
12 1 1
12 1 -1
12 -1 1
12 -1 -1
12 0 0
12 0 1
12 1 0
12 0 -1
12 -1 0
12 1 1
12 1 -1
12 -1 1
12 -1 -1
12 0 0
12 0 1
12 1 0
12 0 -1
12 -1 0
12 1 1
12 1 -1
12 -1 1
12 -1 -1
12 0 0
12 0 1
12 1 0
12 0 -1
12 -1 0
12 1 1
12 1 -1
12 -1 1
12 -1 -1
12 0 0
12 0 1
12 1 0
12 0 -1
12 -1 0
12 1 1
12 1 -1
12 -1 1
12 -1 -1
12 0 0
12 0 1
12 1 0
12 0 -1
12 -1 0
12 1 1
12 1 -1
12 -1 1
12 -1 -1
12 0 0
12 0 1
12 1 0
12 0 -1
12 -1 0
12 1 1
12 1 -1
12 -1 1
12 -1 -1
12 0 0
12 0 1
12 1 0
12 0 -1
12 -1 0
12 1 1
12 1 -1
12 -1 1
12 -1 -1
13 0 0
13 0 1
13 1 0
13 0 -1
13 -1 0
13 1 1
13 1 -1
13 -1 1
13 -1 -1
13 0 0
13 0 1
13 1 0
13 0 -1
13 -1 0
13 1 1
13 1 -1
13 -1 1
13 -1 -1
13 0 0
13 0 1
13 1 0
13 0 -1
13 -1 0
13 1 1
13 1 -1
13 -1 1
13 -1 -1
13 0 0
13 0 1
13 1 0
13 0 -1
13 -1 0
13 1 1
13 1 -1
13 -1 1
13 -1 -1
13 0 0
13 0 1
13 1 0
13 0 -1
13 -1 0
13 1 1
13 1 -1
13 -1 1
13 -1 -1
13 0 0
13 0 1
13 1 0
13 0 -1
13 -1 0
13 1 1
13 1 -1
13 -1 1
13 -1 -1
13 0 0
13 0 1
13 1 0
13 0 -1
13 -1 0
13 1 1
13 1 -1
13 -1 1
13 -1 -1
13 0 0
13 0 1
13 1 0
13 0 -1
13 -1 0
13 1 1
13 1 -1
13 -1 1
13 -1 -1
13 0 0
13 0 1
13 1 0
13 0 -1
13 -1 0
13 1 1
13 1 -1
13 -1 1
13 -1 -1
13 0 0
13 0 1
13 1 0
13 0 -1
13 -1 0
13 1 1
13 1 -1
13 -1 1
13 -1 -1
13 0 0
13 0 1
13 1 0
13 0 -1
13 -1 0
13 1 1
13 1 -1
13 -1 1
13 -1 -1
13 0 0
13 0 1
13 1 0
13 0 -1
13 -1 0
13 1 1
13 1 -1
13 -1 1
13 -1 -1
13 0 0
13 0 1
13 1 0
13 0 -1
13 -1 0
13 1 1
13 1 -1
13 -1 1
13 -1 -1
13 0 0
13 0 1
13 1 0
13 0 -1
13 -1 0
13 1 1
13 1 -1
13 -1 1
13 -1 -1
13 0 0
13 0 1
13 1 0
13 0 -1
13 -1 0
13 1 1
13 1 -1
13 -1 1
13 -1 -1
13 0 0
13 0 1
13 1 0
13 0 -1
13 -1 0
13 1 1
13 1 -1
13 -1 1
13 -1 -1
14 0 0
14 0 1
14 1 0
14 0 -1
14 -1 0
14 1 1
14 1 -1
14 -1 1
14 -1 -1
14 0 0
14 0 1
14 1 0
14 0 -1
14 -1 0
14 1 1
14 1 -1
14 -1 1
14 -1 -1
14 0 0
14 0 1
14 1 0
14 0 -1
14 -1 0
14 1 1
14 1 -1
14 -1 1
14 -1 -1
14 0 0
14 0 1
14 1 0
14 0 -1
14 -1 0
14 1 1
14 1 -1
14 -1 1
14 -1 -1
14 0 0
14 0 1
14 1 0
14 0 -1
14 -1 0
14 1 1
14 1 -1
14 -1 1
14 -1 -1
14 0 0
14 0 1
14 1 0
14 0 -1
14 -1 0
14 1 1
14 1 -1
14 -1 1
14 -1 -1
14 0 0
14 0 1
14 1 0
14 0 -1
14 -1 0
14 1 1
14 1 -1
14 -1 1
14 -1 -1
14 0 0
14 0 1
14 1 0
14 0 -1
14 -1 0
14 1 1
14 1 -1
14 -1 1
14 -1 -1
14 0 0
14 0 1
14 1 0
14 0 -1
14 -1 0
14 1 1
14 1 -1
14 -1 1
14 -1 -1
14 0 0
14 0 1
14 1 0
14 0 -1
14 -1 0
14 1 1
14 1 -1
14 -1 1
14 -1 -1
14 0 0
14 0 1
14 1 0
14 0 -1
14 -1 0
14 1 1
14 1 -1
14 -1 1
14 -1 -1
14 0 0
14 0 1
14 1 0
14 0 -1
14 -1 0
14 1 1
14 1 -1
14 -1 1
14 -1 -1
14 0 0
14 0 1
14 1 0
14 0 -1
14 -1 0
14 1 1
14 1 -1
14 -1 1
14 -1 -1
14 0 0
14 0 1
14 1 0
14 0 -1
14 -1 0
14 1 1
14 1 -1
14 -1 1
14 -1 -1
14 0 0
14 0 1
14 1 0
14 0 -1
14 -1 0
14 1 1
14 1 -1
14 -1 1
14 -1 -1
14 0 0
14 0 1
14 1 0
14 0 -1
14 -1 0
14 1 1
14 1 -1
14 -1 1
14 -1 -1
15 0 0
15 0 1
15 1 0
15 0 -1
15 -1 0
15 1 1
15 1 -1
15 -1 1
15 -1 -1
15 0 0
15 0 1
15 1 0
15 0 -1
15 -1 0
15 1 1
15 1 -1
15 -1 1
15 -1 -1
15 0 0
15 0 1
15 1 0
15 0 -1
15 -1 0
15 1 1
15 1 -1
15 -1 1
15 -1 -1
15 0 0
15 0 1
15 1 0
15 0 -1
15 -1 0
15 1 1
15 1 -1
15 -1 1
15 -1 -1
15 0 0
15 0 1
15 1 0
15 0 -1
15 -1 0
15 1 1
15 1 -1
15 -1 1
15 -1 -1
15 0 0
15 0 1
15 1 0
15 0 -1
15 -1 0
15 1 1
15 1 -1
15 -1 1
15 -1 -1
15 0 0
15 0 1
15 1 0
15 0 -1
15 -1 0
15 1 1
15 1 -1
15 -1 1
15 -1 -1
15 0 0
15 0 1
15 1 0
15 0 -1
15 -1 0
15 1 1
15 1 -1
15 -1 1
15 -1 -1
15 0 0
15 0 1
15 1 0
15 0 -1
15 -1 0
15 1 1
15 1 -1
15 -1 1
15 -1 -1
15 0 0
15 0 1
15 1 0
15 0 -1
15 -1 0
15 1 1
15 1 -1
15 -1 1
15 -1 -1
15 0 0
15 0 1
15 1 0
15 0 -1
15 -1 0
15 1 1
15 1 -1
15 -1 1
15 -1 -1
15 0 0
15 0 1
15 1 0
15 0 -1
15 -1 0
15 1 1
15 1 -1
15 -1 1
15 -1 -1
15 0 0
15 0 1
15 1 0
15 0 -1
15 -1 0
15 1 1
15 1 -1
15 -1 1
15 -1 -1
15 0 0
15 0 1
15 1 0
15 0 -1
15 -1 0
15 1 1
15 1 -1
15 -1 1
15 -1 -1
15 0 0
15 0 1
15 1 0
15 0 -1
15 -1 0
15 1 1
15 1 -1
15 -1 1
15 -1 -1
15 0 0
15 0 1
15 1 0
15 0 -1
15 -1 0
15 1 1
15 1 -1
15 -1 1
15 -1 -1
16 0 0
16 0 1
16 1 0
16 0 -1
16 -1 0
16 1 1
16 1 -1
16 -1 1
16 -1 -1
16 0 0
16 0 1
16 1 0
16 0 -1
16 -1 0
16 1 1
16 1 -1
16 -1 1
16 -1 -1
16 0 0
16 0 1
16 1 0
16 0 -1
16 -1 0
16 1 1
16 1 -1
16 -1 1
16 -1 -1
16 0 0
16 0 1
16 1 0
16 0 -1
16 -1 0
16 1 1
16 1 -1
16 -1 1
16 -1 -1
16 0 0
16 0 1
16 1 0
16 0 -1
16 -1 0
16 1 1
16 1 -1
16 -1 1
16 -1 -1
16 0 0
16 0 1
16 1 0
16 0 -1
16 -1 0
16 1 1
16 1 -1
16 -1 1
16 -1 -1
16 0 0
16 0 1
16 1 0
16 0 -1
16 -1 0
16 1 1
16 1 -1
16 -1 1
16 -1 -1
16 0 0
16 0 1
16 1 0
16 0 -1
16 -1 0
16 1 1
16 1 -1
16 -1 1
16 -1 -1
16 0 0
16 0 1
16 1 0
16 0 -1
16 -1 0
16 1 1
16 1 -1
16 -1 1
16 -1 -1
16 0 0
16 0 1
16 1 0
16 0 -1
16 -1 0
16 1 1
16 1 -1
16 -1 1
16 -1 -1
16 0 0
16 0 1
16 1 0
16 0 -1
16 -1 0
16 1 1
16 1 -1
16 -1 1
16 -1 -1
16 0 0
16 0 1
16 1 0
16 0 -1
16 -1 0
16 1 1
16 1 -1
16 -1 1
16 -1 -1
16 0 0
16 0 1
16 1 0
16 0 -1
16 -1 0
16 1 1
16 1 -1
16 -1 1
16 -1 -1
16 0 0
16 0 1
16 1 0
16 0 -1
16 -1 0
16 1 1
16 1 -1
16 -1 1
16 -1 -1
16 0 0
16 0 1
16 1 0
16 0 -1
16 -1 0
16 1 1
16 1 -1
16 -1 1
16 -1 -1
16 0 0
16 0 1
16 1 0
16 0 -1
16 -1 0
16 1 1
16 1 -1
16 -1 1
16 -1 -1
17 0 0
17 0 1
17 1 0
17 0 -1
17 -1 0
17 1 1
17 1 -1
17 -1 1
17 -1 -1
17 0 0
17 0 1
17 1 0
17 0 -1
17 -1 0
17 1 1
17 1 -1
17 -1 1
17 -1 -1
17 0 0
17 0 1
17 1 0
17 0 -1
17 -1 0
17 1 1
17 1 -1
17 -1 1
17 -1 -1
17 0 0
17 0 1
17 1 0
17 0 -1
17 -1 0
17 1 1
17 1 -1
17 -1 1
17 -1 -1
17 0 0
17 0 1
17 1 0
17 0 -1
17 -1 0
17 1 1
17 1 -1
17 -1 1
17 -1 -1
17 0 0
17 0 1
17 1 0
17 0 -1
17 -1 0
17 1 1
17 1 -1
17 -1 1
17 -1 -1
17 0 0
17 0 1
17 1 0
17 0 -1
17 -1 0
17 1 1
17 1 -1
17 -1 1
17 -1 -1
17 0 0
17 0 1
17 1 0
17 0 -1
17 -1 0
17 1 1
17 1 -1
17 -1 1
17 -1 -1
17 0 0
17 0 1
17 1 0
17 0 -1
17 -1 0
17 1 1
17 1 -1
17 -1 1
17 -1 -1
17 0 0
17 0 1
17 1 0
17 0 -1
17 -1 0
17 1 1
17 1 -1
17 -1 1
17 -1 -1
17 0 0
17 0 1
17 1 0
17 0 -1
17 -1 0
17 1 1
17 1 -1
17 -1 1
17 -1 -1
17 0 0
17 0 1
17 1 0
17 0 -1
17 -1 0
17 1 1
17 1 -1
17 -1 1
17 -1 -1
17 0 0
17 0 1
17 1 0
17 0 -1
17 -1 0
17 1 1
17 1 -1
17 -1 1
17 -1 -1
17 0 0
17 0 1
17 1 0
17 0 -1
17 -1 0
17 1 1
17 1 -1
17 -1 1
17 -1 -1
17 0 0
17 0 1
17 1 0
17 0 -1
17 -1 0
17 1 1
17 1 -1
17 -1 1
17 -1 -1
17 0 0
17 0 1
17 1 0
17 0 -1
17 -1 0
17 1 1
17 1 -1
17 -1 1
17 -1 -1
17 0 0
17 0 1
17 1 0
17 0 -1
17 -1 0
17 1 1
17 1 -1
17 -1 1
17 -1 -1
18 0 0
18 0 1
18 1 0
18 0 -1
18 -1 0
18 1 1
18 1 -1
18 -1 1
18 -1 -1
18 0 0
18 0 1
18 1 0
18 0 -1
18 -1 0
18 1 1
18 1 -1
18 -1 1
18 -1 -1
18 0 0
18 0 1
18 1 0
18 0 -1
18 -1 0
18 1 1
18 1 -1
18 -1 1
18 -1 -1
18 0 0
18 0 1
18 1 0
18 0 -1
18 -1 0
18 1 1
18 1 -1
18 -1 1
18 -1 -1
18 0 0
18 0 1
18 1 0
18 0 -1
18 -1 0
18 1 1
18 1 -1
18 -1 1
18 -1 -1
18 0 0
18 0 1
18 1 0
18 0 -1
18 -1 0
18 1 1
18 1 -1
18 -1 1
18 -1 -1
18 0 0
18 0 1
18 1 0
18 0 -1
18 -1 0
18 1 1
18 1 -1
18 -1 1
18 -1 -1
18 0 0
18 0 1
18 1 0
18 0 -1
18 -1 0
18 1 1
18 1 -1
18 -1 1
18 -1 -1
18 0 0
18 0 1
18 1 0
18 0 -1
18 -1 0
18 1 1
18 1 -1
18 -1 1
18 -1 -1
18 0 0
18 0 1
18 1 0
18 0 -1
18 -1 0
18 1 1
18 1 -1
18 -1 1
18 -1 -1
18 0 0
18 0 1
18 1 0
18 0 -1
18 -1 0
18 1 1
18 1 -1
18 -1 1
18 -1 -1
18 0 0
18 0 1
18 1 0
18 0 -1
18 -1 0
18 1 1
18 1 -1
18 -1 1
18 -1 -1
18 0 0
18 0 1
18 1 0
18 0 -1
18 -1 0
18 1 1
18 1 -1
18 -1 1
18 -1 -1
18 0 0
18 0 1
18 1 0
18 0 -1
18 -1 0
18 1 1
18 1 -1
18 -1 1
18 -1 -1
18 0 0
18 0 1
18 1 0
18 0 -1
18 -1 0
18 1 1
18 1 -1
18 -1 1
18 -1 -1
18 0 0
18 0 1
18 1 0
18 0 -1
18 -1 0
18 1 1
18 1 -1
18 -1 1
18 -1 -1
18 0 0
18 0 1
18 1 0
18 0 -1
18 -1 0
18 1 1
18 1 -1
18 -1 1
18 -1 -1
19 0 0
19 0 1
19 1 0
19 0 -1
19 -1 0
19 1 1
19 1 -1
19 -1 1
19 -1 -1
19 0 0
19 0 1
19 1 0
19 0 -1
19 -1 0
19 1 1
19 1 -1
19 -1 1
19 -1 -1
19 0 0
19 0 1
19 1 0
19 0 -1
19 -1 0
19 1 1
19 1 -1
19 -1 1
19 -1 -1
19 0 0
19 0 1
19 1 0
19 0 -1
19 -1 0
19 1 1
19 1 -1
19 -1 1
19 -1 -1
19 0 0
19 0 1
19 1 0
19 0 -1
19 -1 0
19 1 1
19 1 -1
19 -1 1
19 -1 -1
19 0 0
19 0 1
19 1 0
19 0 -1
19 -1 0
19 1 1
19 1 -1
19 -1 1
19 -1 -1
19 0 0
19 0 1
19 1 0
19 0 -1
19 -1 0
19 1 1
19 1 -1
19 -1 1
19 -1 -1
19 0 0
19 0 1
19 1 0
19 0 -1
19 -1 0
19 1 1
19 1 -1
19 -1 1
19 -1 -1
19 0 0
19 0 1
19 1 0
19 0 -1
19 -1 0
19 1 1
19 1 -1
19 -1 1
19 -1 -1
19 0 0
19 0 1
19 1 0
19 0 -1
19 -1 0
19 1 1
19 1 -1
19 -1 1
19 -1 -1
19 0 0
19 0 1
19 1 0
19 0 -1
19 -1 0
19 1 1
19 1 -1
19 -1 1
19 -1 -1
19 0 0
19 0 1
19 1 0
19 0 -1
19 -1 0
19 1 1
19 1 -1
19 -1 1
19 -1 -1
19 0 0
19 0 1
19 1 0
19 0 -1
19 -1 0
19 1 1
19 1 -1
19 -1 1
19 -1 -1
19 0 0
19 0 1
19 1 0
19 0 -1
19 -1 0
19 1 1
19 1 -1
19 -1 1
19 -1 -1
19 0 0
19 0 1
19 1 0
19 0 -1
19 -1 0
19 1 1
19 1 -1
19 -1 1
19 -1 -1
19 0 0
19 0 1
19 1 0
19 0 -1
19 -1 0
19 1 1
19 1 -1
19 -1 1
19 -1 -1
19 0 0
19 0 1
19 1 0
19 0 -1
19 -1 0
19 1 1
19 1 -1
19 -1 1
19 -1 -1
20 0 0
20 0 1
20 1 0
20 0 -1
20 -1 0
20 1 1
20 1 -1
20 -1 1
20 -1 -1
20 0 0
20 0 1
20 1 0
20 0 -1
20 -1 0
20 1 1
20 1 -1
20 -1 1
20 -1 -1
20 0 0
20 0 1
20 1 0
20 0 -1
20 -1 0
20 1 1
20 1 -1
20 -1 1
20 -1 -1
20 0 0
20 0 1
20 1 0
20 0 -1
20 -1 0
20 1 1
20 1 -1
20 -1 1
20 -1 -1
20 0 0
20 0 1
20 1 0
20 0 -1
20 -1 0
20 1 1
20 1 -1
20 -1 1
20 -1 -1
20 0 0
20 0 1
20 1 0
20 0 -1
20 -1 0
20 1 1
20 1 -1
20 -1 1
20 -1 -1
20 0 0
20 0 1
20 1 0
20 0 -1
20 -1 0
20 1 1
20 1 -1
20 -1 1
20 -1 -1
20 0 0
20 0 1
20 1 0
20 0 -1
20 -1 0
20 1 1
20 1 -1
20 -1 1
20 -1 -1
20 0 0
20 0 1
20 1 0
20 0 -1
20 -1 0
20 1 1
20 1 -1
20 -1 1
20 -1 -1
20 0 0
20 0 1
20 1 0
20 0 -1
20 -1 0
20 1 1
20 1 -1
20 -1 1
20 -1 -1
20 0 0
20 0 1
20 1 0
20 0 -1
20 -1 0
20 1 1
20 1 -1
20 -1 1
20 -1 -1
20 0 0
20 0 1
20 1 0
20 0 -1
20 -1 0
20 1 1
20 1 -1
20 -1 1
20 -1 -1
20 0 0
20 0 1
20 1 0
20 0 -1
20 -1 0
20 1 1
20 1 -1
20 -1 1
20 -1 -1
20 0 0
20 0 1
20 1 0
20 0 -1
20 -1 0
20 1 1
20 1 -1
20 -1 1
20 -1 -1
20 0 0
20 0 1
20 1 0
20 0 -1
20 -1 0
20 1 1
20 1 -1
20 -1 1
20 -1 -1
20 0 0
20 0 1
20 1 0
20 0 -1
20 -1 0
20 1 1
20 1 -1
20 -1 1
20 -1 -1
20 0 0
20 0 1
20 1 0
20 0 -1
20 -1 0
20 1 1
20 1 -1
20 -1 1
20 -1 -1
21 0 0
21 0 1
21 1 0
21 0 -1
21 -1 0
21 1 1
21 1 -1
21 -1 1
21 -1 -1
21 0 0
21 0 1
21 1 0
21 0 -1
21 -1 0
21 1 1
21 1 -1
21 -1 1
21 -1 -1
21 0 0
21 0 1
21 1 0
21 0 -1
21 -1 0
21 1 1
21 1 -1
21 -1 1
21 -1 -1
21 0 0
21 0 1
21 1 0
21 0 -1
21 -1 0
21 1 1
21 1 -1
21 -1 1
21 -1 -1
21 0 0
21 0 1
21 1 0
21 0 -1
21 -1 0
21 1 1
21 1 -1
21 -1 1
21 -1 -1
21 0 0
21 0 1
21 1 0
21 0 -1
21 -1 0
21 1 1
21 1 -1
21 -1 1
21 -1 -1
21 0 0
21 0 1
21 1 0
21 0 -1
21 -1 0
21 1 1
21 1 -1
21 -1 1
21 -1 -1
21 0 0
21 0 1
21 1 0
21 0 -1
21 -1 0
21 1 1
21 1 -1
21 -1 1
21 -1 -1
21 0 0
21 0 1
21 1 0
21 0 -1
21 -1 0
21 1 1
21 1 -1
21 -1 1
21 -1 -1
21 0 0
21 0 1
21 1 0
21 0 -1
21 -1 0
21 1 1
21 1 -1
21 -1 1
21 -1 -1
21 0 0
21 0 1
21 1 0
21 0 -1
21 -1 0
21 1 1
21 1 -1
21 -1 1
21 -1 -1
21 0 0
21 0 1
21 1 0
21 0 -1
21 -1 0
21 1 1
21 1 -1
21 -1 1
21 -1 -1
21 0 0
21 0 1
21 1 0
21 0 -1
21 -1 0
21 1 1
21 1 -1
21 -1 1
21 -1 -1
21 0 0
21 0 1
21 1 0
21 0 -1
21 -1 0
21 1 1
21 1 -1
21 -1 1
21 -1 -1
21 0 0
21 0 1
21 1 0
21 0 -1
21 -1 0
21 1 1
21 1 -1
21 -1 1
21 -1 -1
21 0 0
21 0 1
21 1 0
21 0 -1
21 -1 0
21 1 1
21 1 -1
21 -1 1
21 -1 -1
21 0 0
21 0 1
21 1 0
21 0 -1
21 -1 0
21 1 1
21 1 -1
21 -1 1
21 -1 -1
22 0 0
22 0 1
22 1 0
22 0 -1
22 -1 0
22 1 1
22 1 -1
22 -1 1
22 -1 -1
22 0 0
22 0 1
22 1 0
22 0 -1
22 -1 0
22 1 1
22 1 -1
22 -1 1
22 -1 -1
22 0 0
22 0 1
22 1 0
22 0 -1
22 -1 0
22 1 1
22 1 -1
22 -1 1
22 -1 -1
22 0 0
22 0 1
22 1 0
22 0 -1
22 -1 0
22 1 1
22 1 -1
22 -1 1
22 -1 -1
22 0 0
22 0 1
22 1 0
22 0 -1
22 -1 0
22 1 1
22 1 -1
22 -1 1
22 -1 -1
22 0 0
22 0 1
22 1 0
22 0 -1
22 -1 0
22 1 1
22 1 -1
22 -1 1
22 -1 -1
22 0 0
22 0 1
22 1 0
22 0 -1
22 -1 0
22 1 1
22 1 -1
22 -1 1
22 -1 -1
22 0 0
22 0 1
22 1 0
22 0 -1
22 -1 0
22 1 1
22 1 -1
22 -1 1
22 -1 -1
22 0 0
22 0 1
22 1 0
22 0 -1
22 -1 0
22 1 1
22 1 -1
22 -1 1
22 -1 -1
22 0 0
22 0 1
22 1 0
22 0 -1
22 -1 0
22 1 1
22 1 -1
22 -1 1
22 -1 -1
22 0 0
22 0 1
22 1 0
22 0 -1
22 -1 0
22 1 1
22 1 -1
22 -1 1
22 -1 -1
22 0 0
22 0 1
22 1 0
22 0 -1
22 -1 0
22 1 1
22 1 -1
22 -1 1
22 -1 -1
22 0 0
22 0 1
22 1 0
22 0 -1
22 -1 0
22 1 1
22 1 -1
22 -1 1
22 -1 -1
22 0 0
22 0 1
22 1 0
22 0 -1
22 -1 0
22 1 1
22 1 -1
22 -1 1
22 -1 -1
22 0 0
22 0 1
22 1 0
22 0 -1
22 -1 0
22 1 1
22 1 -1
22 -1 1
22 -1 -1
22 0 0
22 0 1
22 1 0
22 0 -1
22 -1 0
22 1 1
22 1 -1
22 -1 1
22 -1 -1
22 0 0
22 0 1
22 1 0
22 0 -1
22 -1 0
22 1 1
22 1 -1
22 -1 1
22 -1 -1
23 0 0
23 0 1
23 1 0
23 0 -1
23 -1 0
23 1 1
23 1 -1
23 -1 1
23 -1 -1
23 0 0
23 0 1
23 1 0
23 0 -1
23 -1 0
23 1 1
23 1 -1
23 -1 1
23 -1 -1
23 0 0
23 0 1
23 1 0
23 0 -1
23 -1 0
23 1 1
23 1 -1
23 -1 1
23 -1 -1
23 0 0
23 0 1
23 1 0
23 0 -1
23 -1 0
23 1 1
23 1 -1
23 -1 1
23 -1 -1
23 0 0
23 0 1
23 1 0
23 0 -1
23 -1 0
23 1 1
23 1 -1
23 -1 1
23 -1 -1
23 0 0
23 0 1
23 1 0
23 0 -1
23 -1 0
23 1 1
23 1 -1
23 -1 1
23 -1 -1
23 0 0
23 0 1
23 1 0
23 0 -1
23 -1 0
23 1 1
23 1 -1
23 -1 1
23 -1 -1
23 0 0
23 0 1
23 1 0
23 0 -1
23 -1 0
23 1 1
23 1 -1
23 -1 1
23 -1 -1
23 0 0
23 0 1
23 1 0
23 0 -1
23 -1 0
23 1 1
23 1 -1
23 -1 1
23 -1 -1
23 0 0
23 0 1
23 1 0
23 0 -1
23 -1 0
23 1 1
23 1 -1
23 -1 1
23 -1 -1
23 0 0
23 0 1
23 1 0
23 0 -1
23 -1 0
23 1 1
23 1 -1
23 -1 1
23 -1 -1
23 0 0
23 0 1
23 1 0
23 0 -1
23 -1 0
23 1 1
23 1 -1
23 -1 1
23 -1 -1
23 0 0
23 0 1
23 1 0
23 0 -1
23 -1 0
23 1 1
23 1 -1
23 -1 1
23 -1 -1
23 0 0
23 0 1
23 1 0
23 0 -1
23 -1 0
23 1 1
23 1 -1
23 -1 1
23 -1 -1
23 0 0
23 0 1
23 1 0
23 0 -1
23 -1 0
23 1 1
23 1 -1
23 -1 1
23 -1 -1
23 0 0
23 0 1
23 1 0
23 0 -1
23 -1 0
23 1 1
23 1 -1
23 -1 1
23 -1 -1
23 0 0
23 0 1
23 1 0
23 0 -1
23 -1 0
23 1 1
23 1 -1
23 -1 1
23 -1 -1
24 0 0
24 0 1
24 1 0
24 0 -1
24 -1 0
24 1 1
24 1 -1
24 -1 1
24 -1 -1
24 0 0
24 0 1
24 1 0
24 0 -1
24 -1 0
24 1 1
24 1 -1
24 -1 1
24 -1 -1
24 0 0
24 0 1
24 1 0
24 0 -1
24 -1 0
24 1 1
24 1 -1
24 -1 1
24 -1 -1
24 0 0
24 0 1
24 1 0
24 0 -1
24 -1 0
24 1 1
24 1 -1
24 -1 1
24 -1 -1
24 0 0
24 0 1
24 1 0
24 0 -1
24 -1 0
24 1 1
24 1 -1
24 -1 1
24 -1 -1
24 0 0
24 0 1
24 1 0
24 0 -1
24 -1 0
24 1 1
24 1 -1
24 -1 1
24 -1 -1
24 0 0
24 0 1
24 1 0
24 0 -1
24 -1 0
24 1 1
24 1 -1
24 -1 1
24 -1 -1
24 0 0
24 0 1
24 1 0
24 0 -1
24 -1 0
24 1 1
24 1 -1
24 -1 1
24 -1 -1
24 0 0
24 0 1
24 1 0
24 0 -1
24 -1 0
24 1 1
24 1 -1
24 -1 1
24 -1 -1
24 0 0
24 0 1
24 1 0
24 0 -1
24 -1 0
24 1 1
24 1 -1
24 -1 1
24 -1 -1
24 0 0
24 0 1
24 1 0
24 0 -1
24 -1 0
24 1 1
24 1 -1
24 -1 1
24 -1 -1
24 0 0
24 0 1
24 1 0
24 0 -1
24 -1 0
24 1 1
24 1 -1
24 -1 1
24 -1 -1
24 0 0
24 0 1
24 1 0
24 0 -1
24 -1 0
24 1 1
24 1 -1
24 -1 1
24 -1 -1
24 0 0
24 0 1
24 1 0
24 0 -1
24 -1 0
24 1 1
24 1 -1
24 -1 1
24 -1 -1
24 0 0
24 0 1
24 1 0
24 0 -1
24 -1 0
24 1 1
24 1 -1
24 -1 1
24 -1 -1
24 0 0
24 0 1
24 1 0
24 0 -1
24 -1 0
24 1 1
24 1 -1
24 -1 1
24 -1 -1
24 0 0
24 0 1
24 1 0
24 0 -1
24 -1 0
24 1 1
24 1 -1
24 -1 1
24 -1 -1
25 0 0
25 0 1
25 1 0
25 0 -1
25 -1 0
25 1 1
25 1 -1
25 -1 1
25 -1 -1
25 0 0
25 0 1
25 1 0
25 0 -1
25 -1 0
25 1 1
25 1 -1
25 -1 1
25 -1 -1
25 0 0
25 0 1
25 1 0
25 0 -1
25 -1 0
25 1 1
25 1 -1
25 -1 1
25 -1 -1
25 0 0
25 0 1
25 1 0
25 0 -1
25 -1 0
25 1 1
25 1 -1
25 -1 1
25 -1 -1
25 0 0
25 0 1
25 1 0
25 0 -1
25 -1 0
25 1 1
25 1 -1
25 -1 1
25 -1 -1
25 0 0
25 0 1
25 1 0
25 0 -1
25 -1 0
25 1 1
25 1 -1
25 -1 1
25 -1 -1
25 0 0
25 0 1
25 1 0
25 0 -1
25 -1 0
25 1 1
25 1 -1
25 -1 1
25 -1 -1
25 0 0
25 0 1
25 1 0
25 0 -1
25 -1 0
25 1 1
25 1 -1
25 -1 1
25 -1 -1
25 0 0
25 0 1
25 1 0
25 0 -1
25 -1 0
25 1 1
25 1 -1
25 -1 1
25 -1 -1
25 0 0
25 0 1
25 1 0
25 0 -1
25 -1 0
25 1 1
25 1 -1
25 -1 1
25 -1 -1
25 0 0
25 0 1
25 1 0
25 0 -1
25 -1 0
25 1 1
25 1 -1
25 -1 1
25 -1 -1
25 0 0
25 0 1
25 1 0
25 0 -1
25 -1 0
25 1 1
25 1 -1
25 -1 1
25 -1 -1
25 0 0
25 0 1
25 1 0
25 0 -1
25 -1 0
25 1 1
25 1 -1
25 -1 1
25 -1 -1
25 0 0
25 0 1
25 1 0
25 0 -1
25 -1 0
25 1 1
25 1 -1
25 -1 1
25 -1 -1
25 0 0
25 0 1
25 1 0
25 0 -1
25 -1 0
25 1 1
25 1 -1
25 -1 1
25 -1 -1
25 0 0
25 0 1
25 1 0
25 0 -1
25 -1 0
25 1 1
25 1 -1
25 -1 1
25 -1 -1
25 0 0
25 0 1
25 1 0
25 0 -1
25 -1 0
25 1 1
25 1 -1
25 -1 1
25 -1 -1
26 0 0
26 0 1
26 1 0
26 0 -1
26 -1 0
26 1 1
26 1 -1
26 -1 1
26 -1 -1
26 0 0
26 0 1
26 1 0
26 0 -1
26 -1 0
26 1 1
26 1 -1
26 -1 1
26 -1 -1
26 0 0
26 0 1
26 1 0
26 0 -1
26 -1 0
26 1 1
26 1 -1
26 -1 1
26 -1 -1
26 0 0
26 0 1
26 1 0
26 0 -1
26 -1 0
26 1 1
26 1 -1
26 -1 1
26 -1 -1
26 0 0
26 0 1
26 1 0
26 0 -1
26 -1 0
26 1 1
26 1 -1
26 -1 1
26 -1 -1
26 0 0
26 0 1
26 1 0
26 0 -1
26 -1 0
26 1 1
26 1 -1
26 -1 1
26 -1 -1
26 0 0
26 0 1
26 1 0
26 0 -1
26 -1 0
26 1 1
26 1 -1
26 -1 1
26 -1 -1
26 0 0
26 0 1
26 1 0
26 0 -1
26 -1 0
26 1 1
26 1 -1
26 -1 1
26 -1 -1
26 0 0
26 0 1
26 1 0
26 0 -1
26 -1 0
26 1 1
26 1 -1
26 -1 1
26 -1 -1
26 0 0
26 0 1
26 1 0
26 0 -1
26 -1 0
26 1 1
26 1 -1
26 -1 1
26 -1 -1
26 0 0
26 0 1
26 1 0
26 0 -1
26 -1 0
26 1 1
26 1 -1
26 -1 1
26 -1 -1
26 0 0
26 0 1
26 1 0
26 0 -1
26 -1 0
26 1 1
26 1 -1
26 -1 1
26 -1 -1
26 0 0
26 0 1
26 1 0
26 0 -1
26 -1 0
26 1 1
26 1 -1
26 -1 1
26 -1 -1
26 0 0
26 0 1
26 1 0
26 0 -1
26 -1 0
26 1 1
26 1 -1
26 -1 1
26 -1 -1
26 0 0
26 0 1
26 1 0
26 0 -1
26 -1 0
26 1 1
26 1 -1
26 -1 1
26 -1 -1
26 0 0
26 0 1
26 1 0
26 0 -1
26 -1 0
26 1 1
26 1 -1
26 -1 1
26 -1 -1
26 0 0
26 0 1
26 1 0
26 0 -1
26 -1 0
26 1 1
26 1 -1
26 -1 1
26 -1 -1
27 0 0
27 0 1
27 1 0
27 0 -1
27 -1 0
27 1 1
27 1 -1
27 -1 1
27 -1 -1
27 0 0
27 0 1
27 1 0
27 0 -1
27 -1 0
27 1 1
27 1 -1
27 -1 1
27 -1 -1
27 0 0
27 0 1
27 1 0
27 0 -1
27 -1 0
27 1 1
27 1 -1
27 -1 1
27 -1 -1
27 0 0
27 0 1
27 1 0
27 0 -1
27 -1 0
27 1 1
27 1 -1
27 -1 1
27 -1 -1
27 0 0
27 0 1
27 1 0
27 0 -1
27 -1 0
27 1 1
27 1 -1
27 -1 1
27 -1 -1
27 0 0
27 0 1
27 1 0
27 0 -1
27 -1 0
27 1 1
27 1 -1
27 -1 1
27 -1 -1
27 0 0
27 0 1
27 1 0
27 0 -1
27 -1 0
27 1 1
27 1 -1
27 -1 1
27 -1 -1
27 0 0
27 0 1
27 1 0
27 0 -1
27 -1 0
27 1 1
27 1 -1
27 -1 1
27 -1 -1
27 0 0
27 0 1
27 1 0
27 0 -1
27 -1 0
27 1 1
27 1 -1
27 -1 1
27 -1 -1
27 0 0
27 0 1
27 1 0
27 0 -1
27 -1 0
27 1 1
27 1 -1
27 -1 1
27 -1 -1
27 0 0
27 0 1
27 1 0
27 0 -1
27 -1 0
27 1 1
27 1 -1
27 -1 1
27 -1 -1
27 0 0
27 0 1
27 1 0
27 0 -1
27 -1 0
27 1 1
27 1 -1
27 -1 1
27 -1 -1
27 0 0
27 0 1
27 1 0
27 0 -1
27 -1 0
27 1 1
27 1 -1
27 -1 1
27 -1 -1
27 0 0
27 0 1
27 1 0
27 0 -1
27 -1 0
27 1 1
27 1 -1
27 -1 1
27 -1 -1
27 0 0
27 0 1
27 1 0
27 0 -1
27 -1 0
27 1 1
27 1 -1
27 -1 1
27 -1 -1
27 0 0
27 0 1
27 1 0
27 0 -1
27 -1 0
27 1 1
27 1 -1
27 -1 1
27 -1 -1
27 0 0
27 0 1
27 1 0
27 0 -1
27 -1 0
27 1 1
27 1 -1
27 -1 1
27 -1 -1
28 0 0
28 0 1
28 1 0
28 0 -1
28 -1 0
28 1 1
28 1 -1
28 -1 1
28 -1 -1
28 0 0
28 0 1
28 1 0
28 0 -1
28 -1 0
28 1 1
28 1 -1
28 -1 1
28 -1 -1
28 0 0
28 0 1
28 1 0
28 0 -1
28 -1 0
28 1 1
28 1 -1
28 -1 1
28 -1 -1
28 0 0
28 0 1
28 1 0
28 0 -1
28 -1 0
28 1 1
28 1 -1
28 -1 1
28 -1 -1
28 0 0
28 0 1
28 1 0
28 0 -1
28 -1 0
28 1 1
28 1 -1
28 -1 1
28 -1 -1
28 0 0
28 0 1
28 1 0
28 0 -1
28 -1 0
28 1 1
28 1 -1
28 -1 1
28 -1 -1
28 0 0
28 0 1
28 1 0
28 0 -1
28 -1 0
28 1 1
28 1 -1
28 -1 1
28 -1 -1
28 0 0
28 0 1
28 1 0
28 0 -1
28 -1 0
28 1 1
28 1 -1
28 -1 1
28 -1 -1
28 0 0
28 0 1
28 1 0
28 0 -1
28 -1 0
28 1 1
28 1 -1
28 -1 1
28 -1 -1
28 0 0
28 0 1
28 1 0
28 0 -1
28 -1 0
28 1 1
28 1 -1
28 -1 1
28 -1 -1
28 0 0
28 0 1
28 1 0
28 0 -1
28 -1 0
28 1 1
28 1 -1
28 -1 1
28 -1 -1
28 0 0
28 0 1
28 1 0
28 0 -1
28 -1 0
28 1 1
28 1 -1
28 -1 1
28 -1 -1
28 0 0
28 0 1
28 1 0
28 0 -1
28 -1 0
28 1 1
28 1 -1
28 -1 1
28 -1 -1
28 0 0
28 0 1
28 1 0
28 0 -1
28 -1 0
28 1 1
28 1 -1
28 -1 1
28 -1 -1
28 0 0
28 0 1
28 1 0
28 0 -1
28 -1 0
28 1 1
28 1 -1
28 -1 1
28 -1 -1
28 0 0
28 0 1
28 1 0
28 0 -1
28 -1 0
28 1 1
28 1 -1
28 -1 1
28 -1 -1
28 0 0
28 0 1
28 1 0
28 0 -1
28 -1 0
28 1 1
28 1 -1
28 -1 1
28 -1 -1
29 0 0
29 0 1
29 1 0
29 0 -1
29 -1 0
29 1 1
29 1 -1
29 -1 1
29 -1 -1
29 0 0
29 0 1
29 1 0
29 0 -1
29 -1 0
29 1 1
29 1 -1
29 -1 1
29 -1 -1
29 0 0
29 0 1
29 1 0
29 0 -1
29 -1 0
29 1 1
29 1 -1
29 -1 1
29 -1 -1
29 0 0
29 0 1
29 1 0
29 0 -1
29 -1 0
29 1 1
29 1 -1
29 -1 1
29 -1 -1
29 0 0
29 0 1
29 1 0
29 0 -1
29 -1 0
29 1 1
29 1 -1
29 -1 1
29 -1 -1
29 0 0
29 0 1
29 1 0
29 0 -1
29 -1 0
29 1 1
29 1 -1
29 -1 1
29 -1 -1
29 0 0
29 0 1
29 1 0
29 0 -1
29 -1 0
29 1 1
29 1 -1
29 -1 1
29 -1 -1
29 0 0
29 0 1
29 1 0
29 0 -1
29 -1 0
29 1 1
29 1 -1
29 -1 1
29 -1 -1
29 0 0
29 0 1
29 1 0
29 0 -1
29 -1 0
29 1 1
29 1 -1
29 -1 1
29 -1 -1
29 0 0
29 0 1
29 1 0
29 0 -1
29 -1 0
29 1 1
29 1 -1
29 -1 1
29 -1 -1
29 0 0
29 0 1
29 1 0
29 0 -1
29 -1 0
29 1 1
29 1 -1
29 -1 1
29 -1 -1
29 0 0
29 0 1
29 1 0
29 0 -1
29 -1 0
29 1 1
29 1 -1
29 -1 1
29 -1 -1
29 0 0
29 0 1
29 1 0
29 0 -1
29 -1 0
29 1 1
29 1 -1
29 -1 1
29 -1 -1
29 0 0
29 0 1
29 1 0
29 0 -1
29 -1 0
29 1 1
29 1 -1
29 -1 1
29 -1 -1
29 0 0
29 0 1
29 1 0
29 0 -1
29 -1 0
29 1 1
29 1 -1
29 -1 1
29 -1 -1
29 0 0
29 0 1
29 1 0
29 0 -1
29 -1 0
29 1 1
29 1 -1
29 -1 1
29 -1 -1
29 0 0
29 0 1
29 1 0
29 0 -1
29 -1 0
29 1 1
29 1 -1
29 -1 1
29 -1 -1
30 0 0
30 0 1
30 1 0
30 0 -1
30 -1 0
30 1 1
30 1 -1
30 -1 1
30 -1 -1
30 0 0
30 0 1
30 1 0
30 0 -1
30 -1 0
30 1 1
30 1 -1
30 -1 1
30 -1 -1
30 0 0
30 0 1
30 1 0
30 0 -1
30 -1 0
30 1 1
30 1 -1
30 -1 1
30 -1 -1
30 0 0
30 0 1
30 1 0
30 0 -1
30 -1 0
30 1 1
30 1 -1
30 -1 1
30 -1 -1
30 0 0
30 0 1
30 1 0
30 0 -1
30 -1 0
30 1 1
30 1 -1
30 -1 1
30 -1 -1
30 0 0
30 0 1
30 1 0
30 0 -1
30 -1 0
30 1 1
30 1 -1
30 -1 1
30 -1 -1
30 0 0
30 0 1
30 1 0
30 0 -1
30 -1 0
30 1 1
30 1 -1
30 -1 1
30 -1 -1
30 0 0
30 0 1
30 1 0
30 0 -1
30 -1 0
30 1 1
30 1 -1
30 -1 1
30 -1 -1
30 0 0
30 0 1
30 1 0
30 0 -1
30 -1 0
30 1 1
30 1 -1
30 -1 1
30 -1 -1
30 0 0
30 0 1
30 1 0
30 0 -1
30 -1 0
30 1 1
30 1 -1
30 -1 1
30 -1 -1
30 0 0
30 0 1
30 1 0
30 0 -1
30 -1 0
30 1 1
30 1 -1
30 -1 1
30 -1 -1
30 0 0
30 0 1
30 1 0
30 0 -1
30 -1 0
30 1 1
30 1 -1
30 -1 1
30 -1 -1
30 0 0
30 0 1
30 1 0
30 0 -1
30 -1 0
30 1 1
30 1 -1
30 -1 1
30 -1 -1
30 0 0
30 0 1
30 1 0
30 0 -1
30 -1 0
30 1 1
30 1 -1
30 -1 1
30 -1 -1
30 0 0
30 0 1
30 1 0
30 0 -1
30 -1 0
30 1 1
30 1 -1
30 -1 1
30 -1 -1
30 0 0
30 0 1
30 1 0
30 0 -1
30 -1 0
30 1 1
30 1 -1
30 -1 1
30 -1 -1
30 0 0
30 0 1
30 1 0
30 0 -1
30 -1 0
30 1 1
30 1 -1
30 -1 1
30 -1 -1
31 0 0
31 0 1
31 1 0
31 0 -1
31 -1 0
31 1 1
31 1 -1
31 -1 1
31 -1 -1
31 0 0
31 0 1
31 1 0
31 0 -1
31 -1 0
31 1 1
31 1 -1
31 -1 1
31 -1 -1
31 0 0
31 0 1
31 1 0
31 0 -1
31 -1 0
31 1 1
31 1 -1
31 -1 1
31 -1 -1
31 0 0
31 0 1
31 1 0
31 0 -1
31 -1 0
31 1 1
31 1 -1
31 -1 1
31 -1 -1
31 0 0
31 0 1
31 1 0
31 0 -1
31 -1 0
31 1 1
31 1 -1
31 -1 1
31 -1 -1
31 0 0
31 0 1
31 1 0
31 0 -1
31 -1 0
31 1 1
31 1 -1
31 -1 1
31 -1 -1
31 0 0
31 0 1
31 1 0
31 0 -1
31 -1 0
31 1 1
31 1 -1
31 -1 1
31 -1 -1
31 0 0
31 0 1
31 1 0
31 0 -1
31 -1 0
31 1 1
31 1 -1
31 -1 1
31 -1 -1
31 0 0
31 0 1
31 1 0
31 0 -1
31 -1 0
31 1 1
31 1 -1
31 -1 1
31 -1 -1
31 0 0
31 0 1
31 1 0
31 0 -1
31 -1 0
31 1 1
31 1 -1
31 -1 1
31 -1 -1
31 0 0
31 0 1
31 1 0
31 0 -1
31 -1 0
31 1 1
31 1 -1
31 -1 1
31 -1 -1
31 0 0
31 0 1
31 1 0
31 0 -1
31 -1 0
31 1 1
31 1 -1
31 -1 1
31 -1 -1
31 0 0
31 0 1
31 1 0
31 0 -1
31 -1 0
31 1 1
31 1 -1
31 -1 1
31 -1 -1
31 0 0
31 0 1
31 1 0
31 0 -1
31 -1 0
31 1 1
31 1 -1
31 -1 1
31 -1 -1
31 0 0
31 0 1
31 1 0
31 0 -1
31 -1 0
31 1 1
31 1 -1
31 -1 1
31 -1 -1
31 0 0
31 0 1
31 1 0
31 0 -1
31 -1 0
31 1 1
31 1 -1
31 -1 1
31 -1 -1
31 0 0
31 0 1
31 1 0
31 0 -1
31 -1 0
31 1 1
31 1 -1
31 -1 1
31 -1 -1
32 0 0
32 0 1
32 1 0
32 0 -1
32 -1 0
32 1 1
32 1 -1
32 -1 1
32 -1 -1
32 0 0
32 0 1
32 1 0
32 0 -1
32 -1 0
32 1 1
32 1 -1
32 -1 1
32 -1 -1
32 0 0
32 0 1
32 1 0
32 0 -1
32 -1 0
32 1 1
32 1 -1
32 -1 1
32 -1 -1
32 0 0
32 0 1
32 1 0
32 0 -1
32 -1 0
32 1 1
32 1 -1
32 -1 1
32 -1 -1
32 0 0
32 0 1
32 1 0
32 0 -1
32 -1 0
32 1 1
32 1 -1
32 -1 1
32 -1 -1
32 0 0
32 0 1
32 1 0
32 0 -1
32 -1 0
32 1 1
32 1 -1
32 -1 1
32 -1 -1
32 0 0
32 0 1
32 1 0
32 0 -1
32 -1 0
32 1 1
32 1 -1
32 -1 1
32 -1 -1
32 0 0
32 0 1
32 1 0
32 0 -1
32 -1 0
32 1 1
32 1 -1
32 -1 1
32 -1 -1
32 0 0
32 0 1
32 1 0
32 0 -1
32 -1 0
32 1 1
32 1 -1
32 -1 1
32 -1 -1
32 0 0
32 0 1
32 1 0
32 0 -1
32 -1 0
32 1 1
32 1 -1
32 -1 1
32 -1 -1
32 0 0
32 0 1
32 1 0
32 0 -1
32 -1 0
32 1 1
32 1 -1
32 -1 1
32 -1 -1
32 0 0
32 0 1
32 1 0
32 0 -1
32 -1 0
32 1 1
32 1 -1
32 -1 1
32 -1 -1
32 0 0
32 0 1
32 1 0
32 0 -1
32 -1 0
32 1 1
32 1 -1
32 -1 1
32 -1 -1
32 0 0
32 0 1
32 1 0
32 0 -1
32 -1 0
32 1 1
32 1 -1
32 -1 1
32 -1 -1
32 0 0
32 0 1
32 1 0
32 0 -1
32 -1 0
32 1 1
32 1 -1
32 -1 1
32 -1 -1
32 0 0
32 0 1
32 1 0
32 0 -1
32 -1 0
32 1 1
32 1 -1
32 -1 1
32 -1 -1
32 0 0
32 0 1
32 1 0
32 0 -1
32 -1 0
32 1 1
32 1 -1
32 -1 1
32 -1 -1
33 0 0
33 0 1
33 1 0
33 0 -1
33 -1 0
33 1 1
33 1 -1
33 -1 1
33 -1 -1
33 0 0
33 0 1
33 1 0
33 0 -1
33 -1 0
33 1 1
33 1 -1
33 -1 1
33 -1 -1
33 0 0
33 0 1
33 1 0
33 0 -1
33 -1 0
33 1 1
33 1 -1
33 -1 1
33 -1 -1
33 0 0
33 0 1
33 1 0
33 0 -1
33 -1 0
33 1 1
33 1 -1
33 -1 1
33 -1 -1
33 0 0
33 0 1
33 1 0
33 0 -1
33 -1 0
33 1 1
33 1 -1
33 -1 1
33 -1 -1
33 0 0
33 0 1
33 1 0
33 0 -1
33 -1 0
33 1 1
33 1 -1
33 -1 1
33 -1 -1
33 0 0
33 0 1
33 1 0
33 0 -1
33 -1 0
33 1 1
33 1 -1
33 -1 1
33 -1 -1
33 0 0
33 0 1
33 1 0
33 0 -1
33 -1 0
33 1 1
33 1 -1
33 -1 1
33 -1 -1
33 0 0
33 0 1
33 1 0
33 0 -1
33 -1 0
33 1 1
33 1 -1
33 -1 1
33 -1 -1
33 0 0
33 0 1
33 1 0
33 0 -1
33 -1 0
33 1 1
33 1 -1
33 -1 1
33 -1 -1
33 0 0
33 0 1
33 1 0
33 0 -1
33 -1 0
33 1 1
33 1 -1
33 -1 1
33 -1 -1
33 0 0
33 0 1
33 1 0
33 0 -1
33 -1 0
33 1 1
33 1 -1
33 -1 1
33 -1 -1
33 0 0
33 0 1
33 1 0
33 0 -1
33 -1 0
33 1 1
33 1 -1
33 -1 1
33 -1 -1
33 0 0
33 0 1
33 1 0
33 0 -1
33 -1 0
33 1 1
33 1 -1
33 -1 1
33 -1 -1
33 0 0
33 0 1
33 1 0
33 0 -1
33 -1 0
33 1 1
33 1 -1
33 -1 1
33 -1 -1
33 0 0
33 0 1
33 1 0
33 0 -1
33 -1 0
33 1 1
33 1 -1
33 -1 1
33 -1 -1
33 0 0
33 0 1
33 1 0
33 0 -1
33 -1 0
33 1 1
33 1 -1
33 -1 1
33 -1 -1
34 0 0
34 0 1
34 1 0
34 0 -1
34 -1 0
34 1 1
34 1 -1
34 -1 1
34 -1 -1
34 0 0
34 0 1
34 1 0
34 0 -1
34 -1 0
34 1 1
34 1 -1
34 -1 1
34 -1 -1
34 0 0
34 0 1
34 1 0
34 0 -1
34 -1 0
34 1 1
34 1 -1
34 -1 1
34 -1 -1
34 0 0
34 0 1
34 1 0
34 0 -1
34 -1 0
34 1 1
34 1 -1
34 -1 1
34 -1 -1
34 0 0
34 0 1
34 1 0
34 0 -1
34 -1 0
34 1 1
34 1 -1
34 -1 1
34 -1 -1
34 0 0
34 0 1
34 1 0
34 0 -1
34 -1 0
34 1 1
34 1 -1
34 -1 1
34 -1 -1
34 0 0
34 0 1
34 1 0
34 0 -1
34 -1 0
34 1 1
34 1 -1
34 -1 1
34 -1 -1
34 0 0
34 0 1
34 1 0
34 0 -1
34 -1 0
34 1 1
34 1 -1
34 -1 1
34 -1 -1
34 0 0
34 0 1
34 1 0
34 0 -1
34 -1 0
34 1 1
34 1 -1
34 -1 1
34 -1 -1
34 0 0
34 0 1
34 1 0
34 0 -1
34 -1 0
34 1 1
34 1 -1
34 -1 1
34 -1 -1
34 0 0
34 0 1
34 1 0
34 0 -1
34 -1 0
34 1 1
34 1 -1
34 -1 1
34 -1 -1
34 0 0
34 0 1
34 1 0
34 0 -1
34 -1 0
34 1 1
34 1 -1
34 -1 1
34 -1 -1
34 0 0
34 0 1
34 1 0
34 0 -1
34 -1 0
34 1 1
34 1 -1
34 -1 1
34 -1 -1
34 0 0
34 0 1
34 1 0
34 0 -1
34 -1 0
34 1 1
34 1 -1
34 -1 1
34 -1 -1
34 0 0
34 0 1
34 1 0
34 0 -1
34 -1 0
34 1 1
34 1 -1
34 -1 1
34 -1 -1
34 0 0
34 0 1
34 1 0
34 0 -1
34 -1 0
34 1 1
34 1 -1
34 -1 1
34 -1 -1
34 0 0
34 0 1
34 1 0
34 0 -1
34 -1 0
34 1 1
34 1 -1
34 -1 1
34 -1 -1
35 0 0
35 0 1
35 1 0
35 0 -1
35 -1 0
35 1 1
35 1 -1
35 -1 1
35 -1 -1
35 0 0
35 0 1
35 1 0
35 0 -1
35 -1 0
35 1 1
35 1 -1
35 -1 1
35 -1 -1
35 0 0
35 0 1
35 1 0
35 0 -1
35 -1 0
35 1 1
35 1 -1
35 -1 1
35 -1 -1
35 0 0
35 0 1
35 1 0
35 0 -1
35 -1 0
35 1 1
35 1 -1
35 -1 1
35 -1 -1
35 0 0
35 0 1
35 1 0
35 0 -1
35 -1 0
35 1 1
35 1 -1
35 -1 1
35 -1 -1
35 0 0
35 0 1
35 1 0
35 0 -1
35 -1 0
35 1 1
35 1 -1
35 -1 1
35 -1 -1
35 0 0
35 0 1
35 1 0
35 0 -1
35 -1 0
35 1 1
35 1 -1
35 -1 1
35 -1 -1
35 0 0
35 0 1
35 1 0
35 0 -1
35 -1 0
35 1 1
35 1 -1
35 -1 1
35 -1 -1
35 0 0
35 0 1
35 1 0
35 0 -1
35 -1 0
35 1 1
35 1 -1
35 -1 1
35 -1 -1
35 0 0
35 0 1
35 1 0
35 0 -1
35 -1 0
35 1 1
35 1 -1
35 -1 1
35 -1 -1
35 0 0
35 0 1
35 1 0
35 0 -1
35 -1 0
35 1 1
35 1 -1
35 -1 1
35 -1 -1
35 0 0
35 0 1
35 1 0
35 0 -1
35 -1 0
35 1 1
35 1 -1
35 -1 1
35 -1 -1
35 0 0
35 0 1
35 1 0
35 0 -1
35 -1 0
35 1 1
35 1 -1
35 -1 1
35 -1 -1
35 0 0
35 0 1
35 1 0
35 0 -1
35 -1 0
35 1 1
35 1 -1
35 -1 1
35 -1 -1
35 0 0
35 0 1
35 1 0
35 0 -1
35 -1 0
35 1 1
35 1 -1
35 -1 1
35 -1 -1
35 0 0
35 0 1
35 1 0
35 0 -1
35 -1 0
35 1 1
35 1 -1
35 -1 1
35 -1 -1
35 0 0
35 0 1
35 1 0
35 0 -1
35 -1 0
35 1 1
35 1 -1
35 -1 1
35 -1 -1
36 0 0
36 0 1
36 1 0
36 0 -1
36 -1 0
36 1 1
36 1 -1
36 -1 1
36 -1 -1
36 0 0
36 0 1
36 1 0
36 0 -1
36 -1 0
36 1 1
36 1 -1
36 -1 1
36 -1 -1
36 0 0
36 0 1
36 1 0
36 0 -1
36 -1 0
36 1 1
36 1 -1
36 -1 1
36 -1 -1
36 0 0
36 0 1
36 1 0
36 0 -1
36 -1 0
36 1 1
36 1 -1
36 -1 1
36 -1 -1
36 0 0
36 0 1
36 1 0
36 0 -1
36 -1 0
36 1 1
36 1 -1
36 -1 1
36 -1 -1
36 0 0
36 0 1
36 1 0
36 0 -1
36 -1 0
36 1 1
36 1 -1
36 -1 1
36 -1 -1
36 0 0
36 0 1
36 1 0
36 0 -1
36 -1 0
36 1 1
36 1 -1
36 -1 1
36 -1 -1
36 0 0
36 0 1
36 1 0
36 0 -1
36 -1 0
36 1 1
36 1 -1
36 -1 1
36 -1 -1
36 0 0
36 0 1
36 1 0
36 0 -1
36 -1 0
36 1 1
36 1 -1
36 -1 1
36 -1 -1
36 0 0
36 0 1
36 1 0
36 0 -1
36 -1 0
36 1 1
36 1 -1
36 -1 1
36 -1 -1
36 0 0
36 0 1
36 1 0
36 0 -1
36 -1 0
36 1 1
36 1 -1
36 -1 1
36 -1 -1
36 0 0
36 0 1
36 1 0
36 0 -1
36 -1 0
36 1 1
36 1 -1
36 -1 1
36 -1 -1
36 0 0
36 0 1
36 1 0
36 0 -1
36 -1 0
36 1 1
36 1 -1
36 -1 1
36 -1 -1
36 0 0
36 0 1
36 1 0
36 0 -1
36 -1 0
36 1 1
36 1 -1
36 -1 1
36 -1 -1
36 0 0
36 0 1
36 1 0
36 0 -1
36 -1 0
36 1 1
36 1 -1
36 -1 1
36 -1 -1
36 0 0
36 0 1
36 1 0
36 0 -1
36 -1 0
36 1 1
36 1 -1
36 -1 1
36 -1 -1
36 0 0
36 0 1
36 1 0
36 0 -1
36 -1 0
36 1 1
36 1 -1
36 -1 1
36 -1 -1
37 0 0
37 0 1
37 1 0
37 0 -1
37 -1 0
37 1 1
37 1 -1
37 -1 1
37 -1 -1
37 0 0
37 0 1
37 1 0
37 0 -1
37 -1 0
37 1 1
37 1 -1
37 -1 1
37 -1 -1
37 0 0
37 0 1
37 1 0
37 0 -1
37 -1 0
37 1 1
37 1 -1
37 -1 1
37 -1 -1
37 0 0
37 0 1
37 1 0
37 0 -1
37 -1 0
37 1 1
37 1 -1
37 -1 1
37 -1 -1
37 0 0
37 0 1
37 1 0
37 0 -1
37 -1 0
37 1 1
37 1 -1
37 -1 1
37 -1 -1
37 0 0
37 0 1
37 1 0
37 0 -1
37 -1 0
37 1 1
37 1 -1
37 -1 1
37 -1 -1
37 0 0
37 0 1
37 1 0
37 0 -1
37 -1 0
37 1 1
37 1 -1
37 -1 1
37 -1 -1
37 0 0
37 0 1
37 1 0
37 0 -1
37 -1 0
37 1 1
37 1 -1
37 -1 1
37 -1 -1
37 0 0
37 0 1
37 1 0
37 0 -1
37 -1 0
37 1 1
37 1 -1
37 -1 1
37 -1 -1
37 0 0
37 0 1
37 1 0
37 0 -1
37 -1 0
37 1 1
37 1 -1
37 -1 1
37 -1 -1
37 0 0
37 0 1
37 1 0
37 0 -1
37 -1 0
37 1 1
37 1 -1
37 -1 1
37 -1 -1
37 0 0
37 0 1
37 1 0
37 0 -1
37 -1 0
37 1 1
37 1 -1
37 -1 1
37 -1 -1
37 0 0
37 0 1
37 1 0
37 0 -1
37 -1 0
37 1 1
37 1 -1
37 -1 1
37 -1 -1
37 0 0
37 0 1
37 1 0
37 0 -1
37 -1 0
37 1 1
37 1 -1
37 -1 1
37 -1 -1
37 0 0
37 0 1
37 1 0
37 0 -1
37 -1 0
37 1 1
37 1 -1
37 -1 1
37 -1 -1
37 0 0
37 0 1
37 1 0
37 0 -1
37 -1 0
37 1 1
37 1 -1
37 -1 1
37 -1 -1
37 0 0
37 0 1
37 1 0
37 0 -1
37 -1 0
37 1 1
37 1 -1
37 -1 1
37 -1 -1
38 0 0
38 0 1
38 1 0
38 0 -1
38 -1 0
38 1 1
38 1 -1
38 -1 1
38 -1 -1
38 0 0
38 0 1
38 1 0
38 0 -1
38 -1 0
38 1 1
38 1 -1
38 -1 1
38 -1 -1
38 0 0
38 0 1
38 1 0
38 0 -1
38 -1 0
38 1 1
38 1 -1
38 -1 1
38 -1 -1
38 0 0
38 0 1
38 1 0
38 0 -1
38 -1 0
38 1 1
38 1 -1
38 -1 1
38 -1 -1
38 0 0
38 0 1
38 1 0
38 0 -1
38 -1 0
38 1 1
38 1 -1
38 -1 1
38 -1 -1
38 0 0
38 0 1
38 1 0
38 0 -1
38 -1 0
38 1 1
38 1 -1
38 -1 1
38 -1 -1
38 0 0
38 0 1
38 1 0
38 0 -1
38 -1 0
38 1 1
38 1 -1
38 -1 1
38 -1 -1
38 0 0
38 0 1
38 1 0
38 0 -1
38 -1 0
38 1 1
38 1 -1
38 -1 1
38 -1 -1
38 0 0
38 0 1
38 1 0
38 0 -1
38 -1 0
38 1 1
38 1 -1
38 -1 1
38 -1 -1
38 0 0
38 0 1
38 1 0
38 0 -1
38 -1 0
38 1 1
38 1 -1
38 -1 1
38 -1 -1
38 0 0
38 0 1
38 1 0
38 0 -1
38 -1 0
38 1 1
38 1 -1
38 -1 1
38 -1 -1
38 0 0
38 0 1
38 1 0
38 0 -1
38 -1 0
38 1 1
38 1 -1
38 -1 1
38 -1 -1
38 0 0
38 0 1
38 1 0
38 0 -1
38 -1 0
38 1 1
38 1 -1
38 -1 1
38 -1 -1
38 0 0
38 0 1
38 1 0
38 0 -1
38 -1 0
38 1 1
38 1 -1
38 -1 1
38 -1 -1
38 0 0
38 0 1
38 1 0
38 0 -1
38 -1 0
38 1 1
38 1 -1
38 -1 1
38 -1 -1
38 0 0
38 0 1
38 1 0
38 0 -1
38 -1 0
38 1 1
38 1 -1
38 -1 1
38 -1 -1
38 0 0
38 0 1
38 1 0
38 0 -1
38 -1 0
38 1 1
38 1 -1
38 -1 1
38 -1 -1
39 0 0
39 0 1
39 1 0
39 0 -1
39 -1 0
39 1 1
39 1 -1
39 -1 1
39 -1 -1
39 0 0
39 0 1
39 1 0
39 0 -1
39 -1 0
39 1 1
39 1 -1
39 -1 1
39 -1 -1
39 0 0
39 0 1
39 1 0
39 0 -1
39 -1 0
39 1 1
39 1 -1
39 -1 1
39 -1 -1
39 0 0
39 0 1
39 1 0
39 0 -1
39 -1 0
39 1 1
39 1 -1
39 -1 1
39 -1 -1
39 0 0
39 0 1
39 1 0
39 0 -1
39 -1 0
39 1 1
39 1 -1
39 -1 1
39 -1 -1
39 0 0
39 0 1
39 1 0
39 0 -1
39 -1 0
39 1 1
39 1 -1
39 -1 1
39 -1 -1
39 0 0
39 0 1
39 1 0
39 0 -1
39 -1 0
39 1 1
39 1 -1
39 -1 1
39 -1 -1
39 0 0
39 0 1
39 1 0
39 0 -1
39 -1 0
39 1 1
39 1 -1
39 -1 1
39 -1 -1
39 0 0
39 0 1
39 1 0
39 0 -1
39 -1 0
39 1 1
39 1 -1
39 -1 1
39 -1 -1
39 0 0
39 0 1
39 1 0
39 0 -1
39 -1 0
39 1 1
39 1 -1
39 -1 1
39 -1 -1
39 0 0
39 0 1
39 1 0
39 0 -1
39 -1 0
39 1 1
39 1 -1
39 -1 1
39 -1 -1
39 0 0
39 0 1
39 1 0
39 0 -1
39 -1 0
39 1 1
39 1 -1
39 -1 1
39 -1 -1
39 0 0
39 0 1
39 1 0
39 0 -1
39 -1 0
39 1 1
39 1 -1
39 -1 1
39 -1 -1
39 0 0
39 0 1
39 1 0
39 0 -1
39 -1 0
39 1 1
39 1 -1
39 -1 1
39 -1 -1
39 0 0
39 0 1
39 1 0
39 0 -1
39 -1 0
39 1 1
39 1 -1
39 -1 1
39 -1 -1
39 0 0
39 0 1
39 1 0
39 0 -1
39 -1 0
39 1 1
39 1 -1
39 -1 1
39 -1 -1
39 0 0
39 0 1
39 1 0
39 0 -1
39 -1 0
39 1 1
39 1 -1
39 -1 1
39 -1 -1
40 0 0
40 0 1
40 1 0
40 0 -1
40 -1 0
40 1 1
40 1 -1
40 -1 1
40 -1 -1
40 0 0
40 0 1
40 1 0
40 0 -1
40 -1 0
40 1 1
40 1 -1
40 -1 1
40 -1 -1
40 0 0
40 0 1
40 1 0
40 0 -1
40 -1 0
40 1 1
40 1 -1
40 -1 1
40 -1 -1
40 0 0
40 0 1
40 1 0
40 0 -1
40 -1 0
40 1 1
40 1 -1
40 -1 1
40 -1 -1
40 0 0
40 0 1
40 1 0
40 0 -1
40 -1 0
40 1 1
40 1 -1
40 -1 1
40 -1 -1
40 0 0
40 0 1
40 1 0
40 0 -1
40 -1 0
40 1 1
40 1 -1
40 -1 1
40 -1 -1
40 0 0
40 0 1
40 1 0
40 0 -1
40 -1 0
40 1 1
40 1 -1
40 -1 1
40 -1 -1
40 0 0
40 0 1
40 1 0
40 0 -1
40 -1 0
40 1 1
40 1 -1
40 -1 1
40 -1 -1
40 0 0
40 0 1
40 1 0
40 0 -1
40 -1 0
40 1 1
40 1 -1
40 -1 1
40 -1 -1
40 0 0
40 0 1
40 1 0
40 0 -1
40 -1 0
40 1 1
40 1 -1
40 -1 1
40 -1 -1
40 0 0
40 0 1
40 1 0
40 0 -1
40 -1 0
40 1 1
40 1 -1
40 -1 1
40 -1 -1
40 0 0
40 0 1
40 1 0
40 0 -1
40 -1 0
40 1 1
40 1 -1
40 -1 1
40 -1 -1
40 0 0
40 0 1
40 1 0
40 0 -1
40 -1 0
40 1 1
40 1 -1
40 -1 1
40 -1 -1
40 0 0
40 0 1
40 1 0
40 0 -1
40 -1 0
40 1 1
40 1 -1
40 -1 1
40 -1 -1
40 0 0
40 0 1
40 1 0
40 0 -1
40 -1 0
40 1 1
40 1 -1
40 -1 1
40 -1 -1
40 0 0
40 0 1
40 1 0
40 0 -1
40 -1 0
40 1 1
40 1 -1
40 -1 1
40 -1 -1
40 0 0
40 0 1
40 1 0
40 0 -1
40 -1 0
40 1 1
40 1 -1
40 -1 1
40 -1 -1
41 0 0
41 0 1
41 1 0
41 0 -1
41 -1 0
41 1 1
41 1 -1
41 -1 1
41 -1 -1
41 0 0
41 0 1
41 1 0
41 0 -1
41 -1 0
41 1 1
41 1 -1
41 -1 1
41 -1 -1
41 0 0
41 0 1
41 1 0
41 0 -1
41 -1 0
41 1 1
41 1 -1
41 -1 1
41 -1 -1
41 0 0
41 0 1
41 1 0
41 0 -1
41 -1 0
41 1 1
41 1 -1
41 -1 1
41 -1 -1
41 0 0
41 0 1
41 1 0
41 0 -1
41 -1 0
41 1 1
41 1 -1
41 -1 1
41 -1 -1
41 0 0
41 0 1
41 1 0
41 0 -1
41 -1 0
41 1 1
41 1 -1
41 -1 1
41 -1 -1
41 0 0
41 0 1
41 1 0
41 0 -1
41 -1 0
41 1 1
41 1 -1
41 -1 1
41 -1 -1
41 0 0
41 0 1
41 1 0
41 0 -1
41 -1 0
41 1 1
41 1 -1
41 -1 1
41 -1 -1
41 0 0
41 0 1
41 1 0
41 0 -1
41 -1 0
41 1 1
41 1 -1
41 -1 1
41 -1 -1
41 0 0
41 0 1
41 1 0
41 0 -1
41 -1 0
41 1 1
41 1 -1
41 -1 1
41 -1 -1
41 0 0
41 0 1
41 1 0
41 0 -1
41 -1 0
41 1 1
41 1 -1
41 -1 1
41 -1 -1
41 0 0
41 0 1
41 1 0
41 0 -1
41 -1 0
41 1 1
41 1 -1
41 -1 1
41 -1 -1
41 0 0
41 0 1
41 1 0
41 0 -1
41 -1 0
41 1 1
41 1 -1
41 -1 1
41 -1 -1
41 0 0
41 0 1
41 1 0
41 0 -1
41 -1 0
41 1 1
41 1 -1
41 -1 1
41 -1 -1
41 0 0
41 0 1
41 1 0
41 0 -1
41 -1 0
41 1 1
41 1 -1
41 -1 1
41 -1 -1
41 0 0
41 0 1
41 1 0
41 0 -1
41 -1 0
41 1 1
41 1 -1
41 -1 1
41 -1 -1
41 0 0
41 0 1
41 1 0
41 0 -1
41 -1 0
41 1 1
41 1 -1
41 -1 1
41 -1 -1
42 0 0
42 0 1
42 1 0
42 0 -1
42 -1 0
42 1 1
42 1 -1
42 -1 1
42 -1 -1
42 0 0
42 0 1
42 1 0
42 0 -1
42 -1 0
42 1 1
42 1 -1
42 -1 1
42 -1 -1
42 0 0
42 0 1
42 1 0
42 0 -1
42 -1 0
42 1 1
42 1 -1
42 -1 1
42 -1 -1
42 0 0
42 0 1
42 1 0
42 0 -1
42 -1 0
42 1 1
42 1 -1
42 -1 1
42 -1 -1
42 0 0
42 0 1
42 1 0
42 0 -1
42 -1 0
42 1 1
42 1 -1
42 -1 1
42 -1 -1
42 0 0
42 0 1
42 1 0
42 0 -1
42 -1 0
42 1 1
42 1 -1
42 -1 1
42 -1 -1
42 0 0
42 0 1
42 1 0
42 0 -1
42 -1 0
42 1 1
42 1 -1
42 -1 1
42 -1 -1
42 0 0
42 0 1
42 1 0
42 0 -1
42 -1 0
42 1 1
42 1 -1
42 -1 1
42 -1 -1
42 0 0
42 0 1
42 1 0
42 0 -1
42 -1 0
42 1 1
42 1 -1
42 -1 1
42 -1 -1
42 0 0
42 0 1
42 1 0
42 0 -1
42 -1 0
42 1 1
42 1 -1
42 -1 1
42 -1 -1
42 0 0
42 0 1
42 1 0
42 0 -1
42 -1 0
42 1 1
42 1 -1
42 -1 1
42 -1 -1
42 0 0
42 0 1
42 1 0
42 0 -1
42 -1 0
42 1 1
42 1 -1
42 -1 1
42 -1 -1
42 0 0
42 0 1
42 1 0
42 0 -1
42 -1 0
42 1 1
42 1 -1
42 -1 1
42 -1 -1
42 0 0
42 0 1
42 1 0
42 0 -1
42 -1 0
42 1 1
42 1 -1
42 -1 1
42 -1 -1
42 0 0
42 0 1
42 1 0
42 0 -1
42 -1 0
42 1 1
42 1 -1
42 -1 1
42 -1 -1
42 0 0
42 0 1
42 1 0
42 0 -1
42 -1 0
42 1 1
42 1 -1
42 -1 1
42 -1 -1
42 0 0
42 0 1
42 1 0
42 0 -1
42 -1 0
42 1 1
42 1 -1
42 -1 1
42 -1 -1
43 0 0
43 0 1
43 1 0
43 0 -1
43 -1 0
43 1 1
43 1 -1
43 -1 1
43 -1 -1
43 0 0
43 0 1
43 1 0
43 0 -1
43 -1 0
43 1 1
43 1 -1
43 -1 1
43 -1 -1
43 0 0
43 0 1
43 1 0
43 0 -1
43 -1 0
43 1 1
43 1 -1
43 -1 1
43 -1 -1
43 0 0
43 0 1
43 1 0
43 0 -1
43 -1 0
43 1 1
43 1 -1
43 -1 1
43 -1 -1
43 0 0
43 0 1
43 1 0
43 0 -1
43 -1 0
43 1 1
43 1 -1
43 -1 1
43 -1 -1
43 0 0
43 0 1
43 1 0
43 0 -1
43 -1 0
43 1 1
43 1 -1
43 -1 1
43 -1 -1
43 0 0
43 0 1
43 1 0
43 0 -1
43 -1 0
43 1 1
43 1 -1
43 -1 1
43 -1 -1
43 0 0
43 0 1
43 1 0
43 0 -1
43 -1 0
43 1 1
43 1 -1
43 -1 1
43 -1 -1
43 0 0
43 0 1
43 1 0
43 0 -1
43 -1 0
43 1 1
43 1 -1
43 -1 1
43 -1 -1
43 0 0
43 0 1
43 1 0
43 0 -1
43 -1 0
43 1 1
43 1 -1
43 -1 1
43 -1 -1
43 0 0
43 0 1
43 1 0
43 0 -1
43 -1 0
43 1 1
43 1 -1
43 -1 1
43 -1 -1
43 0 0
43 0 1
43 1 0
43 0 -1
43 -1 0
43 1 1
43 1 -1
43 -1 1
43 -1 -1
43 0 0
43 0 1
43 1 0
43 0 -1
43 -1 0
43 1 1
43 1 -1
43 -1 1
43 -1 -1
43 0 0
43 0 1
43 1 0
43 0 -1
43 -1 0
43 1 1
43 1 -1
43 -1 1
43 -1 -1
43 0 0
43 0 1
43 1 0
43 0 -1
43 -1 0
43 1 1
43 1 -1
43 -1 1
43 -1 -1
43 0 0
43 0 1
43 1 0
43 0 -1
43 -1 0
43 1 1
43 1 -1
43 -1 1
43 -1 -1
43 0 0
43 0 1
43 1 0
43 0 -1
43 -1 0
43 1 1
43 1 -1
43 -1 1
43 -1 -1
44 0 0
44 0 1
44 1 0
44 0 -1
44 -1 0
44 1 1
44 1 -1
44 -1 1
44 -1 -1
44 0 0
44 0 1
44 1 0
44 0 -1
44 -1 0
44 1 1
44 1 -1
44 -1 1
44 -1 -1
44 0 0
44 0 1
44 1 0
44 0 -1
44 -1 0
44 1 1
44 1 -1
44 -1 1
44 -1 -1
44 0 0
44 0 1
44 1 0
44 0 -1
44 -1 0
44 1 1
44 1 -1
44 -1 1
44 -1 -1
44 0 0
44 0 1
44 1 0
44 0 -1
44 -1 0
44 1 1
44 1 -1
44 -1 1
44 -1 -1
44 0 0
44 0 1
44 1 0
44 0 -1
44 -1 0
44 1 1
44 1 -1
44 -1 1
44 -1 -1
44 0 0
44 0 1
44 1 0
44 0 -1
44 -1 0
44 1 1
44 1 -1
44 -1 1
44 -1 -1
44 0 0
44 0 1
44 1 0
44 0 -1
44 -1 0
44 1 1
44 1 -1
44 -1 1
44 -1 -1
44 0 0
44 0 1
44 1 0
44 0 -1
44 -1 0
44 1 1
44 1 -1
44 -1 1
44 -1 -1
44 0 0
44 0 1
44 1 0
44 0 -1
44 -1 0
44 1 1
44 1 -1
44 -1 1
44 -1 -1
44 0 0
44 0 1
44 1 0
44 0 -1
44 -1 0
44 1 1
44 1 -1
44 -1 1
44 -1 -1
44 0 0
44 0 1
44 1 0
44 0 -1
44 -1 0
44 1 1
44 1 -1
44 -1 1
44 -1 -1
44 0 0
44 0 1
44 1 0
44 0 -1
44 -1 0
44 1 1
44 1 -1
44 -1 1
44 -1 -1
44 0 0
44 0 1
44 1 0
44 0 -1
44 -1 0
44 1 1
44 1 -1
44 -1 1
44 -1 -1
44 0 0
44 0 1
44 1 0
44 0 -1
44 -1 0
44 1 1
44 1 -1
44 -1 1
44 -1 -1
44 0 0
44 0 1
44 1 0
44 0 -1
44 -1 0
44 1 1
44 1 -1
44 -1 1
44 -1 -1
44 0 0
44 0 1
44 1 0
44 0 -1
44 -1 0
44 1 1
44 1 -1
44 -1 1
44 -1 -1
45 0 0
45 0 1
45 1 0
45 0 -1
45 -1 0
45 1 1
45 1 -1
45 -1 1
45 -1 -1
45 0 0
45 0 1
45 1 0
45 0 -1
45 -1 0
45 1 1
45 1 -1
45 -1 1
45 -1 -1
45 0 0
45 0 1
45 1 0
45 0 -1
45 -1 0
45 1 1
45 1 -1
45 -1 1
45 -1 -1
45 0 0
45 0 1
45 1 0
45 0 -1
45 -1 0
45 1 1
45 1 -1
45 -1 1
45 -1 -1
45 0 0
45 0 1
45 1 0
45 0 -1
45 -1 0
45 1 1
45 1 -1
45 -1 1
45 -1 -1
45 0 0
45 0 1
45 1 0
45 0 -1
45 -1 0
45 1 1
45 1 -1
45 -1 1
45 -1 -1
45 0 0
45 0 1
45 1 0
45 0 -1
45 -1 0
45 1 1
45 1 -1
45 -1 1
45 -1 -1
45 0 0
45 0 1
45 1 0
45 0 -1
45 -1 0
45 1 1
45 1 -1
45 -1 1
45 -1 -1
45 0 0
45 0 1
45 1 0
45 0 -1
45 -1 0
45 1 1
45 1 -1
45 -1 1
45 -1 -1
45 0 0
45 0 1
45 1 0
45 0 -1
45 -1 0
45 1 1
45 1 -1
45 -1 1
45 -1 -1
45 0 0
45 0 1
45 1 0
45 0 -1
45 -1 0
45 1 1
45 1 -1
45 -1 1
45 -1 -1
45 0 0
45 0 1
45 1 0
45 0 -1
45 -1 0
45 1 1
45 1 -1
45 -1 1
45 -1 -1
45 0 0
45 0 1
45 1 0
45 0 -1
45 -1 0
45 1 1
45 1 -1
45 -1 1
45 -1 -1
45 0 0
45 0 1
45 1 0
45 0 -1
45 -1 0
45 1 1
45 1 -1
45 -1 1
45 -1 -1
45 0 0
45 0 1
45 1 0
45 0 -1
45 -1 0
45 1 1
45 1 -1
45 -1 1
45 -1 -1
45 0 0
45 0 1
45 1 0
45 0 -1
45 -1 0
45 1 1
45 1 -1
45 -1 1
45 -1 -1
45 0 0
45 0 1
45 1 0
45 0 -1
45 -1 0
45 1 1
45 1 -1
45 -1 1
45 -1 -1
46 0 0
46 0 1
46 1 0
46 0 -1
46 -1 0
46 1 1
46 1 -1
46 -1 1
46 -1 -1
46 0 0
46 0 1
46 1 0
46 0 -1
46 -1 0
46 1 1
46 1 -1
46 -1 1
46 -1 -1
46 0 0
46 0 1
46 1 0
46 0 -1
46 -1 0
46 1 1
46 1 -1
46 -1 1
46 -1 -1
46 0 0
46 0 1
46 1 0
46 0 -1
46 -1 0
46 1 1
46 1 -1
46 -1 1
46 -1 -1
46 0 0
46 0 1
46 1 0
46 0 -1
46 -1 0
46 1 1
46 1 -1
46 -1 1
46 -1 -1
46 0 0
46 0 1
46 1 0
46 0 -1
46 -1 0
46 1 1
46 1 -1
46 -1 1
46 -1 -1
46 0 0
46 0 1
46 1 0
46 0 -1
46 -1 0
46 1 1
46 1 -1
46 -1 1
46 -1 -1
46 0 0
46 0 1
46 1 0
46 0 -1
46 -1 0
46 1 1
46 1 -1
46 -1 1
46 -1 -1
46 0 0
46 0 1
46 1 0
46 0 -1
46 -1 0
46 1 1
46 1 -1
46 -1 1
46 -1 -1
46 0 0
46 0 1
46 1 0
46 0 -1
46 -1 0
46 1 1
46 1 -1
46 -1 1
46 -1 -1
46 0 0
46 0 1
46 1 0
46 0 -1
46 -1 0
46 1 1
46 1 -1
46 -1 1
46 -1 -1
46 0 0
46 0 1
46 1 0
46 0 -1
46 -1 0
46 1 1
46 1 -1
46 -1 1
46 -1 -1
46 0 0
46 0 1
46 1 0
46 0 -1
46 -1 0
46 1 1
46 1 -1
46 -1 1
46 -1 -1
46 0 0
46 0 1
46 1 0
46 0 -1
46 -1 0
46 1 1
46 1 -1
46 -1 1
46 -1 -1
46 0 0
46 0 1
46 1 0
46 0 -1
46 -1 0
46 1 1
46 1 -1
46 -1 1
46 -1 -1
46 0 0
46 0 1
46 1 0
46 0 -1
46 -1 0
46 1 1
46 1 -1
46 -1 1
46 -1 -1
46 0 0
46 0 1
46 1 0
46 0 -1
46 -1 0
46 1 1
46 1 -1
46 -1 1
46 -1 -1
47 0 0
47 0 1
47 1 0
47 0 -1
47 -1 0
47 1 1
47 1 -1
47 -1 1
47 -1 -1
47 0 0
47 0 1
47 1 0
47 0 -1
47 -1 0
47 1 1
47 1 -1
47 -1 1
47 -1 -1
47 0 0
47 0 1
47 1 0
47 0 -1
47 -1 0
47 1 1
47 1 -1
47 -1 1
47 -1 -1
47 0 0
47 0 1
47 1 0
47 0 -1
47 -1 0
47 1 1
47 1 -1
47 -1 1
47 -1 -1
47 0 0
47 0 1
47 1 0
47 0 -1
47 -1 0
47 1 1
47 1 -1
47 -1 1
47 -1 -1
47 0 0
47 0 1
47 1 0
47 0 -1
47 -1 0
47 1 1
47 1 -1
47 -1 1
47 -1 -1
47 0 0
47 0 1
47 1 0
47 0 -1
47 -1 0
47 1 1
47 1 -1
47 -1 1
47 -1 -1
47 0 0
47 0 1
47 1 0
47 0 -1
47 -1 0
47 1 1
47 1 -1
47 -1 1
47 -1 -1
47 0 0
47 0 1
47 1 0
47 0 -1
47 -1 0
47 1 1
47 1 -1
47 -1 1
47 -1 -1
47 0 0
47 0 1
47 1 0
47 0 -1
47 -1 0
47 1 1
47 1 -1
47 -1 1
47 -1 -1
47 0 0
47 0 1
47 1 0
47 0 -1
47 -1 0
47 1 1
47 1 -1
47 -1 1
47 -1 -1
47 0 0
47 0 1
47 1 0
47 0 -1
47 -1 0
47 1 1
47 1 -1
47 -1 1
47 -1 -1
47 0 0
47 0 1
47 1 0
47 0 -1
47 -1 0
47 1 1
47 1 -1
47 -1 1
47 -1 -1
47 0 0
47 0 1
47 1 0
47 0 -1
47 -1 0
47 1 1
47 1 -1
47 -1 1
47 -1 -1
47 0 0
47 0 1
47 1 0
47 0 -1
47 -1 0
47 1 1
47 1 -1
47 -1 1
47 -1 -1
47 0 0
47 0 1
47 1 0
47 0 -1
47 -1 0
47 1 1
47 1 -1
47 -1 1
47 -1 -1
47 0 0
47 0 1
47 1 0
47 0 -1
47 -1 0
47 1 1
47 1 -1
47 -1 1
47 -1 -1
48 0 0
48 0 1
48 1 0
48 0 -1
48 -1 0
48 1 1
48 1 -1
48 -1 1
48 -1 -1
48 0 0
48 0 1
48 1 0
48 0 -1
48 -1 0
48 1 1
48 1 -1
48 -1 1
48 -1 -1
48 0 0
48 0 1
48 1 0
48 0 -1
48 -1 0
48 1 1
48 1 -1
48 -1 1
48 -1 -1
48 0 0
48 0 1
48 1 0
48 0 -1
48 -1 0
48 1 1
48 1 -1
48 -1 1
48 -1 -1
48 0 0
48 0 1
48 1 0
48 0 -1
48 -1 0
48 1 1
48 1 -1
48 -1 1
48 -1 -1
48 0 0
48 0 1
48 1 0
48 0 -1
48 -1 0
48 1 1
48 1 -1
48 -1 1
48 -1 -1
48 0 0
48 0 1
48 1 0
48 0 -1
48 -1 0
48 1 1
48 1 -1
48 -1 1
48 -1 -1
48 0 0
48 0 1
48 1 0
48 0 -1
48 -1 0
48 1 1
48 1 -1
48 -1 1
48 -1 -1
48 0 0
48 0 1
48 1 0
48 0 -1
48 -1 0
48 1 1
48 1 -1
48 -1 1
48 -1 -1
48 0 0
48 0 1
48 1 0
48 0 -1
48 -1 0
48 1 1
48 1 -1
48 -1 1
48 -1 -1
48 0 0
48 0 1
48 1 0
48 0 -1
48 -1 0
48 1 1
48 1 -1
48 -1 1
48 -1 -1
48 0 0
48 0 1
48 1 0
48 0 -1
48 -1 0
48 1 1
48 1 -1
48 -1 1
48 -1 -1
48 0 0
48 0 1
48 1 0
48 0 -1
48 -1 0
48 1 1
48 1 -1
48 -1 1
48 -1 -1
48 0 0
48 0 1
48 1 0
48 0 -1
48 -1 0
48 1 1
48 1 -1
48 -1 1
48 -1 -1
48 0 0
48 0 1
48 1 0
48 0 -1
48 -1 0
48 1 1
48 1 -1
48 -1 1
48 -1 -1
48 0 0
48 0 1
48 1 0
48 0 -1
48 -1 0
48 1 1
48 1 -1
48 -1 1
48 -1 -1
48 0 0
48 0 1
48 1 0
48 0 -1
48 -1 0
48 1 1
48 1 -1
48 -1 1
48 -1 -1
49 0 0
49 0 1
49 1 0
49 0 -1
49 -1 0
49 1 1
49 1 -1
49 -1 1
49 -1 -1
49 0 0
49 0 1
49 1 0
49 0 -1
49 -1 0
49 1 1
49 1 -1
49 -1 1
49 -1 -1
49 0 0
49 0 1
49 1 0
49 0 -1
49 -1 0
49 1 1
49 1 -1
49 -1 1
49 -1 -1
49 0 0
49 0 1
49 1 0
49 0 -1
49 -1 0
49 1 1
49 1 -1
49 -1 1
49 -1 -1
49 0 0
49 0 1
49 1 0
49 0 -1
49 -1 0
49 1 1
49 1 -1
49 -1 1
49 -1 -1
49 0 0
49 0 1
49 1 0
49 0 -1
49 -1 0
49 1 1
49 1 -1
49 -1 1
49 -1 -1
49 0 0
49 0 1
49 1 0
49 0 -1
49 -1 0
49 1 1
49 1 -1
49 -1 1
49 -1 -1
49 0 0
49 0 1
49 1 0
49 0 -1
49 -1 0
49 1 1
49 1 -1
49 -1 1
49 -1 -1
49 0 0
49 0 1
49 1 0
49 0 -1
49 -1 0
49 1 1
49 1 -1
49 -1 1
49 -1 -1
49 0 0
49 0 1
49 1 0
49 0 -1
49 -1 0
49 1 1
49 1 -1
49 -1 1
49 -1 -1
49 0 0
49 0 1
49 1 0
49 0 -1
49 -1 0
49 1 1
49 1 -1
49 -1 1
49 -1 -1
49 0 0
49 0 1
49 1 0
49 0 -1
49 -1 0
49 1 1
49 1 -1
49 -1 1
49 -1 -1
49 0 0
49 0 1
49 1 0
49 0 -1
49 -1 0
49 1 1
49 1 -1
49 -1 1
49 -1 -1
49 0 0
49 0 1
49 1 0
49 0 -1
49 -1 0
49 1 1
49 1 -1
49 -1 1
49 -1 -1
49 0 0
49 0 1
49 1 0
49 0 -1
49 -1 0
49 1 1
49 1 -1
49 -1 1
49 -1 -1
49 0 0
49 0 1
49 1 0
49 0 -1
49 -1 0
49 1 1
49 1 -1
49 -1 1
49 -1 -1
49 0 0
49 0 1
49 1 0
49 0 -1
49 -1 0
49 1 1
49 1 -1
49 -1 1
49 -1 -1
50 0 0
50 0 1
50 1 0
50 0 -1
50 -1 0
50 1 1
50 1 -1
50 -1 1
50 -1 -1
50 0 0
50 0 1
50 1 0
50 0 -1
50 -1 0
50 1 1
50 1 -1
50 -1 1
50 -1 -1
50 0 0
50 0 1
50 1 0
50 0 -1
50 -1 0
50 1 1
50 1 -1
50 -1 1
50 -1 -1
50 0 0
50 0 1
50 1 0
50 0 -1
50 -1 0
50 1 1
50 1 -1
50 -1 1
50 -1 -1
50 0 0
50 0 1
50 1 0
50 0 -1
50 -1 0
50 1 1
50 1 -1
50 -1 1
50 -1 -1
50 0 0
50 0 1
50 1 0
50 0 -1
50 -1 0
50 1 1
50 1 -1
50 -1 1
50 -1 -1
50 0 0
50 0 1
50 1 0
50 0 -1
50 -1 0
50 1 1
50 1 -1
50 -1 1
50 -1 -1
50 0 0
50 0 1
50 1 0
50 0 -1
50 -1 0
50 1 1
50 1 -1
50 -1 1
50 -1 -1
50 0 0
50 0 1
50 1 0
50 0 -1
50 -1 0
50 1 1
50 1 -1
50 -1 1
50 -1 -1
50 0 0
50 0 1
50 1 0
50 0 -1
50 -1 0
50 1 1
50 1 -1
50 -1 1
50 -1 -1
50 0 0
50 0 1
50 1 0
50 0 -1
50 -1 0
50 1 1
50 1 -1
50 -1 1
50 -1 -1
50 0 0
50 0 1
50 1 0
50 0 -1
50 -1 0
50 1 1
50 1 -1
50 -1 1
50 -1 -1
50 0 0
50 0 1
50 1 0
50 0 -1
50 -1 0
50 1 1
50 1 -1
50 -1 1
50 -1 -1
50 0 0
50 0 1
50 1 0
50 0 -1
50 -1 0
50 1 1
50 1 -1
50 -1 1
50 -1 -1
50 0 0
50 0 1
50 1 0
50 0 -1
50 -1 0
50 1 1
50 1 -1
50 -1 1
50 -1 -1
50 0 0
50 0 1
50 1 0
50 0 -1
50 -1 0
50 1 1
50 1 -1
50 -1 1
50 -1 -1
50 0 0
50 0 1
50 1 0
50 0 -1
50 -1 0
50 1 1
50 1 -1
50 -1 1
50 -1 -1
51 0 0
51 0 1
51 1 0
51 0 -1
51 -1 0
51 1 1
51 1 -1
51 -1 1
51 -1 -1
51 0 0
51 0 1
51 1 0
51 0 -1
51 -1 0
51 1 1
51 1 -1
51 -1 1
51 -1 -1
51 0 0
51 0 1
51 1 0
51 0 -1
51 -1 0
51 1 1
51 1 -1
51 -1 1
51 -1 -1
51 0 0
51 0 1
51 1 0
51 0 -1
51 -1 0
51 1 1
51 1 -1
51 -1 1
51 -1 -1
51 0 0
51 0 1
51 1 0
51 0 -1
51 -1 0
51 1 1
51 1 -1
51 -1 1
51 -1 -1
51 0 0
51 0 1
51 1 0
51 0 -1
51 -1 0
51 1 1
51 1 -1
51 -1 1
51 -1 -1
51 0 0
51 0 1
51 1 0
51 0 -1
51 -1 0
51 1 1
51 1 -1
51 -1 1
51 -1 -1
51 0 0
51 0 1
51 1 0
51 0 -1
51 -1 0
51 1 1
51 1 -1
51 -1 1
51 -1 -1
51 0 0
51 0 1
51 1 0
51 0 -1
51 -1 0
51 1 1
51 1 -1
51 -1 1
51 -1 -1
51 0 0
51 0 1
51 1 0
51 0 -1
51 -1 0
51 1 1
51 1 -1
51 -1 1
51 -1 -1
51 0 0
51 0 1
51 1 0
51 0 -1
51 -1 0
51 1 1
51 1 -1
51 -1 1
51 -1 -1
51 0 0
51 0 1
51 1 0
51 0 -1
51 -1 0
51 1 1
51 1 -1
51 -1 1
51 -1 -1
51 0 0
51 0 1
51 1 0
51 0 -1
51 -1 0
51 1 1
51 1 -1
51 -1 1
51 -1 -1
51 0 0
51 0 1
51 1 0
51 0 -1
51 -1 0
51 1 1
51 1 -1
51 -1 1
51 -1 -1
51 0 0
51 0 1
51 1 0
51 0 -1
51 -1 0
51 1 1
51 1 -1
51 -1 1
51 -1 -1
51 0 0
51 0 1
51 1 0
51 0 -1
51 -1 0
51 1 1
51 1 -1
51 -1 1
51 -1 -1
51 0 0
51 0 1
51 1 0
51 0 -1
51 -1 0
51 1 1
51 1 -1
51 -1 1
51 -1 -1
52 0 0
52 0 1
52 1 0
52 0 -1
52 -1 0
52 1 1
52 1 -1
52 -1 1
52 -1 -1
52 0 0
52 0 1
52 1 0
52 0 -1
52 -1 0
52 1 1
52 1 -1
52 -1 1
52 -1 -1
52 0 0
52 0 1
52 1 0
52 0 -1
52 -1 0
52 1 1
52 1 -1
52 -1 1
52 -1 -1
52 0 0
52 0 1
52 1 0
52 0 -1
52 -1 0
52 1 1
52 1 -1
52 -1 1
52 -1 -1
52 0 0
52 0 1
52 1 0
52 0 -1
52 -1 0
52 1 1
52 1 -1
52 -1 1
52 -1 -1
52 0 0
52 0 1
52 1 0
52 0 -1
52 -1 0
52 1 1
52 1 -1
52 -1 1
52 -1 -1
52 0 0
52 0 1
52 1 0
52 0 -1
52 -1 0
52 1 1
52 1 -1
52 -1 1
52 -1 -1
52 0 0
52 0 1
52 1 0
52 0 -1
52 -1 0
52 1 1
52 1 -1
52 -1 1
52 -1 -1
52 0 0
52 0 1
52 1 0
52 0 -1
52 -1 0
52 1 1
52 1 -1
52 -1 1
52 -1 -1
52 0 0
52 0 1
52 1 0
52 0 -1
52 -1 0
52 1 1
52 1 -1
52 -1 1
52 -1 -1
52 0 0
52 0 1
52 1 0
52 0 -1
52 -1 0
52 1 1
52 1 -1
52 -1 1
52 -1 -1
52 0 0
52 0 1
52 1 0
52 0 -1
52 -1 0
52 1 1
52 1 -1
52 -1 1
52 -1 -1
52 0 0
52 0 1
52 1 0
52 0 -1
52 -1 0
52 1 1
52 1 -1
52 -1 1
52 -1 -1
52 0 0
52 0 1
52 1 0
52 0 -1
52 -1 0
52 1 1
52 1 -1
52 -1 1
52 -1 -1
52 0 0
52 0 1
52 1 0
52 0 -1
52 -1 0
52 1 1
52 1 -1
52 -1 1
52 -1 -1
52 0 0
52 0 1
52 1 0
52 0 -1
52 -1 0
52 1 1
52 1 -1
52 -1 1
52 -1 -1
52 0 0
52 0 1
52 1 0
52 0 -1
52 -1 0
52 1 1
52 1 -1
52 -1 1
52 -1 -1
53 0 0
53 0 1
53 1 0
53 0 -1
53 -1 0
53 1 1
53 1 -1
53 -1 1
53 -1 -1
53 0 0
53 0 1
53 1 0
53 0 -1
53 -1 0
53 1 1
53 1 -1
53 -1 1
53 -1 -1
53 0 0
53 0 1
53 1 0
53 0 -1
53 -1 0
53 1 1
53 1 -1
53 -1 1
53 -1 -1
53 0 0
53 0 1
53 1 0
53 0 -1
53 -1 0
53 1 1
53 1 -1
53 -1 1
53 -1 -1
53 0 0
53 0 1
53 1 0
53 0 -1
53 -1 0
53 1 1
53 1 -1
53 -1 1
53 -1 -1
53 0 0
53 0 1
53 1 0
53 0 -1
53 -1 0
53 1 1
53 1 -1
53 -1 1
53 -1 -1
53 0 0
53 0 1
53 1 0
53 0 -1
53 -1 0
53 1 1
53 1 -1
53 -1 1
53 -1 -1
53 0 0
53 0 1
53 1 0
53 0 -1
53 -1 0
53 1 1
53 1 -1
53 -1 1
53 -1 -1
53 0 0
53 0 1
53 1 0
53 0 -1
53 -1 0
53 1 1
53 1 -1
53 -1 1
53 -1 -1
53 0 0
53 0 1
53 1 0
53 0 -1
53 -1 0
53 1 1
53 1 -1
53 -1 1
53 -1 -1
53 0 0
53 0 1
53 1 0
53 0 -1
53 -1 0
53 1 1
53 1 -1
53 -1 1
53 -1 -1
53 0 0
53 0 1
53 1 0
53 0 -1
53 -1 0
53 1 1
53 1 -1
53 -1 1
53 -1 -1
53 0 0
53 0 1
53 1 0
53 0 -1
53 -1 0
53 1 1
53 1 -1
53 -1 1
53 -1 -1
53 0 0
53 0 1
53 1 0
53 0 -1
53 -1 0
53 1 1
53 1 -1
53 -1 1
53 -1 -1
53 0 0
53 0 1
53 1 0
53 0 -1
53 -1 0
53 1 1
53 1 -1
53 -1 1
53 -1 -1
53 0 0
53 0 1
53 1 0
53 0 -1
53 -1 0
53 1 1
53 1 -1
53 -1 1
53 -1 -1
53 0 0
53 0 1
53 1 0
53 0 -1
53 -1 0
53 1 1
53 1 -1
53 -1 1
53 -1 -1
54 0 0
54 0 1
54 1 0
54 0 -1
54 -1 0
54 1 1
54 1 -1
54 -1 1
54 -1 -1
54 0 0
54 0 1
54 1 0
54 0 -1
54 -1 0
54 1 1
54 1 -1
54 -1 1
54 -1 -1
54 0 0
54 0 1
54 1 0
54 0 -1
54 -1 0
54 1 1
54 1 -1
54 -1 1
54 -1 -1
54 0 0
54 0 1
54 1 0
54 0 -1
54 -1 0
54 1 1
54 1 -1
54 -1 1
54 -1 -1
54 0 0
54 0 1
54 1 0
54 0 -1
54 -1 0
54 1 1
54 1 -1
54 -1 1
54 -1 -1
54 0 0
54 0 1
54 1 0
54 0 -1
54 -1 0
54 1 1
54 1 -1
54 -1 1
54 -1 -1
54 0 0
54 0 1
54 1 0
54 0 -1
54 -1 0
54 1 1
54 1 -1
54 -1 1
54 -1 -1
54 0 0
54 0 1
54 1 0
54 0 -1
54 -1 0
54 1 1
54 1 -1
54 -1 1
54 -1 -1
54 0 0
54 0 1
54 1 0
54 0 -1
54 -1 0
54 1 1
54 1 -1
54 -1 1
54 -1 -1
54 0 0
54 0 1
54 1 0
54 0 -1
54 -1 0
54 1 1
54 1 -1
54 -1 1
54 -1 -1
54 0 0
54 0 1
54 1 0
54 0 -1
54 -1 0
54 1 1
54 1 -1
54 -1 1
54 -1 -1
54 0 0
54 0 1
54 1 0
54 0 -1
54 -1 0
54 1 1
54 1 -1
54 -1 1
54 -1 -1
54 0 0
54 0 1
54 1 0
54 0 -1
54 -1 0
54 1 1
54 1 -1
54 -1 1
54 -1 -1
54 0 0
54 0 1
54 1 0
54 0 -1
54 -1 0
54 1 1
54 1 -1
54 -1 1
54 -1 -1
54 0 0
54 0 1
54 1 0
54 0 -1
54 -1 0
54 1 1
54 1 -1
54 -1 1
54 -1 -1
54 0 0
54 0 1
54 1 0
54 0 -1
54 -1 0
54 1 1
54 1 -1
54 -1 1
54 -1 -1
54 0 0
54 0 1
54 1 0
54 0 -1
54 -1 0
54 1 1
54 1 -1
54 -1 1
54 -1 -1
55 0 0
55 0 1
55 1 0
55 0 -1
55 -1 0
55 1 1
55 1 -1
55 -1 1
55 -1 -1
55 0 0
55 0 1
55 1 0
55 0 -1
55 -1 0
55 1 1
55 1 -1
55 -1 1
55 -1 -1
55 0 0
55 0 1
55 1 0
55 0 -1
55 -1 0
55 1 1
55 1 -1
55 -1 1
55 -1 -1
55 0 0
55 0 1
55 1 0
55 0 -1
55 -1 0
55 1 1
55 1 -1
55 -1 1
55 -1 -1
55 0 0
55 0 1
55 1 0
55 0 -1
55 -1 0
55 1 1
55 1 -1
55 -1 1
55 -1 -1
55 0 0
55 0 1
55 1 0
55 0 -1
55 -1 0
55 1 1
55 1 -1
55 -1 1
55 -1 -1
55 0 0
55 0 1
55 1 0
55 0 -1
55 -1 0
55 1 1
55 1 -1
55 -1 1
55 -1 -1
55 0 0
55 0 1
55 1 0
55 0 -1
55 -1 0
55 1 1
55 1 -1
55 -1 1
55 -1 -1
55 0 0
55 0 1
55 1 0
55 0 -1
55 -1 0
55 1 1
55 1 -1
55 -1 1
55 -1 -1
55 0 0
55 0 1
55 1 0
55 0 -1
55 -1 0
55 1 1
55 1 -1
55 -1 1
55 -1 -1
55 0 0
55 0 1
55 1 0
55 0 -1
55 -1 0
55 1 1
55 1 -1
55 -1 1
55 -1 -1
55 0 0
55 0 1
55 1 0
55 0 -1
55 -1 0
55 1 1
55 1 -1
55 -1 1
55 -1 -1
55 0 0
55 0 1
55 1 0
55 0 -1
55 -1 0
55 1 1
55 1 -1
55 -1 1
55 -1 -1
55 0 0
55 0 1
55 1 0
55 0 -1
55 -1 0
55 1 1
55 1 -1
55 -1 1
55 -1 -1
55 0 0
55 0 1
55 1 0
55 0 -1
55 -1 0
55 1 1
55 1 -1
55 -1 1
55 -1 -1
55 0 0
55 0 1
55 1 0
55 0 -1
55 -1 0
55 1 1
55 1 -1
55 -1 1
55 -1 -1
55 0 0
55 0 1
55 1 0
55 0 -1
55 -1 0
55 1 1
55 1 -1
55 -1 1
55 -1 -1
56 0 0
56 0 1
56 1 0
56 0 -1
56 -1 0
56 1 1
56 1 -1
56 -1 1
56 -1 -1
56 0 0
56 0 1
56 1 0
56 0 -1
56 -1 0
56 1 1
56 1 -1
56 -1 1
56 -1 -1
56 0 0
56 0 1
56 1 0
56 0 -1
56 -1 0
56 1 1
56 1 -1
56 -1 1
56 -1 -1
56 0 0
56 0 1
56 1 0
56 0 -1
56 -1 0
56 1 1
56 1 -1
56 -1 1
56 -1 -1
56 0 0
56 0 1
56 1 0
56 0 -1
56 -1 0
56 1 1
56 1 -1
56 -1 1
56 -1 -1
56 0 0
56 0 1
56 1 0
56 0 -1
56 -1 0
56 1 1
56 1 -1
56 -1 1
56 -1 -1
56 0 0
56 0 1
56 1 0
56 0 -1
56 -1 0
56 1 1
56 1 -1
56 -1 1
56 -1 -1
56 0 0
56 0 1
56 1 0
56 0 -1
56 -1 0
56 1 1
56 1 -1
56 -1 1
56 -1 -1
56 0 0
56 0 1
56 1 0
56 0 -1
56 -1 0
56 1 1
56 1 -1
56 -1 1
56 -1 -1
56 0 0
56 0 1
56 1 0
56 0 -1
56 -1 0
56 1 1
56 1 -1
56 -1 1
56 -1 -1
56 0 0
56 0 1
56 1 0
56 0 -1
56 -1 0
56 1 1
56 1 -1
56 -1 1
56 -1 -1
56 0 0
56 0 1
56 1 0
56 0 -1
56 -1 0
56 1 1
56 1 -1
56 -1 1
56 -1 -1
56 0 0
56 0 1
56 1 0
56 0 -1
56 -1 0
56 1 1
56 1 -1
56 -1 1
56 -1 -1
56 0 0
56 0 1
56 1 0
56 0 -1
56 -1 0
56 1 1
56 1 -1
56 -1 1
56 -1 -1
56 0 0
56 0 1
56 1 0
56 0 -1
56 -1 0
56 1 1
56 1 -1
56 -1 1
56 -1 -1
56 0 0
56 0 1
56 1 0
56 0 -1
56 -1 0
56 1 1
56 1 -1
56 -1 1
56 -1 -1
56 0 0
56 0 1
56 1 0
56 0 -1
56 -1 0
56 1 1
56 1 -1
56 -1 1
56 -1 -1
57 0 0
57 0 1
57 1 0
57 0 -1
57 -1 0
57 1 1
57 1 -1
57 -1 1
57 -1 -1
57 0 0
57 0 1
57 1 0
57 0 -1
57 -1 0
57 1 1
57 1 -1
57 -1 1
57 -1 -1
57 0 0
57 0 1
57 1 0
57 0 -1
57 -1 0
57 1 1
57 1 -1
57 -1 1
57 -1 -1
57 0 0
57 0 1
57 1 0
57 0 -1
57 -1 0
57 1 1
57 1 -1
57 -1 1
57 -1 -1
57 0 0
57 0 1
57 1 0
57 0 -1
57 -1 0
57 1 1
57 1 -1
57 -1 1
57 -1 -1
57 0 0
57 0 1
57 1 0
57 0 -1
57 -1 0
57 1 1
57 1 -1
57 -1 1
57 -1 -1
57 0 0
57 0 1
57 1 0
57 0 -1
57 -1 0
57 1 1
57 1 -1
57 -1 1
57 -1 -1
57 0 0
57 0 1
57 1 0
57 0 -1
57 -1 0
57 1 1
57 1 -1
57 -1 1
57 -1 -1
57 0 0
57 0 1
57 1 0
57 0 -1
57 -1 0
57 1 1
57 1 -1
57 -1 1
57 -1 -1
57 0 0
57 0 1
57 1 0
57 0 -1
57 -1 0
57 1 1
57 1 -1
57 -1 1
57 -1 -1
57 0 0
57 0 1
57 1 0
57 0 -1
57 -1 0
57 1 1
57 1 -1
57 -1 1
57 -1 -1
57 0 0
57 0 1
57 1 0
57 0 -1
57 -1 0
57 1 1
57 1 -1
57 -1 1
57 -1 -1
57 0 0
57 0 1
57 1 0
57 0 -1
57 -1 0
57 1 1
57 1 -1
57 -1 1
57 -1 -1
57 0 0
57 0 1
57 1 0
57 0 -1
57 -1 0
57 1 1
57 1 -1
57 -1 1
57 -1 -1
57 0 0
57 0 1
57 1 0
57 0 -1
57 -1 0
57 1 1
57 1 -1
57 -1 1
57 -1 -1
57 0 0
57 0 1
57 1 0
57 0 -1
57 -1 0
57 1 1
57 1 -1
57 -1 1
57 -1 -1
57 0 0
57 0 1
57 1 0
57 0 -1
57 -1 0
57 1 1
57 1 -1
57 -1 1
57 -1 -1
58 0 0
58 0 1
58 1 0
58 0 -1
58 -1 0
58 1 1
58 1 -1
58 -1 1
58 -1 -1
58 0 0
58 0 1
58 1 0
58 0 -1
58 -1 0
58 1 1
58 1 -1
58 -1 1
58 -1 -1
58 0 0
58 0 1
58 1 0
58 0 -1
58 -1 0
58 1 1
58 1 -1
58 -1 1
58 -1 -1
58 0 0
58 0 1
58 1 0
58 0 -1
58 -1 0
58 1 1
58 1 -1
58 -1 1
58 -1 -1
58 0 0
58 0 1
58 1 0
58 0 -1
58 -1 0
58 1 1
58 1 -1
58 -1 1
58 -1 -1
58 0 0
58 0 1
58 1 0
58 0 -1
58 -1 0
58 1 1
58 1 -1
58 -1 1
58 -1 -1
58 0 0
58 0 1
58 1 0
58 0 -1
58 -1 0
58 1 1
58 1 -1
58 -1 1
58 -1 -1
58 0 0
58 0 1
58 1 0
58 0 -1
58 -1 0
58 1 1
58 1 -1
58 -1 1
58 -1 -1
58 0 0
58 0 1
58 1 0
58 0 -1
58 -1 0
58 1 1
58 1 -1
58 -1 1
58 -1 -1
58 0 0
58 0 1
58 1 0
58 0 -1
58 -1 0
58 1 1
58 1 -1
58 -1 1
58 -1 -1
58 0 0
58 0 1
58 1 0
58 0 -1
58 -1 0
58 1 1
58 1 -1
58 -1 1
58 -1 -1
58 0 0
58 0 1
58 1 0
58 0 -1
58 -1 0
58 1 1
58 1 -1
58 -1 1
58 -1 -1
58 0 0
58 0 1
58 1 0
58 0 -1
58 -1 0
58 1 1
58 1 -1
58 -1 1
58 -1 -1
58 0 0
58 0 1
58 1 0
58 0 -1
58 -1 0
58 1 1
58 1 -1
58 -1 1
58 -1 -1
58 0 0
58 0 1
58 1 0
58 0 -1
58 -1 0
58 1 1
58 1 -1
58 -1 1
58 -1 -1
58 0 0
58 0 1
58 1 0
58 0 -1
58 -1 0
58 1 1
58 1 -1
58 -1 1
58 -1 -1
58 0 0
58 0 1
58 1 0
58 0 -1
58 -1 0
58 1 1
58 1 -1
58 -1 1
58 -1 -1
59 0 0
59 0 1
59 1 0
59 0 -1
59 -1 0
59 1 1
59 1 -1
59 -1 1
59 -1 -1
59 0 0
59 0 1
59 1 0
59 0 -1
59 -1 0
59 1 1
59 1 -1
59 -1 1
59 -1 -1
59 0 0
59 0 1
59 1 0
59 0 -1
59 -1 0
59 1 1
59 1 -1
59 -1 1
59 -1 -1
59 0 0
59 0 1
59 1 0
59 0 -1
59 -1 0
59 1 1
59 1 -1
59 -1 1
59 -1 -1
59 0 0
59 0 1
59 1 0
59 0 -1
59 -1 0
59 1 1
59 1 -1
59 -1 1
59 -1 -1
59 0 0
59 0 1
59 1 0
59 0 -1
59 -1 0
59 1 1
59 1 -1
59 -1 1
59 -1 -1
59 0 0
59 0 1
59 1 0
59 0 -1
59 -1 0
59 1 1
59 1 -1
59 -1 1
59 -1 -1
59 0 0
59 0 1
59 1 0
59 0 -1
59 -1 0
59 1 1
59 1 -1
59 -1 1
59 -1 -1
59 0 0
59 0 1
59 1 0
59 0 -1
59 -1 0
59 1 1
59 1 -1
59 -1 1
59 -1 -1
59 0 0
59 0 1
59 1 0
59 0 -1
59 -1 0
59 1 1
59 1 -1
59 -1 1
59 -1 -1
59 0 0
59 0 1
59 1 0
59 0 -1
59 -1 0
59 1 1
59 1 -1
59 -1 1
59 -1 -1
59 0 0
59 0 1
59 1 0
59 0 -1
59 -1 0
59 1 1
59 1 -1
59 -1 1
59 -1 -1
59 0 0
59 0 1
59 1 0
59 0 -1
59 -1 0
59 1 1
59 1 -1
59 -1 1
59 -1 -1
59 0 0
59 0 1
59 1 0
59 0 -1
59 -1 0
59 1 1
59 1 -1
59 -1 1
59 -1 -1
59 0 0
59 0 1
59 1 0
59 0 -1
59 -1 0
59 1 1
59 1 -1
59 -1 1
59 -1 -1
59 0 0
59 0 1
59 1 0
59 0 -1
59 -1 0
59 1 1
59 1 -1
59 -1 1
59 -1 -1
59 0 0
59 0 1
59 1 0
59 0 -1
59 -1 0
59 1 1
59 1 -1
59 -1 1
59 -1 -1
60 0 0
60 0 1
60 1 0
60 0 -1
60 -1 0
60 1 1
60 1 -1
60 -1 1
60 -1 -1
60 0 0
60 0 1
60 1 0
60 0 -1
60 -1 0
60 1 1
60 1 -1
60 -1 1
60 -1 -1
60 0 0
60 0 1
60 1 0
60 0 -1
60 -1 0
60 1 1
60 1 -1
60 -1 1
60 -1 -1
60 0 0
60 0 1
60 1 0
60 0 -1
60 -1 0
60 1 1
60 1 -1
60 -1 1
60 -1 -1
60 0 0
60 0 1
60 1 0
60 0 -1
60 -1 0
60 1 1
60 1 -1
60 -1 1
60 -1 -1
60 0 0
60 0 1
60 1 0
60 0 -1
60 -1 0
60 1 1
60 1 -1
60 -1 1
60 -1 -1
60 0 0
60 0 1
60 1 0
60 0 -1
60 -1 0
60 1 1
60 1 -1
60 -1 1
60 -1 -1
60 0 0
60 0 1
60 1 0
60 0 -1
60 -1 0
60 1 1
60 1 -1
60 -1 1
60 -1 -1
60 0 0
60 0 1
60 1 0
60 0 -1
60 -1 0
60 1 1
60 1 -1
60 -1 1
60 -1 -1
60 0 0
60 0 1
60 1 0
60 0 -1
60 -1 0
60 1 1
60 1 -1
60 -1 1
60 -1 -1
60 0 0
60 0 1
60 1 0
60 0 -1
60 -1 0
60 1 1
60 1 -1
60 -1 1
60 -1 -1
60 0 0
60 0 1
60 1 0
60 0 -1
60 -1 0
60 1 1
60 1 -1
60 -1 1
60 -1 -1
60 0 0
60 0 1
60 1 0
60 0 -1
60 -1 0
60 1 1
60 1 -1
60 -1 1
60 -1 -1
60 0 0
60 0 1
60 1 0
60 0 -1
60 -1 0
60 1 1
60 1 -1
60 -1 1
60 -1 -1
60 0 0
60 0 1
60 1 0
60 0 -1
60 -1 0
60 1 1
60 1 -1
60 -1 1
60 -1 -1
60 0 0
60 0 1
60 1 0
60 0 -1
60 -1 0
60 1 1
60 1 -1
60 -1 1
60 -1 -1
60 0 0
60 0 1
60 1 0
60 0 -1
60 -1 0
60 1 1
60 1 -1
60 -1 1
60 -1 -1
61 0 0
61 0 1
61 1 0
61 0 -1
61 -1 0
61 1 1
61 1 -1
61 -1 1
61 -1 -1
61 0 0
61 0 1
61 1 0
61 0 -1
61 -1 0
61 1 1
61 1 -1
61 -1 1
61 -1 -1
61 0 0
61 0 1
61 1 0
61 0 -1
61 -1 0
61 1 1
61 1 -1
61 -1 1
61 -1 -1
61 0 0
61 0 1
61 1 0
61 0 -1
61 -1 0
61 1 1
61 1 -1
61 -1 1
61 -1 -1
61 0 0
61 0 1
61 1 0
61 0 -1
61 -1 0
61 1 1
61 1 -1
61 -1 1
61 -1 -1
61 0 0
61 0 1
61 1 0
61 0 -1
61 -1 0
61 1 1
61 1 -1
61 -1 1
61 -1 -1
61 0 0
61 0 1
61 1 0
61 0 -1
61 -1 0
61 1 1
61 1 -1
61 -1 1
61 -1 -1
61 0 0
61 0 1
61 1 0
61 0 -1
61 -1 0
61 1 1
61 1 -1
61 -1 1
61 -1 -1
61 0 0
61 0 1
61 1 0
61 0 -1
61 -1 0
61 1 1
61 1 -1
61 -1 1
61 -1 -1
61 0 0
61 0 1
61 1 0
61 0 -1
61 -1 0
61 1 1
61 1 -1
61 -1 1
61 -1 -1
61 0 0
61 0 1
61 1 0
61 0 -1
61 -1 0
61 1 1
61 1 -1
61 -1 1
61 -1 -1
61 0 0
61 0 1
61 1 0
61 0 -1
61 -1 0
61 1 1
61 1 -1
61 -1 1
61 -1 -1
61 0 0
61 0 1
61 1 0
61 0 -1
61 -1 0
61 1 1
61 1 -1
61 -1 1
61 -1 -1
61 0 0
61 0 1
61 1 0
61 0 -1
61 -1 0
61 1 1
61 1 -1
61 -1 1
61 -1 -1
61 0 0
61 0 1
61 1 0
61 0 -1
61 -1 0
61 1 1
61 1 -1
61 -1 1
61 -1 -1
61 0 0
61 0 1
61 1 0
61 0 -1
61 -1 0
61 1 1
61 1 -1
61 -1 1
61 -1 -1
61 0 0
61 0 1
61 1 0
61 0 -1
61 -1 0
61 1 1
61 1 -1
61 -1 1
61 -1 -1
61 0 0
61 0 1
61 1 0
61 0 -1
61 -1 0
61 1 1
61 1 -1
61 -1 1
61 -1 -1
62 0 0
62 0 1
62 1 0
62 0 -1
62 -1 0
62 1 1
62 1 -1
62 -1 1
62 -1 -1
62 0 0
62 0 1
62 1 0
62 0 -1
62 -1 0
62 1 1
62 1 -1
62 -1 1
62 -1 -1
62 0 0
62 0 1
62 1 0
62 0 -1
62 -1 0
62 1 1
62 1 -1
62 -1 1
62 -1 -1
62 0 0
62 0 1
62 1 0
62 0 -1
62 -1 0
62 1 1
62 1 -1
62 -1 1
62 -1 -1
62 0 0
62 0 1
62 1 0
62 0 -1
62 -1 0
62 1 1
62 1 -1
62 -1 1
62 -1 -1
62 0 0
62 0 1
62 1 0
62 0 -1
62 -1 0
62 1 1
62 1 -1
62 -1 1
62 -1 -1
62 0 0
62 0 1
62 1 0
62 0 -1
62 -1 0
62 1 1
62 1 -1
62 -1 1
62 -1 -1
62 0 0
62 0 1
62 1 0
62 0 -1
62 -1 0
62 1 1
62 1 -1
62 -1 1
62 -1 -1
62 0 0
62 0 1
62 1 0
62 0 -1
62 -1 0
62 1 1
62 1 -1
62 -1 1
62 -1 -1
62 0 0
62 0 1
62 1 0
62 0 -1
62 -1 0
62 1 1
62 1 -1
62 -1 1
62 -1 -1
62 0 0
62 0 1
62 1 0
62 0 -1
62 -1 0
62 1 1
62 1 -1
62 -1 1
62 -1 -1
62 0 0
62 0 1
62 1 0
62 0 -1
62 -1 0
62 1 1
62 1 -1
62 -1 1
62 -1 -1
62 0 0
62 0 1
62 1 0
62 0 -1
62 -1 0
62 1 1
62 1 -1
62 -1 1
62 -1 -1
62 0 0
62 0 1
62 1 0
62 0 -1
62 -1 0
62 1 1
62 1 -1
62 -1 1
62 -1 -1
62 0 0
62 0 1
62 1 0
62 0 -1
62 -1 0
62 1 1
62 1 -1
62 -1 1
62 -1 -1
62 0 0
62 0 1
62 1 0
62 0 -1
62 -1 0
62 1 1
62 1 -1
62 -1 1
62 -1 -1
62 0 0
62 0 1
62 1 0
62 0 -1
62 -1 0
62 1 1
62 1 -1
62 -1 1
62 -1 -1
62 0 0
62 0 1
62 1 0
62 0 -1
62 -1 0
62 1 1
62 1 -1
62 -1 1
62 -1 -1
63 0 0
63 0 1
63 1 0
63 0 -1
63 -1 0
63 1 1
63 1 -1
63 -1 1
63 -1 -1
63 0 0
63 0 1
63 1 0
63 0 -1
63 -1 0
63 1 1
63 1 -1
63 -1 1
63 -1 -1
63 0 0
63 0 1
63 1 0
63 0 -1
63 -1 0
63 1 1
63 1 -1
63 -1 1
63 -1 -1
63 0 0
63 0 1
63 1 0
63 0 -1
63 -1 0
63 1 1
63 1 -1
63 -1 1
63 -1 -1
63 0 0
63 0 1
63 1 0
63 0 -1
63 -1 0
63 1 1
63 1 -1
63 -1 1
63 -1 -1
63 0 0
63 0 1
63 1 0
63 0 -1
63 -1 0
63 1 1
63 1 -1
63 -1 1
63 -1 -1
63 0 0
63 0 1
63 1 0
63 0 -1
63 -1 0
63 1 1
63 1 -1
63 -1 1
63 -1 -1
63 0 0
63 0 1
63 1 0
63 0 -1
63 -1 0
63 1 1
63 1 -1
63 -1 1
63 -1 -1
63 0 0
63 0 1
63 1 0
63 0 -1
63 -1 0
63 1 1
63 1 -1
63 -1 1
63 -1 -1
63 0 0
63 0 1
63 1 0
63 0 -1
63 -1 0
63 1 1
63 1 -1
63 -1 1
63 -1 -1
63 0 0
63 0 1
63 1 0
63 0 -1
63 -1 0
63 1 1
63 1 -1
63 -1 1
63 -1 -1
63 0 0
63 0 1
63 1 0
63 0 -1
63 -1 0
63 1 1
63 1 -1
63 -1 1
63 -1 -1
63 0 0
63 0 1
63 1 0
63 0 -1
63 -1 0
63 1 1
63 1 -1
63 -1 1
63 -1 -1
63 0 0
63 0 1
63 1 0
63 0 -1
63 -1 0
63 1 1
63 1 -1
63 -1 1
63 -1 -1
63 0 0
63 0 1
63 1 0
63 0 -1
63 -1 0
63 1 1
63 1 -1
63 -1 1
63 -1 -1
63 0 0
63 0 1
63 1 0
63 0 -1
63 -1 0
63 1 1
63 1 -1
63 -1 1
63 -1 -1
63 0 0
63 0 1
63 1 0
63 0 -1
63 -1 0
63 1 1
63 1 -1
63 -1 1
63 -1 -1
63 0 0
63 0 1
63 1 0
63 0 -1
63 -1 0
63 1 1
63 1 -1
63 -1 1
63 -1 -1
64 0 0
64 0 1
64 1 0
64 0 -1
64 -1 0
64 1 1
64 1 -1
64 -1 1
64 -1 -1
64 0 0
64 0 1
64 1 0
64 0 -1
64 -1 0
64 1 1
64 1 -1
64 -1 1
64 -1 -1
64 0 0
64 0 1
64 1 0
64 0 -1
64 -1 0
64 1 1
64 1 -1
64 -1 1
64 -1 -1
64 0 0
64 0 1
64 1 0
64 0 -1
64 -1 0
64 1 1
64 1 -1
64 -1 1
64 -1 -1
64 0 0
64 0 1
64 1 0
64 0 -1
64 -1 0
64 1 1
64 1 -1
64 -1 1
64 -1 -1
64 0 0
64 0 1
64 1 0
64 0 -1
64 -1 0
64 1 1
64 1 -1
64 -1 1
64 -1 -1
64 0 0
64 0 1
64 1 0
64 0 -1
64 -1 0
64 1 1
64 1 -1
64 -1 1
64 -1 -1
64 0 0
64 0 1
64 1 0
64 0 -1
64 -1 0
64 1 1
64 1 -1
64 -1 1
64 -1 -1
64 0 0
64 0 1
64 1 0
64 0 -1
64 -1 0
64 1 1
64 1 -1
64 -1 1
64 -1 -1
64 0 0
64 0 1
64 1 0
64 0 -1
64 -1 0
64 1 1
64 1 -1
64 -1 1
64 -1 -1
64 0 0
64 0 1
64 1 0
64 0 -1
64 -1 0
64 1 1
64 1 -1
64 -1 1
64 -1 -1
64 0 0
64 0 1
64 1 0
64 0 -1
64 -1 0
64 1 1
64 1 -1
64 -1 1
64 -1 -1
64 0 0
64 0 1
64 1 0
64 0 -1
64 -1 0
64 1 1
64 1 -1
64 -1 1
64 -1 -1
64 0 0
64 0 1
64 1 0
64 0 -1
64 -1 0
64 1 1
64 1 -1
64 -1 1
64 -1 -1
64 0 0
64 0 1
64 1 0
64 0 -1
64 -1 0
64 1 1
64 1 -1
64 -1 1
64 -1 -1
64 0 0
64 0 1
64 1 0
64 0 -1
64 -1 0
64 1 1
64 1 -1
64 -1 1
64 -1 -1
64 0 0
64 0 1
64 1 0
64 0 -1
64 -1 0
64 1 1
64 1 -1
64 -1 1
64 -1 -1
64 0 0
64 0 1
64 1 0
64 0 -1
64 -1 0
64 1 1
64 1 -1
64 -1 1
64 -1 -1
65 0 0
65 0 1
65 1 0
65 0 -1
65 -1 0
65 1 1
65 1 -1
65 -1 1
65 -1 -1
65 0 0
65 0 1
65 1 0
65 0 -1
65 -1 0
65 1 1
65 1 -1
65 -1 1
65 -1 -1
65 0 0
65 0 1
65 1 0
65 0 -1
65 -1 0
65 1 1
65 1 -1
65 -1 1
65 -1 -1
65 0 0
65 0 1
65 1 0
65 0 -1
65 -1 0
65 1 1
65 1 -1
65 -1 1
65 -1 -1
65 0 0
65 0 1
65 1 0
65 0 -1
65 -1 0
65 1 1
65 1 -1
65 -1 1
65 -1 -1
65 0 0
65 0 1
65 1 0
65 0 -1
65 -1 0
65 1 1
65 1 -1
65 -1 1
65 -1 -1
65 0 0
65 0 1
65 1 0
65 0 -1
65 -1 0
65 1 1
65 1 -1
65 -1 1
65 -1 -1
65 0 0
65 0 1
65 1 0
65 0 -1
65 -1 0
65 1 1
65 1 -1
65 -1 1
65 -1 -1
65 0 0
65 0 1
65 1 0
65 0 -1
65 -1 0
65 1 1
65 1 -1
65 -1 1
65 -1 -1
65 0 0
65 0 1
65 1 0
65 0 -1
65 -1 0
65 1 1
65 1 -1
65 -1 1
65 -1 -1
65 0 0
65 0 1
65 1 0
65 0 -1
65 -1 0
65 1 1
65 1 -1
65 -1 1
65 -1 -1
65 0 0
65 0 1
65 1 0
65 0 -1
65 -1 0
65 1 1
65 1 -1
65 -1 1
65 -1 -1
65 0 0
65 0 1
65 1 0
65 0 -1
65 -1 0
65 1 1
65 1 -1
65 -1 1
65 -1 -1
65 0 0
65 0 1
65 1 0
65 0 -1
65 -1 0
65 1 1
65 1 -1
65 -1 1
65 -1 -1
65 0 0
65 0 1
65 1 0
65 0 -1
65 -1 0
65 1 1
65 1 -1
65 -1 1
65 -1 -1
65 0 0
65 0 1
65 1 0
65 0 -1
65 -1 0
65 1 1
65 1 -1
65 -1 1
65 -1 -1
65 0 0
65 0 1
65 1 0
65 0 -1
65 -1 0
65 1 1
65 1 -1
65 -1 1
65 -1 -1
65 0 0
65 0 1
65 1 0
65 0 -1
65 -1 0
65 1 1
65 1 -1
65 -1 1
65 -1 -1
65 0 0
65 0 1
65 1 0
65 0 -1
65 -1 0
65 1 1
65 1 -1
65 -1 1
65 -1 -1
-1 -1 -1
33
36
32
34
62
54
60
61
30
49
48
47
24
53
57
39
63
44
31
56
35
64
29
28
27
55
59
58
37
26
52
25
23
42
51
22
50
21
46
45
43
20
41
40
38
19
18
17
4
3
16
15
14
12
13
6
8
10
9
11
7
0
5
1
2
65
