279 280 238 0 233 231 11 22 224 263 303 351 410 421 367 33 327 374 394 398 393 381 365 343 316 279 226 44 203 246
216 211 157 55 135 143 119 120 153 179 66 241 290 304 263 252 263 317 337 342 338 327 309 285 256 222 173 145 77 189
185 181 157 141 137 143 142 143 147 133 144 160 209 230 247 253 267 283 295 297 291 281 264 232 200 174 158 141 144 162
179 179 171 163 159 158 158 156 151 142 88 148 99 201 230 246 258 266 268 257 249 241 234 205 110 121 157 132 143 169
187 188 185 181 178 176 175 172 167 154 156 155 176 197 226 242 252 257 254 239 165 225 223 201 179 169 176 187 176 181
203 204 202 199 197 195 194 192 188 186 186 191 202 217 232 245 253 256 253 240 233 229 230 221 209 202 201 199 198 200
226 225 221 218 216 216 215 214 213 213 215 219 226 236 245 254 260 263 262 259 256 254 250 244 234 228 226 226 209 220
254 250 245 231 237 238 239 239 239 240 242 245 250 255 261 267 272 275 276 278 279 280 278 271 261 242 255 260 261 259
284 278 272 266 253 263 265 266 264 267 269 271 274 277 275 286 289 286 295 297 301 308 319 298 289 285 286 294 330 293
313 308 303 297 292 291 293 294 295 296 297 298 300 302 305 308 311 314 317 320 323 327 327 324 319 317 318 324 325 322
340 337 341 328 323 322 322 324 325 326 325 326 328 330 332 334 337 339 341 344 346 348 349 349 348 347 348 349 348 344
367 364 361 357 352 352 352 354 363 355 354 355 358 360 361 362 363 365 367 369 371 373 375 376 377 378 378 377 374 370
394 391 388 385 385 382 382 384 384 384 383 384 387 396 390 390 391 392 394 396 398 400 403 407 406 407 418 404 400 397
422 419 416 414 413 413 413 413 411 411 412 413 416 418 419 419 419 420 422 425 427 429 431 440 433 434 433 431 428 425
453 448 445 443 442 443 451 441 439 439 440 442 445 447 448 448 448 449 450 453 462 456 458 459 459 458 458 457 457 456
483 478 475 473 473 471 470 469 467 467 468 471 474 484 477 477 477 478 479 481 482 483 483 484 484 485 485 485 486 495
513 508 505 502 499 497 496 496 496 496 497 499 503 505 507 507 507 508 509 510 506 511 510 510 511 513 514 514 516 515
542 539 536 533 528 517 525 526 526 526 526 528 531 534 536 537 539 540 541 541 542 542 542 528 544 546 539 546 546 544
574 572 569 565 560 558 557 558 558 558 558 550 564 568 561 571 572 574 575 572 576 578 578 582 582 583 585 583 577 575
608 607 604 598 595 593 594 592 591 591 591 594 605 602 616 604 606 611 613 614 611 613 627 619 638 622 649 615 608 606
639 660 637 631 628 627 627 626 626 626 627 630 632 635 636 637 639 645 671 649 646 647 648 651 649 650 645 641 635 635
667 668 667 663 662 662 662 661 660 661 663 665 665 665 665 667 670 676 678 678 682 676 679 676 674 666 662 660 660 662
693 694 693 694 697 699 699 697 696 693 704 702 700 695 695 697 701 703 703 701 699 715 697 726 691 683 679 679 682 690
737 716 718 724 731 748 736 734 733 735 738 759 729 722 722 727 733 736 733 725 715 705 702 701 703 700 694 692 704 715
726 731 742 754 764 769 772 773 772 770 781 762 753 744 745 758 772 775 774 752 729 697 686 690 717 722 714 689 699 792
703 737 769 793 794 806 803 814 825 792 790 786 765 760 760 770 836 847 770 858 713 674 658 663 694 869 689 659 665 679
646 705 880 813 835 824 891 764 741 756 902 773 768 774 772 764 753 736 725 696 669 631 614 614 638 640 628 598 596 612
568 633 710 913 817 924 725 670 644 668 692 721 762 808 802 745 680 651 632 615 593 573 557 549 544 537 523 513 514 532
472 512 577 651 935 647 570 515 511 533 570 616 690 946 957 656 583 556 547 536 523 507 492 477 461 441 422 410 416 438
369 388 384 432 444 426 342 317 347 398 440 493 567 614 560 489 434 460 466 464 455 442 426 408 384 354 308 290 298 340
0 0 0
0 0 1
0 1 0
0 0 -1
0 -1 0
0 1 1
0 1 -1
0 -1 1
0 -1 -1
0 0 0
0 0 1
0 1 0
0 0 -1
0 -1 0
0 1 1
0 1 -1
0 -1 1
0 -1 -1
0 0 0
0 0 1
0 1 0
0 0 -1
0 -1 0
0 1 1
0 1 -1
0 -1 1
0 -1 -1
0 0 0
0 0 1
0 1 0
0 0 -1
0 -1 0
0 1 1
0 1 -1
0 -1 1
0 -1 -1
0 0 0
0 0 1
0 1 0
0 0 -1
0 -1 0
0 1 1
0 1 -1
0 -1 1
0 -1 -1
0 0 0
0 0 1
0 1 0
0 0 -1
0 -1 0
0 1 1
0 1 -1
0 -1 1
0 -1 -1
0 0 0
0 0 1
0 1 0
0 0 -1
0 -1 0
0 1 1
0 1 -1
0 -1 1
0 -1 -1
0 0 0
0 0 1
0 1 0
0 0 -1
0 -1 0
0 1 1
0 1 -1
0 -1 1
0 -1 -1
0 0 0
0 0 1
0 1 0
0 0 -1
0 -1 0
0 1 1
0 1 -1
0 -1 1
0 -1 -1
0 0 0
0 0 1
0 1 0
0 0 -1
0 -1 0
0 1 1
0 1 -1
0 -1 1
0 -1 -1
0 0 0
0 0 1
0 1 0
0 0 -1
0 -1 0
0 1 1
0 1 -1
0 -1 1
0 -1 -1
0 0 0
0 0 1
0 1 0
0 0 -1
0 -1 0
0 1 1
0 1 -1
0 -1 1
0 -1 -1
1 0 0
1 0 1
1 1 0
1 0 -1
1 -1 0
1 1 1
1 1 -1
1 -1 1
1 -1 -1
1 0 0
1 0 1
1 1 0
1 0 -1
1 -1 0
1 1 1
1 1 -1
1 -1 1
1 -1 -1
1 0 0
1 0 1
1 1 0
1 0 -1
1 -1 0
1 1 1
1 1 -1
1 -1 1
1 -1 -1
1 0 0
1 0 1
1 1 0
1 0 -1
1 -1 0
1 1 1
1 1 -1
1 -1 1
1 -1 -1
1 0 0
1 0 1
1 1 0
1 0 -1
1 -1 0
1 1 1
1 1 -1
1 -1 1
1 -1 -1
1 0 0
1 0 1
1 1 0
1 0 -1
1 -1 0
1 1 1
1 1 -1
1 -1 1
1 -1 -1
1 0 0
1 0 1
1 1 0
1 0 -1
1 -1 0
1 1 1
1 1 -1
1 -1 1
1 -1 -1
1 0 0
1 0 1
1 1 0
1 0 -1
1 -1 0
1 1 1
1 1 -1
1 -1 1
1 -1 -1
1 0 0
1 0 1
1 1 0
1 0 -1
1 -1 0
1 1 1
1 1 -1
1 -1 1
1 -1 -1
1 0 0
1 0 1
1 1 0
1 0 -1
1 -1 0
1 1 1
1 1 -1
1 -1 1
1 -1 -1
1 0 0
1 0 1
1 1 0
1 0 -1
1 -1 0
1 1 1
1 1 -1
1 -1 1
1 -1 -1
1 0 0
1 0 1
1 1 0
1 0 -1
1 -1 0
1 1 1
1 1 -1
1 -1 1
1 -1 -1
2 0 0
2 0 1
2 1 0
2 0 -1
2 -1 0
2 1 1
2 1 -1
2 -1 1
2 -1 -1
2 0 0
2 0 1
2 1 0
2 0 -1
2 -1 0
2 1 1
2 1 -1
2 -1 1
2 -1 -1
2 0 0
2 0 1
2 1 0
2 0 -1
2 -1 0
2 1 1
2 1 -1
2 -1 1
2 -1 -1
2 0 0
2 0 1
2 1 0
2 0 -1
2 -1 0
2 1 1
2 1 -1
2 -1 1
2 -1 -1
2 0 0
2 0 1
2 1 0
2 0 -1
2 -1 0
2 1 1
2 1 -1
2 -1 1
2 -1 -1
2 0 0
2 0 1
2 1 0
2 0 -1
2 -1 0
2 1 1
2 1 -1
2 -1 1
2 -1 -1
2 0 0
2 0 1
2 1 0
2 0 -1
2 -1 0
2 1 1
2 1 -1
2 -1 1
2 -1 -1
2 0 0
2 0 1
2 1 0
2 0 -1
2 -1 0
2 1 1
2 1 -1
2 -1 1
2 -1 -1
2 0 0
2 0 1
2 1 0
2 0 -1
2 -1 0
2 1 1
2 1 -1
2 -1 1
2 -1 -1
2 0 0
2 0 1
2 1 0
2 0 -1
2 -1 0
2 1 1
2 1 -1
2 -1 1
2 -1 -1
2 0 0
2 0 1
2 1 0
2 0 -1
2 -1 0
2 1 1
2 1 -1
2 -1 1
2 -1 -1
2 0 0
2 0 1
2 1 0
2 0 -1
2 -1 0
2 1 1
2 1 -1
2 -1 1
2 -1 -1
3 0 0
3 0 1
3 1 0
3 0 -1
3 -1 0
3 1 1
3 1 -1
3 -1 1
3 -1 -1
3 0 0
3 0 1
3 1 0
3 0 -1
3 -1 0
3 1 1
3 1 -1
3 -1 1
3 -1 -1
3 0 0
3 0 1
3 1 0
3 0 -1
3 -1 0
3 1 1
3 1 -1
3 -1 1
3 -1 -1
3 0 0
3 0 1
3 1 0
3 0 -1
3 -1 0
3 1 1
3 1 -1
3 -1 1
3 -1 -1
3 0 0
3 0 1
3 1 0
3 0 -1
3 -1 0
3 1 1
3 1 -1
3 -1 1
3 -1 -1
3 0 0
3 0 1
3 1 0
3 0 -1
3 -1 0
3 1 1
3 1 -1
3 -1 1
3 -1 -1
3 0 0
3 0 1
3 1 0
3 0 -1
3 -1 0
3 1 1
3 1 -1
3 -1 1
3 -1 -1
3 0 0
3 0 1
3 1 0
3 0 -1
3 -1 0
3 1 1
3 1 -1
3 -1 1
3 -1 -1
3 0 0
3 0 1
3 1 0
3 0 -1
3 -1 0
3 1 1
3 1 -1
3 -1 1
3 -1 -1
3 0 0
3 0 1
3 1 0
3 0 -1
3 -1 0
3 1 1
3 1 -1
3 -1 1
3 -1 -1
3 0 0
3 0 1
3 1 0
3 0 -1
3 -1 0
3 1 1
3 1 -1
3 -1 1
3 -1 -1
3 0 0
3 0 1
3 1 0
3 0 -1
3 -1 0
3 1 1
3 1 -1
3 -1 1
3 -1 -1
4 0 0
4 0 1
4 1 0
4 0 -1
4 -1 0
4 1 1
4 1 -1
4 -1 1
4 -1 -1
4 0 0
4 0 1
4 1 0
4 0 -1
4 -1 0
4 1 1
4 1 -1
4 -1 1
4 -1 -1
4 0 0
4 0 1
4 1 0
4 0 -1
4 -1 0
4 1 1
4 1 -1
4 -1 1
4 -1 -1
4 0 0
4 0 1
4 1 0
4 0 -1
4 -1 0
4 1 1
4 1 -1
4 -1 1
4 -1 -1
4 0 0
4 0 1
4 1 0
4 0 -1
4 -1 0
4 1 1
4 1 -1
4 -1 1
4 -1 -1
4 0 0
4 0 1
4 1 0
4 0 -1
4 -1 0
4 1 1
4 1 -1
4 -1 1
4 -1 -1
4 0 0
4 0 1
4 1 0
4 0 -1
4 -1 0
4 1 1
4 1 -1
4 -1 1
4 -1 -1
4 0 0
4 0 1
4 1 0
4 0 -1
4 -1 0
4 1 1
4 1 -1
4 -1 1
4 -1 -1
4 0 0
4 0 1
4 1 0
4 0 -1
4 -1 0
4 1 1
4 1 -1
4 -1 1
4 -1 -1
4 0 0
4 0 1
4 1 0
4 0 -1
4 -1 0
4 1 1
4 1 -1
4 -1 1
4 -1 -1
4 0 0
4 0 1
4 1 0
4 0 -1
4 -1 0
4 1 1
4 1 -1
4 -1 1
4 -1 -1
4 0 0
4 0 1
4 1 0
4 0 -1
4 -1 0
4 1 1
4 1 -1
4 -1 1
4 -1 -1
5 0 0
5 0 1
5 1 0
5 0 -1
5 -1 0
5 1 1
5 1 -1
5 -1 1
5 -1 -1
5 0 0
5 0 1
5 1 0
5 0 -1
5 -1 0
5 1 1
5 1 -1
5 -1 1
5 -1 -1
5 0 0
5 0 1
5 1 0
5 0 -1
5 -1 0
5 1 1
5 1 -1
5 -1 1
5 -1 -1
5 0 0
5 0 1
5 1 0
5 0 -1
5 -1 0
5 1 1
5 1 -1
5 -1 1
5 -1 -1
5 0 0
5 0 1
5 1 0
5 0 -1
5 -1 0
5 1 1
5 1 -1
5 -1 1
5 -1 -1
5 0 0
5 0 1
5 1 0
5 0 -1
5 -1 0
5 1 1
5 1 -1
5 -1 1
5 -1 -1
5 0 0
5 0 1
5 1 0
5 0 -1
5 -1 0
5 1 1
5 1 -1
5 -1 1
5 -1 -1
5 0 0
5 0 1
5 1 0
5 0 -1
5 -1 0
5 1 1
5 1 -1
5 -1 1
5 -1 -1
5 0 0
5 0 1
5 1 0
5 0 -1
5 -1 0
5 1 1
5 1 -1
5 -1 1
5 -1 -1
5 0 0
5 0 1
5 1 0
5 0 -1
5 -1 0
5 1 1
5 1 -1
5 -1 1
5 -1 -1
5 0 0
5 0 1
5 1 0
5 0 -1
5 -1 0
5 1 1
5 1 -1
5 -1 1
5 -1 -1
5 0 0
5 0 1
5 1 0
5 0 -1
5 -1 0
5 1 1
5 1 -1
5 -1 1
5 -1 -1
6 0 0
6 0 1
6 1 0
6 0 -1
6 -1 0
6 1 1
6 1 -1
6 -1 1
6 -1 -1
6 0 0
6 0 1
6 1 0
6 0 -1
6 -1 0
6 1 1
6 1 -1
6 -1 1
6 -1 -1
6 0 0
6 0 1
6 1 0
6 0 -1
6 -1 0
6 1 1
6 1 -1
6 -1 1
6 -1 -1
6 0 0
6 0 1
6 1 0
6 0 -1
6 -1 0
6 1 1
6 1 -1
6 -1 1
6 -1 -1
6 0 0
6 0 1
6 1 0
6 0 -1
6 -1 0
6 1 1
6 1 -1
6 -1 1
6 -1 -1
6 0 0
6 0 1
6 1 0
6 0 -1
6 -1 0
6 1 1
6 1 -1
6 -1 1
6 -1 -1
6 0 0
6 0 1
6 1 0
6 0 -1
6 -1 0
6 1 1
6 1 -1
6 -1 1
6 -1 -1
6 0 0
6 0 1
6 1 0
6 0 -1
6 -1 0
6 1 1
6 1 -1
6 -1 1
6 -1 -1
6 0 0
6 0 1
6 1 0
6 0 -1
6 -1 0
6 1 1
6 1 -1
6 -1 1
6 -1 -1
6 0 0
6 0 1
6 1 0
6 0 -1
6 -1 0
6 1 1
6 1 -1
6 -1 1
6 -1 -1
6 0 0
6 0 1
6 1 0
6 0 -1
6 -1 0
6 1 1
6 1 -1
6 -1 1
6 -1 -1
6 0 0
6 0 1
6 1 0
6 0 -1
6 -1 0
6 1 1
6 1 -1
6 -1 1
6 -1 -1
7 0 0
7 0 1
7 1 0
7 0 -1
7 -1 0
7 1 1
7 1 -1
7 -1 1
7 -1 -1
7 0 0
7 0 1
7 1 0
7 0 -1
7 -1 0
7 1 1
7 1 -1
7 -1 1
7 -1 -1
7 0 0
7 0 1
7 1 0
7 0 -1
7 -1 0
7 1 1
7 1 -1
7 -1 1
7 -1 -1
7 0 0
7 0 1
7 1 0
7 0 -1
7 -1 0
7 1 1
7 1 -1
7 -1 1
7 -1 -1
7 0 0
7 0 1
7 1 0
7 0 -1
7 -1 0
7 1 1
7 1 -1
7 -1 1
7 -1 -1
7 0 0
7 0 1
7 1 0
7 0 -1
7 -1 0
7 1 1
7 1 -1
7 -1 1
7 -1 -1
7 0 0
7 0 1
7 1 0
7 0 -1
7 -1 0
7 1 1
7 1 -1
7 -1 1
7 -1 -1
7 0 0
7 0 1
7 1 0
7 0 -1
7 -1 0
7 1 1
7 1 -1
7 -1 1
7 -1 -1
7 0 0
7 0 1
7 1 0
7 0 -1
7 -1 0
7 1 1
7 1 -1
7 -1 1
7 -1 -1
7 0 0
7 0 1
7 1 0
7 0 -1
7 -1 0
7 1 1
7 1 -1
7 -1 1
7 -1 -1
7 0 0
7 0 1
7 1 0
7 0 -1
7 -1 0
7 1 1
7 1 -1
7 -1 1
7 -1 -1
7 0 0
7 0 1
7 1 0
7 0 -1
7 -1 0
7 1 1
7 1 -1
7 -1 1
7 -1 -1
8 0 0
8 0 1
8 1 0
8 0 -1
8 -1 0
8 1 1
8 1 -1
8 -1 1
8 -1 -1
8 0 0
8 0 1
8 1 0
8 0 -1
8 -1 0
8 1 1
8 1 -1
8 -1 1
8 -1 -1
8 0 0
8 0 1
8 1 0
8 0 -1
8 -1 0
8 1 1
8 1 -1
8 -1 1
8 -1 -1
8 0 0
8 0 1
8 1 0
8 0 -1
8 -1 0
8 1 1
8 1 -1
8 -1 1
8 -1 -1
8 0 0
8 0 1
8 1 0
8 0 -1
8 -1 0
8 1 1
8 1 -1
8 -1 1
8 -1 -1
8 0 0
8 0 1
8 1 0
8 0 -1
8 -1 0
8 1 1
8 1 -1
8 -1 1
8 -1 -1
8 0 0
8 0 1
8 1 0
8 0 -1
8 -1 0
8 1 1
8 1 -1
8 -1 1
8 -1 -1
8 0 0
8 0 1
8 1 0
8 0 -1
8 -1 0
8 1 1
8 1 -1
8 -1 1
8 -1 -1
8 0 0
8 0 1
8 1 0
8 0 -1
8 -1 0
8 1 1
8 1 -1
8 -1 1
8 -1 -1
8 0 0
8 0 1
8 1 0
8 0 -1
8 -1 0
8 1 1
8 1 -1
8 -1 1
8 -1 -1
8 0 0
8 0 1
8 1 0
8 0 -1
8 -1 0
8 1 1
8 1 -1
8 -1 1
8 -1 -1
8 0 0
8 0 1
8 1 0
8 0 -1
8 -1 0
8 1 1
8 1 -1
8 -1 1
8 -1 -1
9 0 0
9 0 1
9 1 0
9 0 -1
9 -1 0
9 1 1
9 1 -1
9 -1 1
9 -1 -1
9 0 0
9 0 1
9 1 0
9 0 -1
9 -1 0
9 1 1
9 1 -1
9 -1 1
9 -1 -1
9 0 0
9 0 1
9 1 0
9 0 -1
9 -1 0
9 1 1
9 1 -1
9 -1 1
9 -1 -1
9 0 0
9 0 1
9 1 0
9 0 -1
9 -1 0
9 1 1
9 1 -1
9 -1 1
9 -1 -1
9 0 0
9 0 1
9 1 0
9 0 -1
9 -1 0
9 1 1
9 1 -1
9 -1 1
9 -1 -1
9 0 0
9 0 1
9 1 0
9 0 -1
9 -1 0
9 1 1
9 1 -1
9 -1 1
9 -1 -1
9 0 0
9 0 1
9 1 0
9 0 -1
9 -1 0
9 1 1
9 1 -1
9 -1 1
9 -1 -1
9 0 0
9 0 1
9 1 0
9 0 -1
9 -1 0
9 1 1
9 1 -1
9 -1 1
9 -1 -1
9 0 0
9 0 1
9 1 0
9 0 -1
9 -1 0
9 1 1
9 1 -1
9 -1 1
9 -1 -1
9 0 0
9 0 1
9 1 0
9 0 -1
9 -1 0
9 1 1
9 1 -1
9 -1 1
9 -1 -1
9 0 0
9 0 1
9 1 0
9 0 -1
9 -1 0
9 1 1
9 1 -1
9 -1 1
9 -1 -1
9 0 0
9 0 1
9 1 0
9 0 -1
9 -1 0
9 1 1
9 1 -1
9 -1 1
9 -1 -1
10 0 0
10 0 1
10 1 0
10 0 -1
10 -1 0
10 1 1
10 1 -1
10 -1 1
10 -1 -1
10 0 0
10 0 1
10 1 0
10 0 -1
10 -1 0
10 1 1
10 1 -1
10 -1 1
10 -1 -1
10 0 0
10 0 1
10 1 0
10 0 -1
10 -1 0
10 1 1
10 1 -1
10 -1 1
10 -1 -1
10 0 0
10 0 1
10 1 0
10 0 -1
10 -1 0
10 1 1
10 1 -1
10 -1 1
10 -1 -1
10 0 0
10 0 1
10 1 0
10 0 -1
10 -1 0
10 1 1
10 1 -1
10 -1 1
10 -1 -1
10 0 0
10 0 1
10 1 0
10 0 -1
10 -1 0
10 1 1
10 1 -1
10 -1 1
10 -1 -1
10 0 0
10 0 1
10 1 0
10 0 -1
10 -1 0
10 1 1
10 1 -1
10 -1 1
10 -1 -1
10 0 0
10 0 1
10 1 0
10 0 -1
10 -1 0
10 1 1
10 1 -1
10 -1 1
10 -1 -1
10 0 0
10 0 1
10 1 0
10 0 -1
10 -1 0
10 1 1
10 1 -1
10 -1 1
10 -1 -1
10 0 0
10 0 1
10 1 0
10 0 -1
10 -1 0
10 1 1
10 1 -1
10 -1 1
10 -1 -1
10 0 0
10 0 1
10 1 0
10 0 -1
10 -1 0
10 1 1
10 1 -1
10 -1 1
10 -1 -1
10 0 0
10 0 1
10 1 0
10 0 -1
10 -1 0
10 1 1
10 1 -1
10 -1 1
10 -1 -1
11 0 0
11 0 1
11 1 0
11 0 -1
11 -1 0
11 1 1
11 1 -1
11 -1 1
11 -1 -1
11 0 0
11 0 1
11 1 0
11 0 -1
11 -1 0
11 1 1
11 1 -1
11 -1 1
11 -1 -1
11 0 0
11 0 1
11 1 0
11 0 -1
11 -1 0
11 1 1
11 1 -1
11 -1 1
11 -1 -1
11 0 0
11 0 1
11 1 0
11 0 -1
11 -1 0
11 1 1
11 1 -1
11 -1 1
11 -1 -1
11 0 0
11 0 1
11 1 0
11 0 -1
11 -1 0
11 1 1
11 1 -1
11 -1 1
11 -1 -1
11 0 0
11 0 1
11 1 0
11 0 -1
11 -1 0
11 1 1
11 1 -1
11 -1 1
11 -1 -1
11 0 0
11 0 1
11 1 0
11 0 -1
11 -1 0
11 1 1
11 1 -1
11 -1 1
11 -1 -1
11 0 0
11 0 1
11 1 0
11 0 -1
11 -1 0
11 1 1
11 1 -1
11 -1 1
11 -1 -1
11 0 0
11 0 1
11 1 0
11 0 -1
11 -1 0
11 1 1
11 1 -1
11 -1 1
11 -1 -1
11 0 0
11 0 1
11 1 0
11 0 -1
11 -1 0
11 1 1
11 1 -1
11 -1 1
11 -1 -1
11 0 0
11 0 1
11 1 0
11 0 -1
11 -1 0
11 1 1
11 1 -1
11 -1 1
11 -1 -1
11 0 0
11 0 1
11 1 0
11 0 -1
11 -1 0
11 1 1
11 1 -1
11 -1 1
11 -1 -1
12 0 0
12 0 1
12 1 0
12 0 -1
12 -1 0
12 1 1
12 1 -1
12 -1 1
12 -1 -1
12 0 0
12 0 1
12 1 0
12 0 -1
12 -1 0
12 1 1
12 1 -1
12 -1 1
12 -1 -1
12 0 0
12 0 1
12 1 0
12 0 -1
12 -1 0
12 1 1
12 1 -1
12 -1 1
12 -1 -1
12 0 0
12 0 1
12 1 0
12 0 -1
12 -1 0
12 1 1
12 1 -1
12 -1 1
12 -1 -1
12 0 0
12 0 1
12 1 0
12 0 -1
12 -1 0
12 1 1
12 1 -1
12 -1 1
12 -1 -1
12 0 0
12 0 1
12 1 0
12 0 -1
12 -1 0
12 1 1
12 1 -1
12 -1 1
12 -1 -1
12 0 0
12 0 1
12 1 0
12 0 -1
12 -1 0
12 1 1
12 1 -1
12 -1 1
12 -1 -1
12 0 0
12 0 1
12 1 0
12 0 -1
12 -1 0
12 1 1
12 1 -1
12 -1 1
12 -1 -1
12 0 0
12 0 1
12 1 0
12 0 -1
12 -1 0
12 1 1
12 1 -1
12 -1 1
12 -1 -1
12 0 0
12 0 1
12 1 0
12 0 -1
12 -1 0
12 1 1
12 1 -1
12 -1 1
12 -1 -1
12 0 0
12 0 1
12 1 0
12 0 -1
12 -1 0
12 1 1
12 1 -1
12 -1 1
12 -1 -1
12 0 0
12 0 1
12 1 0
12 0 -1
12 -1 0
12 1 1
12 1 -1
12 -1 1
12 -1 -1
13 0 0
13 0 1
13 1 0
13 0 -1
13 -1 0
13 1 1
13 1 -1
13 -1 1
13 -1 -1
13 0 0
13 0 1
13 1 0
13 0 -1
13 -1 0
13 1 1
13 1 -1
13 -1 1
13 -1 -1
13 0 0
13 0 1
13 1 0
13 0 -1
13 -1 0
13 1 1
13 1 -1
13 -1 1
13 -1 -1
13 0 0
13 0 1
13 1 0
13 0 -1
13 -1 0
13 1 1
13 1 -1
13 -1 1
13 -1 -1
13 0 0
13 0 1
13 1 0
13 0 -1
13 -1 0
13 1 1
13 1 -1
13 -1 1
13 -1 -1
13 0 0
13 0 1
13 1 0
13 0 -1
13 -1 0
13 1 1
13 1 -1
13 -1 1
13 -1 -1
13 0 0
13 0 1
13 1 0
13 0 -1
13 -1 0
13 1 1
13 1 -1
13 -1 1
13 -1 -1
13 0 0
13 0 1
13 1 0
13 0 -1
13 -1 0
13 1 1
13 1 -1
13 -1 1
13 -1 -1
13 0 0
13 0 1
13 1 0
13 0 -1
13 -1 0
13 1 1
13 1 -1
13 -1 1
13 -1 -1
13 0 0
13 0 1
13 1 0
13 0 -1
13 -1 0
13 1 1
13 1 -1
13 -1 1
13 -1 -1
13 0 0
13 0 1
13 1 0
13 0 -1
13 -1 0
13 1 1
13 1 -1
13 -1 1
13 -1 -1
13 0 0
13 0 1
13 1 0
13 0 -1
13 -1 0
13 1 1
13 1 -1
13 -1 1
13 -1 -1
14 0 0
14 0 1
14 1 0
14 0 -1
14 -1 0
14 1 1
14 1 -1
14 -1 1
14 -1 -1
14 0 0
14 0 1
14 1 0
14 0 -1
14 -1 0
14 1 1
14 1 -1
14 -1 1
14 -1 -1
14 0 0
14 0 1
14 1 0
14 0 -1
14 -1 0
14 1 1
14 1 -1
14 -1 1
14 -1 -1
14 0 0
14 0 1
14 1 0
14 0 -1
14 -1 0
14 1 1
14 1 -1
14 -1 1
14 -1 -1
14 0 0
14 0 1
14 1 0
14 0 -1
14 -1 0
14 1 1
14 1 -1
14 -1 1
14 -1 -1
14 0 0
14 0 1
14 1 0
14 0 -1
14 -1 0
14 1 1
14 1 -1
14 -1 1
14 -1 -1
14 0 0
14 0 1
14 1 0
14 0 -1
14 -1 0
14 1 1
14 1 -1
14 -1 1
14 -1 -1
14 0 0
14 0 1
14 1 0
14 0 -1
14 -1 0
14 1 1
14 1 -1
14 -1 1
14 -1 -1
14 0 0
14 0 1
14 1 0
14 0 -1
14 -1 0
14 1 1
14 1 -1
14 -1 1
14 -1 -1
14 0 0
14 0 1
14 1 0
14 0 -1
14 -1 0
14 1 1
14 1 -1
14 -1 1
14 -1 -1
14 0 0
14 0 1
14 1 0
14 0 -1
14 -1 0
14 1 1
14 1 -1
14 -1 1
14 -1 -1
14 0 0
14 0 1
14 1 0
14 0 -1
14 -1 0
14 1 1
14 1 -1
14 -1 1
14 -1 -1
15 0 0
15 0 1
15 1 0
15 0 -1
15 -1 0
15 1 1
15 1 -1
15 -1 1
15 -1 -1
15 0 0
15 0 1
15 1 0
15 0 -1
15 -1 0
15 1 1
15 1 -1
15 -1 1
15 -1 -1
15 0 0
15 0 1
15 1 0
15 0 -1
15 -1 0
15 1 1
15 1 -1
15 -1 1
15 -1 -1
15 0 0
15 0 1
15 1 0
15 0 -1
15 -1 0
15 1 1
15 1 -1
15 -1 1
15 -1 -1
15 0 0
15 0 1
15 1 0
15 0 -1
15 -1 0
15 1 1
15 1 -1
15 -1 1
15 -1 -1
15 0 0
15 0 1
15 1 0
15 0 -1
15 -1 0
15 1 1
15 1 -1
15 -1 1
15 -1 -1
15 0 0
15 0 1
15 1 0
15 0 -1
15 -1 0
15 1 1
15 1 -1
15 -1 1
15 -1 -1
15 0 0
15 0 1
15 1 0
15 0 -1
15 -1 0
15 1 1
15 1 -1
15 -1 1
15 -1 -1
15 0 0
15 0 1
15 1 0
15 0 -1
15 -1 0
15 1 1
15 1 -1
15 -1 1
15 -1 -1
15 0 0
15 0 1
15 1 0
15 0 -1
15 -1 0
15 1 1
15 1 -1
15 -1 1
15 -1 -1
15 0 0
15 0 1
15 1 0
15 0 -1
15 -1 0
15 1 1
15 1 -1
15 -1 1
15 -1 -1
15 0 0
15 0 1
15 1 0
15 0 -1
15 -1 0
15 1 1
15 1 -1
15 -1 1
15 -1 -1
16 0 0
16 0 1
16 1 0
16 0 -1
16 -1 0
16 1 1
16 1 -1
16 -1 1
16 -1 -1
16 0 0
16 0 1
16 1 0
16 0 -1
16 -1 0
16 1 1
16 1 -1
16 -1 1
16 -1 -1
16 0 0
16 0 1
16 1 0
16 0 -1
16 -1 0
16 1 1
16 1 -1
16 -1 1
16 -1 -1
16 0 0
16 0 1
16 1 0
16 0 -1
16 -1 0
16 1 1
16 1 -1
16 -1 1
16 -1 -1
16 0 0
16 0 1
16 1 0
16 0 -1
16 -1 0
16 1 1
16 1 -1
16 -1 1
16 -1 -1
16 0 0
16 0 1
16 1 0
16 0 -1
16 -1 0
16 1 1
16 1 -1
16 -1 1
16 -1 -1
16 0 0
16 0 1
16 1 0
16 0 -1
16 -1 0
16 1 1
16 1 -1
16 -1 1
16 -1 -1
16 0 0
16 0 1
16 1 0
16 0 -1
16 -1 0
16 1 1
16 1 -1
16 -1 1
16 -1 -1
16 0 0
16 0 1
16 1 0
16 0 -1
16 -1 0
16 1 1
16 1 -1
16 -1 1
16 -1 -1
17 0 0
17 0 1
17 1 0
17 0 -1
17 -1 0
17 1 1
17 1 -1
17 -1 1
17 -1 -1
17 0 0
17 0 1
17 1 0
17 0 -1
17 -1 0
17 1 1
17 1 -1
17 -1 1
17 -1 -1
17 0 0
17 0 1
17 1 0
17 0 -1
17 -1 0
17 1 1
17 1 -1
17 -1 1
17 -1 -1
17 0 0
17 0 1
17 1 0
17 0 -1
17 -1 0
17 1 1
17 1 -1
17 -1 1
17 -1 -1
17 0 0
17 0 1
17 1 0
17 0 -1
17 -1 0
17 1 1
17 1 -1
17 -1 1
17 -1 -1
17 0 0
17 0 1
17 1 0
17 0 -1
17 -1 0
17 1 1
17 1 -1
17 -1 1
17 -1 -1
17 0 0
17 0 1
17 1 0
17 0 -1
17 -1 0
17 1 1
17 1 -1
17 -1 1
17 -1 -1
17 0 0
17 0 1
17 1 0
17 0 -1
17 -1 0
17 1 1
17 1 -1
17 -1 1
17 -1 -1
17 0 0
17 0 1
17 1 0
17 0 -1
17 -1 0
17 1 1
17 1 -1
17 -1 1
17 -1 -1
17 0 0
17 0 1
17 1 0
17 0 -1
17 -1 0
17 1 1
17 1 -1
17 -1 1
17 -1 -1
17 0 0
17 0 1
17 1 0
17 0 -1
17 -1 0
17 1 1
17 1 -1
17 -1 1
17 -1 -1
17 0 0
17 0 1
17 1 0
17 0 -1
17 -1 0
17 1 1
17 1 -1
17 -1 1
17 -1 -1
18 0 0
18 0 1
18 1 0
18 0 -1
18 -1 0
18 1 1
18 1 -1
18 -1 1
18 -1 -1
18 0 0
18 0 1
18 1 0
18 0 -1
18 -1 0
18 1 1
18 1 -1
18 -1 1
18 -1 -1
18 0 0
18 0 1
18 1 0
18 0 -1
18 -1 0
18 1 1
18 1 -1
18 -1 1
18 -1 -1
18 0 0
18 0 1
18 1 0
18 0 -1
18 -1 0
18 1 1
18 1 -1
18 -1 1
18 -1 -1
18 0 0
18 0 1
18 1 0
18 0 -1
18 -1 0
18 1 1
18 1 -1
18 -1 1
18 -1 -1
18 0 0
18 0 1
18 1 0
18 0 -1
18 -1 0
18 1 1
18 1 -1
18 -1 1
18 -1 -1
18 0 0
18 0 1
18 1 0
18 0 -1
18 -1 0
18 1 1
18 1 -1
18 -1 1
18 -1 -1
18 0 0
18 0 1
18 1 0
18 0 -1
18 -1 0
18 1 1
18 1 -1
18 -1 1
18 -1 -1
18 0 0
18 0 1
18 1 0
18 0 -1
18 -1 0
18 1 1
18 1 -1
18 -1 1
18 -1 -1
18 0 0
18 0 1
18 1 0
18 0 -1
18 -1 0
18 1 1
18 1 -1
18 -1 1
18 -1 -1
18 0 0
18 0 1
18 1 0
18 0 -1
18 -1 0
18 1 1
18 1 -1
18 -1 1
18 -1 -1
18 0 0
18 0 1
18 1 0
18 0 -1
18 -1 0
18 1 1
18 1 -1
18 -1 1
18 -1 -1
19 0 0
19 0 1
19 1 0
19 0 -1
19 -1 0
19 1 1
19 1 -1
19 -1 1
19 -1 -1
19 0 0
19 0 1
19 1 0
19 0 -1
19 -1 0
19 1 1
19 1 -1
19 -1 1
19 -1 -1
19 0 0
19 0 1
19 1 0
19 0 -1
19 -1 0
19 1 1
19 1 -1
19 -1 1
19 -1 -1
19 0 0
19 0 1
19 1 0
19 0 -1
19 -1 0
19 1 1
19 1 -1
19 -1 1
19 -1 -1
19 0 0
19 0 1
19 1 0
19 0 -1
19 -1 0
19 1 1
19 1 -1
19 -1 1
19 -1 -1
19 0 0
19 0 1
19 1 0
19 0 -1
19 -1 0
19 1 1
19 1 -1
19 -1 1
19 -1 -1
19 0 0
19 0 1
19 1 0
19 0 -1
19 -1 0
19 1 1
19 1 -1
19 -1 1
19 -1 -1
19 0 0
19 0 1
19 1 0
19 0 -1
19 -1 0
19 1 1
19 1 -1
19 -1 1
19 -1 -1
19 0 0
19 0 1
19 1 0
19 0 -1
19 -1 0
19 1 1
19 1 -1
19 -1 1
19 -1 -1
19 0 0
19 0 1
19 1 0
19 0 -1
19 -1 0
19 1 1
19 1 -1
19 -1 1
19 -1 -1
19 0 0
19 0 1
19 1 0
19 0 -1
19 -1 0
19 1 1
19 1 -1
19 -1 1
19 -1 -1
19 0 0
19 0 1
19 1 0
19 0 -1
19 -1 0
19 1 1
19 1 -1
19 -1 1
19 -1 -1
20 0 0
20 0 1
20 1 0
20 0 -1
20 -1 0
20 1 1
20 1 -1
20 -1 1
20 -1 -1
20 0 0
20 0 1
20 1 0
20 0 -1
20 -1 0
20 1 1
20 1 -1
20 -1 1
20 -1 -1
20 0 0
20 0 1
20 1 0
20 0 -1
20 -1 0
20 1 1
20 1 -1
20 -1 1
20 -1 -1
20 0 0
20 0 1
20 1 0
20 0 -1
20 -1 0
20 1 1
20 1 -1
20 -1 1
20 -1 -1
20 0 0
20 0 1
20 1 0
20 0 -1
20 -1 0
20 1 1
20 1 -1
20 -1 1
20 -1 -1
20 0 0
20 0 1
20 1 0
20 0 -1
20 -1 0
20 1 1
20 1 -1
20 -1 1
20 -1 -1
20 0 0
20 0 1
20 1 0
20 0 -1
20 -1 0
20 1 1
20 1 -1
20 -1 1
20 -1 -1
20 0 0
20 0 1
20 1 0
20 0 -1
20 -1 0
20 1 1
20 1 -1
20 -1 1
20 -1 -1
20 0 0
20 0 1
20 1 0
20 0 -1
20 -1 0
20 1 1
20 1 -1
20 -1 1
20 -1 -1
20 0 0
20 0 1
20 1 0
20 0 -1
20 -1 0
20 1 1
20 1 -1
20 -1 1
20 -1 -1
20 0 0
20 0 1
20 1 0
20 0 -1
20 -1 0
20 1 1
20 1 -1
20 -1 1
20 -1 -1
20 0 0
20 0 1
20 1 0
20 0 -1
20 -1 0
20 1 1
20 1 -1
20 -1 1
20 -1 -1
21 0 0
21 0 1
21 1 0
21 0 -1
21 -1 0
21 1 1
21 1 -1
21 -1 1
21 -1 -1
21 0 0
21 0 1
21 1 0
21 0 -1
21 -1 0
21 1 1
21 1 -1
21 -1 1
21 -1 -1
21 0 0
21 0 1
21 1 0
21 0 -1
21 -1 0
21 1 1
21 1 -1
21 -1 1
21 -1 -1
21 0 0
21 0 1
21 1 0
21 0 -1
21 -1 0
21 1 1
21 1 -1
21 -1 1
21 -1 -1
21 0 0
21 0 1
21 1 0
21 0 -1
21 -1 0
21 1 1
21 1 -1
21 -1 1
21 -1 -1
21 0 0
21 0 1
21 1 0
21 0 -1
21 -1 0
21 1 1
21 1 -1
21 -1 1
21 -1 -1
21 0 0
21 0 1
21 1 0
21 0 -1
21 -1 0
21 1 1
21 1 -1
21 -1 1
21 -1 -1
21 0 0
21 0 1
21 1 0
21 0 -1
21 -1 0
21 1 1
21 1 -1
21 -1 1
21 -1 -1
21 0 0
21 0 1
21 1 0
21 0 -1
21 -1 0
21 1 1
21 1 -1
21 -1 1
21 -1 -1
21 0 0
21 0 1
21 1 0
21 0 -1
21 -1 0
21 1 1
21 1 -1
21 -1 1
21 -1 -1
21 0 0
21 0 1
21 1 0
21 0 -1
21 -1 0
21 1 1
21 1 -1
21 -1 1
21 -1 -1
21 0 0
21 0 1
21 1 0
21 0 -1
21 -1 0
21 1 1
21 1 -1
21 -1 1
21 -1 -1
22 0 0
22 0 1
22 1 0
22 0 -1
22 -1 0
22 1 1
22 1 -1
22 -1 1
22 -1 -1
22 0 0
22 0 1
22 1 0
22 0 -1
22 -1 0
22 1 1
22 1 -1
22 -1 1
22 -1 -1
22 0 0
22 0 1
22 1 0
22 0 -1
22 -1 0
22 1 1
22 1 -1
22 -1 1
22 -1 -1
22 0 0
22 0 1
22 1 0
22 0 -1
22 -1 0
22 1 1
22 1 -1
22 -1 1
22 -1 -1
22 0 0
22 0 1
22 1 0
22 0 -1
22 -1 0
22 1 1
22 1 -1
22 -1 1
22 -1 -1
22 0 0
22 0 1
22 1 0
22 0 -1
22 -1 0
22 1 1
22 1 -1
22 -1 1
22 -1 -1
22 0 0
22 0 1
22 1 0
22 0 -1
22 -1 0
22 1 1
22 1 -1
22 -1 1
22 -1 -1
22 0 0
22 0 1
22 1 0
22 0 -1
22 -1 0
22 1 1
22 1 -1
22 -1 1
22 -1 -1
22 0 0
22 0 1
22 1 0
22 0 -1
22 -1 0
22 1 1
22 1 -1
22 -1 1
22 -1 -1
22 0 0
22 0 1
22 1 0
22 0 -1
22 -1 0
22 1 1
22 1 -1
22 -1 1
22 -1 -1
22 0 0
22 0 1
22 1 0
22 0 -1
22 -1 0
22 1 1
22 1 -1
22 -1 1
22 -1 -1
22 0 0
22 0 1
22 1 0
22 0 -1
22 -1 0
22 1 1
22 1 -1
22 -1 1
22 -1 -1
23 0 0
23 0 1
23 1 0
23 0 -1
23 -1 0
23 1 1
23 1 -1
23 -1 1
23 -1 -1
23 0 0
23 0 1
23 1 0
23 0 -1
23 -1 0
23 1 1
23 1 -1
23 -1 1
23 -1 -1
23 0 0
23 0 1
23 1 0
23 0 -1
23 -1 0
23 1 1
23 1 -1
23 -1 1
23 -1 -1
23 0 0
23 0 1
23 1 0
23 0 -1
23 -1 0
23 1 1
23 1 -1
23 -1 1
23 -1 -1
23 0 0
23 0 1
23 1 0
23 0 -1
23 -1 0
23 1 1
23 1 -1
23 -1 1
23 -1 -1
23 0 0
23 0 1
23 1 0
23 0 -1
23 -1 0
23 1 1
23 1 -1
23 -1 1
23 -1 -1
23 0 0
23 0 1
23 1 0
23 0 -1
23 -1 0
23 1 1
23 1 -1
23 -1 1
23 -1 -1
23 0 0
23 0 1
23 1 0
23 0 -1
23 -1 0
23 1 1
23 1 -1
23 -1 1
23 -1 -1
23 0 0
23 0 1
23 1 0
23 0 -1
23 -1 0
23 1 1
23 1 -1
23 -1 1
23 -1 -1
23 0 0
23 0 1
23 1 0
23 0 -1
23 -1 0
23 1 1
23 1 -1
23 -1 1
23 -1 -1
23 0 0
23 0 1
23 1 0
23 0 -1
23 -1 0
23 1 1
23 1 -1
23 -1 1
23 -1 -1
23 0 0
23 0 1
23 1 0
23 0 -1
23 -1 0
23 1 1
23 1 -1
23 -1 1
23 -1 -1
24 0 0
24 0 1
24 1 0
24 0 -1
24 -1 0
24 1 1
24 1 -1
24 -1 1
24 -1 -1
24 0 0
24 0 1
24 1 0
24 0 -1
24 -1 0
24 1 1
24 1 -1
24 -1 1
24 -1 -1
24 0 0
24 0 1
24 1 0
24 0 -1
24 -1 0
24 1 1
24 1 -1
24 -1 1
24 -1 -1
24 0 0
24 0 1
24 1 0
24 0 -1
24 -1 0
24 1 1
24 1 -1
24 -1 1
24 -1 -1
24 0 0
24 0 1
24 1 0
24 0 -1
24 -1 0
24 1 1
24 1 -1
24 -1 1
24 -1 -1
24 0 0
24 0 1
24 1 0
24 0 -1
24 -1 0
24 1 1
24 1 -1
24 -1 1
24 -1 -1
24 0 0
24 0 1
24 1 0
24 0 -1
24 -1 0
24 1 1
24 1 -1
24 -1 1
24 -1 -1
24 0 0
24 0 1
24 1 0
24 0 -1
24 -1 0
24 1 1
24 1 -1
24 -1 1
24 -1 -1
24 0 0
24 0 1
24 1 0
24 0 -1
24 -1 0
24 1 1
24 1 -1
24 -1 1
24 -1 -1
24 0 0
24 0 1
24 1 0
24 0 -1
24 -1 0
24 1 1
24 1 -1
24 -1 1
24 -1 -1
24 0 0
24 0 1
24 1 0
24 0 -1
24 -1 0
24 1 1
24 1 -1
24 -1 1
24 -1 -1
24 0 0
24 0 1
24 1 0
24 0 -1
24 -1 0
24 1 1
24 1 -1
24 -1 1
24 -1 -1
25 0 0
25 0 1
25 1 0
25 0 -1
25 -1 0
25 1 1
25 1 -1
25 -1 1
25 -1 -1
25 0 0
25 0 1
25 1 0
25 0 -1
25 -1 0
25 1 1
25 1 -1
25 -1 1
25 -1 -1
25 0 0
25 0 1
25 1 0
25 0 -1
25 -1 0
25 1 1
25 1 -1
25 -1 1
25 -1 -1
25 0 0
25 0 1
25 1 0
25 0 -1
25 -1 0
25 1 1
25 1 -1
25 -1 1
25 -1 -1
25 0 0
25 0 1
25 1 0
25 0 -1
25 -1 0
25 1 1
25 1 -1
25 -1 1
25 -1 -1
25 0 0
25 0 1
25 1 0
25 0 -1
25 -1 0
25 1 1
25 1 -1
25 -1 1
25 -1 -1
25 0 0
25 0 1
25 1 0
25 0 -1
25 -1 0
25 1 1
25 1 -1
25 -1 1
25 -1 -1
25 0 0
25 0 1
25 1 0
25 0 -1
25 -1 0
25 1 1
25 1 -1
25 -1 1
25 -1 -1
25 0 0
25 0 1
25 1 0
25 0 -1
25 -1 0
25 1 1
25 1 -1
25 -1 1
25 -1 -1
25 0 0
25 0 1
25 1 0
25 0 -1
25 -1 0
25 1 1
25 1 -1
25 -1 1
25 -1 -1
25 0 0
25 0 1
25 1 0
25 0 -1
25 -1 0
25 1 1
25 1 -1
25 -1 1
25 -1 -1
25 0 0
25 0 1
25 1 0
25 0 -1
25 -1 0
25 1 1
25 1 -1
25 -1 1
25 -1 -1
26 0 0
26 0 1
26 1 0
26 0 -1
26 -1 0
26 1 1
26 1 -1
26 -1 1
26 -1 -1
26 0 0
26 0 1
26 1 0
26 0 -1
26 -1 0
26 1 1
26 1 -1
26 -1 1
26 -1 -1
26 0 0
26 0 1
26 1 0
26 0 -1
26 -1 0
26 1 1
26 1 -1
26 -1 1
26 -1 -1
26 0 0
26 0 1
26 1 0
26 0 -1
26 -1 0
26 1 1
26 1 -1
26 -1 1
26 -1 -1
26 0 0
26 0 1
26 1 0
26 0 -1
26 -1 0
26 1 1
26 1 -1
26 -1 1
26 -1 -1
26 0 0
26 0 1
26 1 0
26 0 -1
26 -1 0
26 1 1
26 1 -1
26 -1 1
26 -1 -1
26 0 0
26 0 1
26 1 0
26 0 -1
26 -1 0
26 1 1
26 1 -1
26 -1 1
26 -1 -1
26 0 0
26 0 1
26 1 0
26 0 -1
26 -1 0
26 1 1
26 1 -1
26 -1 1
26 -1 -1
26 0 0
26 0 1
26 1 0
26 0 -1
26 -1 0
26 1 1
26 1 -1
26 -1 1
26 -1 -1
26 0 0
26 0 1
26 1 0
26 0 -1
26 -1 0
26 1 1
26 1 -1
26 -1 1
26 -1 -1
26 0 0
26 0 1
26 1 0
26 0 -1
26 -1 0
26 1 1
26 1 -1
26 -1 1
26 -1 -1
26 0 0
26 0 1
26 1 0
26 0 -1
26 -1 0
26 1 1
26 1 -1
26 -1 1
26 -1 -1
27 0 0
27 0 1
27 1 0
27 0 -1
27 -1 0
27 1 1
27 1 -1
27 -1 1
27 -1 -1
27 0 0
27 0 1
27 1 0
27 0 -1
27 -1 0
27 1 1
27 1 -1
27 -1 1
27 -1 -1
27 0 0
27 0 1
27 1 0
27 0 -1
27 -1 0
27 1 1
27 1 -1
27 -1 1
27 -1 -1
27 0 0
27 0 1
27 1 0
27 0 -1
27 -1 0
27 1 1
27 1 -1
27 -1 1
27 -1 -1
27 0 0
27 0 1
27 1 0
27 0 -1
27 -1 0
27 1 1
27 1 -1
27 -1 1
27 -1 -1
27 0 0
27 0 1
27 1 0
27 0 -1
27 -1 0
27 1 1
27 1 -1
27 -1 1
27 -1 -1
27 0 0
27 0 1
27 1 0
27 0 -1
27 -1 0
27 1 1
27 1 -1
27 -1 1
27 -1 -1
27 0 0
27 0 1
27 1 0
27 0 -1
27 -1 0
27 1 1
27 1 -1
27 -1 1
27 -1 -1
27 0 0
27 0 1
27 1 0
27 0 -1
27 -1 0
27 1 1
27 1 -1
27 -1 1
27 -1 -1
27 0 0
27 0 1
27 1 0
27 0 -1
27 -1 0
27 1 1
27 1 -1
27 -1 1
27 -1 -1
27 0 0
27 0 1
27 1 0
27 0 -1
27 -1 0
27 1 1
27 1 -1
27 -1 1
27 -1 -1
27 0 0
27 0 1
27 1 0
27 0 -1
27 -1 0
27 1 1
27 1 -1
27 -1 1
27 -1 -1
28 0 0
28 0 1
28 1 0
28 0 -1
28 -1 0
28 1 1
28 1 -1
28 -1 1
28 -1 -1
28 0 0
28 0 1
28 1 0
28 0 -1
28 -1 0
28 1 1
28 1 -1
28 -1 1
28 -1 -1
28 0 0
28 0 1
28 1 0
28 0 -1
28 -1 0
28 1 1
28 1 -1
28 -1 1
28 -1 -1
28 0 0
28 0 1
28 1 0
28 0 -1
28 -1 0
28 1 1
28 1 -1
28 -1 1
28 -1 -1
28 0 0
28 0 1
28 1 0
28 0 -1
28 -1 0
28 1 1
28 1 -1
28 -1 1
28 -1 -1
28 0 0
28 0 1
28 1 0
28 0 -1
28 -1 0
28 1 1
28 1 -1
28 -1 1
28 -1 -1
28 0 0
28 0 1
28 1 0
28 0 -1
28 -1 0
28 1 1
28 1 -1
28 -1 1
28 -1 -1
28 0 0
28 0 1
28 1 0
28 0 -1
28 -1 0
28 1 1
28 1 -1
28 -1 1
28 -1 -1
28 0 0
28 0 1
28 1 0
28 0 -1
28 -1 0
28 1 1
28 1 -1
28 -1 1
28 -1 -1
28 0 0
28 0 1
28 1 0
28 0 -1
28 -1 0
28 1 1
28 1 -1
28 -1 1
28 -1 -1
28 0 0
28 0 1
28 1 0
28 0 -1
28 -1 0
28 1 1
28 1 -1
28 -1 1
28 -1 -1
28 0 0
28 0 1
28 1 0
28 0 -1
28 -1 0
28 1 1
28 1 -1
28 -1 1
28 -1 -1
29 0 0
29 0 1
29 1 0
29 0 -1
29 -1 0
29 1 1
29 1 -1
29 -1 1
29 -1 -1
29 0 0
29 0 1
29 1 0
29 0 -1
29 -1 0
29 1 1
29 1 -1
29 -1 1
29 -1 -1
29 0 0
29 0 1
29 1 0
29 0 -1
29 -1 0
29 1 1
29 1 -1
29 -1 1
29 -1 -1
29 0 0
29 0 1
29 1 0
29 0 -1
29 -1 0
29 1 1
29 1 -1
29 -1 1
29 -1 -1
29 0 0
29 0 1
29 1 0
29 0 -1
29 -1 0
29 1 1
29 1 -1
29 -1 1
29 -1 -1
29 0 0
29 0 1
29 1 0
29 0 -1
29 -1 0
29 1 1
29 1 -1
29 -1 1
29 -1 -1
29 0 0
29 0 1
29 1 0
29 0 -1
29 -1 0
29 1 1
29 1 -1
29 -1 1
29 -1 -1
29 0 0
29 0 1
29 1 0
29 0 -1
29 -1 0
29 1 1
29 1 -1
29 -1 1
29 -1 -1
29 0 0
29 0 1
29 1 0
29 0 -1
29 -1 0
29 1 1
29 1 -1
29 -1 1
29 -1 -1
29 0 0
29 0 1
29 1 0
29 0 -1
29 -1 0
29 1 1
29 1 -1
29 -1 1
29 -1 -1
29 0 0
29 0 1
29 1 0
29 0 -1
29 -1 0
29 1 1
29 1 -1
29 -1 1
29 -1 -1
29 0 0
29 0 1
29 1 0
29 0 -1
29 -1 0
29 1 1
29 1 -1
29 -1 1
29 -1 -1
30 0 0
30 0 1
30 1 0
30 0 -1
30 -1 0
30 1 1
30 1 -1
30 -1 1
30 -1 -1
30 0 0
30 0 1
30 1 0
30 0 -1
30 -1 0
30 1 1
30 1 -1
30 -1 1
30 -1 -1
30 0 0
30 0 1
30 1 0
30 0 -1
30 -1 0
30 1 1
30 1 -1
30 -1 1
30 -1 -1
30 0 0
30 0 1
30 1 0
30 0 -1
30 -1 0
30 1 1
30 1 -1
30 -1 1
30 -1 -1
30 0 0
30 0 1
30 1 0
30 0 -1
30 -1 0
30 1 1
30 1 -1
30 -1 1
30 -1 -1
30 0 0
30 0 1
30 1 0
30 0 -1
30 -1 0
30 1 1
30 1 -1
30 -1 1
30 -1 -1
30 0 0
30 0 1
30 1 0
30 0 -1
30 -1 0
30 1 1
30 1 -1
30 -1 1
30 -1 -1
30 0 0
30 0 1
30 1 0
30 0 -1
30 -1 0
30 1 1
30 1 -1
30 -1 1
30 -1 -1
30 0 0
30 0 1
30 1 0
30 0 -1
30 -1 0
30 1 1
30 1 -1
30 -1 1
30 -1 -1
30 0 0
30 0 1
30 1 0
30 0 -1
30 -1 0
30 1 1
30 1 -1
30 -1 1
30 -1 -1
30 0 0
30 0 1
30 1 0
30 0 -1
30 -1 0
30 1 1
30 1 -1
30 -1 1
30 -1 -1
30 0 0
30 0 1
30 1 0
30 0 -1
30 -1 0
30 1 1
30 1 -1
30 -1 1
30 -1 -1
31 0 0
31 0 1
31 1 0
31 0 -1
31 -1 0
31 1 1
31 1 -1
31 -1 1
31 -1 -1
31 0 0
31 0 1
31 1 0
31 0 -1
31 -1 0
31 1 1
31 1 -1
31 -1 1
31 -1 -1
31 0 0
31 0 1
31 1 0
31 0 -1
31 -1 0
31 1 1
31 1 -1
31 -1 1
31 -1 -1
31 0 0
31 0 1
31 1 0
31 0 -1
31 -1 0
31 1 1
31 1 -1
31 -1 1
31 -1 -1
31 0 0
31 0 1
31 1 0
31 0 -1
31 -1 0
31 1 1
31 1 -1
31 -1 1
31 -1 -1
31 0 0
31 0 1
31 1 0
31 0 -1
31 -1 0
31 1 1
31 1 -1
31 -1 1
31 -1 -1
31 0 0
31 0 1
31 1 0
31 0 -1
31 -1 0
31 1 1
31 1 -1
31 -1 1
31 -1 -1
31 0 0
31 0 1
31 1 0
31 0 -1
31 -1 0
31 1 1
31 1 -1
31 -1 1
31 -1 -1
31 0 0
31 0 1
31 1 0
31 0 -1
31 -1 0
31 1 1
31 1 -1
31 -1 1
31 -1 -1
31 0 0
31 0 1
31 1 0
31 0 -1
31 -1 0
31 1 1
31 1 -1
31 -1 1
31 -1 -1
31 0 0
31 0 1
31 1 0
31 0 -1
31 -1 0
31 1 1
31 1 -1
31 -1 1
31 -1 -1
31 0 0
31 0 1
31 1 0
31 0 -1
31 -1 0
31 1 1
31 1 -1
31 -1 1
31 -1 -1
32 0 0
32 0 1
32 1 0
32 0 -1
32 -1 0
32 1 1
32 1 -1
32 -1 1
32 -1 -1
32 0 0
32 0 1
32 1 0
32 0 -1
32 -1 0
32 1 1
32 1 -1
32 -1 1
32 -1 -1
32 0 0
32 0 1
32 1 0
32 0 -1
32 -1 0
32 1 1
32 1 -1
32 -1 1
32 -1 -1
32 0 0
32 0 1
32 1 0
32 0 -1
32 -1 0
32 1 1
32 1 -1
32 -1 1
32 -1 -1
32 0 0
32 0 1
32 1 0
32 0 -1
32 -1 0
32 1 1
32 1 -1
32 -1 1
32 -1 -1
32 0 0
32 0 1
32 1 0
32 0 -1
32 -1 0
32 1 1
32 1 -1
32 -1 1
32 -1 -1
32 0 0
32 0 1
32 1 0
32 0 -1
32 -1 0
32 1 1
32 1 -1
32 -1 1
32 -1 -1
32 0 0
32 0 1
32 1 0
32 0 -1
32 -1 0
32 1 1
32 1 -1
32 -1 1
32 -1 -1
32 0 0
32 0 1
32 1 0
32 0 -1
32 -1 0
32 1 1
32 1 -1
32 -1 1
32 -1 -1
32 0 0
32 0 1
32 1 0
32 0 -1
32 -1 0
32 1 1
32 1 -1
32 -1 1
32 -1 -1
32 0 0
32 0 1
32 1 0
32 0 -1
32 -1 0
32 1 1
32 1 -1
32 -1 1
32 -1 -1
32 0 0
32 0 1
32 1 0
32 0 -1
32 -1 0
32 1 1
32 1 -1
32 -1 1
32 -1 -1
33 0 0
33 0 1
33 1 0
33 0 -1
33 -1 0
33 1 1
33 1 -1
33 -1 1
33 -1 -1
33 0 0
33 0 1
33 1 0
33 0 -1
33 -1 0
33 1 1
33 1 -1
33 -1 1
33 -1 -1
33 0 0
33 0 1
33 1 0
33 0 -1
33 -1 0
33 1 1
33 1 -1
33 -1 1
33 -1 -1
33 0 0
33 0 1
33 1 0
33 0 -1
33 -1 0
33 1 1
33 1 -1
33 -1 1
33 -1 -1
33 0 0
33 0 1
33 1 0
33 0 -1
33 -1 0
33 1 1
33 1 -1
33 -1 1
33 -1 -1
33 0 0
33 0 1
33 1 0
33 0 -1
33 -1 0
33 1 1
33 1 -1
33 -1 1
33 -1 -1
33 0 0
33 0 1
33 1 0
33 0 -1
33 -1 0
33 1 1
33 1 -1
33 -1 1
33 -1 -1
33 0 0
33 0 1
33 1 0
33 0 -1
33 -1 0
33 1 1
33 1 -1
33 -1 1
33 -1 -1
33 0 0
33 0 1
33 1 0
33 0 -1
33 -1 0
33 1 1
33 1 -1
33 -1 1
33 -1 -1
33 0 0
33 0 1
33 1 0
33 0 -1
33 -1 0
33 1 1
33 1 -1
33 -1 1
33 -1 -1
33 0 0
33 0 1
33 1 0
33 0 -1
33 -1 0
33 1 1
33 1 -1
33 -1 1
33 -1 -1
33 0 0
33 0 1
33 1 0
33 0 -1
33 -1 0
33 1 1
33 1 -1
33 -1 1
33 -1 -1
34 0 0
34 0 1
34 1 0
34 0 -1
34 -1 0
34 1 1
34 1 -1
34 -1 1
34 -1 -1
34 0 0
34 0 1
34 1 0
34 0 -1
34 -1 0
34 1 1
34 1 -1
34 -1 1
34 -1 -1
34 0 0
34 0 1
34 1 0
34 0 -1
34 -1 0
34 1 1
34 1 -1
34 -1 1
34 -1 -1
34 0 0
34 0 1
34 1 0
34 0 -1
34 -1 0
34 1 1
34 1 -1
34 -1 1
34 -1 -1
34 0 0
34 0 1
34 1 0
34 0 -1
34 -1 0
34 1 1
34 1 -1
34 -1 1
34 -1 -1
34 0 0
34 0 1
34 1 0
34 0 -1
34 -1 0
34 1 1
34 1 -1
34 -1 1
34 -1 -1
34 0 0
34 0 1
34 1 0
34 0 -1
34 -1 0
34 1 1
34 1 -1
34 -1 1
34 -1 -1
34 0 0
34 0 1
34 1 0
34 0 -1
34 -1 0
34 1 1
34 1 -1
34 -1 1
34 -1 -1
34 0 0
34 0 1
34 1 0
34 0 -1
34 -1 0
34 1 1
34 1 -1
34 -1 1
34 -1 -1
34 0 0
34 0 1
34 1 0
34 0 -1
34 -1 0
34 1 1
34 1 -1
34 -1 1
34 -1 -1
34 0 0
34 0 1
34 1 0
34 0 -1
34 -1 0
34 1 1
34 1 -1
34 -1 1
34 -1 -1
34 0 0
34 0 1
34 1 0
34 0 -1
34 -1 0
34 1 1
34 1 -1
34 -1 1
34 -1 -1
35 0 0
35 0 1
35 1 0
35 0 -1
35 -1 0
35 1 1
35 1 -1
35 -1 1
35 -1 -1
35 0 0
35 0 1
35 1 0
35 0 -1
35 -1 0
35 1 1
35 1 -1
35 -1 1
35 -1 -1
35 0 0
35 0 1
35 1 0
35 0 -1
35 -1 0
35 1 1
35 1 -1
35 -1 1
35 -1 -1
35 0 0
35 0 1
35 1 0
35 0 -1
35 -1 0
35 1 1
35 1 -1
35 -1 1
35 -1 -1
35 0 0
35 0 1
35 1 0
35 0 -1
35 -1 0
35 1 1
35 1 -1
35 -1 1
35 -1 -1
35 0 0
35 0 1
35 1 0
35 0 -1
35 -1 0
35 1 1
35 1 -1
35 -1 1
35 -1 -1
35 0 0
35 0 1
35 1 0
35 0 -1
35 -1 0
35 1 1
35 1 -1
35 -1 1
35 -1 -1
35 0 0
35 0 1
35 1 0
35 0 -1
35 -1 0
35 1 1
35 1 -1
35 -1 1
35 -1 -1
35 0 0
35 0 1
35 1 0
35 0 -1
35 -1 0
35 1 1
35 1 -1
35 -1 1
35 -1 -1
35 0 0
35 0 1
35 1 0
35 0 -1
35 -1 0
35 1 1
35 1 -1
35 -1 1
35 -1 -1
35 0 0
35 0 1
35 1 0
35 0 -1
35 -1 0
35 1 1
35 1 -1
35 -1 1
35 -1 -1
35 0 0
35 0 1
35 1 0
35 0 -1
35 -1 0
35 1 1
35 1 -1
35 -1 1
35 -1 -1
36 0 0
36 0 1
36 1 0
36 0 -1
36 -1 0
36 1 1
36 1 -1
36 -1 1
36 -1 -1
36 0 0
36 0 1
36 1 0
36 0 -1
36 -1 0
36 1 1
36 1 -1
36 -1 1
36 -1 -1
36 0 0
36 0 1
36 1 0
36 0 -1
36 -1 0
36 1 1
36 1 -1
36 -1 1
36 -1 -1
36 0 0
36 0 1
36 1 0
36 0 -1
36 -1 0
36 1 1
36 1 -1
36 -1 1
36 -1 -1
36 0 0
36 0 1
36 1 0
36 0 -1
36 -1 0
36 1 1
36 1 -1
36 -1 1
36 -1 -1
36 0 0
36 0 1
36 1 0
36 0 -1
36 -1 0
36 1 1
36 1 -1
36 -1 1
36 -1 -1
36 0 0
36 0 1
36 1 0
36 0 -1
36 -1 0
36 1 1
36 1 -1
36 -1 1
36 -1 -1
36 0 0
36 0 1
36 1 0
36 0 -1
36 -1 0
36 1 1
36 1 -1
36 -1 1
36 -1 -1
36 0 0
36 0 1
36 1 0
36 0 -1
36 -1 0
36 1 1
36 1 -1
36 -1 1
36 -1 -1
36 0 0
36 0 1
36 1 0
36 0 -1
36 -1 0
36 1 1
36 1 -1
36 -1 1
36 -1 -1
36 0 0
36 0 1
36 1 0
36 0 -1
36 -1 0
36 1 1
36 1 -1
36 -1 1
36 -1 -1
36 0 0
36 0 1
36 1 0
36 0 -1
36 -1 0
36 1 1
36 1 -1
36 -1 1
36 -1 -1
37 0 0
37 0 1
37 1 0
37 0 -1
37 -1 0
37 1 1
37 1 -1
37 -1 1
37 -1 -1
37 0 0
37 0 1
37 1 0
37 0 -1
37 -1 0
37 1 1
37 1 -1
37 -1 1
37 -1 -1
37 0 0
37 0 1
37 1 0
37 0 -1
37 -1 0
37 1 1
37 1 -1
37 -1 1
37 -1 -1
37 0 0
37 0 1
37 1 0
37 0 -1
37 -1 0
37 1 1
37 1 -1
37 -1 1
37 -1 -1
37 0 0
37 0 1
37 1 0
37 0 -1
37 -1 0
37 1 1
37 1 -1
37 -1 1
37 -1 -1
37 0 0
37 0 1
37 1 0
37 0 -1
37 -1 0
37 1 1
37 1 -1
37 -1 1
37 -1 -1
37 0 0
37 0 1
37 1 0
37 0 -1
37 -1 0
37 1 1
37 1 -1
37 -1 1
37 -1 -1
37 0 0
37 0 1
37 1 0
37 0 -1
37 -1 0
37 1 1
37 1 -1
37 -1 1
37 -1 -1
37 0 0
37 0 1
37 1 0
37 0 -1
37 -1 0
37 1 1
37 1 -1
37 -1 1
37 -1 -1
37 0 0
37 0 1
37 1 0
37 0 -1
37 -1 0
37 1 1
37 1 -1
37 -1 1
37 -1 -1
37 0 0
37 0 1
37 1 0
37 0 -1
37 -1 0
37 1 1
37 1 -1
37 -1 1
37 -1 -1
37 0 0
37 0 1
37 1 0
37 0 -1
37 -1 0
37 1 1
37 1 -1
37 -1 1
37 -1 -1
38 0 0
38 0 1
38 1 0
38 0 -1
38 -1 0
38 1 1
38 1 -1
38 -1 1
38 -1 -1
38 0 0
38 0 1
38 1 0
38 0 -1
38 -1 0
38 1 1
38 1 -1
38 -1 1
38 -1 -1
38 0 0
38 0 1
38 1 0
38 0 -1
38 -1 0
38 1 1
38 1 -1
38 -1 1
38 -1 -1
38 0 0
38 0 1
38 1 0
38 0 -1
38 -1 0
38 1 1
38 1 -1
38 -1 1
38 -1 -1
38 0 0
38 0 1
38 1 0
38 0 -1
38 -1 0
38 1 1
38 1 -1
38 -1 1
38 -1 -1
38 0 0
38 0 1
38 1 0
38 0 -1
38 -1 0
38 1 1
38 1 -1
38 -1 1
38 -1 -1
38 0 0
38 0 1
38 1 0
38 0 -1
38 -1 0
38 1 1
38 1 -1
38 -1 1
38 -1 -1
38 0 0
38 0 1
38 1 0
38 0 -1
38 -1 0
38 1 1
38 1 -1
38 -1 1
38 -1 -1
38 0 0
38 0 1
38 1 0
38 0 -1
38 -1 0
38 1 1
38 1 -1
38 -1 1
38 -1 -1
38 0 0
38 0 1
38 1 0
38 0 -1
38 -1 0
38 1 1
38 1 -1
38 -1 1
38 -1 -1
38 0 0
38 0 1
38 1 0
38 0 -1
38 -1 0
38 1 1
38 1 -1
38 -1 1
38 -1 -1
38 0 0
38 0 1
38 1 0
38 0 -1
38 -1 0
38 1 1
38 1 -1
38 -1 1
38 -1 -1
39 0 0
39 0 1
39 1 0
39 0 -1
39 -1 0
39 1 1
39 1 -1
39 -1 1
39 -1 -1
39 0 0
39 0 1
39 1 0
39 0 -1
39 -1 0
39 1 1
39 1 -1
39 -1 1
39 -1 -1
39 0 0
39 0 1
39 1 0
39 0 -1
39 -1 0
39 1 1
39 1 -1
39 -1 1
39 -1 -1
39 0 0
39 0 1
39 1 0
39 0 -1
39 -1 0
39 1 1
39 1 -1
39 -1 1
39 -1 -1
39 0 0
39 0 1
39 1 0
39 0 -1
39 -1 0
39 1 1
39 1 -1
39 -1 1
39 -1 -1
39 0 0
39 0 1
39 1 0
39 0 -1
39 -1 0
39 1 1
39 1 -1
39 -1 1
39 -1 -1
39 0 0
39 0 1
39 1 0
39 0 -1
39 -1 0
39 1 1
39 1 -1
39 -1 1
39 -1 -1
39 0 0
39 0 1
39 1 0
39 0 -1
39 -1 0
39 1 1
39 1 -1
39 -1 1
39 -1 -1
39 0 0
39 0 1
39 1 0
39 0 -1
39 -1 0
39 1 1
39 1 -1
39 -1 1
39 -1 -1
39 0 0
39 0 1
39 1 0
39 0 -1
39 -1 0
39 1 1
39 1 -1
39 -1 1
39 -1 -1
39 0 0
39 0 1
39 1 0
39 0 -1
39 -1 0
39 1 1
39 1 -1
39 -1 1
39 -1 -1
39 0 0
39 0 1
39 1 0
39 0 -1
39 -1 0
39 1 1
39 1 -1
39 -1 1
39 -1 -1
40 0 0
40 0 1
40 1 0
40 0 -1
40 -1 0
40 1 1
40 1 -1
40 -1 1
40 -1 -1
40 0 0
40 0 1
40 1 0
40 0 -1
40 -1 0
40 1 1
40 1 -1
40 -1 1
40 -1 -1
40 0 0
40 0 1
40 1 0
40 0 -1
40 -1 0
40 1 1
40 1 -1
40 -1 1
40 -1 -1
40 0 0
40 0 1
40 1 0
40 0 -1
40 -1 0
40 1 1
40 1 -1
40 -1 1
40 -1 -1
40 0 0
40 0 1
40 1 0
40 0 -1
40 -1 0
40 1 1
40 1 -1
40 -1 1
40 -1 -1
40 0 0
40 0 1
40 1 0
40 0 -1
40 -1 0
40 1 1
40 1 -1
40 -1 1
40 -1 -1
40 0 0
40 0 1
40 1 0
40 0 -1
40 -1 0
40 1 1
40 1 -1
40 -1 1
40 -1 -1
40 0 0
40 0 1
40 1 0
40 0 -1
40 -1 0
40 1 1
40 1 -1
40 -1 1
40 -1 -1
40 0 0
40 0 1
40 1 0
40 0 -1
40 -1 0
40 1 1
40 1 -1
40 -1 1
40 -1 -1
40 0 0
40 0 1
40 1 0
40 0 -1
40 -1 0
40 1 1
40 1 -1
40 -1 1
40 -1 -1
40 0 0
40 0 1
40 1 0
40 0 -1
40 -1 0
40 1 1
40 1 -1
40 -1 1
40 -1 -1
40 0 0
40 0 1
40 1 0
40 0 -1
40 -1 0
40 1 1
40 1 -1
40 -1 1
40 -1 -1
41 0 0
41 0 1
41 1 0
41 0 -1
41 -1 0
41 1 1
41 1 -1
41 -1 1
41 -1 -1
41 0 0
41 0 1
41 1 0
41 0 -1
41 -1 0
41 1 1
41 1 -1
41 -1 1
41 -1 -1
41 0 0
41 0 1
41 1 0
41 0 -1
41 -1 0
41 1 1
41 1 -1
41 -1 1
41 -1 -1
41 0 0
41 0 1
41 1 0
41 0 -1
41 -1 0
41 1 1
41 1 -1
41 -1 1
41 -1 -1
41 0 0
41 0 1
41 1 0
41 0 -1
41 -1 0
41 1 1
41 1 -1
41 -1 1
41 -1 -1
41 0 0
41 0 1
41 1 0
41 0 -1
41 -1 0
41 1 1
41 1 -1
41 -1 1
41 -1 -1
41 0 0
41 0 1
41 1 0
41 0 -1
41 -1 0
41 1 1
41 1 -1
41 -1 1
41 -1 -1
41 0 0
41 0 1
41 1 0
41 0 -1
41 -1 0
41 1 1
41 1 -1
41 -1 1
41 -1 -1
41 0 0
41 0 1
41 1 0
41 0 -1
41 -1 0
41 1 1
41 1 -1
41 -1 1
41 -1 -1
41 0 0
41 0 1
41 1 0
41 0 -1
41 -1 0
41 1 1
41 1 -1
41 -1 1
41 -1 -1
41 0 0
41 0 1
41 1 0
41 0 -1
41 -1 0
41 1 1
41 1 -1
41 -1 1
41 -1 -1
41 0 0
41 0 1
41 1 0
41 0 -1
41 -1 0
41 1 1
41 1 -1
41 -1 1
41 -1 -1
42 0 0
42 0 1
42 1 0
42 0 -1
42 -1 0
42 1 1
42 1 -1
42 -1 1
42 -1 -1
42 0 0
42 0 1
42 1 0
42 0 -1
42 -1 0
42 1 1
42 1 -1
42 -1 1
42 -1 -1
42 0 0
42 0 1
42 1 0
42 0 -1
42 -1 0
42 1 1
42 1 -1
42 -1 1
42 -1 -1
42 0 0
42 0 1
42 1 0
42 0 -1
42 -1 0
42 1 1
42 1 -1
42 -1 1
42 -1 -1
42 0 0
42 0 1
42 1 0
42 0 -1
42 -1 0
42 1 1
42 1 -1
42 -1 1
42 -1 -1
42 0 0
42 0 1
42 1 0
42 0 -1
42 -1 0
42 1 1
42 1 -1
42 -1 1
42 -1 -1
42 0 0
42 0 1
42 1 0
42 0 -1
42 -1 0
42 1 1
42 1 -1
42 -1 1
42 -1 -1
42 0 0
42 0 1
42 1 0
42 0 -1
42 -1 0
42 1 1
42 1 -1
42 -1 1
42 -1 -1
42 0 0
42 0 1
42 1 0
42 0 -1
42 -1 0
42 1 1
42 1 -1
42 -1 1
42 -1 -1
42 0 0
42 0 1
42 1 0
42 0 -1
42 -1 0
42 1 1
42 1 -1
42 -1 1
42 -1 -1
42 0 0
42 0 1
42 1 0
42 0 -1
42 -1 0
42 1 1
42 1 -1
42 -1 1
42 -1 -1
42 0 0
42 0 1
42 1 0
42 0 -1
42 -1 0
42 1 1
42 1 -1
42 -1 1
42 -1 -1
43 0 0
43 0 1
43 1 0
43 0 -1
43 -1 0
43 1 1
43 1 -1
43 -1 1
43 -1 -1
43 0 0
43 0 1
43 1 0
43 0 -1
43 -1 0
43 1 1
43 1 -1
43 -1 1
43 -1 -1
43 0 0
43 0 1
43 1 0
43 0 -1
43 -1 0
43 1 1
43 1 -1
43 -1 1
43 -1 -1
43 0 0
43 0 1
43 1 0
43 0 -1
43 -1 0
43 1 1
43 1 -1
43 -1 1
43 -1 -1
43 0 0
43 0 1
43 1 0
43 0 -1
43 -1 0
43 1 1
43 1 -1
43 -1 1
43 -1 -1
43 0 0
43 0 1
43 1 0
43 0 -1
43 -1 0
43 1 1
43 1 -1
43 -1 1
43 -1 -1
43 0 0
43 0 1
43 1 0
43 0 -1
43 -1 0
43 1 1
43 1 -1
43 -1 1
43 -1 -1
43 0 0
43 0 1
43 1 0
43 0 -1
43 -1 0
43 1 1
43 1 -1
43 -1 1
43 -1 -1
43 0 0
43 0 1
43 1 0
43 0 -1
43 -1 0
43 1 1
43 1 -1
43 -1 1
43 -1 -1
43 0 0
43 0 1
43 1 0
43 0 -1
43 -1 0
43 1 1
43 1 -1
43 -1 1
43 -1 -1
43 0 0
43 0 1
43 1 0
43 0 -1
43 -1 0
43 1 1
43 1 -1
43 -1 1
43 -1 -1
43 0 0
43 0 1
43 1 0
43 0 -1
43 -1 0
43 1 1
43 1 -1
43 -1 1
43 -1 -1
44 0 0
44 0 1
44 1 0
44 0 -1
44 -1 0
44 1 1
44 1 -1
44 -1 1
44 -1 -1
44 0 0
44 0 1
44 1 0
44 0 -1
44 -1 0
44 1 1
44 1 -1
44 -1 1
44 -1 -1
44 0 0
44 0 1
44 1 0
44 0 -1
44 -1 0
44 1 1
44 1 -1
44 -1 1
44 -1 -1
44 0 0
44 0 1
44 1 0
44 0 -1
44 -1 0
44 1 1
44 1 -1
44 -1 1
44 -1 -1
44 0 0
44 0 1
44 1 0
44 0 -1
44 -1 0
44 1 1
44 1 -1
44 -1 1
44 -1 -1
44 0 0
44 0 1
44 1 0
44 0 -1
44 -1 0
44 1 1
44 1 -1
44 -1 1
44 -1 -1
44 0 0
44 0 1
44 1 0
44 0 -1
44 -1 0
44 1 1
44 1 -1
44 -1 1
44 -1 -1
44 0 0
44 0 1
44 1 0
44 0 -1
44 -1 0
44 1 1
44 1 -1
44 -1 1
44 -1 -1
44 0 0
44 0 1
44 1 0
44 0 -1
44 -1 0
44 1 1
44 1 -1
44 -1 1
44 -1 -1
44 0 0
44 0 1
44 1 0
44 0 -1
44 -1 0
44 1 1
44 1 -1
44 -1 1
44 -1 -1
44 0 0
44 0 1
44 1 0
44 0 -1
44 -1 0
44 1 1
44 1 -1
44 -1 1
44 -1 -1
44 0 0
44 0 1
44 1 0
44 0 -1
44 -1 0
44 1 1
44 1 -1
44 -1 1
44 -1 -1
45 0 0
45 0 1
45 1 0
45 0 -1
45 -1 0
45 1 1
45 1 -1
45 -1 1
45 -1 -1
45 0 0
45 0 1
45 1 0
45 0 -1
45 -1 0
45 1 1
45 1 -1
45 -1 1
45 -1 -1
45 0 0
45 0 1
45 1 0
45 0 -1
45 -1 0
45 1 1
45 1 -1
45 -1 1
45 -1 -1
45 0 0
45 0 1
45 1 0
45 0 -1
45 -1 0
45 1 1
45 1 -1
45 -1 1
45 -1 -1
45 0 0
45 0 1
45 1 0
45 0 -1
45 -1 0
45 1 1
45 1 -1
45 -1 1
45 -1 -1
45 0 0
45 0 1
45 1 0
45 0 -1
45 -1 0
45 1 1
45 1 -1
45 -1 1
45 -1 -1
45 0 0
45 0 1
45 1 0
45 0 -1
45 -1 0
45 1 1
45 1 -1
45 -1 1
45 -1 -1
45 0 0
45 0 1
45 1 0
45 0 -1
45 -1 0
45 1 1
45 1 -1
45 -1 1
45 -1 -1
45 0 0
45 0 1
45 1 0
45 0 -1
45 -1 0
45 1 1
45 1 -1
45 -1 1
45 -1 -1
45 0 0
45 0 1
45 1 0
45 0 -1
45 -1 0
45 1 1
45 1 -1
45 -1 1
45 -1 -1
45 0 0
45 0 1
45 1 0
45 0 -1
45 -1 0
45 1 1
45 1 -1
45 -1 1
45 -1 -1
45 0 0
45 0 1
45 1 0
45 0 -1
45 -1 0
45 1 1
45 1 -1
45 -1 1
45 -1 -1
46 0 0
46 0 1
46 1 0
46 0 -1
46 -1 0
46 1 1
46 1 -1
46 -1 1
46 -1 -1
46 0 0
46 0 1
46 1 0
46 0 -1
46 -1 0
46 1 1
46 1 -1
46 -1 1
46 -1 -1
46 0 0
46 0 1
46 1 0
46 0 -1
46 -1 0
46 1 1
46 1 -1
46 -1 1
46 -1 -1
46 0 0
46 0 1
46 1 0
46 0 -1
46 -1 0
46 1 1
46 1 -1
46 -1 1
46 -1 -1
46 0 0
46 0 1
46 1 0
46 0 -1
46 -1 0
46 1 1
46 1 -1
46 -1 1
46 -1 -1
46 0 0
46 0 1
46 1 0
46 0 -1
46 -1 0
46 1 1
46 1 -1
46 -1 1
46 -1 -1
46 0 0
46 0 1
46 1 0
46 0 -1
46 -1 0
46 1 1
46 1 -1
46 -1 1
46 -1 -1
46 0 0
46 0 1
46 1 0
46 0 -1
46 -1 0
46 1 1
46 1 -1
46 -1 1
46 -1 -1
46 0 0
46 0 1
46 1 0
46 0 -1
46 -1 0
46 1 1
46 1 -1
46 -1 1
46 -1 -1
46 0 0
46 0 1
46 1 0
46 0 -1
46 -1 0
46 1 1
46 1 -1
46 -1 1
46 -1 -1
46 0 0
46 0 1
46 1 0
46 0 -1
46 -1 0
46 1 1
46 1 -1
46 -1 1
46 -1 -1
46 0 0
46 0 1
46 1 0
46 0 -1
46 -1 0
46 1 1
46 1 -1
46 -1 1
46 -1 -1
47 0 0
47 0 1
47 1 0
47 0 -1
47 -1 0
47 1 1
47 1 -1
47 -1 1
47 -1 -1
47 0 0
47 0 1
47 1 0
47 0 -1
47 -1 0
47 1 1
47 1 -1
47 -1 1
47 -1 -1
47 0 0
47 0 1
47 1 0
47 0 -1
47 -1 0
47 1 1
47 1 -1
47 -1 1
47 -1 -1
47 0 0
47 0 1
47 1 0
47 0 -1
47 -1 0
47 1 1
47 1 -1
47 -1 1
47 -1 -1
47 0 0
47 0 1
47 1 0
47 0 -1
47 -1 0
47 1 1
47 1 -1
47 -1 1
47 -1 -1
47 0 0
47 0 1
47 1 0
47 0 -1
47 -1 0
47 1 1
47 1 -1
47 -1 1
47 -1 -1
47 0 0
47 0 1
47 1 0
47 0 -1
47 -1 0
47 1 1
47 1 -1
47 -1 1
47 -1 -1
47 0 0
47 0 1
47 1 0
47 0 -1
47 -1 0
47 1 1
47 1 -1
47 -1 1
47 -1 -1
47 0 0
47 0 1
47 1 0
47 0 -1
47 -1 0
47 1 1
47 1 -1
47 -1 1
47 -1 -1
47 0 0
47 0 1
47 1 0
47 0 -1
47 -1 0
47 1 1
47 1 -1
47 -1 1
47 -1 -1
47 0 0
47 0 1
47 1 0
47 0 -1
47 -1 0
47 1 1
47 1 -1
47 -1 1
47 -1 -1
47 0 0
47 0 1
47 1 0
47 0 -1
47 -1 0
47 1 1
47 1 -1
47 -1 1
47 -1 -1
48 0 0
48 0 1
48 1 0
48 0 -1
48 -1 0
48 1 1
48 1 -1
48 -1 1
48 -1 -1
48 0 0
48 0 1
48 1 0
48 0 -1
48 -1 0
48 1 1
48 1 -1
48 -1 1
48 -1 -1
48 0 0
48 0 1
48 1 0
48 0 -1
48 -1 0
48 1 1
48 1 -1
48 -1 1
48 -1 -1
48 0 0
48 0 1
48 1 0
48 0 -1
48 -1 0
48 1 1
48 1 -1
48 -1 1
48 -1 -1
48 0 0
48 0 1
48 1 0
48 0 -1
48 -1 0
48 1 1
48 1 -1
48 -1 1
48 -1 -1
48 0 0
48 0 1
48 1 0
48 0 -1
48 -1 0
48 1 1
48 1 -1
48 -1 1
48 -1 -1
48 0 0
48 0 1
48 1 0
48 0 -1
48 -1 0
48 1 1
48 1 -1
48 -1 1
48 -1 -1
48 0 0
48 0 1
48 1 0
48 0 -1
48 -1 0
48 1 1
48 1 -1
48 -1 1
48 -1 -1
48 0 0
48 0 1
48 1 0
48 0 -1
48 -1 0
48 1 1
48 1 -1
48 -1 1
48 -1 -1
48 0 0
48 0 1
48 1 0
48 0 -1
48 -1 0
48 1 1
48 1 -1
48 -1 1
48 -1 -1
48 0 0
48 0 1
48 1 0
48 0 -1
48 -1 0
48 1 1
48 1 -1
48 -1 1
48 -1 -1
48 0 0
48 0 1
48 1 0
48 0 -1
48 -1 0
48 1 1
48 1 -1
48 -1 1
48 -1 -1
48 0 0
48 0 1
48 1 0
48 0 -1
48 -1 0
48 1 1
48 1 -1
48 -1 1
48 -1 -1
49 0 0
49 0 1
49 1 0
49 0 -1
49 -1 0
49 1 1
49 1 -1
49 -1 1
49 -1 -1
49 0 0
49 0 1
49 1 0
49 0 -1
49 -1 0
49 1 1
49 1 -1
49 -1 1
49 -1 -1
49 0 0
49 0 1
49 1 0
49 0 -1
49 -1 0
49 1 1
49 1 -1
49 -1 1
49 -1 -1
49 0 0
49 0 1
49 1 0
49 0 -1
49 -1 0
49 1 1
49 1 -1
49 -1 1
49 -1 -1
49 0 0
49 0 1
49 1 0
49 0 -1
49 -1 0
49 1 1
49 1 -1
49 -1 1
49 -1 -1
49 0 0
49 0 1
49 1 0
49 0 -1
49 -1 0
49 1 1
49 1 -1
49 -1 1
49 -1 -1
49 0 0
49 0 1
49 1 0
49 0 -1
49 -1 0
49 1 1
49 1 -1
49 -1 1
49 -1 -1
49 0 0
49 0 1
49 1 0
49 0 -1
49 -1 0
49 1 1
49 1 -1
49 -1 1
49 -1 -1
49 0 0
49 0 1
49 1 0
49 0 -1
49 -1 0
49 1 1
49 1 -1
49 -1 1
49 -1 -1
49 0 0
49 0 1
49 1 0
49 0 -1
49 -1 0
49 1 1
49 1 -1
49 -1 1
49 -1 -1
49 0 0
49 0 1
49 1 0
49 0 -1
49 -1 0
49 1 1
49 1 -1
49 -1 1
49 -1 -1
49 0 0
49 0 1
49 1 0
49 0 -1
49 -1 0
49 1 1
49 1 -1
49 -1 1
49 -1 -1
49 0 0
49 0 1
49 1 0
49 0 -1
49 -1 0
49 1 1
49 1 -1
49 -1 1
49 -1 -1
50 0 0
50 0 1
50 1 0
50 0 -1
50 -1 0
50 1 1
50 1 -1
50 -1 1
50 -1 -1
50 0 0
50 0 1
50 1 0
50 0 -1
50 -1 0
50 1 1
50 1 -1
50 -1 1
50 -1 -1
50 0 0
50 0 1
50 1 0
50 0 -1
50 -1 0
50 1 1
50 1 -1
50 -1 1
50 -1 -1
50 0 0
50 0 1
50 1 0
50 0 -1
50 -1 0
50 1 1
50 1 -1
50 -1 1
50 -1 -1
50 0 0
50 0 1
50 1 0
50 0 -1
50 -1 0
50 1 1
50 1 -1
50 -1 1
50 -1 -1
50 0 0
50 0 1
50 1 0
50 0 -1
50 -1 0
50 1 1
50 1 -1
50 -1 1
50 -1 -1
50 0 0
50 0 1
50 1 0
50 0 -1
50 -1 0
50 1 1
50 1 -1
50 -1 1
50 -1 -1
50 0 0
50 0 1
50 1 0
50 0 -1
50 -1 0
50 1 1
50 1 -1
50 -1 1
50 -1 -1
50 0 0
50 0 1
50 1 0
50 0 -1
50 -1 0
50 1 1
50 1 -1
50 -1 1
50 -1 -1
50 0 0
50 0 1
50 1 0
50 0 -1
50 -1 0
50 1 1
50 1 -1
50 -1 1
50 -1 -1
50 0 0
50 0 1
50 1 0
50 0 -1
50 -1 0
50 1 1
50 1 -1
50 -1 1
50 -1 -1
50 0 0
50 0 1
50 1 0
50 0 -1
50 -1 0
50 1 1
50 1 -1
50 -1 1
50 -1 -1
50 0 0
50 0 1
50 1 0
50 0 -1
50 -1 0
50 1 1
50 1 -1
50 -1 1
50 -1 -1
51 0 0
51 0 1
51 1 0
51 0 -1
51 -1 0
51 1 1
51 1 -1
51 -1 1
51 -1 -1
51 0 0
51 0 1
51 1 0
51 0 -1
51 -1 0
51 1 1
51 1 -1
51 -1 1
51 -1 -1
51 0 0
51 0 1
51 1 0
51 0 -1
51 -1 0
51 1 1
51 1 -1
51 -1 1
51 -1 -1
51 0 0
51 0 1
51 1 0
51 0 -1
51 -1 0
51 1 1
51 1 -1
51 -1 1
51 -1 -1
51 0 0
51 0 1
51 1 0
51 0 -1
51 -1 0
51 1 1
51 1 -1
51 -1 1
51 -1 -1
51 0 0
51 0 1
51 1 0
51 0 -1
51 -1 0
51 1 1
51 1 -1
51 -1 1
51 -1 -1
51 0 0
51 0 1
51 1 0
51 0 -1
51 -1 0
51 1 1
51 1 -1
51 -1 1
51 -1 -1
51 0 0
51 0 1
51 1 0
51 0 -1
51 -1 0
51 1 1
51 1 -1
51 -1 1
51 -1 -1
51 0 0
51 0 1
51 1 0
51 0 -1
51 -1 0
51 1 1
51 1 -1
51 -1 1
51 -1 -1
51 0 0
51 0 1
51 1 0
51 0 -1
51 -1 0
51 1 1
51 1 -1
51 -1 1
51 -1 -1
51 0 0
51 0 1
51 1 0
51 0 -1
51 -1 0
51 1 1
51 1 -1
51 -1 1
51 -1 -1
51 0 0
51 0 1
51 1 0
51 0 -1
51 -1 0
51 1 1
51 1 -1
51 -1 1
51 -1 -1
51 0 0
51 0 1
51 1 0
51 0 -1
51 -1 0
51 1 1
51 1 -1
51 -1 1
51 -1 -1
52 0 0
52 0 1
52 1 0
52 0 -1
52 -1 0
52 1 1
52 1 -1
52 -1 1
52 -1 -1
52 0 0
52 0 1
52 1 0
52 0 -1
52 -1 0
52 1 1
52 1 -1
52 -1 1
52 -1 -1
52 0 0
52 0 1
52 1 0
52 0 -1
52 -1 0
52 1 1
52 1 -1
52 -1 1
52 -1 -1
52 0 0
52 0 1
52 1 0
52 0 -1
52 -1 0
52 1 1
52 1 -1
52 -1 1
52 -1 -1
52 0 0
52 0 1
52 1 0
52 0 -1
52 -1 0
52 1 1
52 1 -1
52 -1 1
52 -1 -1
52 0 0
52 0 1
52 1 0
52 0 -1
52 -1 0
52 1 1
52 1 -1
52 -1 1
52 -1 -1
52 0 0
52 0 1
52 1 0
52 0 -1
52 -1 0
52 1 1
52 1 -1
52 -1 1
52 -1 -1
52 0 0
52 0 1
52 1 0
52 0 -1
52 -1 0
52 1 1
52 1 -1
52 -1 1
52 -1 -1
52 0 0
52 0 1
52 1 0
52 0 -1
52 -1 0
52 1 1
52 1 -1
52 -1 1
52 -1 -1
52 0 0
52 0 1
52 1 0
52 0 -1
52 -1 0
52 1 1
52 1 -1
52 -1 1
52 -1 -1
52 0 0
52 0 1
52 1 0
52 0 -1
52 -1 0
52 1 1
52 1 -1
52 -1 1
52 -1 -1
52 0 0
52 0 1
52 1 0
52 0 -1
52 -1 0
52 1 1
52 1 -1
52 -1 1
52 -1 -1
52 0 0
52 0 1
52 1 0
52 0 -1
52 -1 0
52 1 1
52 1 -1
52 -1 1
52 -1 -1
53 0 0
53 0 1
53 1 0
53 0 -1
53 -1 0
53 1 1
53 1 -1
53 -1 1
53 -1 -1
53 0 0
53 0 1
53 1 0
53 0 -1
53 -1 0
53 1 1
53 1 -1
53 -1 1
53 -1 -1
53 0 0
53 0 1
53 1 0
53 0 -1
53 -1 0
53 1 1
53 1 -1
53 -1 1
53 -1 -1
53 0 0
53 0 1
53 1 0
53 0 -1
53 -1 0
53 1 1
53 1 -1
53 -1 1
53 -1 -1
53 0 0
53 0 1
53 1 0
53 0 -1
53 -1 0
53 1 1
53 1 -1
53 -1 1
53 -1 -1
53 0 0
53 0 1
53 1 0
53 0 -1
53 -1 0
53 1 1
53 1 -1
53 -1 1
53 -1 -1
53 0 0
53 0 1
53 1 0
53 0 -1
53 -1 0
53 1 1
53 1 -1
53 -1 1
53 -1 -1
53 0 0
53 0 1
53 1 0
53 0 -1
53 -1 0
53 1 1
53 1 -1
53 -1 1
53 -1 -1
53 0 0
53 0 1
53 1 0
53 0 -1
53 -1 0
53 1 1
53 1 -1
53 -1 1
53 -1 -1
53 0 0
53 0 1
53 1 0
53 0 -1
53 -1 0
53 1 1
53 1 -1
53 -1 1
53 -1 -1
53 0 0
53 0 1
53 1 0
53 0 -1
53 -1 0
53 1 1
53 1 -1
53 -1 1
53 -1 -1
53 0 0
53 0 1
53 1 0
53 0 -1
53 -1 0
53 1 1
53 1 -1
53 -1 1
53 -1 -1
53 0 0
53 0 1
53 1 0
53 0 -1
53 -1 0
53 1 1
53 1 -1
53 -1 1
53 -1 -1
54 0 0
54 0 1
54 1 0
54 0 -1
54 -1 0
54 1 1
54 1 -1
54 -1 1
54 -1 -1
54 0 0
54 0 1
54 1 0
54 0 -1
54 -1 0
54 1 1
54 1 -1
54 -1 1
54 -1 -1
54 0 0
54 0 1
54 1 0
54 0 -1
54 -1 0
54 1 1
54 1 -1
54 -1 1
54 -1 -1
54 0 0
54 0 1
54 1 0
54 0 -1
54 -1 0
54 1 1
54 1 -1
54 -1 1
54 -1 -1
54 0 0
54 0 1
54 1 0
54 0 -1
54 -1 0
54 1 1
54 1 -1
54 -1 1
54 -1 -1
54 0 0
54 0 1
54 1 0
54 0 -1
54 -1 0
54 1 1
54 1 -1
54 -1 1
54 -1 -1
54 0 0
54 0 1
54 1 0
54 0 -1
54 -1 0
54 1 1
54 1 -1
54 -1 1
54 -1 -1
54 0 0
54 0 1
54 1 0
54 0 -1
54 -1 0
54 1 1
54 1 -1
54 -1 1
54 -1 -1
54 0 0
54 0 1
54 1 0
54 0 -1
54 -1 0
54 1 1
54 1 -1
54 -1 1
54 -1 -1
54 0 0
54 0 1
54 1 0
54 0 -1
54 -1 0
54 1 1
54 1 -1
54 -1 1
54 -1 -1
54 0 0
54 0 1
54 1 0
54 0 -1
54 -1 0
54 1 1
54 1 -1
54 -1 1
54 -1 -1
54 0 0
54 0 1
54 1 0
54 0 -1
54 -1 0
54 1 1
54 1 -1
54 -1 1
54 -1 -1
54 0 0
54 0 1
54 1 0
54 0 -1
54 -1 0
54 1 1
54 1 -1
54 -1 1
54 -1 -1
55 0 0
55 0 1
55 1 0
55 0 -1
55 -1 0
55 1 1
55 1 -1
55 -1 1
55 -1 -1
55 0 0
55 0 1
55 1 0
55 0 -1
55 -1 0
55 1 1
55 1 -1
55 -1 1
55 -1 -1
55 0 0
55 0 1
55 1 0
55 0 -1
55 -1 0
55 1 1
55 1 -1
55 -1 1
55 -1 -1
55 0 0
55 0 1
55 1 0
55 0 -1
55 -1 0
55 1 1
55 1 -1
55 -1 1
55 -1 -1
55 0 0
55 0 1
55 1 0
55 0 -1
55 -1 0
55 1 1
55 1 -1
55 -1 1
55 -1 -1
55 0 0
55 0 1
55 1 0
55 0 -1
55 -1 0
55 1 1
55 1 -1
55 -1 1
55 -1 -1
55 0 0
55 0 1
55 1 0
55 0 -1
55 -1 0
55 1 1
55 1 -1
55 -1 1
55 -1 -1
55 0 0
55 0 1
55 1 0
55 0 -1
55 -1 0
55 1 1
55 1 -1
55 -1 1
55 -1 -1
55 0 0
55 0 1
55 1 0
55 0 -1
55 -1 0
55 1 1
55 1 -1
55 -1 1
55 -1 -1
55 0 0
55 0 1
55 1 0
55 0 -1
55 -1 0
55 1 1
55 1 -1
55 -1 1
55 -1 -1
55 0 0
55 0 1
55 1 0
55 0 -1
55 -1 0
55 1 1
55 1 -1
55 -1 1
55 -1 -1
55 0 0
55 0 1
55 1 0
55 0 -1
55 -1 0
55 1 1
55 1 -1
55 -1 1
55 -1 -1
55 0 0
55 0 1
55 1 0
55 0 -1
55 -1 0
55 1 1
55 1 -1
55 -1 1
55 -1 -1
56 0 0
56 0 1
56 1 0
56 0 -1
56 -1 0
56 1 1
56 1 -1
56 -1 1
56 -1 -1
56 0 0
56 0 1
56 1 0
56 0 -1
56 -1 0
56 1 1
56 1 -1
56 -1 1
56 -1 -1
56 0 0
56 0 1
56 1 0
56 0 -1
56 -1 0
56 1 1
56 1 -1
56 -1 1
56 -1 -1
56 0 0
56 0 1
56 1 0
56 0 -1
56 -1 0
56 1 1
56 1 -1
56 -1 1
56 -1 -1
56 0 0
56 0 1
56 1 0
56 0 -1
56 -1 0
56 1 1
56 1 -1
56 -1 1
56 -1 -1
56 0 0
56 0 1
56 1 0
56 0 -1
56 -1 0
56 1 1
56 1 -1
56 -1 1
56 -1 -1
56 0 0
56 0 1
56 1 0
56 0 -1
56 -1 0
56 1 1
56 1 -1
56 -1 1
56 -1 -1
56 0 0
56 0 1
56 1 0
56 0 -1
56 -1 0
56 1 1
56 1 -1
56 -1 1
56 -1 -1
56 0 0
56 0 1
56 1 0
56 0 -1
56 -1 0
56 1 1
56 1 -1
56 -1 1
56 -1 -1
56 0 0
56 0 1
56 1 0
56 0 -1
56 -1 0
56 1 1
56 1 -1
56 -1 1
56 -1 -1
56 0 0
56 0 1
56 1 0
56 0 -1
56 -1 0
56 1 1
56 1 -1
56 -1 1
56 -1 -1
56 0 0
56 0 1
56 1 0
56 0 -1
56 -1 0
56 1 1
56 1 -1
56 -1 1
56 -1 -1
56 0 0
56 0 1
56 1 0
56 0 -1
56 -1 0
56 1 1
56 1 -1
56 -1 1
56 -1 -1
57 0 0
57 0 1
57 1 0
57 0 -1
57 -1 0
57 1 1
57 1 -1
57 -1 1
57 -1 -1
57 0 0
57 0 1
57 1 0
57 0 -1
57 -1 0
57 1 1
57 1 -1
57 -1 1
57 -1 -1
57 0 0
57 0 1
57 1 0
57 0 -1
57 -1 0
57 1 1
57 1 -1
57 -1 1
57 -1 -1
57 0 0
57 0 1
57 1 0
57 0 -1
57 -1 0
57 1 1
57 1 -1
57 -1 1
57 -1 -1
57 0 0
57 0 1
57 1 0
57 0 -1
57 -1 0
57 1 1
57 1 -1
57 -1 1
57 -1 -1
57 0 0
57 0 1
57 1 0
57 0 -1
57 -1 0
57 1 1
57 1 -1
57 -1 1
57 -1 -1
57 0 0
57 0 1
57 1 0
57 0 -1
57 -1 0
57 1 1
57 1 -1
57 -1 1
57 -1 -1
57 0 0
57 0 1
57 1 0
57 0 -1
57 -1 0
57 1 1
57 1 -1
57 -1 1
57 -1 -1
57 0 0
57 0 1
57 1 0
57 0 -1
57 -1 0
57 1 1
57 1 -1
57 -1 1
57 -1 -1
57 0 0
57 0 1
57 1 0
57 0 -1
57 -1 0
57 1 1
57 1 -1
57 -1 1
57 -1 -1
57 0 0
57 0 1
57 1 0
57 0 -1
57 -1 0
57 1 1
57 1 -1
57 -1 1
57 -1 -1
57 0 0
57 0 1
57 1 0
57 0 -1
57 -1 0
57 1 1
57 1 -1
57 -1 1
57 -1 -1
57 0 0
57 0 1
57 1 0
57 0 -1
57 -1 0
57 1 1
57 1 -1
57 -1 1
57 -1 -1
58 0 0
58 0 1
58 1 0
58 0 -1
58 -1 0
58 1 1
58 1 -1
58 -1 1
58 -1 -1
58 0 0
58 0 1
58 1 0
58 0 -1
58 -1 0
58 1 1
58 1 -1
58 -1 1
58 -1 -1
58 0 0
58 0 1
58 1 0
58 0 -1
58 -1 0
58 1 1
58 1 -1
58 -1 1
58 -1 -1
58 0 0
58 0 1
58 1 0
58 0 -1
58 -1 0
58 1 1
58 1 -1
58 -1 1
58 -1 -1
58 0 0
58 0 1
58 1 0
58 0 -1
58 -1 0
58 1 1
58 1 -1
58 -1 1
58 -1 -1
58 0 0
58 0 1
58 1 0
58 0 -1
58 -1 0
58 1 1
58 1 -1
58 -1 1
58 -1 -1
58 0 0
58 0 1
58 1 0
58 0 -1
58 -1 0
58 1 1
58 1 -1
58 -1 1
58 -1 -1
58 0 0
58 0 1
58 1 0
58 0 -1
58 -1 0
58 1 1
58 1 -1
58 -1 1
58 -1 -1
58 0 0
58 0 1
58 1 0
58 0 -1
58 -1 0
58 1 1
58 1 -1
58 -1 1
58 -1 -1
58 0 0
58 0 1
58 1 0
58 0 -1
58 -1 0
58 1 1
58 1 -1
58 -1 1
58 -1 -1
58 0 0
58 0 1
58 1 0
58 0 -1
58 -1 0
58 1 1
58 1 -1
58 -1 1
58 -1 -1
58 0 0
58 0 1
58 1 0
58 0 -1
58 -1 0
58 1 1
58 1 -1
58 -1 1
58 -1 -1
58 0 0
58 0 1
58 1 0
58 0 -1
58 -1 0
58 1 1
58 1 -1
58 -1 1
58 -1 -1
59 0 0
59 0 1
59 1 0
59 0 -1
59 -1 0
59 1 1
59 1 -1
59 -1 1
59 -1 -1
59 0 0
59 0 1
59 1 0
59 0 -1
59 -1 0
59 1 1
59 1 -1
59 -1 1
59 -1 -1
59 0 0
59 0 1
59 1 0
59 0 -1
59 -1 0
59 1 1
59 1 -1
59 -1 1
59 -1 -1
59 0 0
59 0 1
59 1 0
59 0 -1
59 -1 0
59 1 1
59 1 -1
59 -1 1
59 -1 -1
59 0 0
59 0 1
59 1 0
59 0 -1
59 -1 0
59 1 1
59 1 -1
59 -1 1
59 -1 -1
59 0 0
59 0 1
59 1 0
59 0 -1
59 -1 0
59 1 1
59 1 -1
59 -1 1
59 -1 -1
59 0 0
59 0 1
59 1 0
59 0 -1
59 -1 0
59 1 1
59 1 -1
59 -1 1
59 -1 -1
59 0 0
59 0 1
59 1 0
59 0 -1
59 -1 0
59 1 1
59 1 -1
59 -1 1
59 -1 -1
59 0 0
59 0 1
59 1 0
59 0 -1
59 -1 0
59 1 1
59 1 -1
59 -1 1
59 -1 -1
59 0 0
59 0 1
59 1 0
59 0 -1
59 -1 0
59 1 1
59 1 -1
59 -1 1
59 -1 -1
59 0 0
59 0 1
59 1 0
59 0 -1
59 -1 0
59 1 1
59 1 -1
59 -1 1
59 -1 -1
59 0 0
59 0 1
59 1 0
59 0 -1
59 -1 0
59 1 1
59 1 -1
59 -1 1
59 -1 -1
59 0 0
59 0 1
59 1 0
59 0 -1
59 -1 0
59 1 1
59 1 -1
59 -1 1
59 -1 -1
60 0 0
60 0 1
60 1 0
60 0 -1
60 -1 0
60 1 1
60 1 -1
60 -1 1
60 -1 -1
60 0 0
60 0 1
60 1 0
60 0 -1
60 -1 0
60 1 1
60 1 -1
60 -1 1
60 -1 -1
60 0 0
60 0 1
60 1 0
60 0 -1
60 -1 0
60 1 1
60 1 -1
60 -1 1
60 -1 -1
60 0 0
60 0 1
60 1 0
60 0 -1
60 -1 0
60 1 1
60 1 -1
60 -1 1
60 -1 -1
60 0 0
60 0 1
60 1 0
60 0 -1
60 -1 0
60 1 1
60 1 -1
60 -1 1
60 -1 -1
60 0 0
60 0 1
60 1 0
60 0 -1
60 -1 0
60 1 1
60 1 -1
60 -1 1
60 -1 -1
60 0 0
60 0 1
60 1 0
60 0 -1
60 -1 0
60 1 1
60 1 -1
60 -1 1
60 -1 -1
60 0 0
60 0 1
60 1 0
60 0 -1
60 -1 0
60 1 1
60 1 -1
60 -1 1
60 -1 -1
60 0 0
60 0 1
60 1 0
60 0 -1
60 -1 0
60 1 1
60 1 -1
60 -1 1
60 -1 -1
60 0 0
60 0 1
60 1 0
60 0 -1
60 -1 0
60 1 1
60 1 -1
60 -1 1
60 -1 -1
60 0 0
60 0 1
60 1 0
60 0 -1
60 -1 0
60 1 1
60 1 -1
60 -1 1
60 -1 -1
60 0 0
60 0 1
60 1 0
60 0 -1
60 -1 0
60 1 1
60 1 -1
60 -1 1
60 -1 -1
60 0 0
60 0 1
60 1 0
60 0 -1
60 -1 0
60 1 1
60 1 -1
60 -1 1
60 -1 -1
61 0 0
61 0 1
61 1 0
61 0 -1
61 -1 0
61 1 1
61 1 -1
61 -1 1
61 -1 -1
61 0 0
61 0 1
61 1 0
61 0 -1
61 -1 0
61 1 1
61 1 -1
61 -1 1
61 -1 -1
61 0 0
61 0 1
61 1 0
61 0 -1
61 -1 0
61 1 1
61 1 -1
61 -1 1
61 -1 -1
61 0 0
61 0 1
61 1 0
61 0 -1
61 -1 0
61 1 1
61 1 -1
61 -1 1
61 -1 -1
61 0 0
61 0 1
61 1 0
61 0 -1
61 -1 0
61 1 1
61 1 -1
61 -1 1
61 -1 -1
61 0 0
61 0 1
61 1 0
61 0 -1
61 -1 0
61 1 1
61 1 -1
61 -1 1
61 -1 -1
61 0 0
61 0 1
61 1 0
61 0 -1
61 -1 0
61 1 1
61 1 -1
61 -1 1
61 -1 -1
61 0 0
61 0 1
61 1 0
61 0 -1
61 -1 0
61 1 1
61 1 -1
61 -1 1
61 -1 -1
61 0 0
61 0 1
61 1 0
61 0 -1
61 -1 0
61 1 1
61 1 -1
61 -1 1
61 -1 -1
61 0 0
61 0 1
61 1 0
61 0 -1
61 -1 0
61 1 1
61 1 -1
61 -1 1
61 -1 -1
61 0 0
61 0 1
61 1 0
61 0 -1
61 -1 0
61 1 1
61 1 -1
61 -1 1
61 -1 -1
61 0 0
61 0 1
61 1 0
61 0 -1
61 -1 0
61 1 1
61 1 -1
61 -1 1
61 -1 -1
61 0 0
61 0 1
61 1 0
61 0 -1
61 -1 0
61 1 1
61 1 -1
61 -1 1
61 -1 -1
62 0 0
62 0 1
62 1 0
62 0 -1
62 -1 0
62 1 1
62 1 -1
62 -1 1
62 -1 -1
62 0 0
62 0 1
62 1 0
62 0 -1
62 -1 0
62 1 1
62 1 -1
62 -1 1
62 -1 -1
62 0 0
62 0 1
62 1 0
62 0 -1
62 -1 0
62 1 1
62 1 -1
62 -1 1
62 -1 -1
62 0 0
62 0 1
62 1 0
62 0 -1
62 -1 0
62 1 1
62 1 -1
62 -1 1
62 -1 -1
62 0 0
62 0 1
62 1 0
62 0 -1
62 -1 0
62 1 1
62 1 -1
62 -1 1
62 -1 -1
62 0 0
62 0 1
62 1 0
62 0 -1
62 -1 0
62 1 1
62 1 -1
62 -1 1
62 -1 -1
62 0 0
62 0 1
62 1 0
62 0 -1
62 -1 0
62 1 1
62 1 -1
62 -1 1
62 -1 -1
62 0 0
62 0 1
62 1 0
62 0 -1
62 -1 0
62 1 1
62 1 -1
62 -1 1
62 -1 -1
62 0 0
62 0 1
62 1 0
62 0 -1
62 -1 0
62 1 1
62 1 -1
62 -1 1
62 -1 -1
62 0 0
62 0 1
62 1 0
62 0 -1
62 -1 0
62 1 1
62 1 -1
62 -1 1
62 -1 -1
62 0 0
62 0 1
62 1 0
62 0 -1
62 -1 0
62 1 1
62 1 -1
62 -1 1
62 -1 -1
62 0 0
62 0 1
62 1 0
62 0 -1
62 -1 0
62 1 1
62 1 -1
62 -1 1
62 -1 -1
62 0 0
62 0 1
62 1 0
62 0 -1
62 -1 0
62 1 1
62 1 -1
62 -1 1
62 -1 -1
63 0 0
63 0 1
63 1 0
63 0 -1
63 -1 0
63 1 1
63 1 -1
63 -1 1
63 -1 -1
63 0 0
63 0 1
63 1 0
63 0 -1
63 -1 0
63 1 1
63 1 -1
63 -1 1
63 -1 -1
63 0 0
63 0 1
63 1 0
63 0 -1
63 -1 0
63 1 1
63 1 -1
63 -1 1
63 -1 -1
63 0 0
63 0 1
63 1 0
63 0 -1
63 -1 0
63 1 1
63 1 -1
63 -1 1
63 -1 -1
63 0 0
63 0 1
63 1 0
63 0 -1
63 -1 0
63 1 1
63 1 -1
63 -1 1
63 -1 -1
63 0 0
63 0 1
63 1 0
63 0 -1
63 -1 0
63 1 1
63 1 -1
63 -1 1
63 -1 -1
63 0 0
63 0 1
63 1 0
63 0 -1
63 -1 0
63 1 1
63 1 -1
63 -1 1
63 -1 -1
63 0 0
63 0 1
63 1 0
63 0 -1
63 -1 0
63 1 1
63 1 -1
63 -1 1
63 -1 -1
63 0 0
63 0 1
63 1 0
63 0 -1
63 -1 0
63 1 1
63 1 -1
63 -1 1
63 -1 -1
63 0 0
63 0 1
63 1 0
63 0 -1
63 -1 0
63 1 1
63 1 -1
63 -1 1
63 -1 -1
63 0 0
63 0 1
63 1 0
63 0 -1
63 -1 0
63 1 1
63 1 -1
63 -1 1
63 -1 -1
63 0 0
63 0 1
63 1 0
63 0 -1
63 -1 0
63 1 1
63 1 -1
63 -1 1
63 -1 -1
63 0 0
63 0 1
63 1 0
63 0 -1
63 -1 0
63 1 1
63 1 -1
63 -1 1
63 -1 -1
64 0 0
64 0 1
64 1 0
64 0 -1
64 -1 0
64 1 1
64 1 -1
64 -1 1
64 -1 -1
64 0 0
64 0 1
64 1 0
64 0 -1
64 -1 0
64 1 1
64 1 -1
64 -1 1
64 -1 -1
64 0 0
64 0 1
64 1 0
64 0 -1
64 -1 0
64 1 1
64 1 -1
64 -1 1
64 -1 -1
64 0 0
64 0 1
64 1 0
64 0 -1
64 -1 0
64 1 1
64 1 -1
64 -1 1
64 -1 -1
64 0 0
64 0 1
64 1 0
64 0 -1
64 -1 0
64 1 1
64 1 -1
64 -1 1
64 -1 -1
64 0 0
64 0 1
64 1 0
64 0 -1
64 -1 0
64 1 1
64 1 -1
64 -1 1
64 -1 -1
64 0 0
64 0 1
64 1 0
64 0 -1
64 -1 0
64 1 1
64 1 -1
64 -1 1
64 -1 -1
64 0 0
64 0 1
64 1 0
64 0 -1
64 -1 0
64 1 1
64 1 -1
64 -1 1
64 -1 -1
64 0 0
64 0 1
64 1 0
64 0 -1
64 -1 0
64 1 1
64 1 -1
64 -1 1
64 -1 -1
64 0 0
64 0 1
64 1 0
64 0 -1
64 -1 0
64 1 1
64 1 -1
64 -1 1
64 -1 -1
64 0 0
64 0 1
64 1 0
64 0 -1
64 -1 0
64 1 1
64 1 -1
64 -1 1
64 -1 -1
64 0 0
64 0 1
64 1 0
64 0 -1
64 -1 0
64 1 1
64 1 -1
64 -1 1
64 -1 -1
64 0 0
64 0 1
64 1 0
64 0 -1
64 -1 0
64 1 1
64 1 -1
64 -1 1
64 -1 -1
65 0 0
65 0 1
65 1 0
65 0 -1
65 -1 0
65 1 1
65 1 -1
65 -1 1
65 -1 -1
65 0 0
65 0 1
65 1 0
65 0 -1
65 -1 0
65 1 1
65 1 -1
65 -1 1
65 -1 -1
65 0 0
65 0 1
65 1 0
65 0 -1
65 -1 0
65 1 1
65 1 -1
65 -1 1
65 -1 -1
65 0 0
65 0 1
65 1 0
65 0 -1
65 -1 0
65 1 1
65 1 -1
65 -1 1
65 -1 -1
65 0 0
65 0 1
65 1 0
65 0 -1
65 -1 0
65 1 1
65 1 -1
65 -1 1
65 -1 -1
65 0 0
65 0 1
65 1 0
65 0 -1
65 -1 0
65 1 1
65 1 -1
65 -1 1
65 -1 -1
65 0 0
65 0 1
65 1 0
65 0 -1
65 -1 0
65 1 1
65 1 -1
65 -1 1
65 -1 -1
65 0 0
65 0 1
65 1 0
65 0 -1
65 -1 0
65 1 1
65 1 -1
65 -1 1
65 -1 -1
65 0 0
65 0 1
65 1 0
65 0 -1
65 -1 0
65 1 1
65 1 -1
65 -1 1
65 -1 -1
65 0 0
65 0 1
65 1 0
65 0 -1
65 -1 0
65 1 1
65 1 -1
65 -1 1
65 -1 -1
65 0 0
65 0 1
65 1 0
65 0 -1
65 -1 0
65 1 1
65 1 -1
65 -1 1
65 -1 -1
65 0 0
65 0 1
65 1 0
65 0 -1
65 -1 0
65 1 1
65 1 -1
65 -1 1
65 -1 -1
65 0 0
65 0 1
65 1 0
65 0 -1
65 -1 0
65 1 1
65 1 -1
65 -1 1
65 -1 -1
66 0 0
66 0 1
66 1 0
66 0 -1
66 -1 0
66 1 1
66 1 -1
66 -1 1
66 -1 -1
66 0 0
66 0 1
66 1 0
66 0 -1
66 -1 0
66 1 1
66 1 -1
66 -1 1
66 -1 -1
66 0 0
66 0 1
66 1 0
66 0 -1
66 -1 0
66 1 1
66 1 -1
66 -1 1
66 -1 -1
66 0 0
66 0 1
66 1 0
66 0 -1
66 -1 0
66 1 1
66 1 -1
66 -1 1
66 -1 -1
66 0 0
66 0 1
66 1 0
66 0 -1
66 -1 0
66 1 1
66 1 -1
66 -1 1
66 -1 -1
66 0 0
66 0 1
66 1 0
66 0 -1
66 -1 0
66 1 1
66 1 -1
66 -1 1
66 -1 -1
66 0 0
66 0 1
66 1 0
66 0 -1
66 -1 0
66 1 1
66 1 -1
66 -1 1
66 -1 -1
66 0 0
66 0 1
66 1 0
66 0 -1
66 -1 0
66 1 1
66 1 -1
66 -1 1
66 -1 -1
66 0 0
66 0 1
66 1 0
66 0 -1
66 -1 0
66 1 1
66 1 -1
66 -1 1
66 -1 -1
66 0 0
66 0 1
66 1 0
66 0 -1
66 -1 0
66 1 1
66 1 -1
66 -1 1
66 -1 -1
66 0 0
66 0 1
66 1 0
66 0 -1
66 -1 0
66 1 1
66 1 -1
66 -1 1
66 -1 -1
66 0 0
66 0 1
66 1 0
66 0 -1
66 -1 0
66 1 1
66 1 -1
66 -1 1
66 -1 -1
66 0 0
66 0 1
66 1 0
66 0 -1
66 -1 0
66 1 1
66 1 -1
66 -1 1
66 -1 -1
67 0 0
67 0 1
67 1 0
67 0 -1
67 -1 0
67 1 1
67 1 -1
67 -1 1
67 -1 -1
67 0 0
67 0 1
67 1 0
67 0 -1
67 -1 0
67 1 1
67 1 -1
67 -1 1
67 -1 -1
67 0 0
67 0 1
67 1 0
67 0 -1
67 -1 0
67 1 1
67 1 -1
67 -1 1
67 -1 -1
67 0 0
67 0 1
67 1 0
67 0 -1
67 -1 0
67 1 1
67 1 -1
67 -1 1
67 -1 -1
67 0 0
67 0 1
67 1 0
67 0 -1
67 -1 0
67 1 1
67 1 -1
67 -1 1
67 -1 -1
67 0 0
67 0 1
67 1 0
67 0 -1
67 -1 0
67 1 1
67 1 -1
67 -1 1
67 -1 -1
67 0 0
67 0 1
67 1 0
67 0 -1
67 -1 0
67 1 1
67 1 -1
67 -1 1
67 -1 -1
67 0 0
67 0 1
67 1 0
67 0 -1
67 -1 0
67 1 1
67 1 -1
67 -1 1
67 -1 -1
67 0 0
67 0 1
67 1 0
67 0 -1
67 -1 0
67 1 1
67 1 -1
67 -1 1
67 -1 -1
67 0 0
67 0 1
67 1 0
67 0 -1
67 -1 0
67 1 1
67 1 -1
67 -1 1
67 -1 -1
67 0 0
67 0 1
67 1 0
67 0 -1
67 -1 0
67 1 1
67 1 -1
67 -1 1
67 -1 -1
67 0 0
67 0 1
67 1 0
67 0 -1
67 -1 0
67 1 1
67 1 -1
67 -1 1
67 -1 -1
67 0 0
67 0 1
67 1 0
67 0 -1
67 -1 0
67 1 1
67 1 -1
67 -1 1
67 -1 -1
68 0 0
68 0 1
68 1 0
68 0 -1
68 -1 0
68 1 1
68 1 -1
68 -1 1
68 -1 -1
68 0 0
68 0 1
68 1 0
68 0 -1
68 -1 0
68 1 1
68 1 -1
68 -1 1
68 -1 -1
68 0 0
68 0 1
68 1 0
68 0 -1
68 -1 0
68 1 1
68 1 -1
68 -1 1
68 -1 -1
68 0 0
68 0 1
68 1 0
68 0 -1
68 -1 0
68 1 1
68 1 -1
68 -1 1
68 -1 -1
68 0 0
68 0 1
68 1 0
68 0 -1
68 -1 0
68 1 1
68 1 -1
68 -1 1
68 -1 -1
68 0 0
68 0 1
68 1 0
68 0 -1
68 -1 0
68 1 1
68 1 -1
68 -1 1
68 -1 -1
68 0 0
68 0 1
68 1 0
68 0 -1
68 -1 0
68 1 1
68 1 -1
68 -1 1
68 -1 -1
68 0 0
68 0 1
68 1 0
68 0 -1
68 -1 0
68 1 1
68 1 -1
68 -1 1
68 -1 -1
68 0 0
68 0 1
68 1 0
68 0 -1
68 -1 0
68 1 1
68 1 -1
68 -1 1
68 -1 -1
68 0 0
68 0 1
68 1 0
68 0 -1
68 -1 0
68 1 1
68 1 -1
68 -1 1
68 -1 -1
68 0 0
68 0 1
68 1 0
68 0 -1
68 -1 0
68 1 1
68 1 -1
68 -1 1
68 -1 -1
68 0 0
68 0 1
68 1 0
68 0 -1
68 -1 0
68 1 1
68 1 -1
68 -1 1
68 -1 -1
68 0 0
68 0 1
68 1 0
68 0 -1
68 -1 0
68 1 1
68 1 -1
68 -1 1
68 -1 -1
69 0 0
69 0 1
69 1 0
69 0 -1
69 -1 0
69 1 1
69 1 -1
69 -1 1
69 -1 -1
69 0 0
69 0 1
69 1 0
69 0 -1
69 -1 0
69 1 1
69 1 -1
69 -1 1
69 -1 -1
69 0 0
69 0 1
69 1 0
69 0 -1
69 -1 0
69 1 1
69 1 -1
69 -1 1
69 -1 -1
69 0 0
69 0 1
69 1 0
69 0 -1
69 -1 0
69 1 1
69 1 -1
69 -1 1
69 -1 -1
69 0 0
69 0 1
69 1 0
69 0 -1
69 -1 0
69 1 1
69 1 -1
69 -1 1
69 -1 -1
69 0 0
69 0 1
69 1 0
69 0 -1
69 -1 0
69 1 1
69 1 -1
69 -1 1
69 -1 -1
69 0 0
69 0 1
69 1 0
69 0 -1
69 -1 0
69 1 1
69 1 -1
69 -1 1
69 -1 -1
69 0 0
69 0 1
69 1 0
69 0 -1
69 -1 0
69 1 1
69 1 -1
69 -1 1
69 -1 -1
69 0 0
69 0 1
69 1 0
69 0 -1
69 -1 0
69 1 1
69 1 -1
69 -1 1
69 -1 -1
69 0 0
69 0 1
69 1 0
69 0 -1
69 -1 0
69 1 1
69 1 -1
69 -1 1
69 -1 -1
69 0 0
69 0 1
69 1 0
69 0 -1
69 -1 0
69 1 1
69 1 -1
69 -1 1
69 -1 -1
69 0 0
69 0 1
69 1 0
69 0 -1
69 -1 0
69 1 1
69 1 -1
69 -1 1
69 -1 -1
69 0 0
69 0 1
69 1 0
69 0 -1
69 -1 0
69 1 1
69 1 -1
69 -1 1
69 -1 -1
70 0 0
70 0 1
70 1 0
70 0 -1
70 -1 0
70 1 1
70 1 -1
70 -1 1
70 -1 -1
70 0 0
70 0 1
70 1 0
70 0 -1
70 -1 0
70 1 1
70 1 -1
70 -1 1
70 -1 -1
70 0 0
70 0 1
70 1 0
70 0 -1
70 -1 0
70 1 1
70 1 -1
70 -1 1
70 -1 -1
70 0 0
70 0 1
70 1 0
70 0 -1
70 -1 0
70 1 1
70 1 -1
70 -1 1
70 -1 -1
70 0 0
70 0 1
70 1 0
70 0 -1
70 -1 0
70 1 1
70 1 -1
70 -1 1
70 -1 -1
70 0 0
70 0 1
70 1 0
70 0 -1
70 -1 0
70 1 1
70 1 -1
70 -1 1
70 -1 -1
70 0 0
70 0 1
70 1 0
70 0 -1
70 -1 0
70 1 1
70 1 -1
70 -1 1
70 -1 -1
70 0 0
70 0 1
70 1 0
70 0 -1
70 -1 0
70 1 1
70 1 -1
70 -1 1
70 -1 -1
70 0 0
70 0 1
70 1 0
70 0 -1
70 -1 0
70 1 1
70 1 -1
70 -1 1
70 -1 -1
70 0 0
70 0 1
70 1 0
70 0 -1
70 -1 0
70 1 1
70 1 -1
70 -1 1
70 -1 -1
70 0 0
70 0 1
70 1 0
70 0 -1
70 -1 0
70 1 1
70 1 -1
70 -1 1
70 -1 -1
70 0 0
70 0 1
70 1 0
70 0 -1
70 -1 0
70 1 1
70 1 -1
70 -1 1
70 -1 -1
70 0 0
70 0 1
70 1 0
70 0 -1
70 -1 0
70 1 1
70 1 -1
70 -1 1
70 -1 -1
71 0 0
71 0 1
71 1 0
71 0 -1
71 -1 0
71 1 1
71 1 -1
71 -1 1
71 -1 -1
71 0 0
71 0 1
71 1 0
71 0 -1
71 -1 0
71 1 1
71 1 -1
71 -1 1
71 -1 -1
71 0 0
71 0 1
71 1 0
71 0 -1
71 -1 0
71 1 1
71 1 -1
71 -1 1
71 -1 -1
71 0 0
71 0 1
71 1 0
71 0 -1
71 -1 0
71 1 1
71 1 -1
71 -1 1
71 -1 -1
71 0 0
71 0 1
71 1 0
71 0 -1
71 -1 0
71 1 1
71 1 -1
71 -1 1
71 -1 -1
71 0 0
71 0 1
71 1 0
71 0 -1
71 -1 0
71 1 1
71 1 -1
71 -1 1
71 -1 -1
71 0 0
71 0 1
71 1 0
71 0 -1
71 -1 0
71 1 1
71 1 -1
71 -1 1
71 -1 -1
71 0 0
71 0 1
71 1 0
71 0 -1
71 -1 0
71 1 1
71 1 -1
71 -1 1
71 -1 -1
71 0 0
71 0 1
71 1 0
71 0 -1
71 -1 0
71 1 1
71 1 -1
71 -1 1
71 -1 -1
71 0 0
71 0 1
71 1 0
71 0 -1
71 -1 0
71 1 1
71 1 -1
71 -1 1
71 -1 -1
71 0 0
71 0 1
71 1 0
71 0 -1
71 -1 0
71 1 1
71 1 -1
71 -1 1
71 -1 -1
71 0 0
71 0 1
71 1 0
71 0 -1
71 -1 0
71 1 1
71 1 -1
71 -1 1
71 -1 -1
71 0 0
71 0 1
71 1 0
71 0 -1
71 -1 0
71 1 1
71 1 -1
71 -1 1
71 -1 -1
72 0 0
72 0 1
72 1 0
72 0 -1
72 -1 0
72 1 1
72 1 -1
72 -1 1
72 -1 -1
72 0 0
72 0 1
72 1 0
72 0 -1
72 -1 0
72 1 1
72 1 -1
72 -1 1
72 -1 -1
72 0 0
72 0 1
72 1 0
72 0 -1
72 -1 0
72 1 1
72 1 -1
72 -1 1
72 -1 -1
72 0 0
72 0 1
72 1 0
72 0 -1
72 -1 0
72 1 1
72 1 -1
72 -1 1
72 -1 -1
72 0 0
72 0 1
72 1 0
72 0 -1
72 -1 0
72 1 1
72 1 -1
72 -1 1
72 -1 -1
72 0 0
72 0 1
72 1 0
72 0 -1
72 -1 0
72 1 1
72 1 -1
72 -1 1
72 -1 -1
72 0 0
72 0 1
72 1 0
72 0 -1
72 -1 0
72 1 1
72 1 -1
72 -1 1
72 -1 -1
72 0 0
72 0 1
72 1 0
72 0 -1
72 -1 0
72 1 1
72 1 -1
72 -1 1
72 -1 -1
72 0 0
72 0 1
72 1 0
72 0 -1
72 -1 0
72 1 1
72 1 -1
72 -1 1
72 -1 -1
72 0 0
72 0 1
72 1 0
72 0 -1
72 -1 0
72 1 1
72 1 -1
72 -1 1
72 -1 -1
72 0 0
72 0 1
72 1 0
72 0 -1
72 -1 0
72 1 1
72 1 -1
72 -1 1
72 -1 -1
72 0 0
72 0 1
72 1 0
72 0 -1
72 -1 0
72 1 1
72 1 -1
72 -1 1
72 -1 -1
72 0 0
72 0 1
72 1 0
72 0 -1
72 -1 0
72 1 1
72 1 -1
72 -1 1
72 -1 -1
73 0 0
73 0 1
73 1 0
73 0 -1
73 -1 0
73 1 1
73 1 -1
73 -1 1
73 -1 -1
73 0 0
73 0 1
73 1 0
73 0 -1
73 -1 0
73 1 1
73 1 -1
73 -1 1
73 -1 -1
73 0 0
73 0 1
73 1 0
73 0 -1
73 -1 0
73 1 1
73 1 -1
73 -1 1
73 -1 -1
73 0 0
73 0 1
73 1 0
73 0 -1
73 -1 0
73 1 1
73 1 -1
73 -1 1
73 -1 -1
73 0 0
73 0 1
73 1 0
73 0 -1
73 -1 0
73 1 1
73 1 -1
73 -1 1
73 -1 -1
73 0 0
73 0 1
73 1 0
73 0 -1
73 -1 0
73 1 1
73 1 -1
73 -1 1
73 -1 -1
73 0 0
73 0 1
73 1 0
73 0 -1
73 -1 0
73 1 1
73 1 -1
73 -1 1
73 -1 -1
73 0 0
73 0 1
73 1 0
73 0 -1
73 -1 0
73 1 1
73 1 -1
73 -1 1
73 -1 -1
73 0 0
73 0 1
73 1 0
73 0 -1
73 -1 0
73 1 1
73 1 -1
73 -1 1
73 -1 -1
73 0 0
73 0 1
73 1 0
73 0 -1
73 -1 0
73 1 1
73 1 -1
73 -1 1
73 -1 -1
73 0 0
73 0 1
73 1 0
73 0 -1
73 -1 0
73 1 1
73 1 -1
73 -1 1
73 -1 -1
73 0 0
73 0 1
73 1 0
73 0 -1
73 -1 0
73 1 1
73 1 -1
73 -1 1
73 -1 -1
73 0 0
73 0 1
73 1 0
73 0 -1
73 -1 0
73 1 1
73 1 -1
73 -1 1
73 -1 -1
74 0 0
74 0 1
74 1 0
74 0 -1
74 -1 0
74 1 1
74 1 -1
74 -1 1
74 -1 -1
74 0 0
74 0 1
74 1 0
74 0 -1
74 -1 0
74 1 1
74 1 -1
74 -1 1
74 -1 -1
74 0 0
74 0 1
74 1 0
74 0 -1
74 -1 0
74 1 1
74 1 -1
74 -1 1
74 -1 -1
74 0 0
74 0 1
74 1 0
74 0 -1
74 -1 0
74 1 1
74 1 -1
74 -1 1
74 -1 -1
74 0 0
74 0 1
74 1 0
74 0 -1
74 -1 0
74 1 1
74 1 -1
74 -1 1
74 -1 -1
74 0 0
74 0 1
74 1 0
74 0 -1
74 -1 0
74 1 1
74 1 -1
74 -1 1
74 -1 -1
74 0 0
74 0 1
74 1 0
74 0 -1
74 -1 0
74 1 1
74 1 -1
74 -1 1
74 -1 -1
74 0 0
74 0 1
74 1 0
74 0 -1
74 -1 0
74 1 1
74 1 -1
74 -1 1
74 -1 -1
74 0 0
74 0 1
74 1 0
74 0 -1
74 -1 0
74 1 1
74 1 -1
74 -1 1
74 -1 -1
74 0 0
74 0 1
74 1 0
74 0 -1
74 -1 0
74 1 1
74 1 -1
74 -1 1
74 -1 -1
74 0 0
74 0 1
74 1 0
74 0 -1
74 -1 0
74 1 1
74 1 -1
74 -1 1
74 -1 -1
74 0 0
74 0 1
74 1 0
74 0 -1
74 -1 0
74 1 1
74 1 -1
74 -1 1
74 -1 -1
74 0 0
74 0 1
74 1 0
74 0 -1
74 -1 0
74 1 1
74 1 -1
74 -1 1
74 -1 -1
75 0 0
75 0 1
75 1 0
75 0 -1
75 -1 0
75 1 1
75 1 -1
75 -1 1
75 -1 -1
75 0 0
75 0 1
75 1 0
75 0 -1
75 -1 0
75 1 1
75 1 -1
75 -1 1
75 -1 -1
75 0 0
75 0 1
75 1 0
75 0 -1
75 -1 0
75 1 1
75 1 -1
75 -1 1
75 -1 -1
75 0 0
75 0 1
75 1 0
75 0 -1
75 -1 0
75 1 1
75 1 -1
75 -1 1
75 -1 -1
75 0 0
75 0 1
75 1 0
75 0 -1
75 -1 0
75 1 1
75 1 -1
75 -1 1
75 -1 -1
75 0 0
75 0 1
75 1 0
75 0 -1
75 -1 0
75 1 1
75 1 -1
75 -1 1
75 -1 -1
75 0 0
75 0 1
75 1 0
75 0 -1
75 -1 0
75 1 1
75 1 -1
75 -1 1
75 -1 -1
75 0 0
75 0 1
75 1 0
75 0 -1
75 -1 0
75 1 1
75 1 -1
75 -1 1
75 -1 -1
75 0 0
75 0 1
75 1 0
75 0 -1
75 -1 0
75 1 1
75 1 -1
75 -1 1
75 -1 -1
75 0 0
75 0 1
75 1 0
75 0 -1
75 -1 0
75 1 1
75 1 -1
75 -1 1
75 -1 -1
75 0 0
75 0 1
75 1 0
75 0 -1
75 -1 0
75 1 1
75 1 -1
75 -1 1
75 -1 -1
75 0 0
75 0 1
75 1 0
75 0 -1
75 -1 0
75 1 1
75 1 -1
75 -1 1
75 -1 -1
75 0 0
75 0 1
75 1 0
75 0 -1
75 -1 0
75 1 1
75 1 -1
75 -1 1
75 -1 -1
76 0 0
76 0 1
76 1 0
76 0 -1
76 -1 0
76 1 1
76 1 -1
76 -1 1
76 -1 -1
76 0 0
76 0 1
76 1 0
76 0 -1
76 -1 0
76 1 1
76 1 -1
76 -1 1
76 -1 -1
76 0 0
76 0 1
76 1 0
76 0 -1
76 -1 0
76 1 1
76 1 -1
76 -1 1
76 -1 -1
76 0 0
76 0 1
76 1 0
76 0 -1
76 -1 0
76 1 1
76 1 -1
76 -1 1
76 -1 -1
76 0 0
76 0 1
76 1 0
76 0 -1
76 -1 0
76 1 1
76 1 -1
76 -1 1
76 -1 -1
76 0 0
76 0 1
76 1 0
76 0 -1
76 -1 0
76 1 1
76 1 -1
76 -1 1
76 -1 -1
76 0 0
76 0 1
76 1 0
76 0 -1
76 -1 0
76 1 1
76 1 -1
76 -1 1
76 -1 -1
76 0 0
76 0 1
76 1 0
76 0 -1
76 -1 0
76 1 1
76 1 -1
76 -1 1
76 -1 -1
76 0 0
76 0 1
76 1 0
76 0 -1
76 -1 0
76 1 1
76 1 -1
76 -1 1
76 -1 -1
76 0 0
76 0 1
76 1 0
76 0 -1
76 -1 0
76 1 1
76 1 -1
76 -1 1
76 -1 -1
76 0 0
76 0 1
76 1 0
76 0 -1
76 -1 0
76 1 1
76 1 -1
76 -1 1
76 -1 -1
76 0 0
76 0 1
76 1 0
76 0 -1
76 -1 0
76 1 1
76 1 -1
76 -1 1
76 -1 -1
76 0 0
76 0 1
76 1 0
76 0 -1
76 -1 0
76 1 1
76 1 -1
76 -1 1
76 -1 -1
77 0 0
77 0 1
77 1 0
77 0 -1
77 -1 0
77 1 1
77 1 -1
77 -1 1
77 -1 -1
77 0 0
77 0 1
77 1 0
77 0 -1
77 -1 0
77 1 1
77 1 -1
77 -1 1
77 -1 -1
77 0 0
77 0 1
77 1 0
77 0 -1
77 -1 0
77 1 1
77 1 -1
77 -1 1
77 -1 -1
77 0 0
77 0 1
77 1 0
77 0 -1
77 -1 0
77 1 1
77 1 -1
77 -1 1
77 -1 -1
77 0 0
77 0 1
77 1 0
77 0 -1
77 -1 0
77 1 1
77 1 -1
77 -1 1
77 -1 -1
77 0 0
77 0 1
77 1 0
77 0 -1
77 -1 0
77 1 1
77 1 -1
77 -1 1
77 -1 -1
77 0 0
77 0 1
77 1 0
77 0 -1
77 -1 0
77 1 1
77 1 -1
77 -1 1
77 -1 -1
77 0 0
77 0 1
77 1 0
77 0 -1
77 -1 0
77 1 1
77 1 -1
77 -1 1
77 -1 -1
77 0 0
77 0 1
77 1 0
77 0 -1
77 -1 0
77 1 1
77 1 -1
77 -1 1
77 -1 -1
77 0 0
77 0 1
77 1 0
77 0 -1
77 -1 0
77 1 1
77 1 -1
77 -1 1
77 -1 -1
77 0 0
77 0 1
77 1 0
77 0 -1
77 -1 0
77 1 1
77 1 -1
77 -1 1
77 -1 -1
77 0 0
77 0 1
77 1 0
77 0 -1
77 -1 0
77 1 1
77 1 -1
77 -1 1
77 -1 -1
77 0 0
77 0 1
77 1 0
77 0 -1
77 -1 0
77 1 1
77 1 -1
77 -1 1
77 -1 -1
78 0 0
78 0 1
78 1 0
78 0 -1
78 -1 0
78 1 1
78 1 -1
78 -1 1
78 -1 -1
78 0 0
78 0 1
78 1 0
78 0 -1
78 -1 0
78 1 1
78 1 -1
78 -1 1
78 -1 -1
78 0 0
78 0 1
78 1 0
78 0 -1
78 -1 0
78 1 1
78 1 -1
78 -1 1
78 -1 -1
78 0 0
78 0 1
78 1 0
78 0 -1
78 -1 0
78 1 1
78 1 -1
78 -1 1
78 -1 -1
78 0 0
78 0 1
78 1 0
78 0 -1
78 -1 0
78 1 1
78 1 -1
78 -1 1
78 -1 -1
78 0 0
78 0 1
78 1 0
78 0 -1
78 -1 0
78 1 1
78 1 -1
78 -1 1
78 -1 -1
78 0 0
78 0 1
78 1 0
78 0 -1
78 -1 0
78 1 1
78 1 -1
78 -1 1
78 -1 -1
78 0 0
78 0 1
78 1 0
78 0 -1
78 -1 0
78 1 1
78 1 -1
78 -1 1
78 -1 -1
78 0 0
78 0 1
78 1 0
78 0 -1
78 -1 0
78 1 1
78 1 -1
78 -1 1
78 -1 -1
78 0 0
78 0 1
78 1 0
78 0 -1
78 -1 0
78 1 1
78 1 -1
78 -1 1
78 -1 -1
78 0 0
78 0 1
78 1 0
78 0 -1
78 -1 0
78 1 1
78 1 -1
78 -1 1
78 -1 -1
78 0 0
78 0 1
78 1 0
78 0 -1
78 -1 0
78 1 1
78 1 -1
78 -1 1
78 -1 -1
78 0 0
78 0 1
78 1 0
78 0 -1
78 -1 0
78 1 1
78 1 -1
78 -1 1
78 -1 -1
79 0 0
79 0 1
79 1 0
79 0 -1
79 -1 0
79 1 1
79 1 -1
79 -1 1
79 -1 -1
79 0 0
79 0 1
79 1 0
79 0 -1
79 -1 0
79 1 1
79 1 -1
79 -1 1
79 -1 -1
79 0 0
79 0 1
79 1 0
79 0 -1
79 -1 0
79 1 1
79 1 -1
79 -1 1
79 -1 -1
79 0 0
79 0 1
79 1 0
79 0 -1
79 -1 0
79 1 1
79 1 -1
79 -1 1
79 -1 -1
79 0 0
79 0 1
79 1 0
79 0 -1
79 -1 0
79 1 1
79 1 -1
79 -1 1
79 -1 -1
79 0 0
79 0 1
79 1 0
79 0 -1
79 -1 0
79 1 1
79 1 -1
79 -1 1
79 -1 -1
79 0 0
79 0 1
79 1 0
79 0 -1
79 -1 0
79 1 1
79 1 -1
79 -1 1
79 -1 -1
79 0 0
79 0 1
79 1 0
79 0 -1
79 -1 0
79 1 1
79 1 -1
79 -1 1
79 -1 -1
79 0 0
79 0 1
79 1 0
79 0 -1
79 -1 0
79 1 1
79 1 -1
79 -1 1
79 -1 -1
79 0 0
79 0 1
79 1 0
79 0 -1
79 -1 0
79 1 1
79 1 -1
79 -1 1
79 -1 -1
79 0 0
79 0 1
79 1 0
79 0 -1
79 -1 0
79 1 1
79 1 -1
79 -1 1
79 -1 -1
79 0 0
79 0 1
79 1 0
79 0 -1
79 -1 0
79 1 1
79 1 -1
79 -1 1
79 -1 -1
79 0 0
79 0 1
79 1 0
79 0 -1
79 -1 0
79 1 1
79 1 -1
79 -1 1
79 -1 -1
80 0 0
80 0 1
80 1 0
80 0 -1
80 -1 0
80 1 1
80 1 -1
80 -1 1
80 -1 -1
80 0 0
80 0 1
80 1 0
80 0 -1
80 -1 0
80 1 1
80 1 -1
80 -1 1
80 -1 -1
80 0 0
80 0 1
80 1 0
80 0 -1
80 -1 0
80 1 1
80 1 -1
80 -1 1
80 -1 -1
80 0 0
80 0 1
80 1 0
80 0 -1
80 -1 0
80 1 1
80 1 -1
80 -1 1
80 -1 -1
80 0 0
80 0 1
80 1 0
80 0 -1
80 -1 0
80 1 1
80 1 -1
80 -1 1
80 -1 -1
80 0 0
80 0 1
80 1 0
80 0 -1
80 -1 0
80 1 1
80 1 -1
80 -1 1
80 -1 -1
80 0 0
80 0 1
80 1 0
80 0 -1
80 -1 0
80 1 1
80 1 -1
80 -1 1
80 -1 -1
80 0 0
80 0 1
80 1 0
80 0 -1
80 -1 0
80 1 1
80 1 -1
80 -1 1
80 -1 -1
80 0 0
80 0 1
80 1 0
80 0 -1
80 -1 0
80 1 1
80 1 -1
80 -1 1
80 -1 -1
80 0 0
80 0 1
80 1 0
80 0 -1
80 -1 0
80 1 1
80 1 -1
80 -1 1
80 -1 -1
80 0 0
80 0 1
80 1 0
80 0 -1
80 -1 0
80 1 1
80 1 -1
80 -1 1
80 -1 -1
80 0 0
80 0 1
80 1 0
80 0 -1
80 -1 0
80 1 1
80 1 -1
80 -1 1
80 -1 -1
80 0 0
80 0 1
80 1 0
80 0 -1
80 -1 0
80 1 1
80 1 -1
80 -1 1
80 -1 -1
81 0 0
81 0 1
81 1 0
81 0 -1
81 -1 0
81 1 1
81 1 -1
81 -1 1
81 -1 -1
81 0 0
81 0 1
81 1 0
81 0 -1
81 -1 0
81 1 1
81 1 -1
81 -1 1
81 -1 -1
81 0 0
81 0 1
81 1 0
81 0 -1
81 -1 0
81 1 1
81 1 -1
81 -1 1
81 -1 -1
81 0 0
81 0 1
81 1 0
81 0 -1
81 -1 0
81 1 1
81 1 -1
81 -1 1
81 -1 -1
81 0 0
81 0 1
81 1 0
81 0 -1
81 -1 0
81 1 1
81 1 -1
81 -1 1
81 -1 -1
81 0 0
81 0 1
81 1 0
81 0 -1
81 -1 0
81 1 1
81 1 -1
81 -1 1
81 -1 -1
81 0 0
81 0 1
81 1 0
81 0 -1
81 -1 0
81 1 1
81 1 -1
81 -1 1
81 -1 -1
81 0 0
81 0 1
81 1 0
81 0 -1
81 -1 0
81 1 1
81 1 -1
81 -1 1
81 -1 -1
81 0 0
81 0 1
81 1 0
81 0 -1
81 -1 0
81 1 1
81 1 -1
81 -1 1
81 -1 -1
81 0 0
81 0 1
81 1 0
81 0 -1
81 -1 0
81 1 1
81 1 -1
81 -1 1
81 -1 -1
81 0 0
81 0 1
81 1 0
81 0 -1
81 -1 0
81 1 1
81 1 -1
81 -1 1
81 -1 -1
81 0 0
81 0 1
81 1 0
81 0 -1
81 -1 0
81 1 1
81 1 -1
81 -1 1
81 -1 -1
81 0 0
81 0 1
81 1 0
81 0 -1
81 -1 0
81 1 1
81 1 -1
81 -1 1
81 -1 -1
82 0 0
82 0 1
82 1 0
82 0 -1
82 -1 0
82 1 1
82 1 -1
82 -1 1
82 -1 -1
82 0 0
82 0 1
82 1 0
82 0 -1
82 -1 0
82 1 1
82 1 -1
82 -1 1
82 -1 -1
82 0 0
82 0 1
82 1 0
82 0 -1
82 -1 0
82 1 1
82 1 -1
82 -1 1
82 -1 -1
82 0 0
82 0 1
82 1 0
82 0 -1
82 -1 0
82 1 1
82 1 -1
82 -1 1
82 -1 -1
82 0 0
82 0 1
82 1 0
82 0 -1
82 -1 0
82 1 1
82 1 -1
82 -1 1
82 -1 -1
82 0 0
82 0 1
82 1 0
82 0 -1
82 -1 0
82 1 1
82 1 -1
82 -1 1
82 -1 -1
82 0 0
82 0 1
82 1 0
82 0 -1
82 -1 0
82 1 1
82 1 -1
82 -1 1
82 -1 -1
82 0 0
82 0 1
82 1 0
82 0 -1
82 -1 0
82 1 1
82 1 -1
82 -1 1
82 -1 -1
82 0 0
82 0 1
82 1 0
82 0 -1
82 -1 0
82 1 1
82 1 -1
82 -1 1
82 -1 -1
82 0 0
82 0 1
82 1 0
82 0 -1
82 -1 0
82 1 1
82 1 -1
82 -1 1
82 -1 -1
82 0 0
82 0 1
82 1 0
82 0 -1
82 -1 0
82 1 1
82 1 -1
82 -1 1
82 -1 -1
82 0 0
82 0 1
82 1 0
82 0 -1
82 -1 0
82 1 1
82 1 -1
82 -1 1
82 -1 -1
82 0 0
82 0 1
82 1 0
82 0 -1
82 -1 0
82 1 1
82 1 -1
82 -1 1
82 -1 -1
83 0 0
83 0 1
83 1 0
83 0 -1
83 -1 0
83 1 1
83 1 -1
83 -1 1
83 -1 -1
83 0 0
83 0 1
83 1 0
83 0 -1
83 -1 0
83 1 1
83 1 -1
83 -1 1
83 -1 -1
83 0 0
83 0 1
83 1 0
83 0 -1
83 -1 0
83 1 1
83 1 -1
83 -1 1
83 -1 -1
83 0 0
83 0 1
83 1 0
83 0 -1
83 -1 0
83 1 1
83 1 -1
83 -1 1
83 -1 -1
83 0 0
83 0 1
83 1 0
83 0 -1
83 -1 0
83 1 1
83 1 -1
83 -1 1
83 -1 -1
83 0 0
83 0 1
83 1 0
83 0 -1
83 -1 0
83 1 1
83 1 -1
83 -1 1
83 -1 -1
83 0 0
83 0 1
83 1 0
83 0 -1
83 -1 0
83 1 1
83 1 -1
83 -1 1
83 -1 -1
83 0 0
83 0 1
83 1 0
83 0 -1
83 -1 0
83 1 1
83 1 -1
83 -1 1
83 -1 -1
83 0 0
83 0 1
83 1 0
83 0 -1
83 -1 0
83 1 1
83 1 -1
83 -1 1
83 -1 -1
83 0 0
83 0 1
83 1 0
83 0 -1
83 -1 0
83 1 1
83 1 -1
83 -1 1
83 -1 -1
83 0 0
83 0 1
83 1 0
83 0 -1
83 -1 0
83 1 1
83 1 -1
83 -1 1
83 -1 -1
83 0 0
83 0 1
83 1 0
83 0 -1
83 -1 0
83 1 1
83 1 -1
83 -1 1
83 -1 -1
83 0 0
83 0 1
83 1 0
83 0 -1
83 -1 0
83 1 1
83 1 -1
83 -1 1
83 -1 -1
84 0 0
84 0 1
84 1 0
84 0 -1
84 -1 0
84 1 1
84 1 -1
84 -1 1
84 -1 -1
84 0 0
84 0 1
84 1 0
84 0 -1
84 -1 0
84 1 1
84 1 -1
84 -1 1
84 -1 -1
84 0 0
84 0 1
84 1 0
84 0 -1
84 -1 0
84 1 1
84 1 -1
84 -1 1
84 -1 -1
84 0 0
84 0 1
84 1 0
84 0 -1
84 -1 0
84 1 1
84 1 -1
84 -1 1
84 -1 -1
84 0 0
84 0 1
84 1 0
84 0 -1
84 -1 0
84 1 1
84 1 -1
84 -1 1
84 -1 -1
84 0 0
84 0 1
84 1 0
84 0 -1
84 -1 0
84 1 1
84 1 -1
84 -1 1
84 -1 -1
84 0 0
84 0 1
84 1 0
84 0 -1
84 -1 0
84 1 1
84 1 -1
84 -1 1
84 -1 -1
84 0 0
84 0 1
84 1 0
84 0 -1
84 -1 0
84 1 1
84 1 -1
84 -1 1
84 -1 -1
84 0 0
84 0 1
84 1 0
84 0 -1
84 -1 0
84 1 1
84 1 -1
84 -1 1
84 -1 -1
84 0 0
84 0 1
84 1 0
84 0 -1
84 -1 0
84 1 1
84 1 -1
84 -1 1
84 -1 -1
84 0 0
84 0 1
84 1 0
84 0 -1
84 -1 0
84 1 1
84 1 -1
84 -1 1
84 -1 -1
84 0 0
84 0 1
84 1 0
84 0 -1
84 -1 0
84 1 1
84 1 -1
84 -1 1
84 -1 -1
84 0 0
84 0 1
84 1 0
84 0 -1
84 -1 0
84 1 1
84 1 -1
84 -1 1
84 -1 -1
85 0 0
85 0 1
85 1 0
85 0 -1
85 -1 0
85 1 1
85 1 -1
85 -1 1
85 -1 -1
85 0 0
85 0 1
85 1 0
85 0 -1
85 -1 0
85 1 1
85 1 -1
85 -1 1
85 -1 -1
85 0 0
85 0 1
85 1 0
85 0 -1
85 -1 0
85 1 1
85 1 -1
85 -1 1
85 -1 -1
85 0 0
85 0 1
85 1 0
85 0 -1
85 -1 0
85 1 1
85 1 -1
85 -1 1
85 -1 -1
85 0 0
85 0 1
85 1 0
85 0 -1
85 -1 0
85 1 1
85 1 -1
85 -1 1
85 -1 -1
85 0 0
85 0 1
85 1 0
85 0 -1
85 -1 0
85 1 1
85 1 -1
85 -1 1
85 -1 -1
85 0 0
85 0 1
85 1 0
85 0 -1
85 -1 0
85 1 1
85 1 -1
85 -1 1
85 -1 -1
85 0 0
85 0 1
85 1 0
85 0 -1
85 -1 0
85 1 1
85 1 -1
85 -1 1
85 -1 -1
85 0 0
85 0 1
85 1 0
85 0 -1
85 -1 0
85 1 1
85 1 -1
85 -1 1
85 -1 -1
85 0 0
85 0 1
85 1 0
85 0 -1
85 -1 0
85 1 1
85 1 -1
85 -1 1
85 -1 -1
85 0 0
85 0 1
85 1 0
85 0 -1
85 -1 0
85 1 1
85 1 -1
85 -1 1
85 -1 -1
85 0 0
85 0 1
85 1 0
85 0 -1
85 -1 0
85 1 1
85 1 -1
85 -1 1
85 -1 -1
85 0 0
85 0 1
85 1 0
85 0 -1
85 -1 0
85 1 1
85 1 -1
85 -1 1
85 -1 -1
85 0 0
85 0 1
85 1 0
85 0 -1
85 -1 0
85 1 1
85 1 -1
85 -1 1
85 -1 -1
86 0 0
86 0 1
86 1 0
86 0 -1
86 -1 0
86 1 1
86 1 -1
86 -1 1
86 -1 -1
86 0 0
86 0 1
86 1 0
86 0 -1
86 -1 0
86 1 1
86 1 -1
86 -1 1
86 -1 -1
86 0 0
86 0 1
86 1 0
86 0 -1
86 -1 0
86 1 1
86 1 -1
86 -1 1
86 -1 -1
86 0 0
86 0 1
86 1 0
86 0 -1
86 -1 0
86 1 1
86 1 -1
86 -1 1
86 -1 -1
86 0 0
86 0 1
86 1 0
86 0 -1
86 -1 0
86 1 1
86 1 -1
86 -1 1
86 -1 -1
86 0 0
86 0 1
86 1 0
86 0 -1
86 -1 0
86 1 1
86 1 -1
86 -1 1
86 -1 -1
86 0 0
86 0 1
86 1 0
86 0 -1
86 -1 0
86 1 1
86 1 -1
86 -1 1
86 -1 -1
86 0 0
86 0 1
86 1 0
86 0 -1
86 -1 0
86 1 1
86 1 -1
86 -1 1
86 -1 -1
86 0 0
86 0 1
86 1 0
86 0 -1
86 -1 0
86 1 1
86 1 -1
86 -1 1
86 -1 -1
86 0 0
86 0 1
86 1 0
86 0 -1
86 -1 0
86 1 1
86 1 -1
86 -1 1
86 -1 -1
86 0 0
86 0 1
86 1 0
86 0 -1
86 -1 0
86 1 1
86 1 -1
86 -1 1
86 -1 -1
86 0 0
86 0 1
86 1 0
86 0 -1
86 -1 0
86 1 1
86 1 -1
86 -1 1
86 -1 -1
86 0 0
86 0 1
86 1 0
86 0 -1
86 -1 0
86 1 1
86 1 -1
86 -1 1
86 -1 -1
86 0 0
86 0 1
86 1 0
86 0 -1
86 -1 0
86 1 1
86 1 -1
86 -1 1
86 -1 -1
87 0 0
87 0 1
87 1 0
87 0 -1
87 -1 0
87 1 1
87 1 -1
87 -1 1
87 -1 -1
87 0 0
87 0 1
87 1 0
87 0 -1
87 -1 0
87 1 1
87 1 -1
87 -1 1
87 -1 -1
87 0 0
87 0 1
87 1 0
87 0 -1
87 -1 0
87 1 1
87 1 -1
87 -1 1
87 -1 -1
87 0 0
87 0 1
87 1 0
87 0 -1
87 -1 0
87 1 1
87 1 -1
87 -1 1
87 -1 -1
87 0 0
87 0 1
87 1 0
87 0 -1
87 -1 0
87 1 1
87 1 -1
87 -1 1
87 -1 -1
87 0 0
87 0 1
87 1 0
87 0 -1
87 -1 0
87 1 1
87 1 -1
87 -1 1
87 -1 -1
87 0 0
87 0 1
87 1 0
87 0 -1
87 -1 0
87 1 1
87 1 -1
87 -1 1
87 -1 -1
87 0 0
87 0 1
87 1 0
87 0 -1
87 -1 0
87 1 1
87 1 -1
87 -1 1
87 -1 -1
87 0 0
87 0 1
87 1 0
87 0 -1
87 -1 0
87 1 1
87 1 -1
87 -1 1
87 -1 -1
87 0 0
87 0 1
87 1 0
87 0 -1
87 -1 0
87 1 1
87 1 -1
87 -1 1
87 -1 -1
87 0 0
87 0 1
87 1 0
87 0 -1
87 -1 0
87 1 1
87 1 -1
87 -1 1
87 -1 -1
87 0 0
87 0 1
87 1 0
87 0 -1
87 -1 0
87 1 1
87 1 -1
87 -1 1
87 -1 -1
87 0 0
87 0 1
87 1 0
87 0 -1
87 -1 0
87 1 1
87 1 -1
87 -1 1
87 -1 -1
87 0 0
87 0 1
87 1 0
87 0 -1
87 -1 0
87 1 1
87 1 -1
87 -1 1
87 -1 -1
88 0 0
88 0 1
88 1 0
88 0 -1
88 -1 0
88 1 1
88 1 -1
88 -1 1
88 -1 -1
88 0 0
88 0 1
88 1 0
88 0 -1
88 -1 0
88 1 1
88 1 -1
88 -1 1
88 -1 -1
88 0 0
88 0 1
88 1 0
88 0 -1
88 -1 0
88 1 1
88 1 -1
88 -1 1
88 -1 -1
88 0 0
88 0 1
88 1 0
88 0 -1
88 -1 0
88 1 1
88 1 -1
88 -1 1
88 -1 -1
88 0 0
88 0 1
88 1 0
88 0 -1
88 -1 0
88 1 1
88 1 -1
88 -1 1
88 -1 -1
88 0 0
88 0 1
88 1 0
88 0 -1
88 -1 0
88 1 1
88 1 -1
88 -1 1
88 -1 -1
88 0 0
88 0 1
88 1 0
88 0 -1
88 -1 0
88 1 1
88 1 -1
88 -1 1
88 -1 -1
88 0 0
88 0 1
88 1 0
88 0 -1
88 -1 0
88 1 1
88 1 -1
88 -1 1
88 -1 -1
88 0 0
88 0 1
88 1 0
88 0 -1
88 -1 0
88 1 1
88 1 -1
88 -1 1
88 -1 -1
88 0 0
88 0 1
88 1 0
88 0 -1
88 -1 0
88 1 1
88 1 -1
88 -1 1
88 -1 -1
88 0 0
88 0 1
88 1 0
88 0 -1
88 -1 0
88 1 1
88 1 -1
88 -1 1
88 -1 -1
88 0 0
88 0 1
88 1 0
88 0 -1
88 -1 0
88 1 1
88 1 -1
88 -1 1
88 -1 -1
88 0 0
88 0 1
88 1 0
88 0 -1
88 -1 0
88 1 1
88 1 -1
88 -1 1
88 -1 -1
88 0 0
88 0 1
88 1 0
88 0 -1
88 -1 0
88 1 1
88 1 -1
88 -1 1
88 -1 -1
88 0 0
88 0 1
88 1 0
88 0 -1
88 -1 0
88 1 1
88 1 -1
88 -1 1
88 -1 -1
-1 -1 -1
74
62
60
84
81
68
83
66
77
73
80
71
69
76
72
75
85
87
70
86
78
82
67
79
64
51
63
65
61
58
59
57
56
55
54
53
52
50
49
48
47
46
45
44
43
42
41
40
39
38
37
36
35
3
34
33
32
31
28
0
29
27
30
26
25
24
23
1
22
2
21
6
15
4
19
20
18
10
9
17
16
7
5
11
14
13
12
8
88
