390 458 437 0 356 428 490 576 592 539 459 12 507 596 611 551 438 360 321
24 259 236 195 36 48 286 362 388 381 282 233 60 347 402 394 319 72 84
154 177 199 167 133 96 184 108 275 277 240 120 186 132 286 301 251 192 144
156 195 197 168 176 181 184 212 231 242 180 205 192 204 245 265 253 216 199
228 227 226 223 221 224 231 240 250 248 240 240 244 251 252 270 268 264 239
277 271 268 266 266 267 269 274 276 284 285 286 288 292 295 295 294 290 285
322 315 311 310 310 310 310 300 319 325 329 331 334 337 337 333 312 324 336
365 357 354 354 355 356 348 360 367 372 374 377 381 386 384 378 374 372 371
407 401 384 403 408 396 413 417 422 427 428 408 438 441 437 428 420 432 414
444 449 452 456 468 480 476 478 479 483 492 491 504 516 487 477 472 466 460
501 501 507 516 528 540 552 536 536 539 545 564 551 544 535 525 518 512 505
550 552 558 576 588 584 586 587 600 587 594 612 596 586 579 572 565 558 553
597 598 605 613 620 624 636 629 627 629 633 648 635 630 625 619 611 605 600
641 640 645 660 656 661 672 664 662 663 667 670 671 670 684 663 659 653 648
681 679 681 685 696 693 695 696 696 697 699 703 706 709 707 708 697 720 688
721 714 712 716 719 723 726 728 730 731 734 732 746 749 744 732 722 722 723
756 739 744 744 747 750 762 762 762 768 763 780 796 798 791 761 730 711 792
709 759 804 769 746 816 768 828 796 758 766 840 860 865 833 852 690 653 657
585 864 876 609 888 646 681 900 912 680 622 924 936 948 960 691 595 529 525
0 0 0
0 0 1
0 1 0
0 0 -1
0 -1 0
0 1 1
0 1 -1
0 -1 1
0 -1 -1
0 0 0
0 0 1
0 1 0
0 0 -1
0 -1 0
0 1 1
0 1 -1
0 -1 1
0 -1 -1
0 0 0
0 0 1
0 1 0
0 0 -1
0 -1 0
0 1 1
0 1 -1
0 -1 1
0 -1 -1
0 0 0
0 0 1
0 1 0
0 0 -1
0 -1 0
0 1 1
0 1 -1
0 -1 1
0 -1 -1
0 0 0
0 0 1
0 1 0
0 0 -1
0 -1 0
0 1 1
0 1 -1
0 -1 1
0 -1 -1
0 0 0
0 0 1
0 1 0
0 0 -1
0 -1 0
0 1 1
0 1 -1
0 -1 1
0 -1 -1
0 0 0
0 0 1
0 1 0
0 0 -1
0 -1 0
0 1 1
0 1 -1
0 -1 1
0 -1 -1
0 0 0
0 0 1
0 1 0
0 0 -1
0 -1 0
0 1 1
0 1 -1
0 -1 1
0 -1 -1
0 0 0
0 0 1
0 1 0
0 0 -1
0 -1 0
0 1 1
0 1 -1
0 -1 1
0 -1 -1
0 0 0
0 0 1
0 1 0
0 0 -1
0 -1 0
0 1 1
0 1 -1
0 -1 1
0 -1 -1
0 0 0
0 0 1
0 1 0
0 0 -1
0 -1 0
0 1 1
0 1 -1
0 -1 1
0 -1 -1
0 0 0
0 0 1
0 1 0
0 0 -1
0 -1 0
0 1 1
0 1 -1
0 -1 1
0 -1 -1
0 0 0
0 0 1
0 1 0
0 0 -1
0 -1 0
0 1 1
0 1 -1
0 -1 1
0 -1 -1
1 0 0
1 0 1
1 1 0
1 0 -1
1 -1 0
1 1 1
1 1 -1
1 -1 1
1 -1 -1
1 0 0
1 0 1
1 1 0
1 0 -1
1 -1 0
1 1 1
1 1 -1
1 -1 1
1 -1 -1
1 0 0
1 0 1
1 1 0
1 0 -1
1 -1 0
1 1 1
1 1 -1
1 -1 1
1 -1 -1
1 0 0
1 0 1
1 1 0
1 0 -1
1 -1 0
1 1 1
1 1 -1
1 -1 1
1 -1 -1
1 0 0
1 0 1
1 1 0
1 0 -1
1 -1 0
1 1 1
1 1 -1
1 -1 1
1 -1 -1
1 0 0
1 0 1
1 1 0
1 0 -1
1 -1 0
1 1 1
1 1 -1
1 -1 1
1 -1 -1
1 0 0
1 0 1
1 1 0
1 0 -1
1 -1 0
1 1 1
1 1 -1
1 -1 1
1 -1 -1
1 0 0
1 0 1
1 1 0
1 0 -1
1 -1 0
1 1 1
1 1 -1
1 -1 1
1 -1 -1
1 0 0
1 0 1
1 1 0
1 0 -1
1 -1 0
1 1 1
1 1 -1
1 -1 1
1 -1 -1
1 0 0
1 0 1
1 1 0
1 0 -1
1 -1 0
1 1 1
1 1 -1
1 -1 1
1 -1 -1
1 0 0
1 0 1
1 1 0
1 0 -1
1 -1 0
1 1 1
1 1 -1
1 -1 1
1 -1 -1
1 0 0
1 0 1
1 1 0
1 0 -1
1 -1 0
1 1 1
1 1 -1
1 -1 1
1 -1 -1
1 0 0
1 0 1
1 1 0
1 0 -1
1 -1 0
1 1 1
1 1 -1
1 -1 1
1 -1 -1
2 0 0
2 0 1
2 1 0
2 0 -1
2 -1 0
2 1 1
2 1 -1
2 -1 1
2 -1 -1
2 0 0
2 0 1
2 1 0
2 0 -1
2 -1 0
2 1 1
2 1 -1
2 -1 1
2 -1 -1
2 0 0
2 0 1
2 1 0
2 0 -1
2 -1 0
2 1 1
2 1 -1
2 -1 1
2 -1 -1
2 0 0
2 0 1
2 1 0
2 0 -1
2 -1 0
2 1 1
2 1 -1
2 -1 1
2 -1 -1
2 0 0
2 0 1
2 1 0
2 0 -1
2 -1 0
2 1 1
2 1 -1
2 -1 1
2 -1 -1
2 0 0
2 0 1
2 1 0
2 0 -1
2 -1 0
2 1 1
2 1 -1
2 -1 1
2 -1 -1
2 0 0
2 0 1
2 1 0
2 0 -1
2 -1 0
2 1 1
2 1 -1
2 -1 1
2 -1 -1
2 0 0
2 0 1
2 1 0
2 0 -1
2 -1 0
2 1 1
2 1 -1
2 -1 1
2 -1 -1
2 0 0
2 0 1
2 1 0
2 0 -1
2 -1 0
2 1 1
2 1 -1
2 -1 1
2 -1 -1
2 0 0
2 0 1
2 1 0
2 0 -1
2 -1 0
2 1 1
2 1 -1
2 -1 1
2 -1 -1
2 0 0
2 0 1
2 1 0
2 0 -1
2 -1 0
2 1 1
2 1 -1
2 -1 1
2 -1 -1
2 0 0
2 0 1
2 1 0
2 0 -1
2 -1 0
2 1 1
2 1 -1
2 -1 1
2 -1 -1
2 0 0
2 0 1
2 1 0
2 0 -1
2 -1 0
2 1 1
2 1 -1
2 -1 1
2 -1 -1
3 0 0
3 0 1
3 1 0
3 0 -1
3 -1 0
3 1 1
3 1 -1
3 -1 1
3 -1 -1
3 0 0
3 0 1
3 1 0
3 0 -1
3 -1 0
3 1 1
3 1 -1
3 -1 1
3 -1 -1
3 0 0
3 0 1
3 1 0
3 0 -1
3 -1 0
3 1 1
3 1 -1
3 -1 1
3 -1 -1
3 0 0
3 0 1
3 1 0
3 0 -1
3 -1 0
3 1 1
3 1 -1
3 -1 1
3 -1 -1
3 0 0
3 0 1
3 1 0
3 0 -1
3 -1 0
3 1 1
3 1 -1
3 -1 1
3 -1 -1
3 0 0
3 0 1
3 1 0
3 0 -1
3 -1 0
3 1 1
3 1 -1
3 -1 1
3 -1 -1
3 0 0
3 0 1
3 1 0
3 0 -1
3 -1 0
3 1 1
3 1 -1
3 -1 1
3 -1 -1
3 0 0
3 0 1
3 1 0
3 0 -1
3 -1 0
3 1 1
3 1 -1
3 -1 1
3 -1 -1
3 0 0
3 0 1
3 1 0
3 0 -1
3 -1 0
3 1 1
3 1 -1
3 -1 1
3 -1 -1
3 0 0
3 0 1
3 1 0
3 0 -1
3 -1 0
3 1 1
3 1 -1
3 -1 1
3 -1 -1
3 0 0
3 0 1
3 1 0
3 0 -1
3 -1 0
3 1 1
3 1 -1
3 -1 1
3 -1 -1
3 0 0
3 0 1
3 1 0
3 0 -1
3 -1 0
3 1 1
3 1 -1
3 -1 1
3 -1 -1
3 0 0
3 0 1
3 1 0
3 0 -1
3 -1 0
3 1 1
3 1 -1
3 -1 1
3 -1 -1
4 0 0
4 0 1
4 1 0
4 0 -1
4 -1 0
4 1 1
4 1 -1
4 -1 1
4 -1 -1
4 0 0
4 0 1
4 1 0
4 0 -1
4 -1 0
4 1 1
4 1 -1
4 -1 1
4 -1 -1
4 0 0
4 0 1
4 1 0
4 0 -1
4 -1 0
4 1 1
4 1 -1
4 -1 1
4 -1 -1
4 0 0
4 0 1
4 1 0
4 0 -1
4 -1 0
4 1 1
4 1 -1
4 -1 1
4 -1 -1
4 0 0
4 0 1
4 1 0
4 0 -1
4 -1 0
4 1 1
4 1 -1
4 -1 1
4 -1 -1
4 0 0
4 0 1
4 1 0
4 0 -1
4 -1 0
4 1 1
4 1 -1
4 -1 1
4 -1 -1
4 0 0
4 0 1
4 1 0
4 0 -1
4 -1 0
4 1 1
4 1 -1
4 -1 1
4 -1 -1
4 0 0
4 0 1
4 1 0
4 0 -1
4 -1 0
4 1 1
4 1 -1
4 -1 1
4 -1 -1
4 0 0
4 0 1
4 1 0
4 0 -1
4 -1 0
4 1 1
4 1 -1
4 -1 1
4 -1 -1
4 0 0
4 0 1
4 1 0
4 0 -1
4 -1 0
4 1 1
4 1 -1
4 -1 1
4 -1 -1
4 0 0
4 0 1
4 1 0
4 0 -1
4 -1 0
4 1 1
4 1 -1
4 -1 1
4 -1 -1
4 0 0
4 0 1
4 1 0
4 0 -1
4 -1 0
4 1 1
4 1 -1
4 -1 1
4 -1 -1
4 0 0
4 0 1
4 1 0
4 0 -1
4 -1 0
4 1 1
4 1 -1
4 -1 1
4 -1 -1
5 0 0
5 0 1
5 1 0
5 0 -1
5 -1 0
5 1 1
5 1 -1
5 -1 1
5 -1 -1
5 0 0
5 0 1
5 1 0
5 0 -1
5 -1 0
5 1 1
5 1 -1
5 -1 1
5 -1 -1
5 0 0
5 0 1
5 1 0
5 0 -1
5 -1 0
5 1 1
5 1 -1
5 -1 1
5 -1 -1
5 0 0
5 0 1
5 1 0
5 0 -1
5 -1 0
5 1 1
5 1 -1
5 -1 1
5 -1 -1
5 0 0
5 0 1
5 1 0
5 0 -1
5 -1 0
5 1 1
5 1 -1
5 -1 1
5 -1 -1
5 0 0
5 0 1
5 1 0
5 0 -1
5 -1 0
5 1 1
5 1 -1
5 -1 1
5 -1 -1
5 0 0
5 0 1
5 1 0
5 0 -1
5 -1 0
5 1 1
5 1 -1
5 -1 1
5 -1 -1
5 0 0
5 0 1
5 1 0
5 0 -1
5 -1 0
5 1 1
5 1 -1
5 -1 1
5 -1 -1
5 0 0
5 0 1
5 1 0
5 0 -1
5 -1 0
5 1 1
5 1 -1
5 -1 1
5 -1 -1
5 0 0
5 0 1
5 1 0
5 0 -1
5 -1 0
5 1 1
5 1 -1
5 -1 1
5 -1 -1
5 0 0
5 0 1
5 1 0
5 0 -1
5 -1 0
5 1 1
5 1 -1
5 -1 1
5 -1 -1
5 0 0
5 0 1
5 1 0
5 0 -1
5 -1 0
5 1 1
5 1 -1
5 -1 1
5 -1 -1
5 0 0
5 0 1
5 1 0
5 0 -1
5 -1 0
5 1 1
5 1 -1
5 -1 1
5 -1 -1
6 0 0
6 0 1
6 1 0
6 0 -1
6 -1 0
6 1 1
6 1 -1
6 -1 1
6 -1 -1
6 0 0
6 0 1
6 1 0
6 0 -1
6 -1 0
6 1 1
6 1 -1
6 -1 1
6 -1 -1
6 0 0
6 0 1
6 1 0
6 0 -1
6 -1 0
6 1 1
6 1 -1
6 -1 1
6 -1 -1
6 0 0
6 0 1
6 1 0
6 0 -1
6 -1 0
6 1 1
6 1 -1
6 -1 1
6 -1 -1
6 0 0
6 0 1
6 1 0
6 0 -1
6 -1 0
6 1 1
6 1 -1
6 -1 1
6 -1 -1
6 0 0
6 0 1
6 1 0
6 0 -1
6 -1 0
6 1 1
6 1 -1
6 -1 1
6 -1 -1
6 0 0
6 0 1
6 1 0
6 0 -1
6 -1 0
6 1 1
6 1 -1
6 -1 1
6 -1 -1
6 0 0
6 0 1
6 1 0
6 0 -1
6 -1 0
6 1 1
6 1 -1
6 -1 1
6 -1 -1
6 0 0
6 0 1
6 1 0
6 0 -1
6 -1 0
6 1 1
6 1 -1
6 -1 1
6 -1 -1
6 0 0
6 0 1
6 1 0
6 0 -1
6 -1 0
6 1 1
6 1 -1
6 -1 1
6 -1 -1
6 0 0
6 0 1
6 1 0
6 0 -1
6 -1 0
6 1 1
6 1 -1
6 -1 1
6 -1 -1
6 0 0
6 0 1
6 1 0
6 0 -1
6 -1 0
6 1 1
6 1 -1
6 -1 1
6 -1 -1
6 0 0
6 0 1
6 1 0
6 0 -1
6 -1 0
6 1 1
6 1 -1
6 -1 1
6 -1 -1
7 0 0
7 0 1
7 1 0
7 0 -1
7 -1 0
7 1 1
7 1 -1
7 -1 1
7 -1 -1
7 0 0
7 0 1
7 1 0
7 0 -1
7 -1 0
7 1 1
7 1 -1
7 -1 1
7 -1 -1
7 0 0
7 0 1
7 1 0
7 0 -1
7 -1 0
7 1 1
7 1 -1
7 -1 1
7 -1 -1
7 0 0
7 0 1
7 1 0
7 0 -1
7 -1 0
7 1 1
7 1 -1
7 -1 1
7 -1 -1
7 0 0
7 0 1
7 1 0
7 0 -1
7 -1 0
7 1 1
7 1 -1
7 -1 1
7 -1 -1
7 0 0
7 0 1
7 1 0
7 0 -1
7 -1 0
7 1 1
7 1 -1
7 -1 1
7 -1 -1
7 0 0
7 0 1
7 1 0
7 0 -1
7 -1 0
7 1 1
7 1 -1
7 -1 1
7 -1 -1
7 0 0
7 0 1
7 1 0
7 0 -1
7 -1 0
7 1 1
7 1 -1
7 -1 1
7 -1 -1
7 0 0
7 0 1
7 1 0
7 0 -1
7 -1 0
7 1 1
7 1 -1
7 -1 1
7 -1 -1
7 0 0
7 0 1
7 1 0
7 0 -1
7 -1 0
7 1 1
7 1 -1
7 -1 1
7 -1 -1
7 0 0
7 0 1
7 1 0
7 0 -1
7 -1 0
7 1 1
7 1 -1
7 -1 1
7 -1 -1
7 0 0
7 0 1
7 1 0
7 0 -1
7 -1 0
7 1 1
7 1 -1
7 -1 1
7 -1 -1
7 0 0
7 0 1
7 1 0
7 0 -1
7 -1 0
7 1 1
7 1 -1
7 -1 1
7 -1 -1
8 0 0
8 0 1
8 1 0
8 0 -1
8 -1 0
8 1 1
8 1 -1
8 -1 1
8 -1 -1
8 0 0
8 0 1
8 1 0
8 0 -1
8 -1 0
8 1 1
8 1 -1
8 -1 1
8 -1 -1
8 0 0
8 0 1
8 1 0
8 0 -1
8 -1 0
8 1 1
8 1 -1
8 -1 1
8 -1 -1
8 0 0
8 0 1
8 1 0
8 0 -1
8 -1 0
8 1 1
8 1 -1
8 -1 1
8 -1 -1
8 0 0
8 0 1
8 1 0
8 0 -1
8 -1 0
8 1 1
8 1 -1
8 -1 1
8 -1 -1
8 0 0
8 0 1
8 1 0
8 0 -1
8 -1 0
8 1 1
8 1 -1
8 -1 1
8 -1 -1
8 0 0
8 0 1
8 1 0
8 0 -1
8 -1 0
8 1 1
8 1 -1
8 -1 1
8 -1 -1
8 0 0
8 0 1
8 1 0
8 0 -1
8 -1 0
8 1 1
8 1 -1
8 -1 1
8 -1 -1
8 0 0
8 0 1
8 1 0
8 0 -1
8 -1 0
8 1 1
8 1 -1
8 -1 1
8 -1 -1
8 0 0
8 0 1
8 1 0
8 0 -1
8 -1 0
8 1 1
8 1 -1
8 -1 1
8 -1 -1
8 0 0
8 0 1
8 1 0
8 0 -1
8 -1 0
8 1 1
8 1 -1
8 -1 1
8 -1 -1
8 0 0
8 0 1
8 1 0
8 0 -1
8 -1 0
8 1 1
8 1 -1
8 -1 1
8 -1 -1
8 0 0
8 0 1
8 1 0
8 0 -1
8 -1 0
8 1 1
8 1 -1
8 -1 1
8 -1 -1
9 0 0
9 0 1
9 1 0
9 0 -1
9 -1 0
9 1 1
9 1 -1
9 -1 1
9 -1 -1
9 0 0
9 0 1
9 1 0
9 0 -1
9 -1 0
9 1 1
9 1 -1
9 -1 1
9 -1 -1
9 0 0
9 0 1
9 1 0
9 0 -1
9 -1 0
9 1 1
9 1 -1
9 -1 1
9 -1 -1
9 0 0
9 0 1
9 1 0
9 0 -1
9 -1 0
9 1 1
9 1 -1
9 -1 1
9 -1 -1
9 0 0
9 0 1
9 1 0
9 0 -1
9 -1 0
9 1 1
9 1 -1
9 -1 1
9 -1 -1
9 0 0
9 0 1
9 1 0
9 0 -1
9 -1 0
9 1 1
9 1 -1
9 -1 1
9 -1 -1
9 0 0
9 0 1
9 1 0
9 0 -1
9 -1 0
9 1 1
9 1 -1
9 -1 1
9 -1 -1
9 0 0
9 0 1
9 1 0
9 0 -1
9 -1 0
9 1 1
9 1 -1
9 -1 1
9 -1 -1
9 0 0
9 0 1
9 1 0
9 0 -1
9 -1 0
9 1 1
9 1 -1
9 -1 1
9 -1 -1
9 0 0
9 0 1
9 1 0
9 0 -1
9 -1 0
9 1 1
9 1 -1
9 -1 1
9 -1 -1
9 0 0
9 0 1
9 1 0
9 0 -1
9 -1 0
9 1 1
9 1 -1
9 -1 1
9 -1 -1
9 0 0
9 0 1
9 1 0
9 0 -1
9 -1 0
9 1 1
9 1 -1
9 -1 1
9 -1 -1
9 0 0
9 0 1
9 1 0
9 0 -1
9 -1 0
9 1 1
9 1 -1
9 -1 1
9 -1 -1
10 0 0
10 0 1
10 1 0
10 0 -1
10 -1 0
10 1 1
10 1 -1
10 -1 1
10 -1 -1
10 0 0
10 0 1
10 1 0
10 0 -1
10 -1 0
10 1 1
10 1 -1
10 -1 1
10 -1 -1
10 0 0
10 0 1
10 1 0
10 0 -1
10 -1 0
10 1 1
10 1 -1
10 -1 1
10 -1 -1
10 0 0
10 0 1
10 1 0
10 0 -1
10 -1 0
10 1 1
10 1 -1
10 -1 1
10 -1 -1
10 0 0
10 0 1
10 1 0
10 0 -1
10 -1 0
10 1 1
10 1 -1
10 -1 1
10 -1 -1
10 0 0
10 0 1
10 1 0
10 0 -1
10 -1 0
10 1 1
10 1 -1
10 -1 1
10 -1 -1
10 0 0
10 0 1
10 1 0
10 0 -1
10 -1 0
10 1 1
10 1 -1
10 -1 1
10 -1 -1
10 0 0
10 0 1
10 1 0
10 0 -1
10 -1 0
10 1 1
10 1 -1
10 -1 1
10 -1 -1
10 0 0
10 0 1
10 1 0
10 0 -1
10 -1 0
10 1 1
10 1 -1
10 -1 1
10 -1 -1
10 0 0
10 0 1
10 1 0
10 0 -1
10 -1 0
10 1 1
10 1 -1
10 -1 1
10 -1 -1
10 0 0
10 0 1
10 1 0
10 0 -1
10 -1 0
10 1 1
10 1 -1
10 -1 1
10 -1 -1
10 0 0
10 0 1
10 1 0
10 0 -1
10 -1 0
10 1 1
10 1 -1
10 -1 1
10 -1 -1
10 0 0
10 0 1
10 1 0
10 0 -1
10 -1 0
10 1 1
10 1 -1
10 -1 1
10 -1 -1
11 0 0
11 0 1
11 1 0
11 0 -1
11 -1 0
11 1 1
11 1 -1
11 -1 1
11 -1 -1
11 0 0
11 0 1
11 1 0
11 0 -1
11 -1 0
11 1 1
11 1 -1
11 -1 1
11 -1 -1
11 0 0
11 0 1
11 1 0
11 0 -1
11 -1 0
11 1 1
11 1 -1
11 -1 1
11 -1 -1
11 0 0
11 0 1
11 1 0
11 0 -1
11 -1 0
11 1 1
11 1 -1
11 -1 1
11 -1 -1
11 0 0
11 0 1
11 1 0
11 0 -1
11 -1 0
11 1 1
11 1 -1
11 -1 1
11 -1 -1
11 0 0
11 0 1
11 1 0
11 0 -1
11 -1 0
11 1 1
11 1 -1
11 -1 1
11 -1 -1
11 0 0
11 0 1
11 1 0
11 0 -1
11 -1 0
11 1 1
11 1 -1
11 -1 1
11 -1 -1
11 0 0
11 0 1
11 1 0
11 0 -1
11 -1 0
11 1 1
11 1 -1
11 -1 1
11 -1 -1
11 0 0
11 0 1
11 1 0
11 0 -1
11 -1 0
11 1 1
11 1 -1
11 -1 1
11 -1 -1
11 0 0
11 0 1
11 1 0
11 0 -1
11 -1 0
11 1 1
11 1 -1
11 -1 1
11 -1 -1
11 0 0
11 0 1
11 1 0
11 0 -1
11 -1 0
11 1 1
11 1 -1
11 -1 1
11 -1 -1
11 0 0
11 0 1
11 1 0
11 0 -1
11 -1 0
11 1 1
11 1 -1
11 -1 1
11 -1 -1
11 0 0
11 0 1
11 1 0
11 0 -1
11 -1 0
11 1 1
11 1 -1
11 -1 1
11 -1 -1
12 0 0
12 0 1
12 1 0
12 0 -1
12 -1 0
12 1 1
12 1 -1
12 -1 1
12 -1 -1
12 0 0
12 0 1
12 1 0
12 0 -1
12 -1 0
12 1 1
12 1 -1
12 -1 1
12 -1 -1
12 0 0
12 0 1
12 1 0
12 0 -1
12 -1 0
12 1 1
12 1 -1
12 -1 1
12 -1 -1
12 0 0
12 0 1
12 1 0
12 0 -1
12 -1 0
12 1 1
12 1 -1
12 -1 1
12 -1 -1
12 0 0
12 0 1
12 1 0
12 0 -1
12 -1 0
12 1 1
12 1 -1
12 -1 1
12 -1 -1
12 0 0
12 0 1
12 1 0
12 0 -1
12 -1 0
12 1 1
12 1 -1
12 -1 1
12 -1 -1
12 0 0
12 0 1
12 1 0
12 0 -1
12 -1 0
12 1 1
12 1 -1
12 -1 1
12 -1 -1
12 0 0
12 0 1
12 1 0
12 0 -1
12 -1 0
12 1 1
12 1 -1
12 -1 1
12 -1 -1
12 0 0
12 0 1
12 1 0
12 0 -1
12 -1 0
12 1 1
12 1 -1
12 -1 1
12 -1 -1
12 0 0
12 0 1
12 1 0
12 0 -1
12 -1 0
12 1 1
12 1 -1
12 -1 1
12 -1 -1
12 0 0
12 0 1
12 1 0
12 0 -1
12 -1 0
12 1 1
12 1 -1
12 -1 1
12 -1 -1
12 0 0
12 0 1
12 1 0
12 0 -1
12 -1 0
12 1 1
12 1 -1
12 -1 1
12 -1 -1
12 0 0
12 0 1
12 1 0
12 0 -1
12 -1 0
12 1 1
12 1 -1
12 -1 1
12 -1 -1
13 0 0
13 0 1
13 1 0
13 0 -1
13 -1 0
13 1 1
13 1 -1
13 -1 1
13 -1 -1
13 0 0
13 0 1
13 1 0
13 0 -1
13 -1 0
13 1 1
13 1 -1
13 -1 1
13 -1 -1
13 0 0
13 0 1
13 1 0
13 0 -1
13 -1 0
13 1 1
13 1 -1
13 -1 1
13 -1 -1
13 0 0
13 0 1
13 1 0
13 0 -1
13 -1 0
13 1 1
13 1 -1
13 -1 1
13 -1 -1
13 0 0
13 0 1
13 1 0
13 0 -1
13 -1 0
13 1 1
13 1 -1
13 -1 1
13 -1 -1
13 0 0
13 0 1
13 1 0
13 0 -1
13 -1 0
13 1 1
13 1 -1
13 -1 1
13 -1 -1
13 0 0
13 0 1
13 1 0
13 0 -1
13 -1 0
13 1 1
13 1 -1
13 -1 1
13 -1 -1
13 0 0
13 0 1
13 1 0
13 0 -1
13 -1 0
13 1 1
13 1 -1
13 -1 1
13 -1 -1
13 0 0
13 0 1
13 1 0
13 0 -1
13 -1 0
13 1 1
13 1 -1
13 -1 1
13 -1 -1
13 0 0
13 0 1
13 1 0
13 0 -1
13 -1 0
13 1 1
13 1 -1
13 -1 1
13 -1 -1
13 0 0
13 0 1
13 1 0
13 0 -1
13 -1 0
13 1 1
13 1 -1
13 -1 1
13 -1 -1
13 0 0
13 0 1
13 1 0
13 0 -1
13 -1 0
13 1 1
13 1 -1
13 -1 1
13 -1 -1
13 0 0
13 0 1
13 1 0
13 0 -1
13 -1 0
13 1 1
13 1 -1
13 -1 1
13 -1 -1
14 0 0
14 0 1
14 1 0
14 0 -1
14 -1 0
14 1 1
14 1 -1
14 -1 1
14 -1 -1
14 0 0
14 0 1
14 1 0
14 0 -1
14 -1 0
14 1 1
14 1 -1
14 -1 1
14 -1 -1
14 0 0
14 0 1
14 1 0
14 0 -1
14 -1 0
14 1 1
14 1 -1
14 -1 1
14 -1 -1
14 0 0
14 0 1
14 1 0
14 0 -1
14 -1 0
14 1 1
14 1 -1
14 -1 1
14 -1 -1
14 0 0
14 0 1
14 1 0
14 0 -1
14 -1 0
14 1 1
14 1 -1
14 -1 1
14 -1 -1
14 0 0
14 0 1
14 1 0
14 0 -1
14 -1 0
14 1 1
14 1 -1
14 -1 1
14 -1 -1
14 0 0
14 0 1
14 1 0
14 0 -1
14 -1 0
14 1 1
14 1 -1
14 -1 1
14 -1 -1
14 0 0
14 0 1
14 1 0
14 0 -1
14 -1 0
14 1 1
14 1 -1
14 -1 1
14 -1 -1
14 0 0
14 0 1
14 1 0
14 0 -1
14 -1 0
14 1 1
14 1 -1
14 -1 1
14 -1 -1
14 0 0
14 0 1
14 1 0
14 0 -1
14 -1 0
14 1 1
14 1 -1
14 -1 1
14 -1 -1
14 0 0
14 0 1
14 1 0
14 0 -1
14 -1 0
14 1 1
14 1 -1
14 -1 1
14 -1 -1
14 0 0
14 0 1
14 1 0
14 0 -1
14 -1 0
14 1 1
14 1 -1
14 -1 1
14 -1 -1
14 0 0
14 0 1
14 1 0
14 0 -1
14 -1 0
14 1 1
14 1 -1
14 -1 1
14 -1 -1
15 0 0
15 0 1
15 1 0
15 0 -1
15 -1 0
15 1 1
15 1 -1
15 -1 1
15 -1 -1
15 0 0
15 0 1
15 1 0
15 0 -1
15 -1 0
15 1 1
15 1 -1
15 -1 1
15 -1 -1
15 0 0
15 0 1
15 1 0
15 0 -1
15 -1 0
15 1 1
15 1 -1
15 -1 1
15 -1 -1
15 0 0
15 0 1
15 1 0
15 0 -1
15 -1 0
15 1 1
15 1 -1
15 -1 1
15 -1 -1
15 0 0
15 0 1
15 1 0
15 0 -1
15 -1 0
15 1 1
15 1 -1
15 -1 1
15 -1 -1
15 0 0
15 0 1
15 1 0
15 0 -1
15 -1 0
15 1 1
15 1 -1
15 -1 1
15 -1 -1
15 0 0
15 0 1
15 1 0
15 0 -1
15 -1 0
15 1 1
15 1 -1
15 -1 1
15 -1 -1
15 0 0
15 0 1
15 1 0
15 0 -1
15 -1 0
15 1 1
15 1 -1
15 -1 1
15 -1 -1
15 0 0
15 0 1
15 1 0
15 0 -1
15 -1 0
15 1 1
15 1 -1
15 -1 1
15 -1 -1
15 0 0
15 0 1
15 1 0
15 0 -1
15 -1 0
15 1 1
15 1 -1
15 -1 1
15 -1 -1
15 0 0
15 0 1
15 1 0
15 0 -1
15 -1 0
15 1 1
15 1 -1
15 -1 1
15 -1 -1
15 0 0
15 0 1
15 1 0
15 0 -1
15 -1 0
15 1 1
15 1 -1
15 -1 1
15 -1 -1
15 0 0
15 0 1
15 1 0
15 0 -1
15 -1 0
15 1 1
15 1 -1
15 -1 1
15 -1 -1
16 0 0
16 0 1
16 1 0
16 0 -1
16 -1 0
16 1 1
16 1 -1
16 -1 1
16 -1 -1
16 0 0
16 0 1
16 1 0
16 0 -1
16 -1 0
16 1 1
16 1 -1
16 -1 1
16 -1 -1
16 0 0
16 0 1
16 1 0
16 0 -1
16 -1 0
16 1 1
16 1 -1
16 -1 1
16 -1 -1
16 0 0
16 0 1
16 1 0
16 0 -1
16 -1 0
16 1 1
16 1 -1
16 -1 1
16 -1 -1
16 0 0
16 0 1
16 1 0
16 0 -1
16 -1 0
16 1 1
16 1 -1
16 -1 1
16 -1 -1
16 0 0
16 0 1
16 1 0
16 0 -1
16 -1 0
16 1 1
16 1 -1
16 -1 1
16 -1 -1
16 0 0
16 0 1
16 1 0
16 0 -1
16 -1 0
16 1 1
16 1 -1
16 -1 1
16 -1 -1
16 0 0
16 0 1
16 1 0
16 0 -1
16 -1 0
16 1 1
16 1 -1
16 -1 1
16 -1 -1
16 0 0
16 0 1
16 1 0
16 0 -1
16 -1 0
16 1 1
16 1 -1
16 -1 1
16 -1 -1
16 0 0
16 0 1
16 1 0
16 0 -1
16 -1 0
16 1 1
16 1 -1
16 -1 1
16 -1 -1
16 0 0
16 0 1
16 1 0
16 0 -1
16 -1 0
16 1 1
16 1 -1
16 -1 1
16 -1 -1
16 0 0
16 0 1
16 1 0
16 0 -1
16 -1 0
16 1 1
16 1 -1
16 -1 1
16 -1 -1
16 0 0
16 0 1
16 1 0
16 0 -1
16 -1 0
16 1 1
16 1 -1
16 -1 1
16 -1 -1
17 0 0
17 0 1
17 1 0
17 0 -1
17 -1 0
17 1 1
17 1 -1
17 -1 1
17 -1 -1
17 0 0
17 0 1
17 1 0
17 0 -1
17 -1 0
17 1 1
17 1 -1
17 -1 1
17 -1 -1
17 0 0
17 0 1
17 1 0
17 0 -1
17 -1 0
17 1 1
17 1 -1
17 -1 1
17 -1 -1
17 0 0
17 0 1
17 1 0
17 0 -1
17 -1 0
17 1 1
17 1 -1
17 -1 1
17 -1 -1
17 0 0
17 0 1
17 1 0
17 0 -1
17 -1 0
17 1 1
17 1 -1
17 -1 1
17 -1 -1
17 0 0
17 0 1
17 1 0
17 0 -1
17 -1 0
17 1 1
17 1 -1
17 -1 1
17 -1 -1
17 0 0
17 0 1
17 1 0
17 0 -1
17 -1 0
17 1 1
17 1 -1
17 -1 1
17 -1 -1
17 0 0
17 0 1
17 1 0
17 0 -1
17 -1 0
17 1 1
17 1 -1
17 -1 1
17 -1 -1
17 0 0
17 0 1
17 1 0
17 0 -1
17 -1 0
17 1 1
17 1 -1
17 -1 1
17 -1 -1
17 0 0
17 0 1
17 1 0
17 0 -1
17 -1 0
17 1 1
17 1 -1
17 -1 1
17 -1 -1
17 0 0
17 0 1
17 1 0
17 0 -1
17 -1 0
17 1 1
17 1 -1
17 -1 1
17 -1 -1
17 0 0
17 0 1
17 1 0
17 0 -1
17 -1 0
17 1 1
17 1 -1
17 -1 1
17 -1 -1
17 0 0
17 0 1
17 1 0
17 0 -1
17 -1 0
17 1 1
17 1 -1
17 -1 1
17 -1 -1
18 0 0
18 0 1
18 1 0
18 0 -1
18 -1 0
18 1 1
18 1 -1
18 -1 1
18 -1 -1
18 0 0
18 0 1
18 1 0
18 0 -1
18 -1 0
18 1 1
18 1 -1
18 -1 1
18 -1 -1
18 0 0
18 0 1
18 1 0
18 0 -1
18 -1 0
18 1 1
18 1 -1
18 -1 1
18 -1 -1
18 0 0
18 0 1
18 1 0
18 0 -1
18 -1 0
18 1 1
18 1 -1
18 -1 1
18 -1 -1
18 0 0
18 0 1
18 1 0
18 0 -1
18 -1 0
18 1 1
18 1 -1
18 -1 1
18 -1 -1
18 0 0
18 0 1
18 1 0
18 0 -1
18 -1 0
18 1 1
18 1 -1
18 -1 1
18 -1 -1
18 0 0
18 0 1
18 1 0
18 0 -1
18 -1 0
18 1 1
18 1 -1
18 -1 1
18 -1 -1
18 0 0
18 0 1
18 1 0
18 0 -1
18 -1 0
18 1 1
18 1 -1
18 -1 1
18 -1 -1
18 0 0
18 0 1
18 1 0
18 0 -1
18 -1 0
18 1 1
18 1 -1
18 -1 1
18 -1 -1
18 0 0
18 0 1
18 1 0
18 0 -1
18 -1 0
18 1 1
18 1 -1
18 -1 1
18 -1 -1
18 0 0
18 0 1
18 1 0
18 0 -1
18 -1 0
18 1 1
18 1 -1
18 -1 1
18 -1 -1
18 0 0
18 0 1
18 1 0
18 0 -1
18 -1 0
18 1 1
18 1 -1
18 -1 1
18 -1 -1
18 0 0
18 0 1
18 1 0
18 0 -1
18 -1 0
18 1 1
18 1 -1
18 -1 1
18 -1 -1
19 0 0
19 0 1
19 1 0
19 0 -1
19 -1 0
19 1 1
19 1 -1
19 -1 1
19 -1 -1
19 0 0
19 0 1
19 1 0
19 0 -1
19 -1 0
19 1 1
19 1 -1
19 -1 1
19 -1 -1
19 0 0
19 0 1
19 1 0
19 0 -1
19 -1 0
19 1 1
19 1 -1
19 -1 1
19 -1 -1
19 0 0
19 0 1
19 1 0
19 0 -1
19 -1 0
19 1 1
19 1 -1
19 -1 1
19 -1 -1
19 0 0
19 0 1
19 1 0
19 0 -1
19 -1 0
19 1 1
19 1 -1
19 -1 1
19 -1 -1
19 0 0
19 0 1
19 1 0
19 0 -1
19 -1 0
19 1 1
19 1 -1
19 -1 1
19 -1 -1
19 0 0
19 0 1
19 1 0
19 0 -1
19 -1 0
19 1 1
19 1 -1
19 -1 1
19 -1 -1
19 0 0
19 0 1
19 1 0
19 0 -1
19 -1 0
19 1 1
19 1 -1
19 -1 1
19 -1 -1
19 0 0
19 0 1
19 1 0
19 0 -1
19 -1 0
19 1 1
19 1 -1
19 -1 1
19 -1 -1
19 0 0
19 0 1
19 1 0
19 0 -1
19 -1 0
19 1 1
19 1 -1
19 -1 1
19 -1 -1
19 0 0
19 0 1
19 1 0
19 0 -1
19 -1 0
19 1 1
19 1 -1
19 -1 1
19 -1 -1
19 0 0
19 0 1
19 1 0
19 0 -1
19 -1 0
19 1 1
19 1 -1
19 -1 1
19 -1 -1
19 0 0
19 0 1
19 1 0
19 0 -1
19 -1 0
19 1 1
19 1 -1
19 -1 1
19 -1 -1
20 0 0
20 0 1
20 1 0
20 0 -1
20 -1 0
20 1 1
20 1 -1
20 -1 1
20 -1 -1
20 0 0
20 0 1
20 1 0
20 0 -1
20 -1 0
20 1 1
20 1 -1
20 -1 1
20 -1 -1
20 0 0
20 0 1
20 1 0
20 0 -1
20 -1 0
20 1 1
20 1 -1
20 -1 1
20 -1 -1
20 0 0
20 0 1
20 1 0
20 0 -1
20 -1 0
20 1 1
20 1 -1
20 -1 1
20 -1 -1
20 0 0
20 0 1
20 1 0
20 0 -1
20 -1 0
20 1 1
20 1 -1
20 -1 1
20 -1 -1
20 0 0
20 0 1
20 1 0
20 0 -1
20 -1 0
20 1 1
20 1 -1
20 -1 1
20 -1 -1
20 0 0
20 0 1
20 1 0
20 0 -1
20 -1 0
20 1 1
20 1 -1
20 -1 1
20 -1 -1
20 0 0
20 0 1
20 1 0
20 0 -1
20 -1 0
20 1 1
20 1 -1
20 -1 1
20 -1 -1
20 0 0
20 0 1
20 1 0
20 0 -1
20 -1 0
20 1 1
20 1 -1
20 -1 1
20 -1 -1
20 0 0
20 0 1
20 1 0
20 0 -1
20 -1 0
20 1 1
20 1 -1
20 -1 1
20 -1 -1
20 0 0
20 0 1
20 1 0
20 0 -1
20 -1 0
20 1 1
20 1 -1
20 -1 1
20 -1 -1
20 0 0
20 0 1
20 1 0
20 0 -1
20 -1 0
20 1 1
20 1 -1
20 -1 1
20 -1 -1
20 0 0
20 0 1
20 1 0
20 0 -1
20 -1 0
20 1 1
20 1 -1
20 -1 1
20 -1 -1
21 0 0
21 0 1
21 1 0
21 0 -1
21 -1 0
21 1 1
21 1 -1
21 -1 1
21 -1 -1
21 0 0
21 0 1
21 1 0
21 0 -1
21 -1 0
21 1 1
21 1 -1
21 -1 1
21 -1 -1
21 0 0
21 0 1
21 1 0
21 0 -1
21 -1 0
21 1 1
21 1 -1
21 -1 1
21 -1 -1
21 0 0
21 0 1
21 1 0
21 0 -1
21 -1 0
21 1 1
21 1 -1
21 -1 1
21 -1 -1
21 0 0
21 0 1
21 1 0
21 0 -1
21 -1 0
21 1 1
21 1 -1
21 -1 1
21 -1 -1
21 0 0
21 0 1
21 1 0
21 0 -1
21 -1 0
21 1 1
21 1 -1
21 -1 1
21 -1 -1
21 0 0
21 0 1
21 1 0
21 0 -1
21 -1 0
21 1 1
21 1 -1
21 -1 1
21 -1 -1
21 0 0
21 0 1
21 1 0
21 0 -1
21 -1 0
21 1 1
21 1 -1
21 -1 1
21 -1 -1
21 0 0
21 0 1
21 1 0
21 0 -1
21 -1 0
21 1 1
21 1 -1
21 -1 1
21 -1 -1
21 0 0
21 0 1
21 1 0
21 0 -1
21 -1 0
21 1 1
21 1 -1
21 -1 1
21 -1 -1
21 0 0
21 0 1
21 1 0
21 0 -1
21 -1 0
21 1 1
21 1 -1
21 -1 1
21 -1 -1
21 0 0
21 0 1
21 1 0
21 0 -1
21 -1 0
21 1 1
21 1 -1
21 -1 1
21 -1 -1
21 0 0
21 0 1
21 1 0
21 0 -1
21 -1 0
21 1 1
21 1 -1
21 -1 1
21 -1 -1
22 0 0
22 0 1
22 1 0
22 0 -1
22 -1 0
22 1 1
22 1 -1
22 -1 1
22 -1 -1
22 0 0
22 0 1
22 1 0
22 0 -1
22 -1 0
22 1 1
22 1 -1
22 -1 1
22 -1 -1
22 0 0
22 0 1
22 1 0
22 0 -1
22 -1 0
22 1 1
22 1 -1
22 -1 1
22 -1 -1
22 0 0
22 0 1
22 1 0
22 0 -1
22 -1 0
22 1 1
22 1 -1
22 -1 1
22 -1 -1
22 0 0
22 0 1
22 1 0
22 0 -1
22 -1 0
22 1 1
22 1 -1
22 -1 1
22 -1 -1
22 0 0
22 0 1
22 1 0
22 0 -1
22 -1 0
22 1 1
22 1 -1
22 -1 1
22 -1 -1
22 0 0
22 0 1
22 1 0
22 0 -1
22 -1 0
22 1 1
22 1 -1
22 -1 1
22 -1 -1
22 0 0
22 0 1
22 1 0
22 0 -1
22 -1 0
22 1 1
22 1 -1
22 -1 1
22 -1 -1
22 0 0
22 0 1
22 1 0
22 0 -1
22 -1 0
22 1 1
22 1 -1
22 -1 1
22 -1 -1
22 0 0
22 0 1
22 1 0
22 0 -1
22 -1 0
22 1 1
22 1 -1
22 -1 1
22 -1 -1
22 0 0
22 0 1
22 1 0
22 0 -1
22 -1 0
22 1 1
22 1 -1
22 -1 1
22 -1 -1
22 0 0
22 0 1
22 1 0
22 0 -1
22 -1 0
22 1 1
22 1 -1
22 -1 1
22 -1 -1
22 0 0
22 0 1
22 1 0
22 0 -1
22 -1 0
22 1 1
22 1 -1
22 -1 1
22 -1 -1
23 0 0
23 0 1
23 1 0
23 0 -1
23 -1 0
23 1 1
23 1 -1
23 -1 1
23 -1 -1
23 0 0
23 0 1
23 1 0
23 0 -1
23 -1 0
23 1 1
23 1 -1
23 -1 1
23 -1 -1
23 0 0
23 0 1
23 1 0
23 0 -1
23 -1 0
23 1 1
23 1 -1
23 -1 1
23 -1 -1
23 0 0
23 0 1
23 1 0
23 0 -1
23 -1 0
23 1 1
23 1 -1
23 -1 1
23 -1 -1
23 0 0
23 0 1
23 1 0
23 0 -1
23 -1 0
23 1 1
23 1 -1
23 -1 1
23 -1 -1
23 0 0
23 0 1
23 1 0
23 0 -1
23 -1 0
23 1 1
23 1 -1
23 -1 1
23 -1 -1
23 0 0
23 0 1
23 1 0
23 0 -1
23 -1 0
23 1 1
23 1 -1
23 -1 1
23 -1 -1
23 0 0
23 0 1
23 1 0
23 0 -1
23 -1 0
23 1 1
23 1 -1
23 -1 1
23 -1 -1
23 0 0
23 0 1
23 1 0
23 0 -1
23 -1 0
23 1 1
23 1 -1
23 -1 1
23 -1 -1
23 0 0
23 0 1
23 1 0
23 0 -1
23 -1 0
23 1 1
23 1 -1
23 -1 1
23 -1 -1
23 0 0
23 0 1
23 1 0
23 0 -1
23 -1 0
23 1 1
23 1 -1
23 -1 1
23 -1 -1
23 0 0
23 0 1
23 1 0
23 0 -1
23 -1 0
23 1 1
23 1 -1
23 -1 1
23 -1 -1
23 0 0
23 0 1
23 1 0
23 0 -1
23 -1 0
23 1 1
23 1 -1
23 -1 1
23 -1 -1
24 0 0
24 0 1
24 1 0
24 0 -1
24 -1 0
24 1 1
24 1 -1
24 -1 1
24 -1 -1
24 0 0
24 0 1
24 1 0
24 0 -1
24 -1 0
24 1 1
24 1 -1
24 -1 1
24 -1 -1
24 0 0
24 0 1
24 1 0
24 0 -1
24 -1 0
24 1 1
24 1 -1
24 -1 1
24 -1 -1
24 0 0
24 0 1
24 1 0
24 0 -1
24 -1 0
24 1 1
24 1 -1
24 -1 1
24 -1 -1
24 0 0
24 0 1
24 1 0
24 0 -1
24 -1 0
24 1 1
24 1 -1
24 -1 1
24 -1 -1
24 0 0
24 0 1
24 1 0
24 0 -1
24 -1 0
24 1 1
24 1 -1
24 -1 1
24 -1 -1
24 0 0
24 0 1
24 1 0
24 0 -1
24 -1 0
24 1 1
24 1 -1
24 -1 1
24 -1 -1
24 0 0
24 0 1
24 1 0
24 0 -1
24 -1 0
24 1 1
24 1 -1
24 -1 1
24 -1 -1
24 0 0
24 0 1
24 1 0
24 0 -1
24 -1 0
24 1 1
24 1 -1
24 -1 1
24 -1 -1
24 0 0
24 0 1
24 1 0
24 0 -1
24 -1 0
24 1 1
24 1 -1
24 -1 1
24 -1 -1
24 0 0
24 0 1
24 1 0
24 0 -1
24 -1 0
24 1 1
24 1 -1
24 -1 1
24 -1 -1
24 0 0
24 0 1
24 1 0
24 0 -1
24 -1 0
24 1 1
24 1 -1
24 -1 1
24 -1 -1
24 0 0
24 0 1
24 1 0
24 0 -1
24 -1 0
24 1 1
24 1 -1
24 -1 1
24 -1 -1
25 0 0
25 0 1
25 1 0
25 0 -1
25 -1 0
25 1 1
25 1 -1
25 -1 1
25 -1 -1
25 0 0
25 0 1
25 1 0
25 0 -1
25 -1 0
25 1 1
25 1 -1
25 -1 1
25 -1 -1
25 0 0
25 0 1
25 1 0
25 0 -1
25 -1 0
25 1 1
25 1 -1
25 -1 1
25 -1 -1
25 0 0
25 0 1
25 1 0
25 0 -1
25 -1 0
25 1 1
25 1 -1
25 -1 1
25 -1 -1
25 0 0
25 0 1
25 1 0
25 0 -1
25 -1 0
25 1 1
25 1 -1
25 -1 1
25 -1 -1
25 0 0
25 0 1
25 1 0
25 0 -1
25 -1 0
25 1 1
25 1 -1
25 -1 1
25 -1 -1
25 0 0
25 0 1
25 1 0
25 0 -1
25 -1 0
25 1 1
25 1 -1
25 -1 1
25 -1 -1
25 0 0
25 0 1
25 1 0
25 0 -1
25 -1 0
25 1 1
25 1 -1
25 -1 1
25 -1 -1
25 0 0
25 0 1
25 1 0
25 0 -1
25 -1 0
25 1 1
25 1 -1
25 -1 1
25 -1 -1
25 0 0
25 0 1
25 1 0
25 0 -1
25 -1 0
25 1 1
25 1 -1
25 -1 1
25 -1 -1
25 0 0
25 0 1
25 1 0
25 0 -1
25 -1 0
25 1 1
25 1 -1
25 -1 1
25 -1 -1
25 0 0
25 0 1
25 1 0
25 0 -1
25 -1 0
25 1 1
25 1 -1
25 -1 1
25 -1 -1
25 0 0
25 0 1
25 1 0
25 0 -1
25 -1 0
25 1 1
25 1 -1
25 -1 1
25 -1 -1
26 0 0
26 0 1
26 1 0
26 0 -1
26 -1 0
26 1 1
26 1 -1
26 -1 1
26 -1 -1
26 0 0
26 0 1
26 1 0
26 0 -1
26 -1 0
26 1 1
26 1 -1
26 -1 1
26 -1 -1
26 0 0
26 0 1
26 1 0
26 0 -1
26 -1 0
26 1 1
26 1 -1
26 -1 1
26 -1 -1
26 0 0
26 0 1
26 1 0
26 0 -1
26 -1 0
26 1 1
26 1 -1
26 -1 1
26 -1 -1
26 0 0
26 0 1
26 1 0
26 0 -1
26 -1 0
26 1 1
26 1 -1
26 -1 1
26 -1 -1
26 0 0
26 0 1
26 1 0
26 0 -1
26 -1 0
26 1 1
26 1 -1
26 -1 1
26 -1 -1
26 0 0
26 0 1
26 1 0
26 0 -1
26 -1 0
26 1 1
26 1 -1
26 -1 1
26 -1 -1
26 0 0
26 0 1
26 1 0
26 0 -1
26 -1 0
26 1 1
26 1 -1
26 -1 1
26 -1 -1
26 0 0
26 0 1
26 1 0
26 0 -1
26 -1 0
26 1 1
26 1 -1
26 -1 1
26 -1 -1
26 0 0
26 0 1
26 1 0
26 0 -1
26 -1 0
26 1 1
26 1 -1
26 -1 1
26 -1 -1
26 0 0
26 0 1
26 1 0
26 0 -1
26 -1 0
26 1 1
26 1 -1
26 -1 1
26 -1 -1
26 0 0
26 0 1
26 1 0
26 0 -1
26 -1 0
26 1 1
26 1 -1
26 -1 1
26 -1 -1
26 0 0
26 0 1
26 1 0
26 0 -1
26 -1 0
26 1 1
26 1 -1
26 -1 1
26 -1 -1
27 0 0
27 0 1
27 1 0
27 0 -1
27 -1 0
27 1 1
27 1 -1
27 -1 1
27 -1 -1
27 0 0
27 0 1
27 1 0
27 0 -1
27 -1 0
27 1 1
27 1 -1
27 -1 1
27 -1 -1
27 0 0
27 0 1
27 1 0
27 0 -1
27 -1 0
27 1 1
27 1 -1
27 -1 1
27 -1 -1
27 0 0
27 0 1
27 1 0
27 0 -1
27 -1 0
27 1 1
27 1 -1
27 -1 1
27 -1 -1
27 0 0
27 0 1
27 1 0
27 0 -1
27 -1 0
27 1 1
27 1 -1
27 -1 1
27 -1 -1
27 0 0
27 0 1
27 1 0
27 0 -1
27 -1 0
27 1 1
27 1 -1
27 -1 1
27 -1 -1
27 0 0
27 0 1
27 1 0
27 0 -1
27 -1 0
27 1 1
27 1 -1
27 -1 1
27 -1 -1
27 0 0
27 0 1
27 1 0
27 0 -1
27 -1 0
27 1 1
27 1 -1
27 -1 1
27 -1 -1
27 0 0
27 0 1
27 1 0
27 0 -1
27 -1 0
27 1 1
27 1 -1
27 -1 1
27 -1 -1
27 0 0
27 0 1
27 1 0
27 0 -1
27 -1 0
27 1 1
27 1 -1
27 -1 1
27 -1 -1
27 0 0
27 0 1
27 1 0
27 0 -1
27 -1 0
27 1 1
27 1 -1
27 -1 1
27 -1 -1
27 0 0
27 0 1
27 1 0
27 0 -1
27 -1 0
27 1 1
27 1 -1
27 -1 1
27 -1 -1
27 0 0
27 0 1
27 1 0
27 0 -1
27 -1 0
27 1 1
27 1 -1
27 -1 1
27 -1 -1
28 0 0
28 0 1
28 1 0
28 0 -1
28 -1 0
28 1 1
28 1 -1
28 -1 1
28 -1 -1
28 0 0
28 0 1
28 1 0
28 0 -1
28 -1 0
28 1 1
28 1 -1
28 -1 1
28 -1 -1
28 0 0
28 0 1
28 1 0
28 0 -1
28 -1 0
28 1 1
28 1 -1
28 -1 1
28 -1 -1
28 0 0
28 0 1
28 1 0
28 0 -1
28 -1 0
28 1 1
28 1 -1
28 -1 1
28 -1 -1
28 0 0
28 0 1
28 1 0
28 0 -1
28 -1 0
28 1 1
28 1 -1
28 -1 1
28 -1 -1
28 0 0
28 0 1
28 1 0
28 0 -1
28 -1 0
28 1 1
28 1 -1
28 -1 1
28 -1 -1
28 0 0
28 0 1
28 1 0
28 0 -1
28 -1 0
28 1 1
28 1 -1
28 -1 1
28 -1 -1
28 0 0
28 0 1
28 1 0
28 0 -1
28 -1 0
28 1 1
28 1 -1
28 -1 1
28 -1 -1
28 0 0
28 0 1
28 1 0
28 0 -1
28 -1 0
28 1 1
28 1 -1
28 -1 1
28 -1 -1
28 0 0
28 0 1
28 1 0
28 0 -1
28 -1 0
28 1 1
28 1 -1
28 -1 1
28 -1 -1
28 0 0
28 0 1
28 1 0
28 0 -1
28 -1 0
28 1 1
28 1 -1
28 -1 1
28 -1 -1
28 0 0
28 0 1
28 1 0
28 0 -1
28 -1 0
28 1 1
28 1 -1
28 -1 1
28 -1 -1
28 0 0
28 0 1
28 1 0
28 0 -1
28 -1 0
28 1 1
28 1 -1
28 -1 1
28 -1 -1
29 0 0
29 0 1
29 1 0
29 0 -1
29 -1 0
29 1 1
29 1 -1
29 -1 1
29 -1 -1
29 0 0
29 0 1
29 1 0
29 0 -1
29 -1 0
29 1 1
29 1 -1
29 -1 1
29 -1 -1
29 0 0
29 0 1
29 1 0
29 0 -1
29 -1 0
29 1 1
29 1 -1
29 -1 1
29 -1 -1
29 0 0
29 0 1
29 1 0
29 0 -1
29 -1 0
29 1 1
29 1 -1
29 -1 1
29 -1 -1
29 0 0
29 0 1
29 1 0
29 0 -1
29 -1 0
29 1 1
29 1 -1
29 -1 1
29 -1 -1
29 0 0
29 0 1
29 1 0
29 0 -1
29 -1 0
29 1 1
29 1 -1
29 -1 1
29 -1 -1
29 0 0
29 0 1
29 1 0
29 0 -1
29 -1 0
29 1 1
29 1 -1
29 -1 1
29 -1 -1
29 0 0
29 0 1
29 1 0
29 0 -1
29 -1 0
29 1 1
29 1 -1
29 -1 1
29 -1 -1
29 0 0
29 0 1
29 1 0
29 0 -1
29 -1 0
29 1 1
29 1 -1
29 -1 1
29 -1 -1
29 0 0
29 0 1
29 1 0
29 0 -1
29 -1 0
29 1 1
29 1 -1
29 -1 1
29 -1 -1
29 0 0
29 0 1
29 1 0
29 0 -1
29 -1 0
29 1 1
29 1 -1
29 -1 1
29 -1 -1
29 0 0
29 0 1
29 1 0
29 0 -1
29 -1 0
29 1 1
29 1 -1
29 -1 1
29 -1 -1
29 0 0
29 0 1
29 1 0
29 0 -1
29 -1 0
29 1 1
29 1 -1
29 -1 1
29 -1 -1
30 0 0
30 0 1
30 1 0
30 0 -1
30 -1 0
30 1 1
30 1 -1
30 -1 1
30 -1 -1
30 0 0
30 0 1
30 1 0
30 0 -1
30 -1 0
30 1 1
30 1 -1
30 -1 1
30 -1 -1
30 0 0
30 0 1
30 1 0
30 0 -1
30 -1 0
30 1 1
30 1 -1
30 -1 1
30 -1 -1
30 0 0
30 0 1
30 1 0
30 0 -1
30 -1 0
30 1 1
30 1 -1
30 -1 1
30 -1 -1
30 0 0
30 0 1
30 1 0
30 0 -1
30 -1 0
30 1 1
30 1 -1
30 -1 1
30 -1 -1
30 0 0
30 0 1
30 1 0
30 0 -1
30 -1 0
30 1 1
30 1 -1
30 -1 1
30 -1 -1
30 0 0
30 0 1
30 1 0
30 0 -1
30 -1 0
30 1 1
30 1 -1
30 -1 1
30 -1 -1
30 0 0
30 0 1
30 1 0
30 0 -1
30 -1 0
30 1 1
30 1 -1
30 -1 1
30 -1 -1
30 0 0
30 0 1
30 1 0
30 0 -1
30 -1 0
30 1 1
30 1 -1
30 -1 1
30 -1 -1
30 0 0
30 0 1
30 1 0
30 0 -1
30 -1 0
30 1 1
30 1 -1
30 -1 1
30 -1 -1
30 0 0
30 0 1
30 1 0
30 0 -1
30 -1 0
30 1 1
30 1 -1
30 -1 1
30 -1 -1
30 0 0
30 0 1
30 1 0
30 0 -1
30 -1 0
30 1 1
30 1 -1
30 -1 1
30 -1 -1
30 0 0
30 0 1
30 1 0
30 0 -1
30 -1 0
30 1 1
30 1 -1
30 -1 1
30 -1 -1
31 0 0
31 0 1
31 1 0
31 0 -1
31 -1 0
31 1 1
31 1 -1
31 -1 1
31 -1 -1
31 0 0
31 0 1
31 1 0
31 0 -1
31 -1 0
31 1 1
31 1 -1
31 -1 1
31 -1 -1
31 0 0
31 0 1
31 1 0
31 0 -1
31 -1 0
31 1 1
31 1 -1
31 -1 1
31 -1 -1
31 0 0
31 0 1
31 1 0
31 0 -1
31 -1 0
31 1 1
31 1 -1
31 -1 1
31 -1 -1
31 0 0
31 0 1
31 1 0
31 0 -1
31 -1 0
31 1 1
31 1 -1
31 -1 1
31 -1 -1
31 0 0
31 0 1
31 1 0
31 0 -1
31 -1 0
31 1 1
31 1 -1
31 -1 1
31 -1 -1
31 0 0
31 0 1
31 1 0
31 0 -1
31 -1 0
31 1 1
31 1 -1
31 -1 1
31 -1 -1
31 0 0
31 0 1
31 1 0
31 0 -1
31 -1 0
31 1 1
31 1 -1
31 -1 1
31 -1 -1
31 0 0
31 0 1
31 1 0
31 0 -1
31 -1 0
31 1 1
31 1 -1
31 -1 1
31 -1 -1
31 0 0
31 0 1
31 1 0
31 0 -1
31 -1 0
31 1 1
31 1 -1
31 -1 1
31 -1 -1
31 0 0
31 0 1
31 1 0
31 0 -1
31 -1 0
31 1 1
31 1 -1
31 -1 1
31 -1 -1
31 0 0
31 0 1
31 1 0
31 0 -1
31 -1 0
31 1 1
31 1 -1
31 -1 1
31 -1 -1
31 0 0
31 0 1
31 1 0
31 0 -1
31 -1 0
31 1 1
31 1 -1
31 -1 1
31 -1 -1
32 0 0
32 0 1
32 1 0
32 0 -1
32 -1 0
32 1 1
32 1 -1
32 -1 1
32 -1 -1
32 0 0
32 0 1
32 1 0
32 0 -1
32 -1 0
32 1 1
32 1 -1
32 -1 1
32 -1 -1
32 0 0
32 0 1
32 1 0
32 0 -1
32 -1 0
32 1 1
32 1 -1
32 -1 1
32 -1 -1
32 0 0
32 0 1
32 1 0
32 0 -1
32 -1 0
32 1 1
32 1 -1
32 -1 1
32 -1 -1
32 0 0
32 0 1
32 1 0
32 0 -1
32 -1 0
32 1 1
32 1 -1
32 -1 1
32 -1 -1
32 0 0
32 0 1
32 1 0
32 0 -1
32 -1 0
32 1 1
32 1 -1
32 -1 1
32 -1 -1
32 0 0
32 0 1
32 1 0
32 0 -1
32 -1 0
32 1 1
32 1 -1
32 -1 1
32 -1 -1
32 0 0
32 0 1
32 1 0
32 0 -1
32 -1 0
32 1 1
32 1 -1
32 -1 1
32 -1 -1
32 0 0
32 0 1
32 1 0
32 0 -1
32 -1 0
32 1 1
32 1 -1
32 -1 1
32 -1 -1
32 0 0
32 0 1
32 1 0
32 0 -1
32 -1 0
32 1 1
32 1 -1
32 -1 1
32 -1 -1
32 0 0
32 0 1
32 1 0
32 0 -1
32 -1 0
32 1 1
32 1 -1
32 -1 1
32 -1 -1
32 0 0
32 0 1
32 1 0
32 0 -1
32 -1 0
32 1 1
32 1 -1
32 -1 1
32 -1 -1
32 0 0
32 0 1
32 1 0
32 0 -1
32 -1 0
32 1 1
32 1 -1
32 -1 1
32 -1 -1
33 0 0
33 0 1
33 1 0
33 0 -1
33 -1 0
33 1 1
33 1 -1
33 -1 1
33 -1 -1
33 0 0
33 0 1
33 1 0
33 0 -1
33 -1 0
33 1 1
33 1 -1
33 -1 1
33 -1 -1
33 0 0
33 0 1
33 1 0
33 0 -1
33 -1 0
33 1 1
33 1 -1
33 -1 1
33 -1 -1
33 0 0
33 0 1
33 1 0
33 0 -1
33 -1 0
33 1 1
33 1 -1
33 -1 1
33 -1 -1
33 0 0
33 0 1
33 1 0
33 0 -1
33 -1 0
33 1 1
33 1 -1
33 -1 1
33 -1 -1
33 0 0
33 0 1
33 1 0
33 0 -1
33 -1 0
33 1 1
33 1 -1
33 -1 1
33 -1 -1
33 0 0
33 0 1
33 1 0
33 0 -1
33 -1 0
33 1 1
33 1 -1
33 -1 1
33 -1 -1
33 0 0
33 0 1
33 1 0
33 0 -1
33 -1 0
33 1 1
33 1 -1
33 -1 1
33 -1 -1
33 0 0
33 0 1
33 1 0
33 0 -1
33 -1 0
33 1 1
33 1 -1
33 -1 1
33 -1 -1
33 0 0
33 0 1
33 1 0
33 0 -1
33 -1 0
33 1 1
33 1 -1
33 -1 1
33 -1 -1
33 0 0
33 0 1
33 1 0
33 0 -1
33 -1 0
33 1 1
33 1 -1
33 -1 1
33 -1 -1
33 0 0
33 0 1
33 1 0
33 0 -1
33 -1 0
33 1 1
33 1 -1
33 -1 1
33 -1 -1
33 0 0
33 0 1
33 1 0
33 0 -1
33 -1 0
33 1 1
33 1 -1
33 -1 1
33 -1 -1
34 0 0
34 0 1
34 1 0
34 0 -1
34 -1 0
34 1 1
34 1 -1
34 -1 1
34 -1 -1
34 0 0
34 0 1
34 1 0
34 0 -1
34 -1 0
34 1 1
34 1 -1
34 -1 1
34 -1 -1
34 0 0
34 0 1
34 1 0
34 0 -1
34 -1 0
34 1 1
34 1 -1
34 -1 1
34 -1 -1
34 0 0
34 0 1
34 1 0
34 0 -1
34 -1 0
34 1 1
34 1 -1
34 -1 1
34 -1 -1
34 0 0
34 0 1
34 1 0
34 0 -1
34 -1 0
34 1 1
34 1 -1
34 -1 1
34 -1 -1
34 0 0
34 0 1
34 1 0
34 0 -1
34 -1 0
34 1 1
34 1 -1
34 -1 1
34 -1 -1
34 0 0
34 0 1
34 1 0
34 0 -1
34 -1 0
34 1 1
34 1 -1
34 -1 1
34 -1 -1
34 0 0
34 0 1
34 1 0
34 0 -1
34 -1 0
34 1 1
34 1 -1
34 -1 1
34 -1 -1
34 0 0
34 0 1
34 1 0
34 0 -1
34 -1 0
34 1 1
34 1 -1
34 -1 1
34 -1 -1
34 0 0
34 0 1
34 1 0
34 0 -1
34 -1 0
34 1 1
34 1 -1
34 -1 1
34 -1 -1
34 0 0
34 0 1
34 1 0
34 0 -1
34 -1 0
34 1 1
34 1 -1
34 -1 1
34 -1 -1
34 0 0
34 0 1
34 1 0
34 0 -1
34 -1 0
34 1 1
34 1 -1
34 -1 1
34 -1 -1
34 0 0
34 0 1
34 1 0
34 0 -1
34 -1 0
34 1 1
34 1 -1
34 -1 1
34 -1 -1
35 0 0
35 0 1
35 1 0
35 0 -1
35 -1 0
35 1 1
35 1 -1
35 -1 1
35 -1 -1
35 0 0
35 0 1
35 1 0
35 0 -1
35 -1 0
35 1 1
35 1 -1
35 -1 1
35 -1 -1
35 0 0
35 0 1
35 1 0
35 0 -1
35 -1 0
35 1 1
35 1 -1
35 -1 1
35 -1 -1
35 0 0
35 0 1
35 1 0
35 0 -1
35 -1 0
35 1 1
35 1 -1
35 -1 1
35 -1 -1
35 0 0
35 0 1
35 1 0
35 0 -1
35 -1 0
35 1 1
35 1 -1
35 -1 1
35 -1 -1
35 0 0
35 0 1
35 1 0
35 0 -1
35 -1 0
35 1 1
35 1 -1
35 -1 1
35 -1 -1
35 0 0
35 0 1
35 1 0
35 0 -1
35 -1 0
35 1 1
35 1 -1
35 -1 1
35 -1 -1
35 0 0
35 0 1
35 1 0
35 0 -1
35 -1 0
35 1 1
35 1 -1
35 -1 1
35 -1 -1
35 0 0
35 0 1
35 1 0
35 0 -1
35 -1 0
35 1 1
35 1 -1
35 -1 1
35 -1 -1
35 0 0
35 0 1
35 1 0
35 0 -1
35 -1 0
35 1 1
35 1 -1
35 -1 1
35 -1 -1
35 0 0
35 0 1
35 1 0
35 0 -1
35 -1 0
35 1 1
35 1 -1
35 -1 1
35 -1 -1
35 0 0
35 0 1
35 1 0
35 0 -1
35 -1 0
35 1 1
35 1 -1
35 -1 1
35 -1 -1
35 0 0
35 0 1
35 1 0
35 0 -1
35 -1 0
35 1 1
35 1 -1
35 -1 1
35 -1 -1
36 0 0
36 0 1
36 1 0
36 0 -1
36 -1 0
36 1 1
36 1 -1
36 -1 1
36 -1 -1
36 0 0
36 0 1
36 1 0
36 0 -1
36 -1 0
36 1 1
36 1 -1
36 -1 1
36 -1 -1
36 0 0
36 0 1
36 1 0
36 0 -1
36 -1 0
36 1 1
36 1 -1
36 -1 1
36 -1 -1
36 0 0
36 0 1
36 1 0
36 0 -1
36 -1 0
36 1 1
36 1 -1
36 -1 1
36 -1 -1
36 0 0
36 0 1
36 1 0
36 0 -1
36 -1 0
36 1 1
36 1 -1
36 -1 1
36 -1 -1
36 0 0
36 0 1
36 1 0
36 0 -1
36 -1 0
36 1 1
36 1 -1
36 -1 1
36 -1 -1
36 0 0
36 0 1
36 1 0
36 0 -1
36 -1 0
36 1 1
36 1 -1
36 -1 1
36 -1 -1
36 0 0
36 0 1
36 1 0
36 0 -1
36 -1 0
36 1 1
36 1 -1
36 -1 1
36 -1 -1
36 0 0
36 0 1
36 1 0
36 0 -1
36 -1 0
36 1 1
36 1 -1
36 -1 1
36 -1 -1
36 0 0
36 0 1
36 1 0
36 0 -1
36 -1 0
36 1 1
36 1 -1
36 -1 1
36 -1 -1
36 0 0
36 0 1
36 1 0
36 0 -1
36 -1 0
36 1 1
36 1 -1
36 -1 1
36 -1 -1
36 0 0
36 0 1
36 1 0
36 0 -1
36 -1 0
36 1 1
36 1 -1
36 -1 1
36 -1 -1
36 0 0
36 0 1
36 1 0
36 0 -1
36 -1 0
36 1 1
36 1 -1
36 -1 1
36 -1 -1
37 0 0
37 0 1
37 1 0
37 0 -1
37 -1 0
37 1 1
37 1 -1
37 -1 1
37 -1 -1
37 0 0
37 0 1
37 1 0
37 0 -1
37 -1 0
37 1 1
37 1 -1
37 -1 1
37 -1 -1
37 0 0
37 0 1
37 1 0
37 0 -1
37 -1 0
37 1 1
37 1 -1
37 -1 1
37 -1 -1
37 0 0
37 0 1
37 1 0
37 0 -1
37 -1 0
37 1 1
37 1 -1
37 -1 1
37 -1 -1
37 0 0
37 0 1
37 1 0
37 0 -1
37 -1 0
37 1 1
37 1 -1
37 -1 1
37 -1 -1
37 0 0
37 0 1
37 1 0
37 0 -1
37 -1 0
37 1 1
37 1 -1
37 -1 1
37 -1 -1
37 0 0
37 0 1
37 1 0
37 0 -1
37 -1 0
37 1 1
37 1 -1
37 -1 1
37 -1 -1
37 0 0
37 0 1
37 1 0
37 0 -1
37 -1 0
37 1 1
37 1 -1
37 -1 1
37 -1 -1
37 0 0
37 0 1
37 1 0
37 0 -1
37 -1 0
37 1 1
37 1 -1
37 -1 1
37 -1 -1
37 0 0
37 0 1
37 1 0
37 0 -1
37 -1 0
37 1 1
37 1 -1
37 -1 1
37 -1 -1
37 0 0
37 0 1
37 1 0
37 0 -1
37 -1 0
37 1 1
37 1 -1
37 -1 1
37 -1 -1
37 0 0
37 0 1
37 1 0
37 0 -1
37 -1 0
37 1 1
37 1 -1
37 -1 1
37 -1 -1
37 0 0
37 0 1
37 1 0
37 0 -1
37 -1 0
37 1 1
37 1 -1
37 -1 1
37 -1 -1
38 0 0
38 0 1
38 1 0
38 0 -1
38 -1 0
38 1 1
38 1 -1
38 -1 1
38 -1 -1
38 0 0
38 0 1
38 1 0
38 0 -1
38 -1 0
38 1 1
38 1 -1
38 -1 1
38 -1 -1
38 0 0
38 0 1
38 1 0
38 0 -1
38 -1 0
38 1 1
38 1 -1
38 -1 1
38 -1 -1
38 0 0
38 0 1
38 1 0
38 0 -1
38 -1 0
38 1 1
38 1 -1
38 -1 1
38 -1 -1
38 0 0
38 0 1
38 1 0
38 0 -1
38 -1 0
38 1 1
38 1 -1
38 -1 1
38 -1 -1
38 0 0
38 0 1
38 1 0
38 0 -1
38 -1 0
38 1 1
38 1 -1
38 -1 1
38 -1 -1
38 0 0
38 0 1
38 1 0
38 0 -1
38 -1 0
38 1 1
38 1 -1
38 -1 1
38 -1 -1
38 0 0
38 0 1
38 1 0
38 0 -1
38 -1 0
38 1 1
38 1 -1
38 -1 1
38 -1 -1
38 0 0
38 0 1
38 1 0
38 0 -1
38 -1 0
38 1 1
38 1 -1
38 -1 1
38 -1 -1
38 0 0
38 0 1
38 1 0
38 0 -1
38 -1 0
38 1 1
38 1 -1
38 -1 1
38 -1 -1
38 0 0
38 0 1
38 1 0
38 0 -1
38 -1 0
38 1 1
38 1 -1
38 -1 1
38 -1 -1
38 0 0
38 0 1
38 1 0
38 0 -1
38 -1 0
38 1 1
38 1 -1
38 -1 1
38 -1 -1
38 0 0
38 0 1
38 1 0
38 0 -1
38 -1 0
38 1 1
38 1 -1
38 -1 1
38 -1 -1
39 0 0
39 0 1
39 1 0
39 0 -1
39 -1 0
39 1 1
39 1 -1
39 -1 1
39 -1 -1
39 0 0
39 0 1
39 1 0
39 0 -1
39 -1 0
39 1 1
39 1 -1
39 -1 1
39 -1 -1
39 0 0
39 0 1
39 1 0
39 0 -1
39 -1 0
39 1 1
39 1 -1
39 -1 1
39 -1 -1
39 0 0
39 0 1
39 1 0
39 0 -1
39 -1 0
39 1 1
39 1 -1
39 -1 1
39 -1 -1
39 0 0
39 0 1
39 1 0
39 0 -1
39 -1 0
39 1 1
39 1 -1
39 -1 1
39 -1 -1
39 0 0
39 0 1
39 1 0
39 0 -1
39 -1 0
39 1 1
39 1 -1
39 -1 1
39 -1 -1
39 0 0
39 0 1
39 1 0
39 0 -1
39 -1 0
39 1 1
39 1 -1
39 -1 1
39 -1 -1
39 0 0
39 0 1
39 1 0
39 0 -1
39 -1 0
39 1 1
39 1 -1
39 -1 1
39 -1 -1
39 0 0
39 0 1
39 1 0
39 0 -1
39 -1 0
39 1 1
39 1 -1
39 -1 1
39 -1 -1
39 0 0
39 0 1
39 1 0
39 0 -1
39 -1 0
39 1 1
39 1 -1
39 -1 1
39 -1 -1
39 0 0
39 0 1
39 1 0
39 0 -1
39 -1 0
39 1 1
39 1 -1
39 -1 1
39 -1 -1
39 0 0
39 0 1
39 1 0
39 0 -1
39 -1 0
39 1 1
39 1 -1
39 -1 1
39 -1 -1
39 0 0
39 0 1
39 1 0
39 0 -1
39 -1 0
39 1 1
39 1 -1
39 -1 1
39 -1 -1
40 0 0
40 0 1
40 1 0
40 0 -1
40 -1 0
40 1 1
40 1 -1
40 -1 1
40 -1 -1
40 0 0
40 0 1
40 1 0
40 0 -1
40 -1 0
40 1 1
40 1 -1
40 -1 1
40 -1 -1
40 0 0
40 0 1
40 1 0
40 0 -1
40 -1 0
40 1 1
40 1 -1
40 -1 1
40 -1 -1
40 0 0
40 0 1
40 1 0
40 0 -1
40 -1 0
40 1 1
40 1 -1
40 -1 1
40 -1 -1
40 0 0
40 0 1
40 1 0
40 0 -1
40 -1 0
40 1 1
40 1 -1
40 -1 1
40 -1 -1
40 0 0
40 0 1
40 1 0
40 0 -1
40 -1 0
40 1 1
40 1 -1
40 -1 1
40 -1 -1
40 0 0
40 0 1
40 1 0
40 0 -1
40 -1 0
40 1 1
40 1 -1
40 -1 1
40 -1 -1
40 0 0
40 0 1
40 1 0
40 0 -1
40 -1 0
40 1 1
40 1 -1
40 -1 1
40 -1 -1
40 0 0
40 0 1
40 1 0
40 0 -1
40 -1 0
40 1 1
40 1 -1
40 -1 1
40 -1 -1
40 0 0
40 0 1
40 1 0
40 0 -1
40 -1 0
40 1 1
40 1 -1
40 -1 1
40 -1 -1
40 0 0
40 0 1
40 1 0
40 0 -1
40 -1 0
40 1 1
40 1 -1
40 -1 1
40 -1 -1
40 0 0
40 0 1
40 1 0
40 0 -1
40 -1 0
40 1 1
40 1 -1
40 -1 1
40 -1 -1
40 0 0
40 0 1
40 1 0
40 0 -1
40 -1 0
40 1 1
40 1 -1
40 -1 1
40 -1 -1
41 0 0
41 0 1
41 1 0
41 0 -1
41 -1 0
41 1 1
41 1 -1
41 -1 1
41 -1 -1
41 0 0
41 0 1
41 1 0
41 0 -1
41 -1 0
41 1 1
41 1 -1
41 -1 1
41 -1 -1
41 0 0
41 0 1
41 1 0
41 0 -1
41 -1 0
41 1 1
41 1 -1
41 -1 1
41 -1 -1
41 0 0
41 0 1
41 1 0
41 0 -1
41 -1 0
41 1 1
41 1 -1
41 -1 1
41 -1 -1
41 0 0
41 0 1
41 1 0
41 0 -1
41 -1 0
41 1 1
41 1 -1
41 -1 1
41 -1 -1
41 0 0
41 0 1
41 1 0
41 0 -1
41 -1 0
41 1 1
41 1 -1
41 -1 1
41 -1 -1
41 0 0
41 0 1
41 1 0
41 0 -1
41 -1 0
41 1 1
41 1 -1
41 -1 1
41 -1 -1
41 0 0
41 0 1
41 1 0
41 0 -1
41 -1 0
41 1 1
41 1 -1
41 -1 1
41 -1 -1
41 0 0
41 0 1
41 1 0
41 0 -1
41 -1 0
41 1 1
41 1 -1
41 -1 1
41 -1 -1
41 0 0
41 0 1
41 1 0
41 0 -1
41 -1 0
41 1 1
41 1 -1
41 -1 1
41 -1 -1
41 0 0
41 0 1
41 1 0
41 0 -1
41 -1 0
41 1 1
41 1 -1
41 -1 1
41 -1 -1
41 0 0
41 0 1
41 1 0
41 0 -1
41 -1 0
41 1 1
41 1 -1
41 -1 1
41 -1 -1
41 0 0
41 0 1
41 1 0
41 0 -1
41 -1 0
41 1 1
41 1 -1
41 -1 1
41 -1 -1
42 0 0
42 0 1
42 1 0
42 0 -1
42 -1 0
42 1 1
42 1 -1
42 -1 1
42 -1 -1
42 0 0
42 0 1
42 1 0
42 0 -1
42 -1 0
42 1 1
42 1 -1
42 -1 1
42 -1 -1
42 0 0
42 0 1
42 1 0
42 0 -1
42 -1 0
42 1 1
42 1 -1
42 -1 1
42 -1 -1
42 0 0
42 0 1
42 1 0
42 0 -1
42 -1 0
42 1 1
42 1 -1
42 -1 1
42 -1 -1
42 0 0
42 0 1
42 1 0
42 0 -1
42 -1 0
42 1 1
42 1 -1
42 -1 1
42 -1 -1
42 0 0
42 0 1
42 1 0
42 0 -1
42 -1 0
42 1 1
42 1 -1
42 -1 1
42 -1 -1
42 0 0
42 0 1
42 1 0
42 0 -1
42 -1 0
42 1 1
42 1 -1
42 -1 1
42 -1 -1
42 0 0
42 0 1
42 1 0
42 0 -1
42 -1 0
42 1 1
42 1 -1
42 -1 1
42 -1 -1
42 0 0
42 0 1
42 1 0
42 0 -1
42 -1 0
42 1 1
42 1 -1
42 -1 1
42 -1 -1
42 0 0
42 0 1
42 1 0
42 0 -1
42 -1 0
42 1 1
42 1 -1
42 -1 1
42 -1 -1
42 0 0
42 0 1
42 1 0
42 0 -1
42 -1 0
42 1 1
42 1 -1
42 -1 1
42 -1 -1
42 0 0
42 0 1
42 1 0
42 0 -1
42 -1 0
42 1 1
42 1 -1
42 -1 1
42 -1 -1
42 0 0
42 0 1
42 1 0
42 0 -1
42 -1 0
42 1 1
42 1 -1
42 -1 1
42 -1 -1
42 0 0
42 0 1
42 1 0
42 0 -1
42 -1 0
42 1 1
42 1 -1
42 -1 1
42 -1 -1
43 0 0
43 0 1
43 1 0
43 0 -1
43 -1 0
43 1 1
43 1 -1
43 -1 1
43 -1 -1
43 0 0
43 0 1
43 1 0
43 0 -1
43 -1 0
43 1 1
43 1 -1
43 -1 1
43 -1 -1
43 0 0
43 0 1
43 1 0
43 0 -1
43 -1 0
43 1 1
43 1 -1
43 -1 1
43 -1 -1
43 0 0
43 0 1
43 1 0
43 0 -1
43 -1 0
43 1 1
43 1 -1
43 -1 1
43 -1 -1
43 0 0
43 0 1
43 1 0
43 0 -1
43 -1 0
43 1 1
43 1 -1
43 -1 1
43 -1 -1
43 0 0
43 0 1
43 1 0
43 0 -1
43 -1 0
43 1 1
43 1 -1
43 -1 1
43 -1 -1
43 0 0
43 0 1
43 1 0
43 0 -1
43 -1 0
43 1 1
43 1 -1
43 -1 1
43 -1 -1
43 0 0
43 0 1
43 1 0
43 0 -1
43 -1 0
43 1 1
43 1 -1
43 -1 1
43 -1 -1
43 0 0
43 0 1
43 1 0
43 0 -1
43 -1 0
43 1 1
43 1 -1
43 -1 1
43 -1 -1
43 0 0
43 0 1
43 1 0
43 0 -1
43 -1 0
43 1 1
43 1 -1
43 -1 1
43 -1 -1
43 0 0
43 0 1
43 1 0
43 0 -1
43 -1 0
43 1 1
43 1 -1
43 -1 1
43 -1 -1
43 0 0
43 0 1
43 1 0
43 0 -1
43 -1 0
43 1 1
43 1 -1
43 -1 1
43 -1 -1
43 0 0
43 0 1
43 1 0
43 0 -1
43 -1 0
43 1 1
43 1 -1
43 -1 1
43 -1 -1
43 0 0
43 0 1
43 1 0
43 0 -1
43 -1 0
43 1 1
43 1 -1
43 -1 1
43 -1 -1
44 0 0
44 0 1
44 1 0
44 0 -1
44 -1 0
44 1 1
44 1 -1
44 -1 1
44 -1 -1
44 0 0
44 0 1
44 1 0
44 0 -1
44 -1 0
44 1 1
44 1 -1
44 -1 1
44 -1 -1
44 0 0
44 0 1
44 1 0
44 0 -1
44 -1 0
44 1 1
44 1 -1
44 -1 1
44 -1 -1
44 0 0
44 0 1
44 1 0
44 0 -1
44 -1 0
44 1 1
44 1 -1
44 -1 1
44 -1 -1
44 0 0
44 0 1
44 1 0
44 0 -1
44 -1 0
44 1 1
44 1 -1
44 -1 1
44 -1 -1
44 0 0
44 0 1
44 1 0
44 0 -1
44 -1 0
44 1 1
44 1 -1
44 -1 1
44 -1 -1
44 0 0
44 0 1
44 1 0
44 0 -1
44 -1 0
44 1 1
44 1 -1
44 -1 1
44 -1 -1
44 0 0
44 0 1
44 1 0
44 0 -1
44 -1 0
44 1 1
44 1 -1
44 -1 1
44 -1 -1
44 0 0
44 0 1
44 1 0
44 0 -1
44 -1 0
44 1 1
44 1 -1
44 -1 1
44 -1 -1
44 0 0
44 0 1
44 1 0
44 0 -1
44 -1 0
44 1 1
44 1 -1
44 -1 1
44 -1 -1
44 0 0
44 0 1
44 1 0
44 0 -1
44 -1 0
44 1 1
44 1 -1
44 -1 1
44 -1 -1
44 0 0
44 0 1
44 1 0
44 0 -1
44 -1 0
44 1 1
44 1 -1
44 -1 1
44 -1 -1
44 0 0
44 0 1
44 1 0
44 0 -1
44 -1 0
44 1 1
44 1 -1
44 -1 1
44 -1 -1
44 0 0
44 0 1
44 1 0
44 0 -1
44 -1 0
44 1 1
44 1 -1
44 -1 1
44 -1 -1
45 0 0
45 0 1
45 1 0
45 0 -1
45 -1 0
45 1 1
45 1 -1
45 -1 1
45 -1 -1
45 0 0
45 0 1
45 1 0
45 0 -1
45 -1 0
45 1 1
45 1 -1
45 -1 1
45 -1 -1
45 0 0
45 0 1
45 1 0
45 0 -1
45 -1 0
45 1 1
45 1 -1
45 -1 1
45 -1 -1
45 0 0
45 0 1
45 1 0
45 0 -1
45 -1 0
45 1 1
45 1 -1
45 -1 1
45 -1 -1
45 0 0
45 0 1
45 1 0
45 0 -1
45 -1 0
45 1 1
45 1 -1
45 -1 1
45 -1 -1
45 0 0
45 0 1
45 1 0
45 0 -1
45 -1 0
45 1 1
45 1 -1
45 -1 1
45 -1 -1
45 0 0
45 0 1
45 1 0
45 0 -1
45 -1 0
45 1 1
45 1 -1
45 -1 1
45 -1 -1
45 0 0
45 0 1
45 1 0
45 0 -1
45 -1 0
45 1 1
45 1 -1
45 -1 1
45 -1 -1
45 0 0
45 0 1
45 1 0
45 0 -1
45 -1 0
45 1 1
45 1 -1
45 -1 1
45 -1 -1
45 0 0
45 0 1
45 1 0
45 0 -1
45 -1 0
45 1 1
45 1 -1
45 -1 1
45 -1 -1
45 0 0
45 0 1
45 1 0
45 0 -1
45 -1 0
45 1 1
45 1 -1
45 -1 1
45 -1 -1
45 0 0
45 0 1
45 1 0
45 0 -1
45 -1 0
45 1 1
45 1 -1
45 -1 1
45 -1 -1
45 0 0
45 0 1
45 1 0
45 0 -1
45 -1 0
45 1 1
45 1 -1
45 -1 1
45 -1 -1
45 0 0
45 0 1
45 1 0
45 0 -1
45 -1 0
45 1 1
45 1 -1
45 -1 1
45 -1 -1
46 0 0
46 0 1
46 1 0
46 0 -1
46 -1 0
46 1 1
46 1 -1
46 -1 1
46 -1 -1
46 0 0
46 0 1
46 1 0
46 0 -1
46 -1 0
46 1 1
46 1 -1
46 -1 1
46 -1 -1
46 0 0
46 0 1
46 1 0
46 0 -1
46 -1 0
46 1 1
46 1 -1
46 -1 1
46 -1 -1
46 0 0
46 0 1
46 1 0
46 0 -1
46 -1 0
46 1 1
46 1 -1
46 -1 1
46 -1 -1
46 0 0
46 0 1
46 1 0
46 0 -1
46 -1 0
46 1 1
46 1 -1
46 -1 1
46 -1 -1
46 0 0
46 0 1
46 1 0
46 0 -1
46 -1 0
46 1 1
46 1 -1
46 -1 1
46 -1 -1
46 0 0
46 0 1
46 1 0
46 0 -1
46 -1 0
46 1 1
46 1 -1
46 -1 1
46 -1 -1
46 0 0
46 0 1
46 1 0
46 0 -1
46 -1 0
46 1 1
46 1 -1
46 -1 1
46 -1 -1
46 0 0
46 0 1
46 1 0
46 0 -1
46 -1 0
46 1 1
46 1 -1
46 -1 1
46 -1 -1
46 0 0
46 0 1
46 1 0
46 0 -1
46 -1 0
46 1 1
46 1 -1
46 -1 1
46 -1 -1
46 0 0
46 0 1
46 1 0
46 0 -1
46 -1 0
46 1 1
46 1 -1
46 -1 1
46 -1 -1
46 0 0
46 0 1
46 1 0
46 0 -1
46 -1 0
46 1 1
46 1 -1
46 -1 1
46 -1 -1
46 0 0
46 0 1
46 1 0
46 0 -1
46 -1 0
46 1 1
46 1 -1
46 -1 1
46 -1 -1
46 0 0
46 0 1
46 1 0
46 0 -1
46 -1 0
46 1 1
46 1 -1
46 -1 1
46 -1 -1
47 0 0
47 0 1
47 1 0
47 0 -1
47 -1 0
47 1 1
47 1 -1
47 -1 1
47 -1 -1
47 0 0
47 0 1
47 1 0
47 0 -1
47 -1 0
47 1 1
47 1 -1
47 -1 1
47 -1 -1
47 0 0
47 0 1
47 1 0
47 0 -1
47 -1 0
47 1 1
47 1 -1
47 -1 1
47 -1 -1
47 0 0
47 0 1
47 1 0
47 0 -1
47 -1 0
47 1 1
47 1 -1
47 -1 1
47 -1 -1
47 0 0
47 0 1
47 1 0
47 0 -1
47 -1 0
47 1 1
47 1 -1
47 -1 1
47 -1 -1
47 0 0
47 0 1
47 1 0
47 0 -1
47 -1 0
47 1 1
47 1 -1
47 -1 1
47 -1 -1
47 0 0
47 0 1
47 1 0
47 0 -1
47 -1 0
47 1 1
47 1 -1
47 -1 1
47 -1 -1
47 0 0
47 0 1
47 1 0
47 0 -1
47 -1 0
47 1 1
47 1 -1
47 -1 1
47 -1 -1
47 0 0
47 0 1
47 1 0
47 0 -1
47 -1 0
47 1 1
47 1 -1
47 -1 1
47 -1 -1
47 0 0
47 0 1
47 1 0
47 0 -1
47 -1 0
47 1 1
47 1 -1
47 -1 1
47 -1 -1
47 0 0
47 0 1
47 1 0
47 0 -1
47 -1 0
47 1 1
47 1 -1
47 -1 1
47 -1 -1
47 0 0
47 0 1
47 1 0
47 0 -1
47 -1 0
47 1 1
47 1 -1
47 -1 1
47 -1 -1
47 0 0
47 0 1
47 1 0
47 0 -1
47 -1 0
47 1 1
47 1 -1
47 -1 1
47 -1 -1
47 0 0
47 0 1
47 1 0
47 0 -1
47 -1 0
47 1 1
47 1 -1
47 -1 1
47 -1 -1
48 0 0
48 0 1
48 1 0
48 0 -1
48 -1 0
48 1 1
48 1 -1
48 -1 1
48 -1 -1
48 0 0
48 0 1
48 1 0
48 0 -1
48 -1 0
48 1 1
48 1 -1
48 -1 1
48 -1 -1
48 0 0
48 0 1
48 1 0
48 0 -1
48 -1 0
48 1 1
48 1 -1
48 -1 1
48 -1 -1
48 0 0
48 0 1
48 1 0
48 0 -1
48 -1 0
48 1 1
48 1 -1
48 -1 1
48 -1 -1
48 0 0
48 0 1
48 1 0
48 0 -1
48 -1 0
48 1 1
48 1 -1
48 -1 1
48 -1 -1
48 0 0
48 0 1
48 1 0
48 0 -1
48 -1 0
48 1 1
48 1 -1
48 -1 1
48 -1 -1
48 0 0
48 0 1
48 1 0
48 0 -1
48 -1 0
48 1 1
48 1 -1
48 -1 1
48 -1 -1
48 0 0
48 0 1
48 1 0
48 0 -1
48 -1 0
48 1 1
48 1 -1
48 -1 1
48 -1 -1
48 0 0
48 0 1
48 1 0
48 0 -1
48 -1 0
48 1 1
48 1 -1
48 -1 1
48 -1 -1
48 0 0
48 0 1
48 1 0
48 0 -1
48 -1 0
48 1 1
48 1 -1
48 -1 1
48 -1 -1
48 0 0
48 0 1
48 1 0
48 0 -1
48 -1 0
48 1 1
48 1 -1
48 -1 1
48 -1 -1
48 0 0
48 0 1
48 1 0
48 0 -1
48 -1 0
48 1 1
48 1 -1
48 -1 1
48 -1 -1
48 0 0
48 0 1
48 1 0
48 0 -1
48 -1 0
48 1 1
48 1 -1
48 -1 1
48 -1 -1
48 0 0
48 0 1
48 1 0
48 0 -1
48 -1 0
48 1 1
48 1 -1
48 -1 1
48 -1 -1
49 0 0
49 0 1
49 1 0
49 0 -1
49 -1 0
49 1 1
49 1 -1
49 -1 1
49 -1 -1
49 0 0
49 0 1
49 1 0
49 0 -1
49 -1 0
49 1 1
49 1 -1
49 -1 1
49 -1 -1
49 0 0
49 0 1
49 1 0
49 0 -1
49 -1 0
49 1 1
49 1 -1
49 -1 1
49 -1 -1
49 0 0
49 0 1
49 1 0
49 0 -1
49 -1 0
49 1 1
49 1 -1
49 -1 1
49 -1 -1
49 0 0
49 0 1
49 1 0
49 0 -1
49 -1 0
49 1 1
49 1 -1
49 -1 1
49 -1 -1
49 0 0
49 0 1
49 1 0
49 0 -1
49 -1 0
49 1 1
49 1 -1
49 -1 1
49 -1 -1
49 0 0
49 0 1
49 1 0
49 0 -1
49 -1 0
49 1 1
49 1 -1
49 -1 1
49 -1 -1
49 0 0
49 0 1
49 1 0
49 0 -1
49 -1 0
49 1 1
49 1 -1
49 -1 1
49 -1 -1
49 0 0
49 0 1
49 1 0
49 0 -1
49 -1 0
49 1 1
49 1 -1
49 -1 1
49 -1 -1
49 0 0
49 0 1
49 1 0
49 0 -1
49 -1 0
49 1 1
49 1 -1
49 -1 1
49 -1 -1
49 0 0
49 0 1
49 1 0
49 0 -1
49 -1 0
49 1 1
49 1 -1
49 -1 1
49 -1 -1
49 0 0
49 0 1
49 1 0
49 0 -1
49 -1 0
49 1 1
49 1 -1
49 -1 1
49 -1 -1
49 0 0
49 0 1
49 1 0
49 0 -1
49 -1 0
49 1 1
49 1 -1
49 -1 1
49 -1 -1
49 0 0
49 0 1
49 1 0
49 0 -1
49 -1 0
49 1 1
49 1 -1
49 -1 1
49 -1 -1
50 0 0
50 0 1
50 1 0
50 0 -1
50 -1 0
50 1 1
50 1 -1
50 -1 1
50 -1 -1
50 0 0
50 0 1
50 1 0
50 0 -1
50 -1 0
50 1 1
50 1 -1
50 -1 1
50 -1 -1
50 0 0
50 0 1
50 1 0
50 0 -1
50 -1 0
50 1 1
50 1 -1
50 -1 1
50 -1 -1
50 0 0
50 0 1
50 1 0
50 0 -1
50 -1 0
50 1 1
50 1 -1
50 -1 1
50 -1 -1
50 0 0
50 0 1
50 1 0
50 0 -1
50 -1 0
50 1 1
50 1 -1
50 -1 1
50 -1 -1
50 0 0
50 0 1
50 1 0
50 0 -1
50 -1 0
50 1 1
50 1 -1
50 -1 1
50 -1 -1
50 0 0
50 0 1
50 1 0
50 0 -1
50 -1 0
50 1 1
50 1 -1
50 -1 1
50 -1 -1
50 0 0
50 0 1
50 1 0
50 0 -1
50 -1 0
50 1 1
50 1 -1
50 -1 1
50 -1 -1
50 0 0
50 0 1
50 1 0
50 0 -1
50 -1 0
50 1 1
50 1 -1
50 -1 1
50 -1 -1
50 0 0
50 0 1
50 1 0
50 0 -1
50 -1 0
50 1 1
50 1 -1
50 -1 1
50 -1 -1
50 0 0
50 0 1
50 1 0
50 0 -1
50 -1 0
50 1 1
50 1 -1
50 -1 1
50 -1 -1
50 0 0
50 0 1
50 1 0
50 0 -1
50 -1 0
50 1 1
50 1 -1
50 -1 1
50 -1 -1
50 0 0
50 0 1
50 1 0
50 0 -1
50 -1 0
50 1 1
50 1 -1
50 -1 1
50 -1 -1
50 0 0
50 0 1
50 1 0
50 0 -1
50 -1 0
50 1 1
50 1 -1
50 -1 1
50 -1 -1
51 0 0
51 0 1
51 1 0
51 0 -1
51 -1 0
51 1 1
51 1 -1
51 -1 1
51 -1 -1
51 0 0
51 0 1
51 1 0
51 0 -1
51 -1 0
51 1 1
51 1 -1
51 -1 1
51 -1 -1
51 0 0
51 0 1
51 1 0
51 0 -1
51 -1 0
51 1 1
51 1 -1
51 -1 1
51 -1 -1
51 0 0
51 0 1
51 1 0
51 0 -1
51 -1 0
51 1 1
51 1 -1
51 -1 1
51 -1 -1
51 0 0
51 0 1
51 1 0
51 0 -1
51 -1 0
51 1 1
51 1 -1
51 -1 1
51 -1 -1
51 0 0
51 0 1
51 1 0
51 0 -1
51 -1 0
51 1 1
51 1 -1
51 -1 1
51 -1 -1
51 0 0
51 0 1
51 1 0
51 0 -1
51 -1 0
51 1 1
51 1 -1
51 -1 1
51 -1 -1
51 0 0
51 0 1
51 1 0
51 0 -1
51 -1 0
51 1 1
51 1 -1
51 -1 1
51 -1 -1
51 0 0
51 0 1
51 1 0
51 0 -1
51 -1 0
51 1 1
51 1 -1
51 -1 1
51 -1 -1
51 0 0
51 0 1
51 1 0
51 0 -1
51 -1 0
51 1 1
51 1 -1
51 -1 1
51 -1 -1
51 0 0
51 0 1
51 1 0
51 0 -1
51 -1 0
51 1 1
51 1 -1
51 -1 1
51 -1 -1
51 0 0
51 0 1
51 1 0
51 0 -1
51 -1 0
51 1 1
51 1 -1
51 -1 1
51 -1 -1
51 0 0
51 0 1
51 1 0
51 0 -1
51 -1 0
51 1 1
51 1 -1
51 -1 1
51 -1 -1
51 0 0
51 0 1
51 1 0
51 0 -1
51 -1 0
51 1 1
51 1 -1
51 -1 1
51 -1 -1
52 0 0
52 0 1
52 1 0
52 0 -1
52 -1 0
52 1 1
52 1 -1
52 -1 1
52 -1 -1
52 0 0
52 0 1
52 1 0
52 0 -1
52 -1 0
52 1 1
52 1 -1
52 -1 1
52 -1 -1
52 0 0
52 0 1
52 1 0
52 0 -1
52 -1 0
52 1 1
52 1 -1
52 -1 1
52 -1 -1
52 0 0
52 0 1
52 1 0
52 0 -1
52 -1 0
52 1 1
52 1 -1
52 -1 1
52 -1 -1
52 0 0
52 0 1
52 1 0
52 0 -1
52 -1 0
52 1 1
52 1 -1
52 -1 1
52 -1 -1
52 0 0
52 0 1
52 1 0
52 0 -1
52 -1 0
52 1 1
52 1 -1
52 -1 1
52 -1 -1
52 0 0
52 0 1
52 1 0
52 0 -1
52 -1 0
52 1 1
52 1 -1
52 -1 1
52 -1 -1
52 0 0
52 0 1
52 1 0
52 0 -1
52 -1 0
52 1 1
52 1 -1
52 -1 1
52 -1 -1
52 0 0
52 0 1
52 1 0
52 0 -1
52 -1 0
52 1 1
52 1 -1
52 -1 1
52 -1 -1
52 0 0
52 0 1
52 1 0
52 0 -1
52 -1 0
52 1 1
52 1 -1
52 -1 1
52 -1 -1
52 0 0
52 0 1
52 1 0
52 0 -1
52 -1 0
52 1 1
52 1 -1
52 -1 1
52 -1 -1
52 0 0
52 0 1
52 1 0
52 0 -1
52 -1 0
52 1 1
52 1 -1
52 -1 1
52 -1 -1
52 0 0
52 0 1
52 1 0
52 0 -1
52 -1 0
52 1 1
52 1 -1
52 -1 1
52 -1 -1
52 0 0
52 0 1
52 1 0
52 0 -1
52 -1 0
52 1 1
52 1 -1
52 -1 1
52 -1 -1
53 0 0
53 0 1
53 1 0
53 0 -1
53 -1 0
53 1 1
53 1 -1
53 -1 1
53 -1 -1
53 0 0
53 0 1
53 1 0
53 0 -1
53 -1 0
53 1 1
53 1 -1
53 -1 1
53 -1 -1
53 0 0
53 0 1
53 1 0
53 0 -1
53 -1 0
53 1 1
53 1 -1
53 -1 1
53 -1 -1
53 0 0
53 0 1
53 1 0
53 0 -1
53 -1 0
53 1 1
53 1 -1
53 -1 1
53 -1 -1
53 0 0
53 0 1
53 1 0
53 0 -1
53 -1 0
53 1 1
53 1 -1
53 -1 1
53 -1 -1
53 0 0
53 0 1
53 1 0
53 0 -1
53 -1 0
53 1 1
53 1 -1
53 -1 1
53 -1 -1
53 0 0
53 0 1
53 1 0
53 0 -1
53 -1 0
53 1 1
53 1 -1
53 -1 1
53 -1 -1
53 0 0
53 0 1
53 1 0
53 0 -1
53 -1 0
53 1 1
53 1 -1
53 -1 1
53 -1 -1
53 0 0
53 0 1
53 1 0
53 0 -1
53 -1 0
53 1 1
53 1 -1
53 -1 1
53 -1 -1
53 0 0
53 0 1
53 1 0
53 0 -1
53 -1 0
53 1 1
53 1 -1
53 -1 1
53 -1 -1
53 0 0
53 0 1
53 1 0
53 0 -1
53 -1 0
53 1 1
53 1 -1
53 -1 1
53 -1 -1
53 0 0
53 0 1
53 1 0
53 0 -1
53 -1 0
53 1 1
53 1 -1
53 -1 1
53 -1 -1
53 0 0
53 0 1
53 1 0
53 0 -1
53 -1 0
53 1 1
53 1 -1
53 -1 1
53 -1 -1
53 0 0
53 0 1
53 1 0
53 0 -1
53 -1 0
53 1 1
53 1 -1
53 -1 1
53 -1 -1
54 0 0
54 0 1
54 1 0
54 0 -1
54 -1 0
54 1 1
54 1 -1
54 -1 1
54 -1 -1
54 0 0
54 0 1
54 1 0
54 0 -1
54 -1 0
54 1 1
54 1 -1
54 -1 1
54 -1 -1
54 0 0
54 0 1
54 1 0
54 0 -1
54 -1 0
54 1 1
54 1 -1
54 -1 1
54 -1 -1
54 0 0
54 0 1
54 1 0
54 0 -1
54 -1 0
54 1 1
54 1 -1
54 -1 1
54 -1 -1
54 0 0
54 0 1
54 1 0
54 0 -1
54 -1 0
54 1 1
54 1 -1
54 -1 1
54 -1 -1
54 0 0
54 0 1
54 1 0
54 0 -1
54 -1 0
54 1 1
54 1 -1
54 -1 1
54 -1 -1
54 0 0
54 0 1
54 1 0
54 0 -1
54 -1 0
54 1 1
54 1 -1
54 -1 1
54 -1 -1
54 0 0
54 0 1
54 1 0
54 0 -1
54 -1 0
54 1 1
54 1 -1
54 -1 1
54 -1 -1
54 0 0
54 0 1
54 1 0
54 0 -1
54 -1 0
54 1 1
54 1 -1
54 -1 1
54 -1 -1
54 0 0
54 0 1
54 1 0
54 0 -1
54 -1 0
54 1 1
54 1 -1
54 -1 1
54 -1 -1
54 0 0
54 0 1
54 1 0
54 0 -1
54 -1 0
54 1 1
54 1 -1
54 -1 1
54 -1 -1
54 0 0
54 0 1
54 1 0
54 0 -1
54 -1 0
54 1 1
54 1 -1
54 -1 1
54 -1 -1
54 0 0
54 0 1
54 1 0
54 0 -1
54 -1 0
54 1 1
54 1 -1
54 -1 1
54 -1 -1
54 0 0
54 0 1
54 1 0
54 0 -1
54 -1 0
54 1 1
54 1 -1
54 -1 1
54 -1 -1
55 0 0
55 0 1
55 1 0
55 0 -1
55 -1 0
55 1 1
55 1 -1
55 -1 1
55 -1 -1
55 0 0
55 0 1
55 1 0
55 0 -1
55 -1 0
55 1 1
55 1 -1
55 -1 1
55 -1 -1
55 0 0
55 0 1
55 1 0
55 0 -1
55 -1 0
55 1 1
55 1 -1
55 -1 1
55 -1 -1
55 0 0
55 0 1
55 1 0
55 0 -1
55 -1 0
55 1 1
55 1 -1
55 -1 1
55 -1 -1
55 0 0
55 0 1
55 1 0
55 0 -1
55 -1 0
55 1 1
55 1 -1
55 -1 1
55 -1 -1
55 0 0
55 0 1
55 1 0
55 0 -1
55 -1 0
55 1 1
55 1 -1
55 -1 1
55 -1 -1
55 0 0
55 0 1
55 1 0
55 0 -1
55 -1 0
55 1 1
55 1 -1
55 -1 1
55 -1 -1
55 0 0
55 0 1
55 1 0
55 0 -1
55 -1 0
55 1 1
55 1 -1
55 -1 1
55 -1 -1
55 0 0
55 0 1
55 1 0
55 0 -1
55 -1 0
55 1 1
55 1 -1
55 -1 1
55 -1 -1
55 0 0
55 0 1
55 1 0
55 0 -1
55 -1 0
55 1 1
55 1 -1
55 -1 1
55 -1 -1
55 0 0
55 0 1
55 1 0
55 0 -1
55 -1 0
55 1 1
55 1 -1
55 -1 1
55 -1 -1
55 0 0
55 0 1
55 1 0
55 0 -1
55 -1 0
55 1 1
55 1 -1
55 -1 1
55 -1 -1
55 0 0
55 0 1
55 1 0
55 0 -1
55 -1 0
55 1 1
55 1 -1
55 -1 1
55 -1 -1
55 0 0
55 0 1
55 1 0
55 0 -1
55 -1 0
55 1 1
55 1 -1
55 -1 1
55 -1 -1
56 0 0
56 0 1
56 1 0
56 0 -1
56 -1 0
56 1 1
56 1 -1
56 -1 1
56 -1 -1
56 0 0
56 0 1
56 1 0
56 0 -1
56 -1 0
56 1 1
56 1 -1
56 -1 1
56 -1 -1
56 0 0
56 0 1
56 1 0
56 0 -1
56 -1 0
56 1 1
56 1 -1
56 -1 1
56 -1 -1
56 0 0
56 0 1
56 1 0
56 0 -1
56 -1 0
56 1 1
56 1 -1
56 -1 1
56 -1 -1
56 0 0
56 0 1
56 1 0
56 0 -1
56 -1 0
56 1 1
56 1 -1
56 -1 1
56 -1 -1
56 0 0
56 0 1
56 1 0
56 0 -1
56 -1 0
56 1 1
56 1 -1
56 -1 1
56 -1 -1
56 0 0
56 0 1
56 1 0
56 0 -1
56 -1 0
56 1 1
56 1 -1
56 -1 1
56 -1 -1
56 0 0
56 0 1
56 1 0
56 0 -1
56 -1 0
56 1 1
56 1 -1
56 -1 1
56 -1 -1
56 0 0
56 0 1
56 1 0
56 0 -1
56 -1 0
56 1 1
56 1 -1
56 -1 1
56 -1 -1
56 0 0
56 0 1
56 1 0
56 0 -1
56 -1 0
56 1 1
56 1 -1
56 -1 1
56 -1 -1
56 0 0
56 0 1
56 1 0
56 0 -1
56 -1 0
56 1 1
56 1 -1
56 -1 1
56 -1 -1
56 0 0
56 0 1
56 1 0
56 0 -1
56 -1 0
56 1 1
56 1 -1
56 -1 1
56 -1 -1
56 0 0
56 0 1
56 1 0
56 0 -1
56 -1 0
56 1 1
56 1 -1
56 -1 1
56 -1 -1
56 0 0
56 0 1
56 1 0
56 0 -1
56 -1 0
56 1 1
56 1 -1
56 -1 1
56 -1 -1
57 0 0
57 0 1
57 1 0
57 0 -1
57 -1 0
57 1 1
57 1 -1
57 -1 1
57 -1 -1
57 0 0
57 0 1
57 1 0
57 0 -1
57 -1 0
57 1 1
57 1 -1
57 -1 1
57 -1 -1
57 0 0
57 0 1
57 1 0
57 0 -1
57 -1 0
57 1 1
57 1 -1
57 -1 1
57 -1 -1
57 0 0
57 0 1
57 1 0
57 0 -1
57 -1 0
57 1 1
57 1 -1
57 -1 1
57 -1 -1
57 0 0
57 0 1
57 1 0
57 0 -1
57 -1 0
57 1 1
57 1 -1
57 -1 1
57 -1 -1
57 0 0
57 0 1
57 1 0
57 0 -1
57 -1 0
57 1 1
57 1 -1
57 -1 1
57 -1 -1
57 0 0
57 0 1
57 1 0
57 0 -1
57 -1 0
57 1 1
57 1 -1
57 -1 1
57 -1 -1
57 0 0
57 0 1
57 1 0
57 0 -1
57 -1 0
57 1 1
57 1 -1
57 -1 1
57 -1 -1
57 0 0
57 0 1
57 1 0
57 0 -1
57 -1 0
57 1 1
57 1 -1
57 -1 1
57 -1 -1
57 0 0
57 0 1
57 1 0
57 0 -1
57 -1 0
57 1 1
57 1 -1
57 -1 1
57 -1 -1
57 0 0
57 0 1
57 1 0
57 0 -1
57 -1 0
57 1 1
57 1 -1
57 -1 1
57 -1 -1
57 0 0
57 0 1
57 1 0
57 0 -1
57 -1 0
57 1 1
57 1 -1
57 -1 1
57 -1 -1
57 0 0
57 0 1
57 1 0
57 0 -1
57 -1 0
57 1 1
57 1 -1
57 -1 1
57 -1 -1
57 0 0
57 0 1
57 1 0
57 0 -1
57 -1 0
57 1 1
57 1 -1
57 -1 1
57 -1 -1
58 0 0
58 0 1
58 1 0
58 0 -1
58 -1 0
58 1 1
58 1 -1
58 -1 1
58 -1 -1
58 0 0
58 0 1
58 1 0
58 0 -1
58 -1 0
58 1 1
58 1 -1
58 -1 1
58 -1 -1
58 0 0
58 0 1
58 1 0
58 0 -1
58 -1 0
58 1 1
58 1 -1
58 -1 1
58 -1 -1
58 0 0
58 0 1
58 1 0
58 0 -1
58 -1 0
58 1 1
58 1 -1
58 -1 1
58 -1 -1
58 0 0
58 0 1
58 1 0
58 0 -1
58 -1 0
58 1 1
58 1 -1
58 -1 1
58 -1 -1
58 0 0
58 0 1
58 1 0
58 0 -1
58 -1 0
58 1 1
58 1 -1
58 -1 1
58 -1 -1
58 0 0
58 0 1
58 1 0
58 0 -1
58 -1 0
58 1 1
58 1 -1
58 -1 1
58 -1 -1
58 0 0
58 0 1
58 1 0
58 0 -1
58 -1 0
58 1 1
58 1 -1
58 -1 1
58 -1 -1
58 0 0
58 0 1
58 1 0
58 0 -1
58 -1 0
58 1 1
58 1 -1
58 -1 1
58 -1 -1
58 0 0
58 0 1
58 1 0
58 0 -1
58 -1 0
58 1 1
58 1 -1
58 -1 1
58 -1 -1
58 0 0
58 0 1
58 1 0
58 0 -1
58 -1 0
58 1 1
58 1 -1
58 -1 1
58 -1 -1
58 0 0
58 0 1
58 1 0
58 0 -1
58 -1 0
58 1 1
58 1 -1
58 -1 1
58 -1 -1
58 0 0
58 0 1
58 1 0
58 0 -1
58 -1 0
58 1 1
58 1 -1
58 -1 1
58 -1 -1
58 0 0
58 0 1
58 1 0
58 0 -1
58 -1 0
58 1 1
58 1 -1
58 -1 1
58 -1 -1
59 0 0
59 0 1
59 1 0
59 0 -1
59 -1 0
59 1 1
59 1 -1
59 -1 1
59 -1 -1
59 0 0
59 0 1
59 1 0
59 0 -1
59 -1 0
59 1 1
59 1 -1
59 -1 1
59 -1 -1
59 0 0
59 0 1
59 1 0
59 0 -1
59 -1 0
59 1 1
59 1 -1
59 -1 1
59 -1 -1
59 0 0
59 0 1
59 1 0
59 0 -1
59 -1 0
59 1 1
59 1 -1
59 -1 1
59 -1 -1
59 0 0
59 0 1
59 1 0
59 0 -1
59 -1 0
59 1 1
59 1 -1
59 -1 1
59 -1 -1
59 0 0
59 0 1
59 1 0
59 0 -1
59 -1 0
59 1 1
59 1 -1
59 -1 1
59 -1 -1
59 0 0
59 0 1
59 1 0
59 0 -1
59 -1 0
59 1 1
59 1 -1
59 -1 1
59 -1 -1
59 0 0
59 0 1
59 1 0
59 0 -1
59 -1 0
59 1 1
59 1 -1
59 -1 1
59 -1 -1
59 0 0
59 0 1
59 1 0
59 0 -1
59 -1 0
59 1 1
59 1 -1
59 -1 1
59 -1 -1
59 0 0
59 0 1
59 1 0
59 0 -1
59 -1 0
59 1 1
59 1 -1
59 -1 1
59 -1 -1
59 0 0
59 0 1
59 1 0
59 0 -1
59 -1 0
59 1 1
59 1 -1
59 -1 1
59 -1 -1
59 0 0
59 0 1
59 1 0
59 0 -1
59 -1 0
59 1 1
59 1 -1
59 -1 1
59 -1 -1
59 0 0
59 0 1
59 1 0
59 0 -1
59 -1 0
59 1 1
59 1 -1
59 -1 1
59 -1 -1
59 0 0
59 0 1
59 1 0
59 0 -1
59 -1 0
59 1 1
59 1 -1
59 -1 1
59 -1 -1
60 0 0
60 0 1
60 1 0
60 0 -1
60 -1 0
60 1 1
60 1 -1
60 -1 1
60 -1 -1
60 0 0
60 0 1
60 1 0
60 0 -1
60 -1 0
60 1 1
60 1 -1
60 -1 1
60 -1 -1
60 0 0
60 0 1
60 1 0
60 0 -1
60 -1 0
60 1 1
60 1 -1
60 -1 1
60 -1 -1
60 0 0
60 0 1
60 1 0
60 0 -1
60 -1 0
60 1 1
60 1 -1
60 -1 1
60 -1 -1
60 0 0
60 0 1
60 1 0
60 0 -1
60 -1 0
60 1 1
60 1 -1
60 -1 1
60 -1 -1
60 0 0
60 0 1
60 1 0
60 0 -1
60 -1 0
60 1 1
60 1 -1
60 -1 1
60 -1 -1
60 0 0
60 0 1
60 1 0
60 0 -1
60 -1 0
60 1 1
60 1 -1
60 -1 1
60 -1 -1
60 0 0
60 0 1
60 1 0
60 0 -1
60 -1 0
60 1 1
60 1 -1
60 -1 1
60 -1 -1
60 0 0
60 0 1
60 1 0
60 0 -1
60 -1 0
60 1 1
60 1 -1
60 -1 1
60 -1 -1
60 0 0
60 0 1
60 1 0
60 0 -1
60 -1 0
60 1 1
60 1 -1
60 -1 1
60 -1 -1
60 0 0
60 0 1
60 1 0
60 0 -1
60 -1 0
60 1 1
60 1 -1
60 -1 1
60 -1 -1
60 0 0
60 0 1
60 1 0
60 0 -1
60 -1 0
60 1 1
60 1 -1
60 -1 1
60 -1 -1
60 0 0
60 0 1
60 1 0
60 0 -1
60 -1 0
60 1 1
60 1 -1
60 -1 1
60 -1 -1
60 0 0
60 0 1
60 1 0
60 0 -1
60 -1 0
60 1 1
60 1 -1
60 -1 1
60 -1 -1
61 0 0
61 0 1
61 1 0
61 0 -1
61 -1 0
61 1 1
61 1 -1
61 -1 1
61 -1 -1
61 0 0
61 0 1
61 1 0
61 0 -1
61 -1 0
61 1 1
61 1 -1
61 -1 1
61 -1 -1
61 0 0
61 0 1
61 1 0
61 0 -1
61 -1 0
61 1 1
61 1 -1
61 -1 1
61 -1 -1
61 0 0
61 0 1
61 1 0
61 0 -1
61 -1 0
61 1 1
61 1 -1
61 -1 1
61 -1 -1
61 0 0
61 0 1
61 1 0
61 0 -1
61 -1 0
61 1 1
61 1 -1
61 -1 1
61 -1 -1
61 0 0
61 0 1
61 1 0
61 0 -1
61 -1 0
61 1 1
61 1 -1
61 -1 1
61 -1 -1
61 0 0
61 0 1
61 1 0
61 0 -1
61 -1 0
61 1 1
61 1 -1
61 -1 1
61 -1 -1
61 0 0
61 0 1
61 1 0
61 0 -1
61 -1 0
61 1 1
61 1 -1
61 -1 1
61 -1 -1
61 0 0
61 0 1
61 1 0
61 0 -1
61 -1 0
61 1 1
61 1 -1
61 -1 1
61 -1 -1
61 0 0
61 0 1
61 1 0
61 0 -1
61 -1 0
61 1 1
61 1 -1
61 -1 1
61 -1 -1
61 0 0
61 0 1
61 1 0
61 0 -1
61 -1 0
61 1 1
61 1 -1
61 -1 1
61 -1 -1
61 0 0
61 0 1
61 1 0
61 0 -1
61 -1 0
61 1 1
61 1 -1
61 -1 1
61 -1 -1
61 0 0
61 0 1
61 1 0
61 0 -1
61 -1 0
61 1 1
61 1 -1
61 -1 1
61 -1 -1
61 0 0
61 0 1
61 1 0
61 0 -1
61 -1 0
61 1 1
61 1 -1
61 -1 1
61 -1 -1
62 0 0
62 0 1
62 1 0
62 0 -1
62 -1 0
62 1 1
62 1 -1
62 -1 1
62 -1 -1
62 0 0
62 0 1
62 1 0
62 0 -1
62 -1 0
62 1 1
62 1 -1
62 -1 1
62 -1 -1
62 0 0
62 0 1
62 1 0
62 0 -1
62 -1 0
62 1 1
62 1 -1
62 -1 1
62 -1 -1
62 0 0
62 0 1
62 1 0
62 0 -1
62 -1 0
62 1 1
62 1 -1
62 -1 1
62 -1 -1
62 0 0
62 0 1
62 1 0
62 0 -1
62 -1 0
62 1 1
62 1 -1
62 -1 1
62 -1 -1
62 0 0
62 0 1
62 1 0
62 0 -1
62 -1 0
62 1 1
62 1 -1
62 -1 1
62 -1 -1
62 0 0
62 0 1
62 1 0
62 0 -1
62 -1 0
62 1 1
62 1 -1
62 -1 1
62 -1 -1
62 0 0
62 0 1
62 1 0
62 0 -1
62 -1 0
62 1 1
62 1 -1
62 -1 1
62 -1 -1
62 0 0
62 0 1
62 1 0
62 0 -1
62 -1 0
62 1 1
62 1 -1
62 -1 1
62 -1 -1
62 0 0
62 0 1
62 1 0
62 0 -1
62 -1 0
62 1 1
62 1 -1
62 -1 1
62 -1 -1
62 0 0
62 0 1
62 1 0
62 0 -1
62 -1 0
62 1 1
62 1 -1
62 -1 1
62 -1 -1
62 0 0
62 0 1
62 1 0
62 0 -1
62 -1 0
62 1 1
62 1 -1
62 -1 1
62 -1 -1
62 0 0
62 0 1
62 1 0
62 0 -1
62 -1 0
62 1 1
62 1 -1
62 -1 1
62 -1 -1
62 0 0
62 0 1
62 1 0
62 0 -1
62 -1 0
62 1 1
62 1 -1
62 -1 1
62 -1 -1
63 0 0
63 0 1
63 1 0
63 0 -1
63 -1 0
63 1 1
63 1 -1
63 -1 1
63 -1 -1
63 0 0
63 0 1
63 1 0
63 0 -1
63 -1 0
63 1 1
63 1 -1
63 -1 1
63 -1 -1
63 0 0
63 0 1
63 1 0
63 0 -1
63 -1 0
63 1 1
63 1 -1
63 -1 1
63 -1 -1
63 0 0
63 0 1
63 1 0
63 0 -1
63 -1 0
63 1 1
63 1 -1
63 -1 1
63 -1 -1
63 0 0
63 0 1
63 1 0
63 0 -1
63 -1 0
63 1 1
63 1 -1
63 -1 1
63 -1 -1
63 0 0
63 0 1
63 1 0
63 0 -1
63 -1 0
63 1 1
63 1 -1
63 -1 1
63 -1 -1
63 0 0
63 0 1
63 1 0
63 0 -1
63 -1 0
63 1 1
63 1 -1
63 -1 1
63 -1 -1
63 0 0
63 0 1
63 1 0
63 0 -1
63 -1 0
63 1 1
63 1 -1
63 -1 1
63 -1 -1
63 0 0
63 0 1
63 1 0
63 0 -1
63 -1 0
63 1 1
63 1 -1
63 -1 1
63 -1 -1
63 0 0
63 0 1
63 1 0
63 0 -1
63 -1 0
63 1 1
63 1 -1
63 -1 1
63 -1 -1
63 0 0
63 0 1
63 1 0
63 0 -1
63 -1 0
63 1 1
63 1 -1
63 -1 1
63 -1 -1
63 0 0
63 0 1
63 1 0
63 0 -1
63 -1 0
63 1 1
63 1 -1
63 -1 1
63 -1 -1
63 0 0
63 0 1
63 1 0
63 0 -1
63 -1 0
63 1 1
63 1 -1
63 -1 1
63 -1 -1
63 0 0
63 0 1
63 1 0
63 0 -1
63 -1 0
63 1 1
63 1 -1
63 -1 1
63 -1 -1
64 0 0
64 0 1
64 1 0
64 0 -1
64 -1 0
64 1 1
64 1 -1
64 -1 1
64 -1 -1
64 0 0
64 0 1
64 1 0
64 0 -1
64 -1 0
64 1 1
64 1 -1
64 -1 1
64 -1 -1
64 0 0
64 0 1
64 1 0
64 0 -1
64 -1 0
64 1 1
64 1 -1
64 -1 1
64 -1 -1
64 0 0
64 0 1
64 1 0
64 0 -1
64 -1 0
64 1 1
64 1 -1
64 -1 1
64 -1 -1
64 0 0
64 0 1
64 1 0
64 0 -1
64 -1 0
64 1 1
64 1 -1
64 -1 1
64 -1 -1
64 0 0
64 0 1
64 1 0
64 0 -1
64 -1 0
64 1 1
64 1 -1
64 -1 1
64 -1 -1
64 0 0
64 0 1
64 1 0
64 0 -1
64 -1 0
64 1 1
64 1 -1
64 -1 1
64 -1 -1
64 0 0
64 0 1
64 1 0
64 0 -1
64 -1 0
64 1 1
64 1 -1
64 -1 1
64 -1 -1
64 0 0
64 0 1
64 1 0
64 0 -1
64 -1 0
64 1 1
64 1 -1
64 -1 1
64 -1 -1
64 0 0
64 0 1
64 1 0
64 0 -1
64 -1 0
64 1 1
64 1 -1
64 -1 1
64 -1 -1
64 0 0
64 0 1
64 1 0
64 0 -1
64 -1 0
64 1 1
64 1 -1
64 -1 1
64 -1 -1
64 0 0
64 0 1
64 1 0
64 0 -1
64 -1 0
64 1 1
64 1 -1
64 -1 1
64 -1 -1
64 0 0
64 0 1
64 1 0
64 0 -1
64 -1 0
64 1 1
64 1 -1
64 -1 1
64 -1 -1
64 0 0
64 0 1
64 1 0
64 0 -1
64 -1 0
64 1 1
64 1 -1
64 -1 1
64 -1 -1
65 0 0
65 0 1
65 1 0
65 0 -1
65 -1 0
65 1 1
65 1 -1
65 -1 1
65 -1 -1
65 0 0
65 0 1
65 1 0
65 0 -1
65 -1 0
65 1 1
65 1 -1
65 -1 1
65 -1 -1
65 0 0
65 0 1
65 1 0
65 0 -1
65 -1 0
65 1 1
65 1 -1
65 -1 1
65 -1 -1
65 0 0
65 0 1
65 1 0
65 0 -1
65 -1 0
65 1 1
65 1 -1
65 -1 1
65 -1 -1
65 0 0
65 0 1
65 1 0
65 0 -1
65 -1 0
65 1 1
65 1 -1
65 -1 1
65 -1 -1
65 0 0
65 0 1
65 1 0
65 0 -1
65 -1 0
65 1 1
65 1 -1
65 -1 1
65 -1 -1
65 0 0
65 0 1
65 1 0
65 0 -1
65 -1 0
65 1 1
65 1 -1
65 -1 1
65 -1 -1
65 0 0
65 0 1
65 1 0
65 0 -1
65 -1 0
65 1 1
65 1 -1
65 -1 1
65 -1 -1
65 0 0
65 0 1
65 1 0
65 0 -1
65 -1 0
65 1 1
65 1 -1
65 -1 1
65 -1 -1
65 0 0
65 0 1
65 1 0
65 0 -1
65 -1 0
65 1 1
65 1 -1
65 -1 1
65 -1 -1
65 0 0
65 0 1
65 1 0
65 0 -1
65 -1 0
65 1 1
65 1 -1
65 -1 1
65 -1 -1
65 0 0
65 0 1
65 1 0
65 0 -1
65 -1 0
65 1 1
65 1 -1
65 -1 1
65 -1 -1
65 0 0
65 0 1
65 1 0
65 0 -1
65 -1 0
65 1 1
65 1 -1
65 -1 1
65 -1 -1
65 0 0
65 0 1
65 1 0
65 0 -1
65 -1 0
65 1 1
65 1 -1
65 -1 1
65 -1 -1
66 0 0
66 0 1
66 1 0
66 0 -1
66 -1 0
66 1 1
66 1 -1
66 -1 1
66 -1 -1
66 0 0
66 0 1
66 1 0
66 0 -1
66 -1 0
66 1 1
66 1 -1
66 -1 1
66 -1 -1
66 0 0
66 0 1
66 1 0
66 0 -1
66 -1 0
66 1 1
66 1 -1
66 -1 1
66 -1 -1
66 0 0
66 0 1
66 1 0
66 0 -1
66 -1 0
66 1 1
66 1 -1
66 -1 1
66 -1 -1
66 0 0
66 0 1
66 1 0
66 0 -1
66 -1 0
66 1 1
66 1 -1
66 -1 1
66 -1 -1
66 0 0
66 0 1
66 1 0
66 0 -1
66 -1 0
66 1 1
66 1 -1
66 -1 1
66 -1 -1
66 0 0
66 0 1
66 1 0
66 0 -1
66 -1 0
66 1 1
66 1 -1
66 -1 1
66 -1 -1
66 0 0
66 0 1
66 1 0
66 0 -1
66 -1 0
66 1 1
66 1 -1
66 -1 1
66 -1 -1
66 0 0
66 0 1
66 1 0
66 0 -1
66 -1 0
66 1 1
66 1 -1
66 -1 1
66 -1 -1
66 0 0
66 0 1
66 1 0
66 0 -1
66 -1 0
66 1 1
66 1 -1
66 -1 1
66 -1 -1
66 0 0
66 0 1
66 1 0
66 0 -1
66 -1 0
66 1 1
66 1 -1
66 -1 1
66 -1 -1
66 0 0
66 0 1
66 1 0
66 0 -1
66 -1 0
66 1 1
66 1 -1
66 -1 1
66 -1 -1
66 0 0
66 0 1
66 1 0
66 0 -1
66 -1 0
66 1 1
66 1 -1
66 -1 1
66 -1 -1
66 0 0
66 0 1
66 1 0
66 0 -1
66 -1 0
66 1 1
66 1 -1
66 -1 1
66 -1 -1
67 0 0
67 0 1
67 1 0
67 0 -1
67 -1 0
67 1 1
67 1 -1
67 -1 1
67 -1 -1
67 0 0
67 0 1
67 1 0
67 0 -1
67 -1 0
67 1 1
67 1 -1
67 -1 1
67 -1 -1
67 0 0
67 0 1
67 1 0
67 0 -1
67 -1 0
67 1 1
67 1 -1
67 -1 1
67 -1 -1
67 0 0
67 0 1
67 1 0
67 0 -1
67 -1 0
67 1 1
67 1 -1
67 -1 1
67 -1 -1
67 0 0
67 0 1
67 1 0
67 0 -1
67 -1 0
67 1 1
67 1 -1
67 -1 1
67 -1 -1
67 0 0
67 0 1
67 1 0
67 0 -1
67 -1 0
67 1 1
67 1 -1
67 -1 1
67 -1 -1
67 0 0
67 0 1
67 1 0
67 0 -1
67 -1 0
67 1 1
67 1 -1
67 -1 1
67 -1 -1
67 0 0
67 0 1
67 1 0
67 0 -1
67 -1 0
67 1 1
67 1 -1
67 -1 1
67 -1 -1
67 0 0
67 0 1
67 1 0
67 0 -1
67 -1 0
67 1 1
67 1 -1
67 -1 1
67 -1 -1
67 0 0
67 0 1
67 1 0
67 0 -1
67 -1 0
67 1 1
67 1 -1
67 -1 1
67 -1 -1
67 0 0
67 0 1
67 1 0
67 0 -1
67 -1 0
67 1 1
67 1 -1
67 -1 1
67 -1 -1
67 0 0
67 0 1
67 1 0
67 0 -1
67 -1 0
67 1 1
67 1 -1
67 -1 1
67 -1 -1
67 0 0
67 0 1
67 1 0
67 0 -1
67 -1 0
67 1 1
67 1 -1
67 -1 1
67 -1 -1
67 0 0
67 0 1
67 1 0
67 0 -1
67 -1 0
67 1 1
67 1 -1
67 -1 1
67 -1 -1
68 0 0
68 0 1
68 1 0
68 0 -1
68 -1 0
68 1 1
68 1 -1
68 -1 1
68 -1 -1
68 0 0
68 0 1
68 1 0
68 0 -1
68 -1 0
68 1 1
68 1 -1
68 -1 1
68 -1 -1
68 0 0
68 0 1
68 1 0
68 0 -1
68 -1 0
68 1 1
68 1 -1
68 -1 1
68 -1 -1
68 0 0
68 0 1
68 1 0
68 0 -1
68 -1 0
68 1 1
68 1 -1
68 -1 1
68 -1 -1
68 0 0
68 0 1
68 1 0
68 0 -1
68 -1 0
68 1 1
68 1 -1
68 -1 1
68 -1 -1
68 0 0
68 0 1
68 1 0
68 0 -1
68 -1 0
68 1 1
68 1 -1
68 -1 1
68 -1 -1
68 0 0
68 0 1
68 1 0
68 0 -1
68 -1 0
68 1 1
68 1 -1
68 -1 1
68 -1 -1
68 0 0
68 0 1
68 1 0
68 0 -1
68 -1 0
68 1 1
68 1 -1
68 -1 1
68 -1 -1
68 0 0
68 0 1
68 1 0
68 0 -1
68 -1 0
68 1 1
68 1 -1
68 -1 1
68 -1 -1
68 0 0
68 0 1
68 1 0
68 0 -1
68 -1 0
68 1 1
68 1 -1
68 -1 1
68 -1 -1
68 0 0
68 0 1
68 1 0
68 0 -1
68 -1 0
68 1 1
68 1 -1
68 -1 1
68 -1 -1
68 0 0
68 0 1
68 1 0
68 0 -1
68 -1 0
68 1 1
68 1 -1
68 -1 1
68 -1 -1
68 0 0
68 0 1
68 1 0
68 0 -1
68 -1 0
68 1 1
68 1 -1
68 -1 1
68 -1 -1
68 0 0
68 0 1
68 1 0
68 0 -1
68 -1 0
68 1 1
68 1 -1
68 -1 1
68 -1 -1
69 0 0
69 0 1
69 1 0
69 0 -1
69 -1 0
69 1 1
69 1 -1
69 -1 1
69 -1 -1
69 0 0
69 0 1
69 1 0
69 0 -1
69 -1 0
69 1 1
69 1 -1
69 -1 1
69 -1 -1
69 0 0
69 0 1
69 1 0
69 0 -1
69 -1 0
69 1 1
69 1 -1
69 -1 1
69 -1 -1
69 0 0
69 0 1
69 1 0
69 0 -1
69 -1 0
69 1 1
69 1 -1
69 -1 1
69 -1 -1
69 0 0
69 0 1
69 1 0
69 0 -1
69 -1 0
69 1 1
69 1 -1
69 -1 1
69 -1 -1
69 0 0
69 0 1
69 1 0
69 0 -1
69 -1 0
69 1 1
69 1 -1
69 -1 1
69 -1 -1
69 0 0
69 0 1
69 1 0
69 0 -1
69 -1 0
69 1 1
69 1 -1
69 -1 1
69 -1 -1
69 0 0
69 0 1
69 1 0
69 0 -1
69 -1 0
69 1 1
69 1 -1
69 -1 1
69 -1 -1
69 0 0
69 0 1
69 1 0
69 0 -1
69 -1 0
69 1 1
69 1 -1
69 -1 1
69 -1 -1
69 0 0
69 0 1
69 1 0
69 0 -1
69 -1 0
69 1 1
69 1 -1
69 -1 1
69 -1 -1
69 0 0
69 0 1
69 1 0
69 0 -1
69 -1 0
69 1 1
69 1 -1
69 -1 1
69 -1 -1
69 0 0
69 0 1
69 1 0
69 0 -1
69 -1 0
69 1 1
69 1 -1
69 -1 1
69 -1 -1
69 0 0
69 0 1
69 1 0
69 0 -1
69 -1 0
69 1 1
69 1 -1
69 -1 1
69 -1 -1
69 0 0
69 0 1
69 1 0
69 0 -1
69 -1 0
69 1 1
69 1 -1
69 -1 1
69 -1 -1
70 0 0
70 0 1
70 1 0
70 0 -1
70 -1 0
70 1 1
70 1 -1
70 -1 1
70 -1 -1
70 0 0
70 0 1
70 1 0
70 0 -1
70 -1 0
70 1 1
70 1 -1
70 -1 1
70 -1 -1
70 0 0
70 0 1
70 1 0
70 0 -1
70 -1 0
70 1 1
70 1 -1
70 -1 1
70 -1 -1
70 0 0
70 0 1
70 1 0
70 0 -1
70 -1 0
70 1 1
70 1 -1
70 -1 1
70 -1 -1
70 0 0
70 0 1
70 1 0
70 0 -1
70 -1 0
70 1 1
70 1 -1
70 -1 1
70 -1 -1
70 0 0
70 0 1
70 1 0
70 0 -1
70 -1 0
70 1 1
70 1 -1
70 -1 1
70 -1 -1
70 0 0
70 0 1
70 1 0
70 0 -1
70 -1 0
70 1 1
70 1 -1
70 -1 1
70 -1 -1
70 0 0
70 0 1
70 1 0
70 0 -1
70 -1 0
70 1 1
70 1 -1
70 -1 1
70 -1 -1
70 0 0
70 0 1
70 1 0
70 0 -1
70 -1 0
70 1 1
70 1 -1
70 -1 1
70 -1 -1
70 0 0
70 0 1
70 1 0
70 0 -1
70 -1 0
70 1 1
70 1 -1
70 -1 1
70 -1 -1
70 0 0
70 0 1
70 1 0
70 0 -1
70 -1 0
70 1 1
70 1 -1
70 -1 1
70 -1 -1
70 0 0
70 0 1
70 1 0
70 0 -1
70 -1 0
70 1 1
70 1 -1
70 -1 1
70 -1 -1
70 0 0
70 0 1
70 1 0
70 0 -1
70 -1 0
70 1 1
70 1 -1
70 -1 1
70 -1 -1
70 0 0
70 0 1
70 1 0
70 0 -1
70 -1 0
70 1 1
70 1 -1
70 -1 1
70 -1 -1
71 0 0
71 0 1
71 1 0
71 0 -1
71 -1 0
71 1 1
71 1 -1
71 -1 1
71 -1 -1
71 0 0
71 0 1
71 1 0
71 0 -1
71 -1 0
71 1 1
71 1 -1
71 -1 1
71 -1 -1
71 0 0
71 0 1
71 1 0
71 0 -1
71 -1 0
71 1 1
71 1 -1
71 -1 1
71 -1 -1
71 0 0
71 0 1
71 1 0
71 0 -1
71 -1 0
71 1 1
71 1 -1
71 -1 1
71 -1 -1
71 0 0
71 0 1
71 1 0
71 0 -1
71 -1 0
71 1 1
71 1 -1
71 -1 1
71 -1 -1
71 0 0
71 0 1
71 1 0
71 0 -1
71 -1 0
71 1 1
71 1 -1
71 -1 1
71 -1 -1
71 0 0
71 0 1
71 1 0
71 0 -1
71 -1 0
71 1 1
71 1 -1
71 -1 1
71 -1 -1
71 0 0
71 0 1
71 1 0
71 0 -1
71 -1 0
71 1 1
71 1 -1
71 -1 1
71 -1 -1
71 0 0
71 0 1
71 1 0
71 0 -1
71 -1 0
71 1 1
71 1 -1
71 -1 1
71 -1 -1
71 0 0
71 0 1
71 1 0
71 0 -1
71 -1 0
71 1 1
71 1 -1
71 -1 1
71 -1 -1
71 0 0
71 0 1
71 1 0
71 0 -1
71 -1 0
71 1 1
71 1 -1
71 -1 1
71 -1 -1
71 0 0
71 0 1
71 1 0
71 0 -1
71 -1 0
71 1 1
71 1 -1
71 -1 1
71 -1 -1
71 0 0
71 0 1
71 1 0
71 0 -1
71 -1 0
71 1 1
71 1 -1
71 -1 1
71 -1 -1
71 0 0
71 0 1
71 1 0
71 0 -1
71 -1 0
71 1 1
71 1 -1
71 -1 1
71 -1 -1
72 0 0
72 0 1
72 1 0
72 0 -1
72 -1 0
72 1 1
72 1 -1
72 -1 1
72 -1 -1
72 0 0
72 0 1
72 1 0
72 0 -1
72 -1 0
72 1 1
72 1 -1
72 -1 1
72 -1 -1
72 0 0
72 0 1
72 1 0
72 0 -1
72 -1 0
72 1 1
72 1 -1
72 -1 1
72 -1 -1
72 0 0
72 0 1
72 1 0
72 0 -1
72 -1 0
72 1 1
72 1 -1
72 -1 1
72 -1 -1
72 0 0
72 0 1
72 1 0
72 0 -1
72 -1 0
72 1 1
72 1 -1
72 -1 1
72 -1 -1
72 0 0
72 0 1
72 1 0
72 0 -1
72 -1 0
72 1 1
72 1 -1
72 -1 1
72 -1 -1
72 0 0
72 0 1
72 1 0
72 0 -1
72 -1 0
72 1 1
72 1 -1
72 -1 1
72 -1 -1
72 0 0
72 0 1
72 1 0
72 0 -1
72 -1 0
72 1 1
72 1 -1
72 -1 1
72 -1 -1
72 0 0
72 0 1
72 1 0
72 0 -1
72 -1 0
72 1 1
72 1 -1
72 -1 1
72 -1 -1
72 0 0
72 0 1
72 1 0
72 0 -1
72 -1 0
72 1 1
72 1 -1
72 -1 1
72 -1 -1
72 0 0
72 0 1
72 1 0
72 0 -1
72 -1 0
72 1 1
72 1 -1
72 -1 1
72 -1 -1
72 0 0
72 0 1
72 1 0
72 0 -1
72 -1 0
72 1 1
72 1 -1
72 -1 1
72 -1 -1
72 0 0
72 0 1
72 1 0
72 0 -1
72 -1 0
72 1 1
72 1 -1
72 -1 1
72 -1 -1
72 0 0
72 0 1
72 1 0
72 0 -1
72 -1 0
72 1 1
72 1 -1
72 -1 1
72 -1 -1
73 0 0
73 0 1
73 1 0
73 0 -1
73 -1 0
73 1 1
73 1 -1
73 -1 1
73 -1 -1
73 0 0
73 0 1
73 1 0
73 0 -1
73 -1 0
73 1 1
73 1 -1
73 -1 1
73 -1 -1
73 0 0
73 0 1
73 1 0
73 0 -1
73 -1 0
73 1 1
73 1 -1
73 -1 1
73 -1 -1
73 0 0
73 0 1
73 1 0
73 0 -1
73 -1 0
73 1 1
73 1 -1
73 -1 1
73 -1 -1
73 0 0
73 0 1
73 1 0
73 0 -1
73 -1 0
73 1 1
73 1 -1
73 -1 1
73 -1 -1
73 0 0
73 0 1
73 1 0
73 0 -1
73 -1 0
73 1 1
73 1 -1
73 -1 1
73 -1 -1
73 0 0
73 0 1
73 1 0
73 0 -1
73 -1 0
73 1 1
73 1 -1
73 -1 1
73 -1 -1
73 0 0
73 0 1
73 1 0
73 0 -1
73 -1 0
73 1 1
73 1 -1
73 -1 1
73 -1 -1
73 0 0
73 0 1
73 1 0
73 0 -1
73 -1 0
73 1 1
73 1 -1
73 -1 1
73 -1 -1
73 0 0
73 0 1
73 1 0
73 0 -1
73 -1 0
73 1 1
73 1 -1
73 -1 1
73 -1 -1
73 0 0
73 0 1
73 1 0
73 0 -1
73 -1 0
73 1 1
73 1 -1
73 -1 1
73 -1 -1
73 0 0
73 0 1
73 1 0
73 0 -1
73 -1 0
73 1 1
73 1 -1
73 -1 1
73 -1 -1
73 0 0
73 0 1
73 1 0
73 0 -1
73 -1 0
73 1 1
73 1 -1
73 -1 1
73 -1 -1
73 0 0
73 0 1
73 1 0
73 0 -1
73 -1 0
73 1 1
73 1 -1
73 -1 1
73 -1 -1
74 0 0
74 0 1
74 1 0
74 0 -1
74 -1 0
74 1 1
74 1 -1
74 -1 1
74 -1 -1
74 0 0
74 0 1
74 1 0
74 0 -1
74 -1 0
74 1 1
74 1 -1
74 -1 1
74 -1 -1
74 0 0
74 0 1
74 1 0
74 0 -1
74 -1 0
74 1 1
74 1 -1
74 -1 1
74 -1 -1
74 0 0
74 0 1
74 1 0
74 0 -1
74 -1 0
74 1 1
74 1 -1
74 -1 1
74 -1 -1
74 0 0
74 0 1
74 1 0
74 0 -1
74 -1 0
74 1 1
74 1 -1
74 -1 1
74 -1 -1
74 0 0
74 0 1
74 1 0
74 0 -1
74 -1 0
74 1 1
74 1 -1
74 -1 1
74 -1 -1
74 0 0
74 0 1
74 1 0
74 0 -1
74 -1 0
74 1 1
74 1 -1
74 -1 1
74 -1 -1
74 0 0
74 0 1
74 1 0
74 0 -1
74 -1 0
74 1 1
74 1 -1
74 -1 1
74 -1 -1
74 0 0
74 0 1
74 1 0
74 0 -1
74 -1 0
74 1 1
74 1 -1
74 -1 1
74 -1 -1
74 0 0
74 0 1
74 1 0
74 0 -1
74 -1 0
74 1 1
74 1 -1
74 -1 1
74 -1 -1
74 0 0
74 0 1
74 1 0
74 0 -1
74 -1 0
74 1 1
74 1 -1
74 -1 1
74 -1 -1
74 0 0
74 0 1
74 1 0
74 0 -1
74 -1 0
74 1 1
74 1 -1
74 -1 1
74 -1 -1
74 0 0
74 0 1
74 1 0
74 0 -1
74 -1 0
74 1 1
74 1 -1
74 -1 1
74 -1 -1
74 0 0
74 0 1
74 1 0
74 0 -1
74 -1 0
74 1 1
74 1 -1
74 -1 1
74 -1 -1
75 0 0
75 0 1
75 1 0
75 0 -1
75 -1 0
75 1 1
75 1 -1
75 -1 1
75 -1 -1
75 0 0
75 0 1
75 1 0
75 0 -1
75 -1 0
75 1 1
75 1 -1
75 -1 1
75 -1 -1
75 0 0
75 0 1
75 1 0
75 0 -1
75 -1 0
75 1 1
75 1 -1
75 -1 1
75 -1 -1
75 0 0
75 0 1
75 1 0
75 0 -1
75 -1 0
75 1 1
75 1 -1
75 -1 1
75 -1 -1
75 0 0
75 0 1
75 1 0
75 0 -1
75 -1 0
75 1 1
75 1 -1
75 -1 1
75 -1 -1
75 0 0
75 0 1
75 1 0
75 0 -1
75 -1 0
75 1 1
75 1 -1
75 -1 1
75 -1 -1
75 0 0
75 0 1
75 1 0
75 0 -1
75 -1 0
75 1 1
75 1 -1
75 -1 1
75 -1 -1
75 0 0
75 0 1
75 1 0
75 0 -1
75 -1 0
75 1 1
75 1 -1
75 -1 1
75 -1 -1
75 0 0
75 0 1
75 1 0
75 0 -1
75 -1 0
75 1 1
75 1 -1
75 -1 1
75 -1 -1
75 0 0
75 0 1
75 1 0
75 0 -1
75 -1 0
75 1 1
75 1 -1
75 -1 1
75 -1 -1
75 0 0
75 0 1
75 1 0
75 0 -1
75 -1 0
75 1 1
75 1 -1
75 -1 1
75 -1 -1
75 0 0
75 0 1
75 1 0
75 0 -1
75 -1 0
75 1 1
75 1 -1
75 -1 1
75 -1 -1
75 0 0
75 0 1
75 1 0
75 0 -1
75 -1 0
75 1 1
75 1 -1
75 -1 1
75 -1 -1
75 0 0
75 0 1
75 1 0
75 0 -1
75 -1 0
75 1 1
75 1 -1
75 -1 1
75 -1 -1
76 0 0
76 0 1
76 1 0
76 0 -1
76 -1 0
76 1 1
76 1 -1
76 -1 1
76 -1 -1
76 0 0
76 0 1
76 1 0
76 0 -1
76 -1 0
76 1 1
76 1 -1
76 -1 1
76 -1 -1
76 0 0
76 0 1
76 1 0
76 0 -1
76 -1 0
76 1 1
76 1 -1
76 -1 1
76 -1 -1
76 0 0
76 0 1
76 1 0
76 0 -1
76 -1 0
76 1 1
76 1 -1
76 -1 1
76 -1 -1
76 0 0
76 0 1
76 1 0
76 0 -1
76 -1 0
76 1 1
76 1 -1
76 -1 1
76 -1 -1
76 0 0
76 0 1
76 1 0
76 0 -1
76 -1 0
76 1 1
76 1 -1
76 -1 1
76 -1 -1
76 0 0
76 0 1
76 1 0
76 0 -1
76 -1 0
76 1 1
76 1 -1
76 -1 1
76 -1 -1
76 0 0
76 0 1
76 1 0
76 0 -1
76 -1 0
76 1 1
76 1 -1
76 -1 1
76 -1 -1
76 0 0
76 0 1
76 1 0
76 0 -1
76 -1 0
76 1 1
76 1 -1
76 -1 1
76 -1 -1
76 0 0
76 0 1
76 1 0
76 0 -1
76 -1 0
76 1 1
76 1 -1
76 -1 1
76 -1 -1
76 0 0
76 0 1
76 1 0
76 0 -1
76 -1 0
76 1 1
76 1 -1
76 -1 1
76 -1 -1
76 0 0
76 0 1
76 1 0
76 0 -1
76 -1 0
76 1 1
76 1 -1
76 -1 1
76 -1 -1
76 0 0
76 0 1
76 1 0
76 0 -1
76 -1 0
76 1 1
76 1 -1
76 -1 1
76 -1 -1
76 0 0
76 0 1
76 1 0
76 0 -1
76 -1 0
76 1 1
76 1 -1
76 -1 1
76 -1 -1
77 0 0
77 0 1
77 1 0
77 0 -1
77 -1 0
77 1 1
77 1 -1
77 -1 1
77 -1 -1
77 0 0
77 0 1
77 1 0
77 0 -1
77 -1 0
77 1 1
77 1 -1
77 -1 1
77 -1 -1
77 0 0
77 0 1
77 1 0
77 0 -1
77 -1 0
77 1 1
77 1 -1
77 -1 1
77 -1 -1
77 0 0
77 0 1
77 1 0
77 0 -1
77 -1 0
77 1 1
77 1 -1
77 -1 1
77 -1 -1
77 0 0
77 0 1
77 1 0
77 0 -1
77 -1 0
77 1 1
77 1 -1
77 -1 1
77 -1 -1
77 0 0
77 0 1
77 1 0
77 0 -1
77 -1 0
77 1 1
77 1 -1
77 -1 1
77 -1 -1
77 0 0
77 0 1
77 1 0
77 0 -1
77 -1 0
77 1 1
77 1 -1
77 -1 1
77 -1 -1
77 0 0
77 0 1
77 1 0
77 0 -1
77 -1 0
77 1 1
77 1 -1
77 -1 1
77 -1 -1
77 0 0
77 0 1
77 1 0
77 0 -1
77 -1 0
77 1 1
77 1 -1
77 -1 1
77 -1 -1
77 0 0
77 0 1
77 1 0
77 0 -1
77 -1 0
77 1 1
77 1 -1
77 -1 1
77 -1 -1
77 0 0
77 0 1
77 1 0
77 0 -1
77 -1 0
77 1 1
77 1 -1
77 -1 1
77 -1 -1
77 0 0
77 0 1
77 1 0
77 0 -1
77 -1 0
77 1 1
77 1 -1
77 -1 1
77 -1 -1
77 0 0
77 0 1
77 1 0
77 0 -1
77 -1 0
77 1 1
77 1 -1
77 -1 1
77 -1 -1
77 0 0
77 0 1
77 1 0
77 0 -1
77 -1 0
77 1 1
77 1 -1
77 -1 1
77 -1 -1
78 0 0
78 0 1
78 1 0
78 0 -1
78 -1 0
78 1 1
78 1 -1
78 -1 1
78 -1 -1
78 0 0
78 0 1
78 1 0
78 0 -1
78 -1 0
78 1 1
78 1 -1
78 -1 1
78 -1 -1
78 0 0
78 0 1
78 1 0
78 0 -1
78 -1 0
78 1 1
78 1 -1
78 -1 1
78 -1 -1
78 0 0
78 0 1
78 1 0
78 0 -1
78 -1 0
78 1 1
78 1 -1
78 -1 1
78 -1 -1
78 0 0
78 0 1
78 1 0
78 0 -1
78 -1 0
78 1 1
78 1 -1
78 -1 1
78 -1 -1
78 0 0
78 0 1
78 1 0
78 0 -1
78 -1 0
78 1 1
78 1 -1
78 -1 1
78 -1 -1
78 0 0
78 0 1
78 1 0
78 0 -1
78 -1 0
78 1 1
78 1 -1
78 -1 1
78 -1 -1
78 0 0
78 0 1
78 1 0
78 0 -1
78 -1 0
78 1 1
78 1 -1
78 -1 1
78 -1 -1
78 0 0
78 0 1
78 1 0
78 0 -1
78 -1 0
78 1 1
78 1 -1
78 -1 1
78 -1 -1
78 0 0
78 0 1
78 1 0
78 0 -1
78 -1 0
78 1 1
78 1 -1
78 -1 1
78 -1 -1
78 0 0
78 0 1
78 1 0
78 0 -1
78 -1 0
78 1 1
78 1 -1
78 -1 1
78 -1 -1
78 0 0
78 0 1
78 1 0
78 0 -1
78 -1 0
78 1 1
78 1 -1
78 -1 1
78 -1 -1
78 0 0
78 0 1
78 1 0
78 0 -1
78 -1 0
78 1 1
78 1 -1
78 -1 1
78 -1 -1
78 0 0
78 0 1
78 1 0
78 0 -1
78 -1 0
78 1 1
78 1 -1
78 -1 1
78 -1 -1
78 0 0
78 0 1
78 1 0
78 0 -1
78 -1 0
78 1 1
78 1 -1
78 -1 1
78 -1 -1
79 0 0
79 0 1
79 1 0
79 0 -1
79 -1 0
79 1 1
79 1 -1
79 -1 1
79 -1 -1
79 0 0
79 0 1
79 1 0
79 0 -1
79 -1 0
79 1 1
79 1 -1
79 -1 1
79 -1 -1
79 0 0
79 0 1
79 1 0
79 0 -1
79 -1 0
79 1 1
79 1 -1
79 -1 1
79 -1 -1
79 0 0
79 0 1
79 1 0
79 0 -1
79 -1 0
79 1 1
79 1 -1
79 -1 1
79 -1 -1
79 0 0
79 0 1
79 1 0
79 0 -1
79 -1 0
79 1 1
79 1 -1
79 -1 1
79 -1 -1
79 0 0
79 0 1
79 1 0
79 0 -1
79 -1 0
79 1 1
79 1 -1
79 -1 1
79 -1 -1
79 0 0
79 0 1
79 1 0
79 0 -1
79 -1 0
79 1 1
79 1 -1
79 -1 1
79 -1 -1
79 0 0
79 0 1
79 1 0
79 0 -1
79 -1 0
79 1 1
79 1 -1
79 -1 1
79 -1 -1
79 0 0
79 0 1
79 1 0
79 0 -1
79 -1 0
79 1 1
79 1 -1
79 -1 1
79 -1 -1
79 0 0
79 0 1
79 1 0
79 0 -1
79 -1 0
79 1 1
79 1 -1
79 -1 1
79 -1 -1
79 0 0
79 0 1
79 1 0
79 0 -1
79 -1 0
79 1 1
79 1 -1
79 -1 1
79 -1 -1
79 0 0
79 0 1
79 1 0
79 0 -1
79 -1 0
79 1 1
79 1 -1
79 -1 1
79 -1 -1
79 0 0
79 0 1
79 1 0
79 0 -1
79 -1 0
79 1 1
79 1 -1
79 -1 1
79 -1 -1
79 0 0
79 0 1
79 1 0
79 0 -1
79 -1 0
79 1 1
79 1 -1
79 -1 1
79 -1 -1
79 0 0
79 0 1
79 1 0
79 0 -1
79 -1 0
79 1 1
79 1 -1
79 -1 1
79 -1 -1
80 0 0
80 0 1
80 1 0
80 0 -1
80 -1 0
80 1 1
80 1 -1
80 -1 1
80 -1 -1
80 0 0
80 0 1
80 1 0
80 0 -1
80 -1 0
80 1 1
80 1 -1
80 -1 1
80 -1 -1
80 0 0
80 0 1
80 1 0
80 0 -1
80 -1 0
80 1 1
80 1 -1
80 -1 1
80 -1 -1
80 0 0
80 0 1
80 1 0
80 0 -1
80 -1 0
80 1 1
80 1 -1
80 -1 1
80 -1 -1
80 0 0
80 0 1
80 1 0
80 0 -1
80 -1 0
80 1 1
80 1 -1
80 -1 1
80 -1 -1
80 0 0
80 0 1
80 1 0
80 0 -1
80 -1 0
80 1 1
80 1 -1
80 -1 1
80 -1 -1
80 0 0
80 0 1
80 1 0
80 0 -1
80 -1 0
80 1 1
80 1 -1
80 -1 1
80 -1 -1
80 0 0
80 0 1
80 1 0
80 0 -1
80 -1 0
80 1 1
80 1 -1
80 -1 1
80 -1 -1
80 0 0
80 0 1
80 1 0
80 0 -1
80 -1 0
80 1 1
80 1 -1
80 -1 1
80 -1 -1
80 0 0
80 0 1
80 1 0
80 0 -1
80 -1 0
80 1 1
80 1 -1
80 -1 1
80 -1 -1
80 0 0
80 0 1
80 1 0
80 0 -1
80 -1 0
80 1 1
80 1 -1
80 -1 1
80 -1 -1
80 0 0
80 0 1
80 1 0
80 0 -1
80 -1 0
80 1 1
80 1 -1
80 -1 1
80 -1 -1
80 0 0
80 0 1
80 1 0
80 0 -1
80 -1 0
80 1 1
80 1 -1
80 -1 1
80 -1 -1
80 0 0
80 0 1
80 1 0
80 0 -1
80 -1 0
80 1 1
80 1 -1
80 -1 1
80 -1 -1
80 0 0
80 0 1
80 1 0
80 0 -1
80 -1 0
80 1 1
80 1 -1
80 -1 1
80 -1 -1
81 0 0
81 0 1
81 1 0
81 0 -1
81 -1 0
81 1 1
81 1 -1
81 -1 1
81 -1 -1
81 0 0
81 0 1
81 1 0
81 0 -1
81 -1 0
81 1 1
81 1 -1
81 -1 1
81 -1 -1
81 0 0
81 0 1
81 1 0
81 0 -1
81 -1 0
81 1 1
81 1 -1
81 -1 1
81 -1 -1
81 0 0
81 0 1
81 1 0
81 0 -1
81 -1 0
81 1 1
81 1 -1
81 -1 1
81 -1 -1
81 0 0
81 0 1
81 1 0
81 0 -1
81 -1 0
81 1 1
81 1 -1
81 -1 1
81 -1 -1
81 0 0
81 0 1
81 1 0
81 0 -1
81 -1 0
81 1 1
81 1 -1
81 -1 1
81 -1 -1
81 0 0
81 0 1
81 1 0
81 0 -1
81 -1 0
81 1 1
81 1 -1
81 -1 1
81 -1 -1
81 0 0
81 0 1
81 1 0
81 0 -1
81 -1 0
81 1 1
81 1 -1
81 -1 1
81 -1 -1
81 0 0
81 0 1
81 1 0
81 0 -1
81 -1 0
81 1 1
81 1 -1
81 -1 1
81 -1 -1
81 0 0
81 0 1
81 1 0
81 0 -1
81 -1 0
81 1 1
81 1 -1
81 -1 1
81 -1 -1
81 0 0
81 0 1
81 1 0
81 0 -1
81 -1 0
81 1 1
81 1 -1
81 -1 1
81 -1 -1
81 0 0
81 0 1
81 1 0
81 0 -1
81 -1 0
81 1 1
81 1 -1
81 -1 1
81 -1 -1
81 0 0
81 0 1
81 1 0
81 0 -1
81 -1 0
81 1 1
81 1 -1
81 -1 1
81 -1 -1
81 0 0
81 0 1
81 1 0
81 0 -1
81 -1 0
81 1 1
81 1 -1
81 -1 1
81 -1 -1
81 0 0
81 0 1
81 1 0
81 0 -1
81 -1 0
81 1 1
81 1 -1
81 -1 1
81 -1 -1
81 0 0
81 0 1
81 1 0
81 0 -1
81 -1 0
81 1 1
81 1 -1
81 -1 1
81 -1 -1
-1 -1 -1
70
80
40
58
79
54
51
63
45
69
55
37
78
76
44
0
56
60
50
47
48
1
65
75
38
66
42
52
46
41
34
73
39
71
67
43
68
30
61
35
62
64
77
59
49
36
53
32
72
57
74
33
31
29
5
26
27
28
25
4
24
6
2
23
9
21
11
22
7
20
3
19
18
17
15
16
10
13
14
8
12
81
