357 425 424 0 430 433 359 309 320 327 336 284 13 257 277 230 26 211 275 312 303 39 296 319
52 260 249 262 264 276 65 207 78 233 243 192 91 173 206 171 104 117 130 233 223 222 222 234
197 143 235 250 251 217 194 159 176 186 205 188 177 179 189 179 162 159 183 212 232 233 230 204
222 229 240 254 250 235 208 191 156 199 202 199 197 201 205 203 198 169 215 236 248 251 243 234
262 266 271 273 269 256 236 182 217 224 227 195 208 233 221 240 234 244 255 269 277 279 272 247
302 304 304 303 298 287 271 262 260 267 267 269 273 280 286 290 286 298 303 309 314 317 312 299
345 343 341 338 333 325 312 312 312 315 319 325 338 334 351 342 364 349 350 352 354 357 377 351
390 382 380 378 374 367 362 360 362 365 372 377 380 382 384 389 393 403 397 396 394 396 395 392
424 416 419 429 414 409 407 409 411 414 419 442 424 423 424 428 433 439 455 438 434 432 430 428
462 459 458 456 453 450 450 454 468 459 463 466 466 463 463 466 472 481 480 477 472 469 468 465
503 500 497 493 490 489 492 496 499 502 503 505 507 505 494 506 512 518 520 517 507 509 507 505
545 543 539 533 520 531 533 537 540 542 546 545 547 559 548 548 552 557 572 558 555 552 549 546
585 598 580 575 573 574 577 580 582 585 586 586 586 588 592 593 594 595 597 601 600 598 592 586
611 620 620 618 618 619 624 624 626 627 637 622 621 623 631 650 634 629 630 636 663 642 636 629
658 656 659 661 662 663 664 669 676 666 658 655 653 655 663 689 665 660 661 667 671 675 702 665
693 694 699 704 715 703 706 709 728 695 685 682 683 685 688 688 688 687 690 692 694 699 700 698
725 728 741 754 743 739 738 767 728 716 707 706 715 716 712 701 701 714 720 722 715 717 721 723
755 758 764 780 778 772 764 749 739 728 723 724 733 793 724 708 706 721 806 733 729 736 746 753
787 781 783 788 819 832 769 751 742 737 735 736 743 738 724 702 696 709 719 728 732 755 779 790
804 801 801 794 792 779 760 745 743 745 745 747 744 734 710 685 670 672 685 703 724 754 845 858
784 871 803 793 777 754 732 724 746 756 761 749 765 747 707 648 624 625 648 680 711 736 755 767
726 764 804 800 779 728 692 677 701 884 723 744 763 897 656 584 554 558 593 672 707 715 680 688
632 720 774 910 766 707 622 593 610 619 628 647 923 636 554 482 453 463 509 593 936 619 578 587
512 599 949 651 962 598 511 473 465 472 472 470 458 440 402 342 317 331 395 473 466 457 419 462
0 0 0
0 0 1
0 1 0
0 0 -1
0 -1 0
0 1 1
0 1 -1
0 -1 1
0 -1 -1
0 0 0
0 0 1
0 1 0
0 0 -1
0 -1 0
0 1 1
0 1 -1
0 -1 1
0 -1 -1
0 0 0
0 0 1
0 1 0
0 0 -1
0 -1 0
0 1 1
0 1 -1
0 -1 1
0 -1 -1
0 0 0
0 0 1
0 1 0
0 0 -1
0 -1 0
0 1 1
0 1 -1
0 -1 1
0 -1 -1
0 0 0
0 0 1
0 1 0
0 0 -1
0 -1 0
0 1 1
0 1 -1
0 -1 1
0 -1 -1
0 0 0
0 0 1
0 1 0
0 0 -1
0 -1 0
0 1 1
0 1 -1
0 -1 1
0 -1 -1
0 0 0
0 0 1
0 1 0
0 0 -1
0 -1 0
0 1 1
0 1 -1
0 -1 1
0 -1 -1
0 0 0
0 0 1
0 1 0
0 0 -1
0 -1 0
0 1 1
0 1 -1
0 -1 1
0 -1 -1
0 0 0
0 0 1
0 1 0
0 0 -1
0 -1 0
0 1 1
0 1 -1
0 -1 1
0 -1 -1
0 0 0
0 0 1
0 1 0
0 0 -1
0 -1 0
0 1 1
0 1 -1
0 -1 1
0 -1 -1
0 0 0
0 0 1
0 1 0
0 0 -1
0 -1 0
0 1 1
0 1 -1
0 -1 1
0 -1 -1
0 0 0
0 0 1
0 1 0
0 0 -1
0 -1 0
0 1 1
0 1 -1
0 -1 1
0 -1 -1
0 0 0
0 0 1
0 1 0
0 0 -1
0 -1 0
0 1 1
0 1 -1
0 -1 1
0 -1 -1
0 0 0
0 0 1
0 1 0
0 0 -1
0 -1 0
0 1 1
0 1 -1
0 -1 1
0 -1 -1
1 0 0
1 0 1
1 1 0
1 0 -1
1 -1 0
1 1 1
1 1 -1
1 -1 1
1 -1 -1
1 0 0
1 0 1
1 1 0
1 0 -1
1 -1 0
1 1 1
1 1 -1
1 -1 1
1 -1 -1
1 0 0
1 0 1
1 1 0
1 0 -1
1 -1 0
1 1 1
1 1 -1
1 -1 1
1 -1 -1
1 0 0
1 0 1
1 1 0
1 0 -1
1 -1 0
1 1 1
1 1 -1
1 -1 1
1 -1 -1
1 0 0
1 0 1
1 1 0
1 0 -1
1 -1 0
1 1 1
1 1 -1
1 -1 1
1 -1 -1
1 0 0
1 0 1
1 1 0
1 0 -1
1 -1 0
1 1 1
1 1 -1
1 -1 1
1 -1 -1
1 0 0
1 0 1
1 1 0
1 0 -1
1 -1 0
1 1 1
1 1 -1
1 -1 1
1 -1 -1
1 0 0
1 0 1
1 1 0
1 0 -1
1 -1 0
1 1 1
1 1 -1
1 -1 1
1 -1 -1
1 0 0
1 0 1
1 1 0
1 0 -1
1 -1 0
1 1 1
1 1 -1
1 -1 1
1 -1 -1
1 0 0
1 0 1
1 1 0
1 0 -1
1 -1 0
1 1 1
1 1 -1
1 -1 1
1 -1 -1
1 0 0
1 0 1
1 1 0
1 0 -1
1 -1 0
1 1 1
1 1 -1
1 -1 1
1 -1 -1
1 0 0
1 0 1
1 1 0
1 0 -1
1 -1 0
1 1 1
1 1 -1
1 -1 1
1 -1 -1
1 0 0
1 0 1
1 1 0
1 0 -1
1 -1 0
1 1 1
1 1 -1
1 -1 1
1 -1 -1
1 0 0
1 0 1
1 1 0
1 0 -1
1 -1 0
1 1 1
1 1 -1
1 -1 1
1 -1 -1
2 0 0
2 0 1
2 1 0
2 0 -1
2 -1 0
2 1 1
2 1 -1
2 -1 1
2 -1 -1
2 0 0
2 0 1
2 1 0
2 0 -1
2 -1 0
2 1 1
2 1 -1
2 -1 1
2 -1 -1
2 0 0
2 0 1
2 1 0
2 0 -1
2 -1 0
2 1 1
2 1 -1
2 -1 1
2 -1 -1
2 0 0
2 0 1
2 1 0
2 0 -1
2 -1 0
2 1 1
2 1 -1
2 -1 1
2 -1 -1
2 0 0
2 0 1
2 1 0
2 0 -1
2 -1 0
2 1 1
2 1 -1
2 -1 1
2 -1 -1
2 0 0
2 0 1
2 1 0
2 0 -1
2 -1 0
2 1 1
2 1 -1
2 -1 1
2 -1 -1
2 0 0
2 0 1
2 1 0
2 0 -1
2 -1 0
2 1 1
2 1 -1
2 -1 1
2 -1 -1
2 0 0
2 0 1
2 1 0
2 0 -1
2 -1 0
2 1 1
2 1 -1
2 -1 1
2 -1 -1
2 0 0
2 0 1
2 1 0
2 0 -1
2 -1 0
2 1 1
2 1 -1
2 -1 1
2 -1 -1
2 0 0
2 0 1
2 1 0
2 0 -1
2 -1 0
2 1 1
2 1 -1
2 -1 1
2 -1 -1
2 0 0
2 0 1
2 1 0
2 0 -1
2 -1 0
2 1 1
2 1 -1
2 -1 1
2 -1 -1
2 0 0
2 0 1
2 1 0
2 0 -1
2 -1 0
2 1 1
2 1 -1
2 -1 1
2 -1 -1
2 0 0
2 0 1
2 1 0
2 0 -1
2 -1 0
2 1 1
2 1 -1
2 -1 1
2 -1 -1
2 0 0
2 0 1
2 1 0
2 0 -1
2 -1 0
2 1 1
2 1 -1
2 -1 1
2 -1 -1
3 0 0
3 0 1
3 1 0
3 0 -1
3 -1 0
3 1 1
3 1 -1
3 -1 1
3 -1 -1
3 0 0
3 0 1
3 1 0
3 0 -1
3 -1 0
3 1 1
3 1 -1
3 -1 1
3 -1 -1
3 0 0
3 0 1
3 1 0
3 0 -1
3 -1 0
3 1 1
3 1 -1
3 -1 1
3 -1 -1
3 0 0
3 0 1
3 1 0
3 0 -1
3 -1 0
3 1 1
3 1 -1
3 -1 1
3 -1 -1
3 0 0
3 0 1
3 1 0
3 0 -1
3 -1 0
3 1 1
3 1 -1
3 -1 1
3 -1 -1
3 0 0
3 0 1
3 1 0
3 0 -1
3 -1 0
3 1 1
3 1 -1
3 -1 1
3 -1 -1
3 0 0
3 0 1
3 1 0
3 0 -1
3 -1 0
3 1 1
3 1 -1
3 -1 1
3 -1 -1
3 0 0
3 0 1
3 1 0
3 0 -1
3 -1 0
3 1 1
3 1 -1
3 -1 1
3 -1 -1
3 0 0
3 0 1
3 1 0
3 0 -1
3 -1 0
3 1 1
3 1 -1
3 -1 1
3 -1 -1
3 0 0
3 0 1
3 1 0
3 0 -1
3 -1 0
3 1 1
3 1 -1
3 -1 1
3 -1 -1
3 0 0
3 0 1
3 1 0
3 0 -1
3 -1 0
3 1 1
3 1 -1
3 -1 1
3 -1 -1
3 0 0
3 0 1
3 1 0
3 0 -1
3 -1 0
3 1 1
3 1 -1
3 -1 1
3 -1 -1
3 0 0
3 0 1
3 1 0
3 0 -1
3 -1 0
3 1 1
3 1 -1
3 -1 1
3 -1 -1
3 0 0
3 0 1
3 1 0
3 0 -1
3 -1 0
3 1 1
3 1 -1
3 -1 1
3 -1 -1
4 0 0
4 0 1
4 1 0
4 0 -1
4 -1 0
4 1 1
4 1 -1
4 -1 1
4 -1 -1
4 0 0
4 0 1
4 1 0
4 0 -1
4 -1 0
4 1 1
4 1 -1
4 -1 1
4 -1 -1
4 0 0
4 0 1
4 1 0
4 0 -1
4 -1 0
4 1 1
4 1 -1
4 -1 1
4 -1 -1
4 0 0
4 0 1
4 1 0
4 0 -1
4 -1 0
4 1 1
4 1 -1
4 -1 1
4 -1 -1
4 0 0
4 0 1
4 1 0
4 0 -1
4 -1 0
4 1 1
4 1 -1
4 -1 1
4 -1 -1
4 0 0
4 0 1
4 1 0
4 0 -1
4 -1 0
4 1 1
4 1 -1
4 -1 1
4 -1 -1
4 0 0
4 0 1
4 1 0
4 0 -1
4 -1 0
4 1 1
4 1 -1
4 -1 1
4 -1 -1
4 0 0
4 0 1
4 1 0
4 0 -1
4 -1 0
4 1 1
4 1 -1
4 -1 1
4 -1 -1
4 0 0
4 0 1
4 1 0
4 0 -1
4 -1 0
4 1 1
4 1 -1
4 -1 1
4 -1 -1
4 0 0
4 0 1
4 1 0
4 0 -1
4 -1 0
4 1 1
4 1 -1
4 -1 1
4 -1 -1
4 0 0
4 0 1
4 1 0
4 0 -1
4 -1 0
4 1 1
4 1 -1
4 -1 1
4 -1 -1
4 0 0
4 0 1
4 1 0
4 0 -1
4 -1 0
4 1 1
4 1 -1
4 -1 1
4 -1 -1
4 0 0
4 0 1
4 1 0
4 0 -1
4 -1 0
4 1 1
4 1 -1
4 -1 1
4 -1 -1
4 0 0
4 0 1
4 1 0
4 0 -1
4 -1 0
4 1 1
4 1 -1
4 -1 1
4 -1 -1
5 0 0
5 0 1
5 1 0
5 0 -1
5 -1 0
5 1 1
5 1 -1
5 -1 1
5 -1 -1
5 0 0
5 0 1
5 1 0
5 0 -1
5 -1 0
5 1 1
5 1 -1
5 -1 1
5 -1 -1
5 0 0
5 0 1
5 1 0
5 0 -1
5 -1 0
5 1 1
5 1 -1
5 -1 1
5 -1 -1
5 0 0
5 0 1
5 1 0
5 0 -1
5 -1 0
5 1 1
5 1 -1
5 -1 1
5 -1 -1
5 0 0
5 0 1
5 1 0
5 0 -1
5 -1 0
5 1 1
5 1 -1
5 -1 1
5 -1 -1
5 0 0
5 0 1
5 1 0
5 0 -1
5 -1 0
5 1 1
5 1 -1
5 -1 1
5 -1 -1
5 0 0
5 0 1
5 1 0
5 0 -1
5 -1 0
5 1 1
5 1 -1
5 -1 1
5 -1 -1
5 0 0
5 0 1
5 1 0
5 0 -1
5 -1 0
5 1 1
5 1 -1
5 -1 1
5 -1 -1
5 0 0
5 0 1
5 1 0
5 0 -1
5 -1 0
5 1 1
5 1 -1
5 -1 1
5 -1 -1
5 0 0
5 0 1
5 1 0
5 0 -1
5 -1 0
5 1 1
5 1 -1
5 -1 1
5 -1 -1
5 0 0
5 0 1
5 1 0
5 0 -1
5 -1 0
5 1 1
5 1 -1
5 -1 1
5 -1 -1
5 0 0
5 0 1
5 1 0
5 0 -1
5 -1 0
5 1 1
5 1 -1
5 -1 1
5 -1 -1
5 0 0
5 0 1
5 1 0
5 0 -1
5 -1 0
5 1 1
5 1 -1
5 -1 1
5 -1 -1
5 0 0
5 0 1
5 1 0
5 0 -1
5 -1 0
5 1 1
5 1 -1
5 -1 1
5 -1 -1
6 0 0
6 0 1
6 1 0
6 0 -1
6 -1 0
6 1 1
6 1 -1
6 -1 1
6 -1 -1
6 0 0
6 0 1
6 1 0
6 0 -1
6 -1 0
6 1 1
6 1 -1
6 -1 1
6 -1 -1
6 0 0
6 0 1
6 1 0
6 0 -1
6 -1 0
6 1 1
6 1 -1
6 -1 1
6 -1 -1
6 0 0
6 0 1
6 1 0
6 0 -1
6 -1 0
6 1 1
6 1 -1
6 -1 1
6 -1 -1
6 0 0
6 0 1
6 1 0
6 0 -1
6 -1 0
6 1 1
6 1 -1
6 -1 1
6 -1 -1
6 0 0
6 0 1
6 1 0
6 0 -1
6 -1 0
6 1 1
6 1 -1
6 -1 1
6 -1 -1
6 0 0
6 0 1
6 1 0
6 0 -1
6 -1 0
6 1 1
6 1 -1
6 -1 1
6 -1 -1
6 0 0
6 0 1
6 1 0
6 0 -1
6 -1 0
6 1 1
6 1 -1
6 -1 1
6 -1 -1
6 0 0
6 0 1
6 1 0
6 0 -1
6 -1 0
6 1 1
6 1 -1
6 -1 1
6 -1 -1
6 0 0
6 0 1
6 1 0
6 0 -1
6 -1 0
6 1 1
6 1 -1
6 -1 1
6 -1 -1
6 0 0
6 0 1
6 1 0
6 0 -1
6 -1 0
6 1 1
6 1 -1
6 -1 1
6 -1 -1
6 0 0
6 0 1
6 1 0
6 0 -1
6 -1 0
6 1 1
6 1 -1
6 -1 1
6 -1 -1
6 0 0
6 0 1
6 1 0
6 0 -1
6 -1 0
6 1 1
6 1 -1
6 -1 1
6 -1 -1
6 0 0
6 0 1
6 1 0
6 0 -1
6 -1 0
6 1 1
6 1 -1
6 -1 1
6 -1 -1
7 0 0
7 0 1
7 1 0
7 0 -1
7 -1 0
7 1 1
7 1 -1
7 -1 1
7 -1 -1
7 0 0
7 0 1
7 1 0
7 0 -1
7 -1 0
7 1 1
7 1 -1
7 -1 1
7 -1 -1
7 0 0
7 0 1
7 1 0
7 0 -1
7 -1 0
7 1 1
7 1 -1
7 -1 1
7 -1 -1
7 0 0
7 0 1
7 1 0
7 0 -1
7 -1 0
7 1 1
7 1 -1
7 -1 1
7 -1 -1
7 0 0
7 0 1
7 1 0
7 0 -1
7 -1 0
7 1 1
7 1 -1
7 -1 1
7 -1 -1
7 0 0
7 0 1
7 1 0
7 0 -1
7 -1 0
7 1 1
7 1 -1
7 -1 1
7 -1 -1
7 0 0
7 0 1
7 1 0
7 0 -1
7 -1 0
7 1 1
7 1 -1
7 -1 1
7 -1 -1
7 0 0
7 0 1
7 1 0
7 0 -1
7 -1 0
7 1 1
7 1 -1
7 -1 1
7 -1 -1
7 0 0
7 0 1
7 1 0
7 0 -1
7 -1 0
7 1 1
7 1 -1
7 -1 1
7 -1 -1
7 0 0
7 0 1
7 1 0
7 0 -1
7 -1 0
7 1 1
7 1 -1
7 -1 1
7 -1 -1
7 0 0
7 0 1
7 1 0
7 0 -1
7 -1 0
7 1 1
7 1 -1
7 -1 1
7 -1 -1
7 0 0
7 0 1
7 1 0
7 0 -1
7 -1 0
7 1 1
7 1 -1
7 -1 1
7 -1 -1
7 0 0
7 0 1
7 1 0
7 0 -1
7 -1 0
7 1 1
7 1 -1
7 -1 1
7 -1 -1
7 0 0
7 0 1
7 1 0
7 0 -1
7 -1 0
7 1 1
7 1 -1
7 -1 1
7 -1 -1
8 0 0
8 0 1
8 1 0
8 0 -1
8 -1 0
8 1 1
8 1 -1
8 -1 1
8 -1 -1
8 0 0
8 0 1
8 1 0
8 0 -1
8 -1 0
8 1 1
8 1 -1
8 -1 1
8 -1 -1
8 0 0
8 0 1
8 1 0
8 0 -1
8 -1 0
8 1 1
8 1 -1
8 -1 1
8 -1 -1
8 0 0
8 0 1
8 1 0
8 0 -1
8 -1 0
8 1 1
8 1 -1
8 -1 1
8 -1 -1
8 0 0
8 0 1
8 1 0
8 0 -1
8 -1 0
8 1 1
8 1 -1
8 -1 1
8 -1 -1
8 0 0
8 0 1
8 1 0
8 0 -1
8 -1 0
8 1 1
8 1 -1
8 -1 1
8 -1 -1
8 0 0
8 0 1
8 1 0
8 0 -1
8 -1 0
8 1 1
8 1 -1
8 -1 1
8 -1 -1
8 0 0
8 0 1
8 1 0
8 0 -1
8 -1 0
8 1 1
8 1 -1
8 -1 1
8 -1 -1
8 0 0
8 0 1
8 1 0
8 0 -1
8 -1 0
8 1 1
8 1 -1
8 -1 1
8 -1 -1
8 0 0
8 0 1
8 1 0
8 0 -1
8 -1 0
8 1 1
8 1 -1
8 -1 1
8 -1 -1
8 0 0
8 0 1
8 1 0
8 0 -1
8 -1 0
8 1 1
8 1 -1
8 -1 1
8 -1 -1
8 0 0
8 0 1
8 1 0
8 0 -1
8 -1 0
8 1 1
8 1 -1
8 -1 1
8 -1 -1
8 0 0
8 0 1
8 1 0
8 0 -1
8 -1 0
8 1 1
8 1 -1
8 -1 1
8 -1 -1
8 0 0
8 0 1
8 1 0
8 0 -1
8 -1 0
8 1 1
8 1 -1
8 -1 1
8 -1 -1
9 0 0
9 0 1
9 1 0
9 0 -1
9 -1 0
9 1 1
9 1 -1
9 -1 1
9 -1 -1
9 0 0
9 0 1
9 1 0
9 0 -1
9 -1 0
9 1 1
9 1 -1
9 -1 1
9 -1 -1
9 0 0
9 0 1
9 1 0
9 0 -1
9 -1 0
9 1 1
9 1 -1
9 -1 1
9 -1 -1
9 0 0
9 0 1
9 1 0
9 0 -1
9 -1 0
9 1 1
9 1 -1
9 -1 1
9 -1 -1
9 0 0
9 0 1
9 1 0
9 0 -1
9 -1 0
9 1 1
9 1 -1
9 -1 1
9 -1 -1
9 0 0
9 0 1
9 1 0
9 0 -1
9 -1 0
9 1 1
9 1 -1
9 -1 1
9 -1 -1
9 0 0
9 0 1
9 1 0
9 0 -1
9 -1 0
9 1 1
9 1 -1
9 -1 1
9 -1 -1
9 0 0
9 0 1
9 1 0
9 0 -1
9 -1 0
9 1 1
9 1 -1
9 -1 1
9 -1 -1
9 0 0
9 0 1
9 1 0
9 0 -1
9 -1 0
9 1 1
9 1 -1
9 -1 1
9 -1 -1
9 0 0
9 0 1
9 1 0
9 0 -1
9 -1 0
9 1 1
9 1 -1
9 -1 1
9 -1 -1
9 0 0
9 0 1
9 1 0
9 0 -1
9 -1 0
9 1 1
9 1 -1
9 -1 1
9 -1 -1
9 0 0
9 0 1
9 1 0
9 0 -1
9 -1 0
9 1 1
9 1 -1
9 -1 1
9 -1 -1
9 0 0
9 0 1
9 1 0
9 0 -1
9 -1 0
9 1 1
9 1 -1
9 -1 1
9 -1 -1
9 0 0
9 0 1
9 1 0
9 0 -1
9 -1 0
9 1 1
9 1 -1
9 -1 1
9 -1 -1
10 0 0
10 0 1
10 1 0
10 0 -1
10 -1 0
10 1 1
10 1 -1
10 -1 1
10 -1 -1
10 0 0
10 0 1
10 1 0
10 0 -1
10 -1 0
10 1 1
10 1 -1
10 -1 1
10 -1 -1
10 0 0
10 0 1
10 1 0
10 0 -1
10 -1 0
10 1 1
10 1 -1
10 -1 1
10 -1 -1
10 0 0
10 0 1
10 1 0
10 0 -1
10 -1 0
10 1 1
10 1 -1
10 -1 1
10 -1 -1
10 0 0
10 0 1
10 1 0
10 0 -1
10 -1 0
10 1 1
10 1 -1
10 -1 1
10 -1 -1
10 0 0
10 0 1
10 1 0
10 0 -1
10 -1 0
10 1 1
10 1 -1
10 -1 1
10 -1 -1
10 0 0
10 0 1
10 1 0
10 0 -1
10 -1 0
10 1 1
10 1 -1
10 -1 1
10 -1 -1
10 0 0
10 0 1
10 1 0
10 0 -1
10 -1 0
10 1 1
10 1 -1
10 -1 1
10 -1 -1
10 0 0
10 0 1
10 1 0
10 0 -1
10 -1 0
10 1 1
10 1 -1
10 -1 1
10 -1 -1
10 0 0
10 0 1
10 1 0
10 0 -1
10 -1 0
10 1 1
10 1 -1
10 -1 1
10 -1 -1
10 0 0
10 0 1
10 1 0
10 0 -1
10 -1 0
10 1 1
10 1 -1
10 -1 1
10 -1 -1
10 0 0
10 0 1
10 1 0
10 0 -1
10 -1 0
10 1 1
10 1 -1
10 -1 1
10 -1 -1
10 0 0
10 0 1
10 1 0
10 0 -1
10 -1 0
10 1 1
10 1 -1
10 -1 1
10 -1 -1
10 0 0
10 0 1
10 1 0
10 0 -1
10 -1 0
10 1 1
10 1 -1
10 -1 1
10 -1 -1
11 0 0
11 0 1
11 1 0
11 0 -1
11 -1 0
11 1 1
11 1 -1
11 -1 1
11 -1 -1
11 0 0
11 0 1
11 1 0
11 0 -1
11 -1 0
11 1 1
11 1 -1
11 -1 1
11 -1 -1
11 0 0
11 0 1
11 1 0
11 0 -1
11 -1 0
11 1 1
11 1 -1
11 -1 1
11 -1 -1
11 0 0
11 0 1
11 1 0
11 0 -1
11 -1 0
11 1 1
11 1 -1
11 -1 1
11 -1 -1
11 0 0
11 0 1
11 1 0
11 0 -1
11 -1 0
11 1 1
11 1 -1
11 -1 1
11 -1 -1
11 0 0
11 0 1
11 1 0
11 0 -1
11 -1 0
11 1 1
11 1 -1
11 -1 1
11 -1 -1
11 0 0
11 0 1
11 1 0
11 0 -1
11 -1 0
11 1 1
11 1 -1
11 -1 1
11 -1 -1
11 0 0
11 0 1
11 1 0
11 0 -1
11 -1 0
11 1 1
11 1 -1
11 -1 1
11 -1 -1
11 0 0
11 0 1
11 1 0
11 0 -1
11 -1 0
11 1 1
11 1 -1
11 -1 1
11 -1 -1
11 0 0
11 0 1
11 1 0
11 0 -1
11 -1 0
11 1 1
11 1 -1
11 -1 1
11 -1 -1
11 0 0
11 0 1
11 1 0
11 0 -1
11 -1 0
11 1 1
11 1 -1
11 -1 1
11 -1 -1
11 0 0
11 0 1
11 1 0
11 0 -1
11 -1 0
11 1 1
11 1 -1
11 -1 1
11 -1 -1
11 0 0
11 0 1
11 1 0
11 0 -1
11 -1 0
11 1 1
11 1 -1
11 -1 1
11 -1 -1
11 0 0
11 0 1
11 1 0
11 0 -1
11 -1 0
11 1 1
11 1 -1
11 -1 1
11 -1 -1
12 0 0
12 0 1
12 1 0
12 0 -1
12 -1 0
12 1 1
12 1 -1
12 -1 1
12 -1 -1
12 0 0
12 0 1
12 1 0
12 0 -1
12 -1 0
12 1 1
12 1 -1
12 -1 1
12 -1 -1
12 0 0
12 0 1
12 1 0
12 0 -1
12 -1 0
12 1 1
12 1 -1
12 -1 1
12 -1 -1
12 0 0
12 0 1
12 1 0
12 0 -1
12 -1 0
12 1 1
12 1 -1
12 -1 1
12 -1 -1
12 0 0
12 0 1
12 1 0
12 0 -1
12 -1 0
12 1 1
12 1 -1
12 -1 1
12 -1 -1
12 0 0
12 0 1
12 1 0
12 0 -1
12 -1 0
12 1 1
12 1 -1
12 -1 1
12 -1 -1
12 0 0
12 0 1
12 1 0
12 0 -1
12 -1 0
12 1 1
12 1 -1
12 -1 1
12 -1 -1
12 0 0
12 0 1
12 1 0
12 0 -1
12 -1 0
12 1 1
12 1 -1
12 -1 1
12 -1 -1
12 0 0
12 0 1
12 1 0
12 0 -1
12 -1 0
12 1 1
12 1 -1
12 -1 1
12 -1 -1
12 0 0
12 0 1
12 1 0
12 0 -1
12 -1 0
12 1 1
12 1 -1
12 -1 1
12 -1 -1
12 0 0
12 0 1
12 1 0
12 0 -1
12 -1 0
12 1 1
12 1 -1
12 -1 1
12 -1 -1
12 0 0
12 0 1
12 1 0
12 0 -1
12 -1 0
12 1 1
12 1 -1
12 -1 1
12 -1 -1
12 0 0
12 0 1
12 1 0
12 0 -1
12 -1 0
12 1 1
12 1 -1
12 -1 1
12 -1 -1
12 0 0
12 0 1
12 1 0
12 0 -1
12 -1 0
12 1 1
12 1 -1
12 -1 1
12 -1 -1
13 0 0
13 0 1
13 1 0
13 0 -1
13 -1 0
13 1 1
13 1 -1
13 -1 1
13 -1 -1
13 0 0
13 0 1
13 1 0
13 0 -1
13 -1 0
13 1 1
13 1 -1
13 -1 1
13 -1 -1
13 0 0
13 0 1
13 1 0
13 0 -1
13 -1 0
13 1 1
13 1 -1
13 -1 1
13 -1 -1
13 0 0
13 0 1
13 1 0
13 0 -1
13 -1 0
13 1 1
13 1 -1
13 -1 1
13 -1 -1
13 0 0
13 0 1
13 1 0
13 0 -1
13 -1 0
13 1 1
13 1 -1
13 -1 1
13 -1 -1
13 0 0
13 0 1
13 1 0
13 0 -1
13 -1 0
13 1 1
13 1 -1
13 -1 1
13 -1 -1
13 0 0
13 0 1
13 1 0
13 0 -1
13 -1 0
13 1 1
13 1 -1
13 -1 1
13 -1 -1
13 0 0
13 0 1
13 1 0
13 0 -1
13 -1 0
13 1 1
13 1 -1
13 -1 1
13 -1 -1
13 0 0
13 0 1
13 1 0
13 0 -1
13 -1 0
13 1 1
13 1 -1
13 -1 1
13 -1 -1
13 0 0
13 0 1
13 1 0
13 0 -1
13 -1 0
13 1 1
13 1 -1
13 -1 1
13 -1 -1
13 0 0
13 0 1
13 1 0
13 0 -1
13 -1 0
13 1 1
13 1 -1
13 -1 1
13 -1 -1
13 0 0
13 0 1
13 1 0
13 0 -1
13 -1 0
13 1 1
13 1 -1
13 -1 1
13 -1 -1
13 0 0
13 0 1
13 1 0
13 0 -1
13 -1 0
13 1 1
13 1 -1
13 -1 1
13 -1 -1
13 0 0
13 0 1
13 1 0
13 0 -1
13 -1 0
13 1 1
13 1 -1
13 -1 1
13 -1 -1
14 0 0
14 0 1
14 1 0
14 0 -1
14 -1 0
14 1 1
14 1 -1
14 -1 1
14 -1 -1
14 0 0
14 0 1
14 1 0
14 0 -1
14 -1 0
14 1 1
14 1 -1
14 -1 1
14 -1 -1
14 0 0
14 0 1
14 1 0
14 0 -1
14 -1 0
14 1 1
14 1 -1
14 -1 1
14 -1 -1
14 0 0
14 0 1
14 1 0
14 0 -1
14 -1 0
14 1 1
14 1 -1
14 -1 1
14 -1 -1
14 0 0
14 0 1
14 1 0
14 0 -1
14 -1 0
14 1 1
14 1 -1
14 -1 1
14 -1 -1
14 0 0
14 0 1
14 1 0
14 0 -1
14 -1 0
14 1 1
14 1 -1
14 -1 1
14 -1 -1
14 0 0
14 0 1
14 1 0
14 0 -1
14 -1 0
14 1 1
14 1 -1
14 -1 1
14 -1 -1
14 0 0
14 0 1
14 1 0
14 0 -1
14 -1 0
14 1 1
14 1 -1
14 -1 1
14 -1 -1
14 0 0
14 0 1
14 1 0
14 0 -1
14 -1 0
14 1 1
14 1 -1
14 -1 1
14 -1 -1
14 0 0
14 0 1
14 1 0
14 0 -1
14 -1 0
14 1 1
14 1 -1
14 -1 1
14 -1 -1
14 0 0
14 0 1
14 1 0
14 0 -1
14 -1 0
14 1 1
14 1 -1
14 -1 1
14 -1 -1
14 0 0
14 0 1
14 1 0
14 0 -1
14 -1 0
14 1 1
14 1 -1
14 -1 1
14 -1 -1
14 0 0
14 0 1
14 1 0
14 0 -1
14 -1 0
14 1 1
14 1 -1
14 -1 1
14 -1 -1
14 0 0
14 0 1
14 1 0
14 0 -1
14 -1 0
14 1 1
14 1 -1
14 -1 1
14 -1 -1
15 0 0
15 0 1
15 1 0
15 0 -1
15 -1 0
15 1 1
15 1 -1
15 -1 1
15 -1 -1
15 0 0
15 0 1
15 1 0
15 0 -1
15 -1 0
15 1 1
15 1 -1
15 -1 1
15 -1 -1
15 0 0
15 0 1
15 1 0
15 0 -1
15 -1 0
15 1 1
15 1 -1
15 -1 1
15 -1 -1
15 0 0
15 0 1
15 1 0
15 0 -1
15 -1 0
15 1 1
15 1 -1
15 -1 1
15 -1 -1
15 0 0
15 0 1
15 1 0
15 0 -1
15 -1 0
15 1 1
15 1 -1
15 -1 1
15 -1 -1
15 0 0
15 0 1
15 1 0
15 0 -1
15 -1 0
15 1 1
15 1 -1
15 -1 1
15 -1 -1
15 0 0
15 0 1
15 1 0
15 0 -1
15 -1 0
15 1 1
15 1 -1
15 -1 1
15 -1 -1
15 0 0
15 0 1
15 1 0
15 0 -1
15 -1 0
15 1 1
15 1 -1
15 -1 1
15 -1 -1
15 0 0
15 0 1
15 1 0
15 0 -1
15 -1 0
15 1 1
15 1 -1
15 -1 1
15 -1 -1
15 0 0
15 0 1
15 1 0
15 0 -1
15 -1 0
15 1 1
15 1 -1
15 -1 1
15 -1 -1
15 0 0
15 0 1
15 1 0
15 0 -1
15 -1 0
15 1 1
15 1 -1
15 -1 1
15 -1 -1
15 0 0
15 0 1
15 1 0
15 0 -1
15 -1 0
15 1 1
15 1 -1
15 -1 1
15 -1 -1
15 0 0
15 0 1
15 1 0
15 0 -1
15 -1 0
15 1 1
15 1 -1
15 -1 1
15 -1 -1
15 0 0
15 0 1
15 1 0
15 0 -1
15 -1 0
15 1 1
15 1 -1
15 -1 1
15 -1 -1
16 0 0
16 0 1
16 1 0
16 0 -1
16 -1 0
16 1 1
16 1 -1
16 -1 1
16 -1 -1
16 0 0
16 0 1
16 1 0
16 0 -1
16 -1 0
16 1 1
16 1 -1
16 -1 1
16 -1 -1
16 0 0
16 0 1
16 1 0
16 0 -1
16 -1 0
16 1 1
16 1 -1
16 -1 1
16 -1 -1
16 0 0
16 0 1
16 1 0
16 0 -1
16 -1 0
16 1 1
16 1 -1
16 -1 1
16 -1 -1
16 0 0
16 0 1
16 1 0
16 0 -1
16 -1 0
16 1 1
16 1 -1
16 -1 1
16 -1 -1
16 0 0
16 0 1
16 1 0
16 0 -1
16 -1 0
16 1 1
16 1 -1
16 -1 1
16 -1 -1
16 0 0
16 0 1
16 1 0
16 0 -1
16 -1 0
16 1 1
16 1 -1
16 -1 1
16 -1 -1
16 0 0
16 0 1
16 1 0
16 0 -1
16 -1 0
16 1 1
16 1 -1
16 -1 1
16 -1 -1
16 0 0
16 0 1
16 1 0
16 0 -1
16 -1 0
16 1 1
16 1 -1
16 -1 1
16 -1 -1
16 0 0
16 0 1
16 1 0
16 0 -1
16 -1 0
16 1 1
16 1 -1
16 -1 1
16 -1 -1
16 0 0
16 0 1
16 1 0
16 0 -1
16 -1 0
16 1 1
16 1 -1
16 -1 1
16 -1 -1
16 0 0
16 0 1
16 1 0
16 0 -1
16 -1 0
16 1 1
16 1 -1
16 -1 1
16 -1 -1
16 0 0
16 0 1
16 1 0
16 0 -1
16 -1 0
16 1 1
16 1 -1
16 -1 1
16 -1 -1
16 0 0
16 0 1
16 1 0
16 0 -1
16 -1 0
16 1 1
16 1 -1
16 -1 1
16 -1 -1
17 0 0
17 0 1
17 1 0
17 0 -1
17 -1 0
17 1 1
17 1 -1
17 -1 1
17 -1 -1
17 0 0
17 0 1
17 1 0
17 0 -1
17 -1 0
17 1 1
17 1 -1
17 -1 1
17 -1 -1
17 0 0
17 0 1
17 1 0
17 0 -1
17 -1 0
17 1 1
17 1 -1
17 -1 1
17 -1 -1
17 0 0
17 0 1
17 1 0
17 0 -1
17 -1 0
17 1 1
17 1 -1
17 -1 1
17 -1 -1
17 0 0
17 0 1
17 1 0
17 0 -1
17 -1 0
17 1 1
17 1 -1
17 -1 1
17 -1 -1
17 0 0
17 0 1
17 1 0
17 0 -1
17 -1 0
17 1 1
17 1 -1
17 -1 1
17 -1 -1
17 0 0
17 0 1
17 1 0
17 0 -1
17 -1 0
17 1 1
17 1 -1
17 -1 1
17 -1 -1
17 0 0
17 0 1
17 1 0
17 0 -1
17 -1 0
17 1 1
17 1 -1
17 -1 1
17 -1 -1
17 0 0
17 0 1
17 1 0
17 0 -1
17 -1 0
17 1 1
17 1 -1
17 -1 1
17 -1 -1
17 0 0
17 0 1
17 1 0
17 0 -1
17 -1 0
17 1 1
17 1 -1
17 -1 1
17 -1 -1
17 0 0
17 0 1
17 1 0
17 0 -1
17 -1 0
17 1 1
17 1 -1
17 -1 1
17 -1 -1
17 0 0
17 0 1
17 1 0
17 0 -1
17 -1 0
17 1 1
17 1 -1
17 -1 1
17 -1 -1
17 0 0
17 0 1
17 1 0
17 0 -1
17 -1 0
17 1 1
17 1 -1
17 -1 1
17 -1 -1
17 0 0
17 0 1
17 1 0
17 0 -1
17 -1 0
17 1 1
17 1 -1
17 -1 1
17 -1 -1
18 0 0
18 0 1
18 1 0
18 0 -1
18 -1 0
18 1 1
18 1 -1
18 -1 1
18 -1 -1
18 0 0
18 0 1
18 1 0
18 0 -1
18 -1 0
18 1 1
18 1 -1
18 -1 1
18 -1 -1
18 0 0
18 0 1
18 1 0
18 0 -1
18 -1 0
18 1 1
18 1 -1
18 -1 1
18 -1 -1
18 0 0
18 0 1
18 1 0
18 0 -1
18 -1 0
18 1 1
18 1 -1
18 -1 1
18 -1 -1
18 0 0
18 0 1
18 1 0
18 0 -1
18 -1 0
18 1 1
18 1 -1
18 -1 1
18 -1 -1
18 0 0
18 0 1
18 1 0
18 0 -1
18 -1 0
18 1 1
18 1 -1
18 -1 1
18 -1 -1
18 0 0
18 0 1
18 1 0
18 0 -1
18 -1 0
18 1 1
18 1 -1
18 -1 1
18 -1 -1
18 0 0
18 0 1
18 1 0
18 0 -1
18 -1 0
18 1 1
18 1 -1
18 -1 1
18 -1 -1
18 0 0
18 0 1
18 1 0
18 0 -1
18 -1 0
18 1 1
18 1 -1
18 -1 1
18 -1 -1
18 0 0
18 0 1
18 1 0
18 0 -1
18 -1 0
18 1 1
18 1 -1
18 -1 1
18 -1 -1
18 0 0
18 0 1
18 1 0
18 0 -1
18 -1 0
18 1 1
18 1 -1
18 -1 1
18 -1 -1
18 0 0
18 0 1
18 1 0
18 0 -1
18 -1 0
18 1 1
18 1 -1
18 -1 1
18 -1 -1
18 0 0
18 0 1
18 1 0
18 0 -1
18 -1 0
18 1 1
18 1 -1
18 -1 1
18 -1 -1
18 0 0
18 0 1
18 1 0
18 0 -1
18 -1 0
18 1 1
18 1 -1
18 -1 1
18 -1 -1
19 0 0
19 0 1
19 1 0
19 0 -1
19 -1 0
19 1 1
19 1 -1
19 -1 1
19 -1 -1
19 0 0
19 0 1
19 1 0
19 0 -1
19 -1 0
19 1 1
19 1 -1
19 -1 1
19 -1 -1
19 0 0
19 0 1
19 1 0
19 0 -1
19 -1 0
19 1 1
19 1 -1
19 -1 1
19 -1 -1
19 0 0
19 0 1
19 1 0
19 0 -1
19 -1 0
19 1 1
19 1 -1
19 -1 1
19 -1 -1
19 0 0
19 0 1
19 1 0
19 0 -1
19 -1 0
19 1 1
19 1 -1
19 -1 1
19 -1 -1
19 0 0
19 0 1
19 1 0
19 0 -1
19 -1 0
19 1 1
19 1 -1
19 -1 1
19 -1 -1
19 0 0
19 0 1
19 1 0
19 0 -1
19 -1 0
19 1 1
19 1 -1
19 -1 1
19 -1 -1
19 0 0
19 0 1
19 1 0
19 0 -1
19 -1 0
19 1 1
19 1 -1
19 -1 1
19 -1 -1
19 0 0
19 0 1
19 1 0
19 0 -1
19 -1 0
19 1 1
19 1 -1
19 -1 1
19 -1 -1
19 0 0
19 0 1
19 1 0
19 0 -1
19 -1 0
19 1 1
19 1 -1
19 -1 1
19 -1 -1
19 0 0
19 0 1
19 1 0
19 0 -1
19 -1 0
19 1 1
19 1 -1
19 -1 1
19 -1 -1
19 0 0
19 0 1
19 1 0
19 0 -1
19 -1 0
19 1 1
19 1 -1
19 -1 1
19 -1 -1
19 0 0
19 0 1
19 1 0
19 0 -1
19 -1 0
19 1 1
19 1 -1
19 -1 1
19 -1 -1
19 0 0
19 0 1
19 1 0
19 0 -1
19 -1 0
19 1 1
19 1 -1
19 -1 1
19 -1 -1
20 0 0
20 0 1
20 1 0
20 0 -1
20 -1 0
20 1 1
20 1 -1
20 -1 1
20 -1 -1
20 0 0
20 0 1
20 1 0
20 0 -1
20 -1 0
20 1 1
20 1 -1
20 -1 1
20 -1 -1
20 0 0
20 0 1
20 1 0
20 0 -1
20 -1 0
20 1 1
20 1 -1
20 -1 1
20 -1 -1
20 0 0
20 0 1
20 1 0
20 0 -1
20 -1 0
20 1 1
20 1 -1
20 -1 1
20 -1 -1
20 0 0
20 0 1
20 1 0
20 0 -1
20 -1 0
20 1 1
20 1 -1
20 -1 1
20 -1 -1
20 0 0
20 0 1
20 1 0
20 0 -1
20 -1 0
20 1 1
20 1 -1
20 -1 1
20 -1 -1
20 0 0
20 0 1
20 1 0
20 0 -1
20 -1 0
20 1 1
20 1 -1
20 -1 1
20 -1 -1
20 0 0
20 0 1
20 1 0
20 0 -1
20 -1 0
20 1 1
20 1 -1
20 -1 1
20 -1 -1
20 0 0
20 0 1
20 1 0
20 0 -1
20 -1 0
20 1 1
20 1 -1
20 -1 1
20 -1 -1
20 0 0
20 0 1
20 1 0
20 0 -1
20 -1 0
20 1 1
20 1 -1
20 -1 1
20 -1 -1
20 0 0
20 0 1
20 1 0
20 0 -1
20 -1 0
20 1 1
20 1 -1
20 -1 1
20 -1 -1
20 0 0
20 0 1
20 1 0
20 0 -1
20 -1 0
20 1 1
20 1 -1
20 -1 1
20 -1 -1
20 0 0
20 0 1
20 1 0
20 0 -1
20 -1 0
20 1 1
20 1 -1
20 -1 1
20 -1 -1
20 0 0
20 0 1
20 1 0
20 0 -1
20 -1 0
20 1 1
20 1 -1
20 -1 1
20 -1 -1
21 0 0
21 0 1
21 1 0
21 0 -1
21 -1 0
21 1 1
21 1 -1
21 -1 1
21 -1 -1
21 0 0
21 0 1
21 1 0
21 0 -1
21 -1 0
21 1 1
21 1 -1
21 -1 1
21 -1 -1
21 0 0
21 0 1
21 1 0
21 0 -1
21 -1 0
21 1 1
21 1 -1
21 -1 1
21 -1 -1
21 0 0
21 0 1
21 1 0
21 0 -1
21 -1 0
21 1 1
21 1 -1
21 -1 1
21 -1 -1
21 0 0
21 0 1
21 1 0
21 0 -1
21 -1 0
21 1 1
21 1 -1
21 -1 1
21 -1 -1
21 0 0
21 0 1
21 1 0
21 0 -1
21 -1 0
21 1 1
21 1 -1
21 -1 1
21 -1 -1
21 0 0
21 0 1
21 1 0
21 0 -1
21 -1 0
21 1 1
21 1 -1
21 -1 1
21 -1 -1
21 0 0
21 0 1
21 1 0
21 0 -1
21 -1 0
21 1 1
21 1 -1
21 -1 1
21 -1 -1
21 0 0
21 0 1
21 1 0
21 0 -1
21 -1 0
21 1 1
21 1 -1
21 -1 1
21 -1 -1
21 0 0
21 0 1
21 1 0
21 0 -1
21 -1 0
21 1 1
21 1 -1
21 -1 1
21 -1 -1
21 0 0
21 0 1
21 1 0
21 0 -1
21 -1 0
21 1 1
21 1 -1
21 -1 1
21 -1 -1
21 0 0
21 0 1
21 1 0
21 0 -1
21 -1 0
21 1 1
21 1 -1
21 -1 1
21 -1 -1
21 0 0
21 0 1
21 1 0
21 0 -1
21 -1 0
21 1 1
21 1 -1
21 -1 1
21 -1 -1
21 0 0
21 0 1
21 1 0
21 0 -1
21 -1 0
21 1 1
21 1 -1
21 -1 1
21 -1 -1
22 0 0
22 0 1
22 1 0
22 0 -1
22 -1 0
22 1 1
22 1 -1
22 -1 1
22 -1 -1
22 0 0
22 0 1
22 1 0
22 0 -1
22 -1 0
22 1 1
22 1 -1
22 -1 1
22 -1 -1
22 0 0
22 0 1
22 1 0
22 0 -1
22 -1 0
22 1 1
22 1 -1
22 -1 1
22 -1 -1
22 0 0
22 0 1
22 1 0
22 0 -1
22 -1 0
22 1 1
22 1 -1
22 -1 1
22 -1 -1
22 0 0
22 0 1
22 1 0
22 0 -1
22 -1 0
22 1 1
22 1 -1
22 -1 1
22 -1 -1
22 0 0
22 0 1
22 1 0
22 0 -1
22 -1 0
22 1 1
22 1 -1
22 -1 1
22 -1 -1
22 0 0
22 0 1
22 1 0
22 0 -1
22 -1 0
22 1 1
22 1 -1
22 -1 1
22 -1 -1
22 0 0
22 0 1
22 1 0
22 0 -1
22 -1 0
22 1 1
22 1 -1
22 -1 1
22 -1 -1
22 0 0
22 0 1
22 1 0
22 0 -1
22 -1 0
22 1 1
22 1 -1
22 -1 1
22 -1 -1
22 0 0
22 0 1
22 1 0
22 0 -1
22 -1 0
22 1 1
22 1 -1
22 -1 1
22 -1 -1
22 0 0
22 0 1
22 1 0
22 0 -1
22 -1 0
22 1 1
22 1 -1
22 -1 1
22 -1 -1
22 0 0
22 0 1
22 1 0
22 0 -1
22 -1 0
22 1 1
22 1 -1
22 -1 1
22 -1 -1
22 0 0
22 0 1
22 1 0
22 0 -1
22 -1 0
22 1 1
22 1 -1
22 -1 1
22 -1 -1
22 0 0
22 0 1
22 1 0
22 0 -1
22 -1 0
22 1 1
22 1 -1
22 -1 1
22 -1 -1
23 0 0
23 0 1
23 1 0
23 0 -1
23 -1 0
23 1 1
23 1 -1
23 -1 1
23 -1 -1
23 0 0
23 0 1
23 1 0
23 0 -1
23 -1 0
23 1 1
23 1 -1
23 -1 1
23 -1 -1
23 0 0
23 0 1
23 1 0
23 0 -1
23 -1 0
23 1 1
23 1 -1
23 -1 1
23 -1 -1
23 0 0
23 0 1
23 1 0
23 0 -1
23 -1 0
23 1 1
23 1 -1
23 -1 1
23 -1 -1
23 0 0
23 0 1
23 1 0
23 0 -1
23 -1 0
23 1 1
23 1 -1
23 -1 1
23 -1 -1
23 0 0
23 0 1
23 1 0
23 0 -1
23 -1 0
23 1 1
23 1 -1
23 -1 1
23 -1 -1
23 0 0
23 0 1
23 1 0
23 0 -1
23 -1 0
23 1 1
23 1 -1
23 -1 1
23 -1 -1
23 0 0
23 0 1
23 1 0
23 0 -1
23 -1 0
23 1 1
23 1 -1
23 -1 1
23 -1 -1
23 0 0
23 0 1
23 1 0
23 0 -1
23 -1 0
23 1 1
23 1 -1
23 -1 1
23 -1 -1
23 0 0
23 0 1
23 1 0
23 0 -1
23 -1 0
23 1 1
23 1 -1
23 -1 1
23 -1 -1
23 0 0
23 0 1
23 1 0
23 0 -1
23 -1 0
23 1 1
23 1 -1
23 -1 1
23 -1 -1
23 0 0
23 0 1
23 1 0
23 0 -1
23 -1 0
23 1 1
23 1 -1
23 -1 1
23 -1 -1
23 0 0
23 0 1
23 1 0
23 0 -1
23 -1 0
23 1 1
23 1 -1
23 -1 1
23 -1 -1
23 0 0
23 0 1
23 1 0
23 0 -1
23 -1 0
23 1 1
23 1 -1
23 -1 1
23 -1 -1
24 0 0
24 0 1
24 1 0
24 0 -1
24 -1 0
24 1 1
24 1 -1
24 -1 1
24 -1 -1
24 0 0
24 0 1
24 1 0
24 0 -1
24 -1 0
24 1 1
24 1 -1
24 -1 1
24 -1 -1
24 0 0
24 0 1
24 1 0
24 0 -1
24 -1 0
24 1 1
24 1 -1
24 -1 1
24 -1 -1
24 0 0
24 0 1
24 1 0
24 0 -1
24 -1 0
24 1 1
24 1 -1
24 -1 1
24 -1 -1
24 0 0
24 0 1
24 1 0
24 0 -1
24 -1 0
24 1 1
24 1 -1
24 -1 1
24 -1 -1
24 0 0
24 0 1
24 1 0
24 0 -1
24 -1 0
24 1 1
24 1 -1
24 -1 1
24 -1 -1
24 0 0
24 0 1
24 1 0
24 0 -1
24 -1 0
24 1 1
24 1 -1
24 -1 1
24 -1 -1
24 0 0
24 0 1
24 1 0
24 0 -1
24 -1 0
24 1 1
24 1 -1
24 -1 1
24 -1 -1
24 0 0
24 0 1
24 1 0
24 0 -1
24 -1 0
24 1 1
24 1 -1
24 -1 1
24 -1 -1
24 0 0
24 0 1
24 1 0
24 0 -1
24 -1 0
24 1 1
24 1 -1
24 -1 1
24 -1 -1
24 0 0
24 0 1
24 1 0
24 0 -1
24 -1 0
24 1 1
24 1 -1
24 -1 1
24 -1 -1
24 0 0
24 0 1
24 1 0
24 0 -1
24 -1 0
24 1 1
24 1 -1
24 -1 1
24 -1 -1
24 0 0
24 0 1
24 1 0
24 0 -1
24 -1 0
24 1 1
24 1 -1
24 -1 1
24 -1 -1
24 0 0
24 0 1
24 1 0
24 0 -1
24 -1 0
24 1 1
24 1 -1
24 -1 1
24 -1 -1
25 0 0
25 0 1
25 1 0
25 0 -1
25 -1 0
25 1 1
25 1 -1
25 -1 1
25 -1 -1
25 0 0
25 0 1
25 1 0
25 0 -1
25 -1 0
25 1 1
25 1 -1
25 -1 1
25 -1 -1
25 0 0
25 0 1
25 1 0
25 0 -1
25 -1 0
25 1 1
25 1 -1
25 -1 1
25 -1 -1
25 0 0
25 0 1
25 1 0
25 0 -1
25 -1 0
25 1 1
25 1 -1
25 -1 1
25 -1 -1
25 0 0
25 0 1
25 1 0
25 0 -1
25 -1 0
25 1 1
25 1 -1
25 -1 1
25 -1 -1
25 0 0
25 0 1
25 1 0
25 0 -1
25 -1 0
25 1 1
25 1 -1
25 -1 1
25 -1 -1
25 0 0
25 0 1
25 1 0
25 0 -1
25 -1 0
25 1 1
25 1 -1
25 -1 1
25 -1 -1
25 0 0
25 0 1
25 1 0
25 0 -1
25 -1 0
25 1 1
25 1 -1
25 -1 1
25 -1 -1
25 0 0
25 0 1
25 1 0
25 0 -1
25 -1 0
25 1 1
25 1 -1
25 -1 1
25 -1 -1
25 0 0
25 0 1
25 1 0
25 0 -1
25 -1 0
25 1 1
25 1 -1
25 -1 1
25 -1 -1
25 0 0
25 0 1
25 1 0
25 0 -1
25 -1 0
25 1 1
25 1 -1
25 -1 1
25 -1 -1
25 0 0
25 0 1
25 1 0
25 0 -1
25 -1 0
25 1 1
25 1 -1
25 -1 1
25 -1 -1
25 0 0
25 0 1
25 1 0
25 0 -1
25 -1 0
25 1 1
25 1 -1
25 -1 1
25 -1 -1
25 0 0
25 0 1
25 1 0
25 0 -1
25 -1 0
25 1 1
25 1 -1
25 -1 1
25 -1 -1
26 0 0
26 0 1
26 1 0
26 0 -1
26 -1 0
26 1 1
26 1 -1
26 -1 1
26 -1 -1
26 0 0
26 0 1
26 1 0
26 0 -1
26 -1 0
26 1 1
26 1 -1
26 -1 1
26 -1 -1
26 0 0
26 0 1
26 1 0
26 0 -1
26 -1 0
26 1 1
26 1 -1
26 -1 1
26 -1 -1
26 0 0
26 0 1
26 1 0
26 0 -1
26 -1 0
26 1 1
26 1 -1
26 -1 1
26 -1 -1
26 0 0
26 0 1
26 1 0
26 0 -1
26 -1 0
26 1 1
26 1 -1
26 -1 1
26 -1 -1
26 0 0
26 0 1
26 1 0
26 0 -1
26 -1 0
26 1 1
26 1 -1
26 -1 1
26 -1 -1
26 0 0
26 0 1
26 1 0
26 0 -1
26 -1 0
26 1 1
26 1 -1
26 -1 1
26 -1 -1
26 0 0
26 0 1
26 1 0
26 0 -1
26 -1 0
26 1 1
26 1 -1
26 -1 1
26 -1 -1
26 0 0
26 0 1
26 1 0
26 0 -1
26 -1 0
26 1 1
26 1 -1
26 -1 1
26 -1 -1
26 0 0
26 0 1
26 1 0
26 0 -1
26 -1 0
26 1 1
26 1 -1
26 -1 1
26 -1 -1
26 0 0
26 0 1
26 1 0
26 0 -1
26 -1 0
26 1 1
26 1 -1
26 -1 1
26 -1 -1
26 0 0
26 0 1
26 1 0
26 0 -1
26 -1 0
26 1 1
26 1 -1
26 -1 1
26 -1 -1
26 0 0
26 0 1
26 1 0
26 0 -1
26 -1 0
26 1 1
26 1 -1
26 -1 1
26 -1 -1
26 0 0
26 0 1
26 1 0
26 0 -1
26 -1 0
26 1 1
26 1 -1
26 -1 1
26 -1 -1
27 0 0
27 0 1
27 1 0
27 0 -1
27 -1 0
27 1 1
27 1 -1
27 -1 1
27 -1 -1
27 0 0
27 0 1
27 1 0
27 0 -1
27 -1 0
27 1 1
27 1 -1
27 -1 1
27 -1 -1
27 0 0
27 0 1
27 1 0
27 0 -1
27 -1 0
27 1 1
27 1 -1
27 -1 1
27 -1 -1
27 0 0
27 0 1
27 1 0
27 0 -1
27 -1 0
27 1 1
27 1 -1
27 -1 1
27 -1 -1
27 0 0
27 0 1
27 1 0
27 0 -1
27 -1 0
27 1 1
27 1 -1
27 -1 1
27 -1 -1
27 0 0
27 0 1
27 1 0
27 0 -1
27 -1 0
27 1 1
27 1 -1
27 -1 1
27 -1 -1
27 0 0
27 0 1
27 1 0
27 0 -1
27 -1 0
27 1 1
27 1 -1
27 -1 1
27 -1 -1
27 0 0
27 0 1
27 1 0
27 0 -1
27 -1 0
27 1 1
27 1 -1
27 -1 1
27 -1 -1
27 0 0
27 0 1
27 1 0
27 0 -1
27 -1 0
27 1 1
27 1 -1
27 -1 1
27 -1 -1
27 0 0
27 0 1
27 1 0
27 0 -1
27 -1 0
27 1 1
27 1 -1
27 -1 1
27 -1 -1
27 0 0
27 0 1
27 1 0
27 0 -1
27 -1 0
27 1 1
27 1 -1
27 -1 1
27 -1 -1
27 0 0
27 0 1
27 1 0
27 0 -1
27 -1 0
27 1 1
27 1 -1
27 -1 1
27 -1 -1
27 0 0
27 0 1
27 1 0
27 0 -1
27 -1 0
27 1 1
27 1 -1
27 -1 1
27 -1 -1
27 0 0
27 0 1
27 1 0
27 0 -1
27 -1 0
27 1 1
27 1 -1
27 -1 1
27 -1 -1
28 0 0
28 0 1
28 1 0
28 0 -1
28 -1 0
28 1 1
28 1 -1
28 -1 1
28 -1 -1
28 0 0
28 0 1
28 1 0
28 0 -1
28 -1 0
28 1 1
28 1 -1
28 -1 1
28 -1 -1
28 0 0
28 0 1
28 1 0
28 0 -1
28 -1 0
28 1 1
28 1 -1
28 -1 1
28 -1 -1
28 0 0
28 0 1
28 1 0
28 0 -1
28 -1 0
28 1 1
28 1 -1
28 -1 1
28 -1 -1
28 0 0
28 0 1
28 1 0
28 0 -1
28 -1 0
28 1 1
28 1 -1
28 -1 1
28 -1 -1
28 0 0
28 0 1
28 1 0
28 0 -1
28 -1 0
28 1 1
28 1 -1
28 -1 1
28 -1 -1
28 0 0
28 0 1
28 1 0
28 0 -1
28 -1 0
28 1 1
28 1 -1
28 -1 1
28 -1 -1
28 0 0
28 0 1
28 1 0
28 0 -1
28 -1 0
28 1 1
28 1 -1
28 -1 1
28 -1 -1
28 0 0
28 0 1
28 1 0
28 0 -1
28 -1 0
28 1 1
28 1 -1
28 -1 1
28 -1 -1
28 0 0
28 0 1
28 1 0
28 0 -1
28 -1 0
28 1 1
28 1 -1
28 -1 1
28 -1 -1
28 0 0
28 0 1
28 1 0
28 0 -1
28 -1 0
28 1 1
28 1 -1
28 -1 1
28 -1 -1
28 0 0
28 0 1
28 1 0
28 0 -1
28 -1 0
28 1 1
28 1 -1
28 -1 1
28 -1 -1
28 0 0
28 0 1
28 1 0
28 0 -1
28 -1 0
28 1 1
28 1 -1
28 -1 1
28 -1 -1
28 0 0
28 0 1
28 1 0
28 0 -1
28 -1 0
28 1 1
28 1 -1
28 -1 1
28 -1 -1
29 0 0
29 0 1
29 1 0
29 0 -1
29 -1 0
29 1 1
29 1 -1
29 -1 1
29 -1 -1
29 0 0
29 0 1
29 1 0
29 0 -1
29 -1 0
29 1 1
29 1 -1
29 -1 1
29 -1 -1
29 0 0
29 0 1
29 1 0
29 0 -1
29 -1 0
29 1 1
29 1 -1
29 -1 1
29 -1 -1
29 0 0
29 0 1
29 1 0
29 0 -1
29 -1 0
29 1 1
29 1 -1
29 -1 1
29 -1 -1
29 0 0
29 0 1
29 1 0
29 0 -1
29 -1 0
29 1 1
29 1 -1
29 -1 1
29 -1 -1
29 0 0
29 0 1
29 1 0
29 0 -1
29 -1 0
29 1 1
29 1 -1
29 -1 1
29 -1 -1
29 0 0
29 0 1
29 1 0
29 0 -1
29 -1 0
29 1 1
29 1 -1
29 -1 1
29 -1 -1
29 0 0
29 0 1
29 1 0
29 0 -1
29 -1 0
29 1 1
29 1 -1
29 -1 1
29 -1 -1
29 0 0
29 0 1
29 1 0
29 0 -1
29 -1 0
29 1 1
29 1 -1
29 -1 1
29 -1 -1
29 0 0
29 0 1
29 1 0
29 0 -1
29 -1 0
29 1 1
29 1 -1
29 -1 1
29 -1 -1
29 0 0
29 0 1
29 1 0
29 0 -1
29 -1 0
29 1 1
29 1 -1
29 -1 1
29 -1 -1
29 0 0
29 0 1
29 1 0
29 0 -1
29 -1 0
29 1 1
29 1 -1
29 -1 1
29 -1 -1
29 0 0
29 0 1
29 1 0
29 0 -1
29 -1 0
29 1 1
29 1 -1
29 -1 1
29 -1 -1
29 0 0
29 0 1
29 1 0
29 0 -1
29 -1 0
29 1 1
29 1 -1
29 -1 1
29 -1 -1
30 0 0
30 0 1
30 1 0
30 0 -1
30 -1 0
30 1 1
30 1 -1
30 -1 1
30 -1 -1
30 0 0
30 0 1
30 1 0
30 0 -1
30 -1 0
30 1 1
30 1 -1
30 -1 1
30 -1 -1
30 0 0
30 0 1
30 1 0
30 0 -1
30 -1 0
30 1 1
30 1 -1
30 -1 1
30 -1 -1
30 0 0
30 0 1
30 1 0
30 0 -1
30 -1 0
30 1 1
30 1 -1
30 -1 1
30 -1 -1
30 0 0
30 0 1
30 1 0
30 0 -1
30 -1 0
30 1 1
30 1 -1
30 -1 1
30 -1 -1
30 0 0
30 0 1
30 1 0
30 0 -1
30 -1 0
30 1 1
30 1 -1
30 -1 1
30 -1 -1
30 0 0
30 0 1
30 1 0
30 0 -1
30 -1 0
30 1 1
30 1 -1
30 -1 1
30 -1 -1
30 0 0
30 0 1
30 1 0
30 0 -1
30 -1 0
30 1 1
30 1 -1
30 -1 1
30 -1 -1
30 0 0
30 0 1
30 1 0
30 0 -1
30 -1 0
30 1 1
30 1 -1
30 -1 1
30 -1 -1
30 0 0
30 0 1
30 1 0
30 0 -1
30 -1 0
30 1 1
30 1 -1
30 -1 1
30 -1 -1
30 0 0
30 0 1
30 1 0
30 0 -1
30 -1 0
30 1 1
30 1 -1
30 -1 1
30 -1 -1
30 0 0
30 0 1
30 1 0
30 0 -1
30 -1 0
30 1 1
30 1 -1
30 -1 1
30 -1 -1
30 0 0
30 0 1
30 1 0
30 0 -1
30 -1 0
30 1 1
30 1 -1
30 -1 1
30 -1 -1
30 0 0
30 0 1
30 1 0
30 0 -1
30 -1 0
30 1 1
30 1 -1
30 -1 1
30 -1 -1
31 0 0
31 0 1
31 1 0
31 0 -1
31 -1 0
31 1 1
31 1 -1
31 -1 1
31 -1 -1
31 0 0
31 0 1
31 1 0
31 0 -1
31 -1 0
31 1 1
31 1 -1
31 -1 1
31 -1 -1
31 0 0
31 0 1
31 1 0
31 0 -1
31 -1 0
31 1 1
31 1 -1
31 -1 1
31 -1 -1
31 0 0
31 0 1
31 1 0
31 0 -1
31 -1 0
31 1 1
31 1 -1
31 -1 1
31 -1 -1
31 0 0
31 0 1
31 1 0
31 0 -1
31 -1 0
31 1 1
31 1 -1
31 -1 1
31 -1 -1
31 0 0
31 0 1
31 1 0
31 0 -1
31 -1 0
31 1 1
31 1 -1
31 -1 1
31 -1 -1
31 0 0
31 0 1
31 1 0
31 0 -1
31 -1 0
31 1 1
31 1 -1
31 -1 1
31 -1 -1
31 0 0
31 0 1
31 1 0
31 0 -1
31 -1 0
31 1 1
31 1 -1
31 -1 1
31 -1 -1
31 0 0
31 0 1
31 1 0
31 0 -1
31 -1 0
31 1 1
31 1 -1
31 -1 1
31 -1 -1
31 0 0
31 0 1
31 1 0
31 0 -1
31 -1 0
31 1 1
31 1 -1
31 -1 1
31 -1 -1
31 0 0
31 0 1
31 1 0
31 0 -1
31 -1 0
31 1 1
31 1 -1
31 -1 1
31 -1 -1
31 0 0
31 0 1
31 1 0
31 0 -1
31 -1 0
31 1 1
31 1 -1
31 -1 1
31 -1 -1
31 0 0
31 0 1
31 1 0
31 0 -1
31 -1 0
31 1 1
31 1 -1
31 -1 1
31 -1 -1
31 0 0
31 0 1
31 1 0
31 0 -1
31 -1 0
31 1 1
31 1 -1
31 -1 1
31 -1 -1
32 0 0
32 0 1
32 1 0
32 0 -1
32 -1 0
32 1 1
32 1 -1
32 -1 1
32 -1 -1
32 0 0
32 0 1
32 1 0
32 0 -1
32 -1 0
32 1 1
32 1 -1
32 -1 1
32 -1 -1
32 0 0
32 0 1
32 1 0
32 0 -1
32 -1 0
32 1 1
32 1 -1
32 -1 1
32 -1 -1
32 0 0
32 0 1
32 1 0
32 0 -1
32 -1 0
32 1 1
32 1 -1
32 -1 1
32 -1 -1
32 0 0
32 0 1
32 1 0
32 0 -1
32 -1 0
32 1 1
32 1 -1
32 -1 1
32 -1 -1
32 0 0
32 0 1
32 1 0
32 0 -1
32 -1 0
32 1 1
32 1 -1
32 -1 1
32 -1 -1
32 0 0
32 0 1
32 1 0
32 0 -1
32 -1 0
32 1 1
32 1 -1
32 -1 1
32 -1 -1
32 0 0
32 0 1
32 1 0
32 0 -1
32 -1 0
32 1 1
32 1 -1
32 -1 1
32 -1 -1
32 0 0
32 0 1
32 1 0
32 0 -1
32 -1 0
32 1 1
32 1 -1
32 -1 1
32 -1 -1
32 0 0
32 0 1
32 1 0
32 0 -1
32 -1 0
32 1 1
32 1 -1
32 -1 1
32 -1 -1
32 0 0
32 0 1
32 1 0
32 0 -1
32 -1 0
32 1 1
32 1 -1
32 -1 1
32 -1 -1
32 0 0
32 0 1
32 1 0
32 0 -1
32 -1 0
32 1 1
32 1 -1
32 -1 1
32 -1 -1
32 0 0
32 0 1
32 1 0
32 0 -1
32 -1 0
32 1 1
32 1 -1
32 -1 1
32 -1 -1
32 0 0
32 0 1
32 1 0
32 0 -1
32 -1 0
32 1 1
32 1 -1
32 -1 1
32 -1 -1
33 0 0
33 0 1
33 1 0
33 0 -1
33 -1 0
33 1 1
33 1 -1
33 -1 1
33 -1 -1
33 0 0
33 0 1
33 1 0
33 0 -1
33 -1 0
33 1 1
33 1 -1
33 -1 1
33 -1 -1
33 0 0
33 0 1
33 1 0
33 0 -1
33 -1 0
33 1 1
33 1 -1
33 -1 1
33 -1 -1
33 0 0
33 0 1
33 1 0
33 0 -1
33 -1 0
33 1 1
33 1 -1
33 -1 1
33 -1 -1
33 0 0
33 0 1
33 1 0
33 0 -1
33 -1 0
33 1 1
33 1 -1
33 -1 1
33 -1 -1
33 0 0
33 0 1
33 1 0
33 0 -1
33 -1 0
33 1 1
33 1 -1
33 -1 1
33 -1 -1
33 0 0
33 0 1
33 1 0
33 0 -1
33 -1 0
33 1 1
33 1 -1
33 -1 1
33 -1 -1
33 0 0
33 0 1
33 1 0
33 0 -1
33 -1 0
33 1 1
33 1 -1
33 -1 1
33 -1 -1
33 0 0
33 0 1
33 1 0
33 0 -1
33 -1 0
33 1 1
33 1 -1
33 -1 1
33 -1 -1
33 0 0
33 0 1
33 1 0
33 0 -1
33 -1 0
33 1 1
33 1 -1
33 -1 1
33 -1 -1
33 0 0
33 0 1
33 1 0
33 0 -1
33 -1 0
33 1 1
33 1 -1
33 -1 1
33 -1 -1
33 0 0
33 0 1
33 1 0
33 0 -1
33 -1 0
33 1 1
33 1 -1
33 -1 1
33 -1 -1
33 0 0
33 0 1
33 1 0
33 0 -1
33 -1 0
33 1 1
33 1 -1
33 -1 1
33 -1 -1
33 0 0
33 0 1
33 1 0
33 0 -1
33 -1 0
33 1 1
33 1 -1
33 -1 1
33 -1 -1
34 0 0
34 0 1
34 1 0
34 0 -1
34 -1 0
34 1 1
34 1 -1
34 -1 1
34 -1 -1
34 0 0
34 0 1
34 1 0
34 0 -1
34 -1 0
34 1 1
34 1 -1
34 -1 1
34 -1 -1
34 0 0
34 0 1
34 1 0
34 0 -1
34 -1 0
34 1 1
34 1 -1
34 -1 1
34 -1 -1
34 0 0
34 0 1
34 1 0
34 0 -1
34 -1 0
34 1 1
34 1 -1
34 -1 1
34 -1 -1
34 0 0
34 0 1
34 1 0
34 0 -1
34 -1 0
34 1 1
34 1 -1
34 -1 1
34 -1 -1
34 0 0
34 0 1
34 1 0
34 0 -1
34 -1 0
34 1 1
34 1 -1
34 -1 1
34 -1 -1
34 0 0
34 0 1
34 1 0
34 0 -1
34 -1 0
34 1 1
34 1 -1
34 -1 1
34 -1 -1
34 0 0
34 0 1
34 1 0
34 0 -1
34 -1 0
34 1 1
34 1 -1
34 -1 1
34 -1 -1
34 0 0
34 0 1
34 1 0
34 0 -1
34 -1 0
34 1 1
34 1 -1
34 -1 1
34 -1 -1
34 0 0
34 0 1
34 1 0
34 0 -1
34 -1 0
34 1 1
34 1 -1
34 -1 1
34 -1 -1
34 0 0
34 0 1
34 1 0
34 0 -1
34 -1 0
34 1 1
34 1 -1
34 -1 1
34 -1 -1
34 0 0
34 0 1
34 1 0
34 0 -1
34 -1 0
34 1 1
34 1 -1
34 -1 1
34 -1 -1
34 0 0
34 0 1
34 1 0
34 0 -1
34 -1 0
34 1 1
34 1 -1
34 -1 1
34 -1 -1
34 0 0
34 0 1
34 1 0
34 0 -1
34 -1 0
34 1 1
34 1 -1
34 -1 1
34 -1 -1
34 0 0
34 0 1
34 1 0
34 0 -1
34 -1 0
34 1 1
34 1 -1
34 -1 1
34 -1 -1
35 0 0
35 0 1
35 1 0
35 0 -1
35 -1 0
35 1 1
35 1 -1
35 -1 1
35 -1 -1
35 0 0
35 0 1
35 1 0
35 0 -1
35 -1 0
35 1 1
35 1 -1
35 -1 1
35 -1 -1
35 0 0
35 0 1
35 1 0
35 0 -1
35 -1 0
35 1 1
35 1 -1
35 -1 1
35 -1 -1
35 0 0
35 0 1
35 1 0
35 0 -1
35 -1 0
35 1 1
35 1 -1
35 -1 1
35 -1 -1
35 0 0
35 0 1
35 1 0
35 0 -1
35 -1 0
35 1 1
35 1 -1
35 -1 1
35 -1 -1
35 0 0
35 0 1
35 1 0
35 0 -1
35 -1 0
35 1 1
35 1 -1
35 -1 1
35 -1 -1
35 0 0
35 0 1
35 1 0
35 0 -1
35 -1 0
35 1 1
35 1 -1
35 -1 1
35 -1 -1
35 0 0
35 0 1
35 1 0
35 0 -1
35 -1 0
35 1 1
35 1 -1
35 -1 1
35 -1 -1
35 0 0
35 0 1
35 1 0
35 0 -1
35 -1 0
35 1 1
35 1 -1
35 -1 1
35 -1 -1
35 0 0
35 0 1
35 1 0
35 0 -1
35 -1 0
35 1 1
35 1 -1
35 -1 1
35 -1 -1
35 0 0
35 0 1
35 1 0
35 0 -1
35 -1 0
35 1 1
35 1 -1
35 -1 1
35 -1 -1
35 0 0
35 0 1
35 1 0
35 0 -1
35 -1 0
35 1 1
35 1 -1
35 -1 1
35 -1 -1
35 0 0
35 0 1
35 1 0
35 0 -1
35 -1 0
35 1 1
35 1 -1
35 -1 1
35 -1 -1
35 0 0
35 0 1
35 1 0
35 0 -1
35 -1 0
35 1 1
35 1 -1
35 -1 1
35 -1 -1
35 0 0
35 0 1
35 1 0
35 0 -1
35 -1 0
35 1 1
35 1 -1
35 -1 1
35 -1 -1
36 0 0
36 0 1
36 1 0
36 0 -1
36 -1 0
36 1 1
36 1 -1
36 -1 1
36 -1 -1
36 0 0
36 0 1
36 1 0
36 0 -1
36 -1 0
36 1 1
36 1 -1
36 -1 1
36 -1 -1
36 0 0
36 0 1
36 1 0
36 0 -1
36 -1 0
36 1 1
36 1 -1
36 -1 1
36 -1 -1
36 0 0
36 0 1
36 1 0
36 0 -1
36 -1 0
36 1 1
36 1 -1
36 -1 1
36 -1 -1
36 0 0
36 0 1
36 1 0
36 0 -1
36 -1 0
36 1 1
36 1 -1
36 -1 1
36 -1 -1
36 0 0
36 0 1
36 1 0
36 0 -1
36 -1 0
36 1 1
36 1 -1
36 -1 1
36 -1 -1
36 0 0
36 0 1
36 1 0
36 0 -1
36 -1 0
36 1 1
36 1 -1
36 -1 1
36 -1 -1
36 0 0
36 0 1
36 1 0
36 0 -1
36 -1 0
36 1 1
36 1 -1
36 -1 1
36 -1 -1
36 0 0
36 0 1
36 1 0
36 0 -1
36 -1 0
36 1 1
36 1 -1
36 -1 1
36 -1 -1
36 0 0
36 0 1
36 1 0
36 0 -1
36 -1 0
36 1 1
36 1 -1
36 -1 1
36 -1 -1
36 0 0
36 0 1
36 1 0
36 0 -1
36 -1 0
36 1 1
36 1 -1
36 -1 1
36 -1 -1
36 0 0
36 0 1
36 1 0
36 0 -1
36 -1 0
36 1 1
36 1 -1
36 -1 1
36 -1 -1
36 0 0
36 0 1
36 1 0
36 0 -1
36 -1 0
36 1 1
36 1 -1
36 -1 1
36 -1 -1
36 0 0
36 0 1
36 1 0
36 0 -1
36 -1 0
36 1 1
36 1 -1
36 -1 1
36 -1 -1
36 0 0
36 0 1
36 1 0
36 0 -1
36 -1 0
36 1 1
36 1 -1
36 -1 1
36 -1 -1
37 0 0
37 0 1
37 1 0
37 0 -1
37 -1 0
37 1 1
37 1 -1
37 -1 1
37 -1 -1
37 0 0
37 0 1
37 1 0
37 0 -1
37 -1 0
37 1 1
37 1 -1
37 -1 1
37 -1 -1
37 0 0
37 0 1
37 1 0
37 0 -1
37 -1 0
37 1 1
37 1 -1
37 -1 1
37 -1 -1
37 0 0
37 0 1
37 1 0
37 0 -1
37 -1 0
37 1 1
37 1 -1
37 -1 1
37 -1 -1
37 0 0
37 0 1
37 1 0
37 0 -1
37 -1 0
37 1 1
37 1 -1
37 -1 1
37 -1 -1
37 0 0
37 0 1
37 1 0
37 0 -1
37 -1 0
37 1 1
37 1 -1
37 -1 1
37 -1 -1
37 0 0
37 0 1
37 1 0
37 0 -1
37 -1 0
37 1 1
37 1 -1
37 -1 1
37 -1 -1
37 0 0
37 0 1
37 1 0
37 0 -1
37 -1 0
37 1 1
37 1 -1
37 -1 1
37 -1 -1
37 0 0
37 0 1
37 1 0
37 0 -1
37 -1 0
37 1 1
37 1 -1
37 -1 1
37 -1 -1
37 0 0
37 0 1
37 1 0
37 0 -1
37 -1 0
37 1 1
37 1 -1
37 -1 1
37 -1 -1
37 0 0
37 0 1
37 1 0
37 0 -1
37 -1 0
37 1 1
37 1 -1
37 -1 1
37 -1 -1
37 0 0
37 0 1
37 1 0
37 0 -1
37 -1 0
37 1 1
37 1 -1
37 -1 1
37 -1 -1
37 0 0
37 0 1
37 1 0
37 0 -1
37 -1 0
37 1 1
37 1 -1
37 -1 1
37 -1 -1
37 0 0
37 0 1
37 1 0
37 0 -1
37 -1 0
37 1 1
37 1 -1
37 -1 1
37 -1 -1
37 0 0
37 0 1
37 1 0
37 0 -1
37 -1 0
37 1 1
37 1 -1
37 -1 1
37 -1 -1
38 0 0
38 0 1
38 1 0
38 0 -1
38 -1 0
38 1 1
38 1 -1
38 -1 1
38 -1 -1
38 0 0
38 0 1
38 1 0
38 0 -1
38 -1 0
38 1 1
38 1 -1
38 -1 1
38 -1 -1
38 0 0
38 0 1
38 1 0
38 0 -1
38 -1 0
38 1 1
38 1 -1
38 -1 1
38 -1 -1
38 0 0
38 0 1
38 1 0
38 0 -1
38 -1 0
38 1 1
38 1 -1
38 -1 1
38 -1 -1
38 0 0
38 0 1
38 1 0
38 0 -1
38 -1 0
38 1 1
38 1 -1
38 -1 1
38 -1 -1
38 0 0
38 0 1
38 1 0
38 0 -1
38 -1 0
38 1 1
38 1 -1
38 -1 1
38 -1 -1
38 0 0
38 0 1
38 1 0
38 0 -1
38 -1 0
38 1 1
38 1 -1
38 -1 1
38 -1 -1
38 0 0
38 0 1
38 1 0
38 0 -1
38 -1 0
38 1 1
38 1 -1
38 -1 1
38 -1 -1
38 0 0
38 0 1
38 1 0
38 0 -1
38 -1 0
38 1 1
38 1 -1
38 -1 1
38 -1 -1
38 0 0
38 0 1
38 1 0
38 0 -1
38 -1 0
38 1 1
38 1 -1
38 -1 1
38 -1 -1
38 0 0
38 0 1
38 1 0
38 0 -1
38 -1 0
38 1 1
38 1 -1
38 -1 1
38 -1 -1
38 0 0
38 0 1
38 1 0
38 0 -1
38 -1 0
38 1 1
38 1 -1
38 -1 1
38 -1 -1
38 0 0
38 0 1
38 1 0
38 0 -1
38 -1 0
38 1 1
38 1 -1
38 -1 1
38 -1 -1
38 0 0
38 0 1
38 1 0
38 0 -1
38 -1 0
38 1 1
38 1 -1
38 -1 1
38 -1 -1
38 0 0
38 0 1
38 1 0
38 0 -1
38 -1 0
38 1 1
38 1 -1
38 -1 1
38 -1 -1
39 0 0
39 0 1
39 1 0
39 0 -1
39 -1 0
39 1 1
39 1 -1
39 -1 1
39 -1 -1
39 0 0
39 0 1
39 1 0
39 0 -1
39 -1 0
39 1 1
39 1 -1
39 -1 1
39 -1 -1
39 0 0
39 0 1
39 1 0
39 0 -1
39 -1 0
39 1 1
39 1 -1
39 -1 1
39 -1 -1
39 0 0
39 0 1
39 1 0
39 0 -1
39 -1 0
39 1 1
39 1 -1
39 -1 1
39 -1 -1
39 0 0
39 0 1
39 1 0
39 0 -1
39 -1 0
39 1 1
39 1 -1
39 -1 1
39 -1 -1
39 0 0
39 0 1
39 1 0
39 0 -1
39 -1 0
39 1 1
39 1 -1
39 -1 1
39 -1 -1
39 0 0
39 0 1
39 1 0
39 0 -1
39 -1 0
39 1 1
39 1 -1
39 -1 1
39 -1 -1
39 0 0
39 0 1
39 1 0
39 0 -1
39 -1 0
39 1 1
39 1 -1
39 -1 1
39 -1 -1
39 0 0
39 0 1
39 1 0
39 0 -1
39 -1 0
39 1 1
39 1 -1
39 -1 1
39 -1 -1
39 0 0
39 0 1
39 1 0
39 0 -1
39 -1 0
39 1 1
39 1 -1
39 -1 1
39 -1 -1
39 0 0
39 0 1
39 1 0
39 0 -1
39 -1 0
39 1 1
39 1 -1
39 -1 1
39 -1 -1
39 0 0
39 0 1
39 1 0
39 0 -1
39 -1 0
39 1 1
39 1 -1
39 -1 1
39 -1 -1
39 0 0
39 0 1
39 1 0
39 0 -1
39 -1 0
39 1 1
39 1 -1
39 -1 1
39 -1 -1
39 0 0
39 0 1
39 1 0
39 0 -1
39 -1 0
39 1 1
39 1 -1
39 -1 1
39 -1 -1
39 0 0
39 0 1
39 1 0
39 0 -1
39 -1 0
39 1 1
39 1 -1
39 -1 1
39 -1 -1
40 0 0
40 0 1
40 1 0
40 0 -1
40 -1 0
40 1 1
40 1 -1
40 -1 1
40 -1 -1
40 0 0
40 0 1
40 1 0
40 0 -1
40 -1 0
40 1 1
40 1 -1
40 -1 1
40 -1 -1
40 0 0
40 0 1
40 1 0
40 0 -1
40 -1 0
40 1 1
40 1 -1
40 -1 1
40 -1 -1
40 0 0
40 0 1
40 1 0
40 0 -1
40 -1 0
40 1 1
40 1 -1
40 -1 1
40 -1 -1
40 0 0
40 0 1
40 1 0
40 0 -1
40 -1 0
40 1 1
40 1 -1
40 -1 1
40 -1 -1
40 0 0
40 0 1
40 1 0
40 0 -1
40 -1 0
40 1 1
40 1 -1
40 -1 1
40 -1 -1
40 0 0
40 0 1
40 1 0
40 0 -1
40 -1 0
40 1 1
40 1 -1
40 -1 1
40 -1 -1
40 0 0
40 0 1
40 1 0
40 0 -1
40 -1 0
40 1 1
40 1 -1
40 -1 1
40 -1 -1
40 0 0
40 0 1
40 1 0
40 0 -1
40 -1 0
40 1 1
40 1 -1
40 -1 1
40 -1 -1
40 0 0
40 0 1
40 1 0
40 0 -1
40 -1 0
40 1 1
40 1 -1
40 -1 1
40 -1 -1
40 0 0
40 0 1
40 1 0
40 0 -1
40 -1 0
40 1 1
40 1 -1
40 -1 1
40 -1 -1
40 0 0
40 0 1
40 1 0
40 0 -1
40 -1 0
40 1 1
40 1 -1
40 -1 1
40 -1 -1
40 0 0
40 0 1
40 1 0
40 0 -1
40 -1 0
40 1 1
40 1 -1
40 -1 1
40 -1 -1
40 0 0
40 0 1
40 1 0
40 0 -1
40 -1 0
40 1 1
40 1 -1
40 -1 1
40 -1 -1
40 0 0
40 0 1
40 1 0
40 0 -1
40 -1 0
40 1 1
40 1 -1
40 -1 1
40 -1 -1
41 0 0
41 0 1
41 1 0
41 0 -1
41 -1 0
41 1 1
41 1 -1
41 -1 1
41 -1 -1
41 0 0
41 0 1
41 1 0
41 0 -1
41 -1 0
41 1 1
41 1 -1
41 -1 1
41 -1 -1
41 0 0
41 0 1
41 1 0
41 0 -1
41 -1 0
41 1 1
41 1 -1
41 -1 1
41 -1 -1
41 0 0
41 0 1
41 1 0
41 0 -1
41 -1 0
41 1 1
41 1 -1
41 -1 1
41 -1 -1
41 0 0
41 0 1
41 1 0
41 0 -1
41 -1 0
41 1 1
41 1 -1
41 -1 1
41 -1 -1
41 0 0
41 0 1
41 1 0
41 0 -1
41 -1 0
41 1 1
41 1 -1
41 -1 1
41 -1 -1
41 0 0
41 0 1
41 1 0
41 0 -1
41 -1 0
41 1 1
41 1 -1
41 -1 1
41 -1 -1
41 0 0
41 0 1
41 1 0
41 0 -1
41 -1 0
41 1 1
41 1 -1
41 -1 1
41 -1 -1
41 0 0
41 0 1
41 1 0
41 0 -1
41 -1 0
41 1 1
41 1 -1
41 -1 1
41 -1 -1
41 0 0
41 0 1
41 1 0
41 0 -1
41 -1 0
41 1 1
41 1 -1
41 -1 1
41 -1 -1
41 0 0
41 0 1
41 1 0
41 0 -1
41 -1 0
41 1 1
41 1 -1
41 -1 1
41 -1 -1
41 0 0
41 0 1
41 1 0
41 0 -1
41 -1 0
41 1 1
41 1 -1
41 -1 1
41 -1 -1
41 0 0
41 0 1
41 1 0
41 0 -1
41 -1 0
41 1 1
41 1 -1
41 -1 1
41 -1 -1
41 0 0
41 0 1
41 1 0
41 0 -1
41 -1 0
41 1 1
41 1 -1
41 -1 1
41 -1 -1
41 0 0
41 0 1
41 1 0
41 0 -1
41 -1 0
41 1 1
41 1 -1
41 -1 1
41 -1 -1
42 0 0
42 0 1
42 1 0
42 0 -1
42 -1 0
42 1 1
42 1 -1
42 -1 1
42 -1 -1
42 0 0
42 0 1
42 1 0
42 0 -1
42 -1 0
42 1 1
42 1 -1
42 -1 1
42 -1 -1
42 0 0
42 0 1
42 1 0
42 0 -1
42 -1 0
42 1 1
42 1 -1
42 -1 1
42 -1 -1
42 0 0
42 0 1
42 1 0
42 0 -1
42 -1 0
42 1 1
42 1 -1
42 -1 1
42 -1 -1
42 0 0
42 0 1
42 1 0
42 0 -1
42 -1 0
42 1 1
42 1 -1
42 -1 1
42 -1 -1
42 0 0
42 0 1
42 1 0
42 0 -1
42 -1 0
42 1 1
42 1 -1
42 -1 1
42 -1 -1
42 0 0
42 0 1
42 1 0
42 0 -1
42 -1 0
42 1 1
42 1 -1
42 -1 1
42 -1 -1
42 0 0
42 0 1
42 1 0
42 0 -1
42 -1 0
42 1 1
42 1 -1
42 -1 1
42 -1 -1
42 0 0
42 0 1
42 1 0
42 0 -1
42 -1 0
42 1 1
42 1 -1
42 -1 1
42 -1 -1
42 0 0
42 0 1
42 1 0
42 0 -1
42 -1 0
42 1 1
42 1 -1
42 -1 1
42 -1 -1
42 0 0
42 0 1
42 1 0
42 0 -1
42 -1 0
42 1 1
42 1 -1
42 -1 1
42 -1 -1
42 0 0
42 0 1
42 1 0
42 0 -1
42 -1 0
42 1 1
42 1 -1
42 -1 1
42 -1 -1
42 0 0
42 0 1
42 1 0
42 0 -1
42 -1 0
42 1 1
42 1 -1
42 -1 1
42 -1 -1
42 0 0
42 0 1
42 1 0
42 0 -1
42 -1 0
42 1 1
42 1 -1
42 -1 1
42 -1 -1
42 0 0
42 0 1
42 1 0
42 0 -1
42 -1 0
42 1 1
42 1 -1
42 -1 1
42 -1 -1
43 0 0
43 0 1
43 1 0
43 0 -1
43 -1 0
43 1 1
43 1 -1
43 -1 1
43 -1 -1
43 0 0
43 0 1
43 1 0
43 0 -1
43 -1 0
43 1 1
43 1 -1
43 -1 1
43 -1 -1
43 0 0
43 0 1
43 1 0
43 0 -1
43 -1 0
43 1 1
43 1 -1
43 -1 1
43 -1 -1
43 0 0
43 0 1
43 1 0
43 0 -1
43 -1 0
43 1 1
43 1 -1
43 -1 1
43 -1 -1
43 0 0
43 0 1
43 1 0
43 0 -1
43 -1 0
43 1 1
43 1 -1
43 -1 1
43 -1 -1
43 0 0
43 0 1
43 1 0
43 0 -1
43 -1 0
43 1 1
43 1 -1
43 -1 1
43 -1 -1
43 0 0
43 0 1
43 1 0
43 0 -1
43 -1 0
43 1 1
43 1 -1
43 -1 1
43 -1 -1
43 0 0
43 0 1
43 1 0
43 0 -1
43 -1 0
43 1 1
43 1 -1
43 -1 1
43 -1 -1
43 0 0
43 0 1
43 1 0
43 0 -1
43 -1 0
43 1 1
43 1 -1
43 -1 1
43 -1 -1
43 0 0
43 0 1
43 1 0
43 0 -1
43 -1 0
43 1 1
43 1 -1
43 -1 1
43 -1 -1
43 0 0
43 0 1
43 1 0
43 0 -1
43 -1 0
43 1 1
43 1 -1
43 -1 1
43 -1 -1
43 0 0
43 0 1
43 1 0
43 0 -1
43 -1 0
43 1 1
43 1 -1
43 -1 1
43 -1 -1
43 0 0
43 0 1
43 1 0
43 0 -1
43 -1 0
43 1 1
43 1 -1
43 -1 1
43 -1 -1
43 0 0
43 0 1
43 1 0
43 0 -1
43 -1 0
43 1 1
43 1 -1
43 -1 1
43 -1 -1
43 0 0
43 0 1
43 1 0
43 0 -1
43 -1 0
43 1 1
43 1 -1
43 -1 1
43 -1 -1
44 0 0
44 0 1
44 1 0
44 0 -1
44 -1 0
44 1 1
44 1 -1
44 -1 1
44 -1 -1
44 0 0
44 0 1
44 1 0
44 0 -1
44 -1 0
44 1 1
44 1 -1
44 -1 1
44 -1 -1
44 0 0
44 0 1
44 1 0
44 0 -1
44 -1 0
44 1 1
44 1 -1
44 -1 1
44 -1 -1
44 0 0
44 0 1
44 1 0
44 0 -1
44 -1 0
44 1 1
44 1 -1
44 -1 1
44 -1 -1
44 0 0
44 0 1
44 1 0
44 0 -1
44 -1 0
44 1 1
44 1 -1
44 -1 1
44 -1 -1
44 0 0
44 0 1
44 1 0
44 0 -1
44 -1 0
44 1 1
44 1 -1
44 -1 1
44 -1 -1
44 0 0
44 0 1
44 1 0
44 0 -1
44 -1 0
44 1 1
44 1 -1
44 -1 1
44 -1 -1
44 0 0
44 0 1
44 1 0
44 0 -1
44 -1 0
44 1 1
44 1 -1
44 -1 1
44 -1 -1
44 0 0
44 0 1
44 1 0
44 0 -1
44 -1 0
44 1 1
44 1 -1
44 -1 1
44 -1 -1
44 0 0
44 0 1
44 1 0
44 0 -1
44 -1 0
44 1 1
44 1 -1
44 -1 1
44 -1 -1
44 0 0
44 0 1
44 1 0
44 0 -1
44 -1 0
44 1 1
44 1 -1
44 -1 1
44 -1 -1
44 0 0
44 0 1
44 1 0
44 0 -1
44 -1 0
44 1 1
44 1 -1
44 -1 1
44 -1 -1
44 0 0
44 0 1
44 1 0
44 0 -1
44 -1 0
44 1 1
44 1 -1
44 -1 1
44 -1 -1
44 0 0
44 0 1
44 1 0
44 0 -1
44 -1 0
44 1 1
44 1 -1
44 -1 1
44 -1 -1
44 0 0
44 0 1
44 1 0
44 0 -1
44 -1 0
44 1 1
44 1 -1
44 -1 1
44 -1 -1
45 0 0
45 0 1
45 1 0
45 0 -1
45 -1 0
45 1 1
45 1 -1
45 -1 1
45 -1 -1
45 0 0
45 0 1
45 1 0
45 0 -1
45 -1 0
45 1 1
45 1 -1
45 -1 1
45 -1 -1
45 0 0
45 0 1
45 1 0
45 0 -1
45 -1 0
45 1 1
45 1 -1
45 -1 1
45 -1 -1
45 0 0
45 0 1
45 1 0
45 0 -1
45 -1 0
45 1 1
45 1 -1
45 -1 1
45 -1 -1
45 0 0
45 0 1
45 1 0
45 0 -1
45 -1 0
45 1 1
45 1 -1
45 -1 1
45 -1 -1
45 0 0
45 0 1
45 1 0
45 0 -1
45 -1 0
45 1 1
45 1 -1
45 -1 1
45 -1 -1
45 0 0
45 0 1
45 1 0
45 0 -1
45 -1 0
45 1 1
45 1 -1
45 -1 1
45 -1 -1
45 0 0
45 0 1
45 1 0
45 0 -1
45 -1 0
45 1 1
45 1 -1
45 -1 1
45 -1 -1
45 0 0
45 0 1
45 1 0
45 0 -1
45 -1 0
45 1 1
45 1 -1
45 -1 1
45 -1 -1
45 0 0
45 0 1
45 1 0
45 0 -1
45 -1 0
45 1 1
45 1 -1
45 -1 1
45 -1 -1
45 0 0
45 0 1
45 1 0
45 0 -1
45 -1 0
45 1 1
45 1 -1
45 -1 1
45 -1 -1
45 0 0
45 0 1
45 1 0
45 0 -1
45 -1 0
45 1 1
45 1 -1
45 -1 1
45 -1 -1
45 0 0
45 0 1
45 1 0
45 0 -1
45 -1 0
45 1 1
45 1 -1
45 -1 1
45 -1 -1
45 0 0
45 0 1
45 1 0
45 0 -1
45 -1 0
45 1 1
45 1 -1
45 -1 1
45 -1 -1
45 0 0
45 0 1
45 1 0
45 0 -1
45 -1 0
45 1 1
45 1 -1
45 -1 1
45 -1 -1
46 0 0
46 0 1
46 1 0
46 0 -1
46 -1 0
46 1 1
46 1 -1
46 -1 1
46 -1 -1
46 0 0
46 0 1
46 1 0
46 0 -1
46 -1 0
46 1 1
46 1 -1
46 -1 1
46 -1 -1
46 0 0
46 0 1
46 1 0
46 0 -1
46 -1 0
46 1 1
46 1 -1
46 -1 1
46 -1 -1
46 0 0
46 0 1
46 1 0
46 0 -1
46 -1 0
46 1 1
46 1 -1
46 -1 1
46 -1 -1
46 0 0
46 0 1
46 1 0
46 0 -1
46 -1 0
46 1 1
46 1 -1
46 -1 1
46 -1 -1
46 0 0
46 0 1
46 1 0
46 0 -1
46 -1 0
46 1 1
46 1 -1
46 -1 1
46 -1 -1
46 0 0
46 0 1
46 1 0
46 0 -1
46 -1 0
46 1 1
46 1 -1
46 -1 1
46 -1 -1
46 0 0
46 0 1
46 1 0
46 0 -1
46 -1 0
46 1 1
46 1 -1
46 -1 1
46 -1 -1
46 0 0
46 0 1
46 1 0
46 0 -1
46 -1 0
46 1 1
46 1 -1
46 -1 1
46 -1 -1
46 0 0
46 0 1
46 1 0
46 0 -1
46 -1 0
46 1 1
46 1 -1
46 -1 1
46 -1 -1
46 0 0
46 0 1
46 1 0
46 0 -1
46 -1 0
46 1 1
46 1 -1
46 -1 1
46 -1 -1
46 0 0
46 0 1
46 1 0
46 0 -1
46 -1 0
46 1 1
46 1 -1
46 -1 1
46 -1 -1
46 0 0
46 0 1
46 1 0
46 0 -1
46 -1 0
46 1 1
46 1 -1
46 -1 1
46 -1 -1
46 0 0
46 0 1
46 1 0
46 0 -1
46 -1 0
46 1 1
46 1 -1
46 -1 1
46 -1 -1
46 0 0
46 0 1
46 1 0
46 0 -1
46 -1 0
46 1 1
46 1 -1
46 -1 1
46 -1 -1
47 0 0
47 0 1
47 1 0
47 0 -1
47 -1 0
47 1 1
47 1 -1
47 -1 1
47 -1 -1
47 0 0
47 0 1
47 1 0
47 0 -1
47 -1 0
47 1 1
47 1 -1
47 -1 1
47 -1 -1
47 0 0
47 0 1
47 1 0
47 0 -1
47 -1 0
47 1 1
47 1 -1
47 -1 1
47 -1 -1
47 0 0
47 0 1
47 1 0
47 0 -1
47 -1 0
47 1 1
47 1 -1
47 -1 1
47 -1 -1
47 0 0
47 0 1
47 1 0
47 0 -1
47 -1 0
47 1 1
47 1 -1
47 -1 1
47 -1 -1
47 0 0
47 0 1
47 1 0
47 0 -1
47 -1 0
47 1 1
47 1 -1
47 -1 1
47 -1 -1
47 0 0
47 0 1
47 1 0
47 0 -1
47 -1 0
47 1 1
47 1 -1
47 -1 1
47 -1 -1
47 0 0
47 0 1
47 1 0
47 0 -1
47 -1 0
47 1 1
47 1 -1
47 -1 1
47 -1 -1
47 0 0
47 0 1
47 1 0
47 0 -1
47 -1 0
47 1 1
47 1 -1
47 -1 1
47 -1 -1
47 0 0
47 0 1
47 1 0
47 0 -1
47 -1 0
47 1 1
47 1 -1
47 -1 1
47 -1 -1
47 0 0
47 0 1
47 1 0
47 0 -1
47 -1 0
47 1 1
47 1 -1
47 -1 1
47 -1 -1
47 0 0
47 0 1
47 1 0
47 0 -1
47 -1 0
47 1 1
47 1 -1
47 -1 1
47 -1 -1
47 0 0
47 0 1
47 1 0
47 0 -1
47 -1 0
47 1 1
47 1 -1
47 -1 1
47 -1 -1
47 0 0
47 0 1
47 1 0
47 0 -1
47 -1 0
47 1 1
47 1 -1
47 -1 1
47 -1 -1
47 0 0
47 0 1
47 1 0
47 0 -1
47 -1 0
47 1 1
47 1 -1
47 -1 1
47 -1 -1
48 0 0
48 0 1
48 1 0
48 0 -1
48 -1 0
48 1 1
48 1 -1
48 -1 1
48 -1 -1
48 0 0
48 0 1
48 1 0
48 0 -1
48 -1 0
48 1 1
48 1 -1
48 -1 1
48 -1 -1
48 0 0
48 0 1
48 1 0
48 0 -1
48 -1 0
48 1 1
48 1 -1
48 -1 1
48 -1 -1
48 0 0
48 0 1
48 1 0
48 0 -1
48 -1 0
48 1 1
48 1 -1
48 -1 1
48 -1 -1
48 0 0
48 0 1
48 1 0
48 0 -1
48 -1 0
48 1 1
48 1 -1
48 -1 1
48 -1 -1
48 0 0
48 0 1
48 1 0
48 0 -1
48 -1 0
48 1 1
48 1 -1
48 -1 1
48 -1 -1
48 0 0
48 0 1
48 1 0
48 0 -1
48 -1 0
48 1 1
48 1 -1
48 -1 1
48 -1 -1
48 0 0
48 0 1
48 1 0
48 0 -1
48 -1 0
48 1 1
48 1 -1
48 -1 1
48 -1 -1
48 0 0
48 0 1
48 1 0
48 0 -1
48 -1 0
48 1 1
48 1 -1
48 -1 1
48 -1 -1
48 0 0
48 0 1
48 1 0
48 0 -1
48 -1 0
48 1 1
48 1 -1
48 -1 1
48 -1 -1
48 0 0
48 0 1
48 1 0
48 0 -1
48 -1 0
48 1 1
48 1 -1
48 -1 1
48 -1 -1
48 0 0
48 0 1
48 1 0
48 0 -1
48 -1 0
48 1 1
48 1 -1
48 -1 1
48 -1 -1
48 0 0
48 0 1
48 1 0
48 0 -1
48 -1 0
48 1 1
48 1 -1
48 -1 1
48 -1 -1
48 0 0
48 0 1
48 1 0
48 0 -1
48 -1 0
48 1 1
48 1 -1
48 -1 1
48 -1 -1
48 0 0
48 0 1
48 1 0
48 0 -1
48 -1 0
48 1 1
48 1 -1
48 -1 1
48 -1 -1
49 0 0
49 0 1
49 1 0
49 0 -1
49 -1 0
49 1 1
49 1 -1
49 -1 1
49 -1 -1
49 0 0
49 0 1
49 1 0
49 0 -1
49 -1 0
49 1 1
49 1 -1
49 -1 1
49 -1 -1
49 0 0
49 0 1
49 1 0
49 0 -1
49 -1 0
49 1 1
49 1 -1
49 -1 1
49 -1 -1
49 0 0
49 0 1
49 1 0
49 0 -1
49 -1 0
49 1 1
49 1 -1
49 -1 1
49 -1 -1
49 0 0
49 0 1
49 1 0
49 0 -1
49 -1 0
49 1 1
49 1 -1
49 -1 1
49 -1 -1
49 0 0
49 0 1
49 1 0
49 0 -1
49 -1 0
49 1 1
49 1 -1
49 -1 1
49 -1 -1
49 0 0
49 0 1
49 1 0
49 0 -1
49 -1 0
49 1 1
49 1 -1
49 -1 1
49 -1 -1
49 0 0
49 0 1
49 1 0
49 0 -1
49 -1 0
49 1 1
49 1 -1
49 -1 1
49 -1 -1
49 0 0
49 0 1
49 1 0
49 0 -1
49 -1 0
49 1 1
49 1 -1
49 -1 1
49 -1 -1
49 0 0
49 0 1
49 1 0
49 0 -1
49 -1 0
49 1 1
49 1 -1
49 -1 1
49 -1 -1
49 0 0
49 0 1
49 1 0
49 0 -1
49 -1 0
49 1 1
49 1 -1
49 -1 1
49 -1 -1
49 0 0
49 0 1
49 1 0
49 0 -1
49 -1 0
49 1 1
49 1 -1
49 -1 1
49 -1 -1
49 0 0
49 0 1
49 1 0
49 0 -1
49 -1 0
49 1 1
49 1 -1
49 -1 1
49 -1 -1
49 0 0
49 0 1
49 1 0
49 0 -1
49 -1 0
49 1 1
49 1 -1
49 -1 1
49 -1 -1
49 0 0
49 0 1
49 1 0
49 0 -1
49 -1 0
49 1 1
49 1 -1
49 -1 1
49 -1 -1
50 0 0
50 0 1
50 1 0
50 0 -1
50 -1 0
50 1 1
50 1 -1
50 -1 1
50 -1 -1
50 0 0
50 0 1
50 1 0
50 0 -1
50 -1 0
50 1 1
50 1 -1
50 -1 1
50 -1 -1
50 0 0
50 0 1
50 1 0
50 0 -1
50 -1 0
50 1 1
50 1 -1
50 -1 1
50 -1 -1
50 0 0
50 0 1
50 1 0
50 0 -1
50 -1 0
50 1 1
50 1 -1
50 -1 1
50 -1 -1
50 0 0
50 0 1
50 1 0
50 0 -1
50 -1 0
50 1 1
50 1 -1
50 -1 1
50 -1 -1
50 0 0
50 0 1
50 1 0
50 0 -1
50 -1 0
50 1 1
50 1 -1
50 -1 1
50 -1 -1
50 0 0
50 0 1
50 1 0
50 0 -1
50 -1 0
50 1 1
50 1 -1
50 -1 1
50 -1 -1
50 0 0
50 0 1
50 1 0
50 0 -1
50 -1 0
50 1 1
50 1 -1
50 -1 1
50 -1 -1
50 0 0
50 0 1
50 1 0
50 0 -1
50 -1 0
50 1 1
50 1 -1
50 -1 1
50 -1 -1
50 0 0
50 0 1
50 1 0
50 0 -1
50 -1 0
50 1 1
50 1 -1
50 -1 1
50 -1 -1
50 0 0
50 0 1
50 1 0
50 0 -1
50 -1 0
50 1 1
50 1 -1
50 -1 1
50 -1 -1
50 0 0
50 0 1
50 1 0
50 0 -1
50 -1 0
50 1 1
50 1 -1
50 -1 1
50 -1 -1
50 0 0
50 0 1
50 1 0
50 0 -1
50 -1 0
50 1 1
50 1 -1
50 -1 1
50 -1 -1
50 0 0
50 0 1
50 1 0
50 0 -1
50 -1 0
50 1 1
50 1 -1
50 -1 1
50 -1 -1
50 0 0
50 0 1
50 1 0
50 0 -1
50 -1 0
50 1 1
50 1 -1
50 -1 1
50 -1 -1
51 0 0
51 0 1
51 1 0
51 0 -1
51 -1 0
51 1 1
51 1 -1
51 -1 1
51 -1 -1
51 0 0
51 0 1
51 1 0
51 0 -1
51 -1 0
51 1 1
51 1 -1
51 -1 1
51 -1 -1
51 0 0
51 0 1
51 1 0
51 0 -1
51 -1 0
51 1 1
51 1 -1
51 -1 1
51 -1 -1
51 0 0
51 0 1
51 1 0
51 0 -1
51 -1 0
51 1 1
51 1 -1
51 -1 1
51 -1 -1
51 0 0
51 0 1
51 1 0
51 0 -1
51 -1 0
51 1 1
51 1 -1
51 -1 1
51 -1 -1
51 0 0
51 0 1
51 1 0
51 0 -1
51 -1 0
51 1 1
51 1 -1
51 -1 1
51 -1 -1
51 0 0
51 0 1
51 1 0
51 0 -1
51 -1 0
51 1 1
51 1 -1
51 -1 1
51 -1 -1
51 0 0
51 0 1
51 1 0
51 0 -1
51 -1 0
51 1 1
51 1 -1
51 -1 1
51 -1 -1
51 0 0
51 0 1
51 1 0
51 0 -1
51 -1 0
51 1 1
51 1 -1
51 -1 1
51 -1 -1
51 0 0
51 0 1
51 1 0
51 0 -1
51 -1 0
51 1 1
51 1 -1
51 -1 1
51 -1 -1
51 0 0
51 0 1
51 1 0
51 0 -1
51 -1 0
51 1 1
51 1 -1
51 -1 1
51 -1 -1
51 0 0
51 0 1
51 1 0
51 0 -1
51 -1 0
51 1 1
51 1 -1
51 -1 1
51 -1 -1
51 0 0
51 0 1
51 1 0
51 0 -1
51 -1 0
51 1 1
51 1 -1
51 -1 1
51 -1 -1
51 0 0
51 0 1
51 1 0
51 0 -1
51 -1 0
51 1 1
51 1 -1
51 -1 1
51 -1 -1
51 0 0
51 0 1
51 1 0
51 0 -1
51 -1 0
51 1 1
51 1 -1
51 -1 1
51 -1 -1
52 0 0
52 0 1
52 1 0
52 0 -1
52 -1 0
52 1 1
52 1 -1
52 -1 1
52 -1 -1
52 0 0
52 0 1
52 1 0
52 0 -1
52 -1 0
52 1 1
52 1 -1
52 -1 1
52 -1 -1
52 0 0
52 0 1
52 1 0
52 0 -1
52 -1 0
52 1 1
52 1 -1
52 -1 1
52 -1 -1
52 0 0
52 0 1
52 1 0
52 0 -1
52 -1 0
52 1 1
52 1 -1
52 -1 1
52 -1 -1
52 0 0
52 0 1
52 1 0
52 0 -1
52 -1 0
52 1 1
52 1 -1
52 -1 1
52 -1 -1
52 0 0
52 0 1
52 1 0
52 0 -1
52 -1 0
52 1 1
52 1 -1
52 -1 1
52 -1 -1
52 0 0
52 0 1
52 1 0
52 0 -1
52 -1 0
52 1 1
52 1 -1
52 -1 1
52 -1 -1
52 0 0
52 0 1
52 1 0
52 0 -1
52 -1 0
52 1 1
52 1 -1
52 -1 1
52 -1 -1
52 0 0
52 0 1
52 1 0
52 0 -1
52 -1 0
52 1 1
52 1 -1
52 -1 1
52 -1 -1
52 0 0
52 0 1
52 1 0
52 0 -1
52 -1 0
52 1 1
52 1 -1
52 -1 1
52 -1 -1
52 0 0
52 0 1
52 1 0
52 0 -1
52 -1 0
52 1 1
52 1 -1
52 -1 1
52 -1 -1
52 0 0
52 0 1
52 1 0
52 0 -1
52 -1 0
52 1 1
52 1 -1
52 -1 1
52 -1 -1
52 0 0
52 0 1
52 1 0
52 0 -1
52 -1 0
52 1 1
52 1 -1
52 -1 1
52 -1 -1
52 0 0
52 0 1
52 1 0
52 0 -1
52 -1 0
52 1 1
52 1 -1
52 -1 1
52 -1 -1
52 0 0
52 0 1
52 1 0
52 0 -1
52 -1 0
52 1 1
52 1 -1
52 -1 1
52 -1 -1
53 0 0
53 0 1
53 1 0
53 0 -1
53 -1 0
53 1 1
53 1 -1
53 -1 1
53 -1 -1
53 0 0
53 0 1
53 1 0
53 0 -1
53 -1 0
53 1 1
53 1 -1
53 -1 1
53 -1 -1
53 0 0
53 0 1
53 1 0
53 0 -1
53 -1 0
53 1 1
53 1 -1
53 -1 1
53 -1 -1
53 0 0
53 0 1
53 1 0
53 0 -1
53 -1 0
53 1 1
53 1 -1
53 -1 1
53 -1 -1
53 0 0
53 0 1
53 1 0
53 0 -1
53 -1 0
53 1 1
53 1 -1
53 -1 1
53 -1 -1
53 0 0
53 0 1
53 1 0
53 0 -1
53 -1 0
53 1 1
53 1 -1
53 -1 1
53 -1 -1
53 0 0
53 0 1
53 1 0
53 0 -1
53 -1 0
53 1 1
53 1 -1
53 -1 1
53 -1 -1
53 0 0
53 0 1
53 1 0
53 0 -1
53 -1 0
53 1 1
53 1 -1
53 -1 1
53 -1 -1
53 0 0
53 0 1
53 1 0
53 0 -1
53 -1 0
53 1 1
53 1 -1
53 -1 1
53 -1 -1
53 0 0
53 0 1
53 1 0
53 0 -1
53 -1 0
53 1 1
53 1 -1
53 -1 1
53 -1 -1
53 0 0
53 0 1
53 1 0
53 0 -1
53 -1 0
53 1 1
53 1 -1
53 -1 1
53 -1 -1
53 0 0
53 0 1
53 1 0
53 0 -1
53 -1 0
53 1 1
53 1 -1
53 -1 1
53 -1 -1
53 0 0
53 0 1
53 1 0
53 0 -1
53 -1 0
53 1 1
53 1 -1
53 -1 1
53 -1 -1
53 0 0
53 0 1
53 1 0
53 0 -1
53 -1 0
53 1 1
53 1 -1
53 -1 1
53 -1 -1
53 0 0
53 0 1
53 1 0
53 0 -1
53 -1 0
53 1 1
53 1 -1
53 -1 1
53 -1 -1
54 0 0
54 0 1
54 1 0
54 0 -1
54 -1 0
54 1 1
54 1 -1
54 -1 1
54 -1 -1
54 0 0
54 0 1
54 1 0
54 0 -1
54 -1 0
54 1 1
54 1 -1
54 -1 1
54 -1 -1
54 0 0
54 0 1
54 1 0
54 0 -1
54 -1 0
54 1 1
54 1 -1
54 -1 1
54 -1 -1
54 0 0
54 0 1
54 1 0
54 0 -1
54 -1 0
54 1 1
54 1 -1
54 -1 1
54 -1 -1
54 0 0
54 0 1
54 1 0
54 0 -1
54 -1 0
54 1 1
54 1 -1
54 -1 1
54 -1 -1
54 0 0
54 0 1
54 1 0
54 0 -1
54 -1 0
54 1 1
54 1 -1
54 -1 1
54 -1 -1
54 0 0
54 0 1
54 1 0
54 0 -1
54 -1 0
54 1 1
54 1 -1
54 -1 1
54 -1 -1
54 0 0
54 0 1
54 1 0
54 0 -1
54 -1 0
54 1 1
54 1 -1
54 -1 1
54 -1 -1
54 0 0
54 0 1
54 1 0
54 0 -1
54 -1 0
54 1 1
54 1 -1
54 -1 1
54 -1 -1
54 0 0
54 0 1
54 1 0
54 0 -1
54 -1 0
54 1 1
54 1 -1
54 -1 1
54 -1 -1
54 0 0
54 0 1
54 1 0
54 0 -1
54 -1 0
54 1 1
54 1 -1
54 -1 1
54 -1 -1
54 0 0
54 0 1
54 1 0
54 0 -1
54 -1 0
54 1 1
54 1 -1
54 -1 1
54 -1 -1
54 0 0
54 0 1
54 1 0
54 0 -1
54 -1 0
54 1 1
54 1 -1
54 -1 1
54 -1 -1
54 0 0
54 0 1
54 1 0
54 0 -1
54 -1 0
54 1 1
54 1 -1
54 -1 1
54 -1 -1
54 0 0
54 0 1
54 1 0
54 0 -1
54 -1 0
54 1 1
54 1 -1
54 -1 1
54 -1 -1
55 0 0
55 0 1
55 1 0
55 0 -1
55 -1 0
55 1 1
55 1 -1
55 -1 1
55 -1 -1
55 0 0
55 0 1
55 1 0
55 0 -1
55 -1 0
55 1 1
55 1 -1
55 -1 1
55 -1 -1
55 0 0
55 0 1
55 1 0
55 0 -1
55 -1 0
55 1 1
55 1 -1
55 -1 1
55 -1 -1
55 0 0
55 0 1
55 1 0
55 0 -1
55 -1 0
55 1 1
55 1 -1
55 -1 1
55 -1 -1
55 0 0
55 0 1
55 1 0
55 0 -1
55 -1 0
55 1 1
55 1 -1
55 -1 1
55 -1 -1
55 0 0
55 0 1
55 1 0
55 0 -1
55 -1 0
55 1 1
55 1 -1
55 -1 1
55 -1 -1
55 0 0
55 0 1
55 1 0
55 0 -1
55 -1 0
55 1 1
55 1 -1
55 -1 1
55 -1 -1
55 0 0
55 0 1
55 1 0
55 0 -1
55 -1 0
55 1 1
55 1 -1
55 -1 1
55 -1 -1
55 0 0
55 0 1
55 1 0
55 0 -1
55 -1 0
55 1 1
55 1 -1
55 -1 1
55 -1 -1
55 0 0
55 0 1
55 1 0
55 0 -1
55 -1 0
55 1 1
55 1 -1
55 -1 1
55 -1 -1
55 0 0
55 0 1
55 1 0
55 0 -1
55 -1 0
55 1 1
55 1 -1
55 -1 1
55 -1 -1
55 0 0
55 0 1
55 1 0
55 0 -1
55 -1 0
55 1 1
55 1 -1
55 -1 1
55 -1 -1
55 0 0
55 0 1
55 1 0
55 0 -1
55 -1 0
55 1 1
55 1 -1
55 -1 1
55 -1 -1
55 0 0
55 0 1
55 1 0
55 0 -1
55 -1 0
55 1 1
55 1 -1
55 -1 1
55 -1 -1
55 0 0
55 0 1
55 1 0
55 0 -1
55 -1 0
55 1 1
55 1 -1
55 -1 1
55 -1 -1
56 0 0
56 0 1
56 1 0
56 0 -1
56 -1 0
56 1 1
56 1 -1
56 -1 1
56 -1 -1
56 0 0
56 0 1
56 1 0
56 0 -1
56 -1 0
56 1 1
56 1 -1
56 -1 1
56 -1 -1
56 0 0
56 0 1
56 1 0
56 0 -1
56 -1 0
56 1 1
56 1 -1
56 -1 1
56 -1 -1
56 0 0
56 0 1
56 1 0
56 0 -1
56 -1 0
56 1 1
56 1 -1
56 -1 1
56 -1 -1
56 0 0
56 0 1
56 1 0
56 0 -1
56 -1 0
56 1 1
56 1 -1
56 -1 1
56 -1 -1
56 0 0
56 0 1
56 1 0
56 0 -1
56 -1 0
56 1 1
56 1 -1
56 -1 1
56 -1 -1
56 0 0
56 0 1
56 1 0
56 0 -1
56 -1 0
56 1 1
56 1 -1
56 -1 1
56 -1 -1
56 0 0
56 0 1
56 1 0
56 0 -1
56 -1 0
56 1 1
56 1 -1
56 -1 1
56 -1 -1
56 0 0
56 0 1
56 1 0
56 0 -1
56 -1 0
56 1 1
56 1 -1
56 -1 1
56 -1 -1
56 0 0
56 0 1
56 1 0
56 0 -1
56 -1 0
56 1 1
56 1 -1
56 -1 1
56 -1 -1
56 0 0
56 0 1
56 1 0
56 0 -1
56 -1 0
56 1 1
56 1 -1
56 -1 1
56 -1 -1
56 0 0
56 0 1
56 1 0
56 0 -1
56 -1 0
56 1 1
56 1 -1
56 -1 1
56 -1 -1
56 0 0
56 0 1
56 1 0
56 0 -1
56 -1 0
56 1 1
56 1 -1
56 -1 1
56 -1 -1
56 0 0
56 0 1
56 1 0
56 0 -1
56 -1 0
56 1 1
56 1 -1
56 -1 1
56 -1 -1
56 0 0
56 0 1
56 1 0
56 0 -1
56 -1 0
56 1 1
56 1 -1
56 -1 1
56 -1 -1
57 0 0
57 0 1
57 1 0
57 0 -1
57 -1 0
57 1 1
57 1 -1
57 -1 1
57 -1 -1
57 0 0
57 0 1
57 1 0
57 0 -1
57 -1 0
57 1 1
57 1 -1
57 -1 1
57 -1 -1
57 0 0
57 0 1
57 1 0
57 0 -1
57 -1 0
57 1 1
57 1 -1
57 -1 1
57 -1 -1
57 0 0
57 0 1
57 1 0
57 0 -1
57 -1 0
57 1 1
57 1 -1
57 -1 1
57 -1 -1
57 0 0
57 0 1
57 1 0
57 0 -1
57 -1 0
57 1 1
57 1 -1
57 -1 1
57 -1 -1
57 0 0
57 0 1
57 1 0
57 0 -1
57 -1 0
57 1 1
57 1 -1
57 -1 1
57 -1 -1
57 0 0
57 0 1
57 1 0
57 0 -1
57 -1 0
57 1 1
57 1 -1
57 -1 1
57 -1 -1
57 0 0
57 0 1
57 1 0
57 0 -1
57 -1 0
57 1 1
57 1 -1
57 -1 1
57 -1 -1
57 0 0
57 0 1
57 1 0
57 0 -1
57 -1 0
57 1 1
57 1 -1
57 -1 1
57 -1 -1
57 0 0
57 0 1
57 1 0
57 0 -1
57 -1 0
57 1 1
57 1 -1
57 -1 1
57 -1 -1
57 0 0
57 0 1
57 1 0
57 0 -1
57 -1 0
57 1 1
57 1 -1
57 -1 1
57 -1 -1
57 0 0
57 0 1
57 1 0
57 0 -1
57 -1 0
57 1 1
57 1 -1
57 -1 1
57 -1 -1
57 0 0
57 0 1
57 1 0
57 0 -1
57 -1 0
57 1 1
57 1 -1
57 -1 1
57 -1 -1
57 0 0
57 0 1
57 1 0
57 0 -1
57 -1 0
57 1 1
57 1 -1
57 -1 1
57 -1 -1
57 0 0
57 0 1
57 1 0
57 0 -1
57 -1 0
57 1 1
57 1 -1
57 -1 1
57 -1 -1
58 0 0
58 0 1
58 1 0
58 0 -1
58 -1 0
58 1 1
58 1 -1
58 -1 1
58 -1 -1
58 0 0
58 0 1
58 1 0
58 0 -1
58 -1 0
58 1 1
58 1 -1
58 -1 1
58 -1 -1
58 0 0
58 0 1
58 1 0
58 0 -1
58 -1 0
58 1 1
58 1 -1
58 -1 1
58 -1 -1
58 0 0
58 0 1
58 1 0
58 0 -1
58 -1 0
58 1 1
58 1 -1
58 -1 1
58 -1 -1
58 0 0
58 0 1
58 1 0
58 0 -1
58 -1 0
58 1 1
58 1 -1
58 -1 1
58 -1 -1
58 0 0
58 0 1
58 1 0
58 0 -1
58 -1 0
58 1 1
58 1 -1
58 -1 1
58 -1 -1
58 0 0
58 0 1
58 1 0
58 0 -1
58 -1 0
58 1 1
58 1 -1
58 -1 1
58 -1 -1
58 0 0
58 0 1
58 1 0
58 0 -1
58 -1 0
58 1 1
58 1 -1
58 -1 1
58 -1 -1
58 0 0
58 0 1
58 1 0
58 0 -1
58 -1 0
58 1 1
58 1 -1
58 -1 1
58 -1 -1
58 0 0
58 0 1
58 1 0
58 0 -1
58 -1 0
58 1 1
58 1 -1
58 -1 1
58 -1 -1
58 0 0
58 0 1
58 1 0
58 0 -1
58 -1 0
58 1 1
58 1 -1
58 -1 1
58 -1 -1
58 0 0
58 0 1
58 1 0
58 0 -1
58 -1 0
58 1 1
58 1 -1
58 -1 1
58 -1 -1
58 0 0
58 0 1
58 1 0
58 0 -1
58 -1 0
58 1 1
58 1 -1
58 -1 1
58 -1 -1
58 0 0
58 0 1
58 1 0
58 0 -1
58 -1 0
58 1 1
58 1 -1
58 -1 1
58 -1 -1
58 0 0
58 0 1
58 1 0
58 0 -1
58 -1 0
58 1 1
58 1 -1
58 -1 1
58 -1 -1
59 0 0
59 0 1
59 1 0
59 0 -1
59 -1 0
59 1 1
59 1 -1
59 -1 1
59 -1 -1
59 0 0
59 0 1
59 1 0
59 0 -1
59 -1 0
59 1 1
59 1 -1
59 -1 1
59 -1 -1
59 0 0
59 0 1
59 1 0
59 0 -1
59 -1 0
59 1 1
59 1 -1
59 -1 1
59 -1 -1
59 0 0
59 0 1
59 1 0
59 0 -1
59 -1 0
59 1 1
59 1 -1
59 -1 1
59 -1 -1
59 0 0
59 0 1
59 1 0
59 0 -1
59 -1 0
59 1 1
59 1 -1
59 -1 1
59 -1 -1
59 0 0
59 0 1
59 1 0
59 0 -1
59 -1 0
59 1 1
59 1 -1
59 -1 1
59 -1 -1
59 0 0
59 0 1
59 1 0
59 0 -1
59 -1 0
59 1 1
59 1 -1
59 -1 1
59 -1 -1
59 0 0
59 0 1
59 1 0
59 0 -1
59 -1 0
59 1 1
59 1 -1
59 -1 1
59 -1 -1
59 0 0
59 0 1
59 1 0
59 0 -1
59 -1 0
59 1 1
59 1 -1
59 -1 1
59 -1 -1
59 0 0
59 0 1
59 1 0
59 0 -1
59 -1 0
59 1 1
59 1 -1
59 -1 1
59 -1 -1
59 0 0
59 0 1
59 1 0
59 0 -1
59 -1 0
59 1 1
59 1 -1
59 -1 1
59 -1 -1
59 0 0
59 0 1
59 1 0
59 0 -1
59 -1 0
59 1 1
59 1 -1
59 -1 1
59 -1 -1
59 0 0
59 0 1
59 1 0
59 0 -1
59 -1 0
59 1 1
59 1 -1
59 -1 1
59 -1 -1
59 0 0
59 0 1
59 1 0
59 0 -1
59 -1 0
59 1 1
59 1 -1
59 -1 1
59 -1 -1
59 0 0
59 0 1
59 1 0
59 0 -1
59 -1 0
59 1 1
59 1 -1
59 -1 1
59 -1 -1
60 0 0
60 0 1
60 1 0
60 0 -1
60 -1 0
60 1 1
60 1 -1
60 -1 1
60 -1 -1
60 0 0
60 0 1
60 1 0
60 0 -1
60 -1 0
60 1 1
60 1 -1
60 -1 1
60 -1 -1
60 0 0
60 0 1
60 1 0
60 0 -1
60 -1 0
60 1 1
60 1 -1
60 -1 1
60 -1 -1
60 0 0
60 0 1
60 1 0
60 0 -1
60 -1 0
60 1 1
60 1 -1
60 -1 1
60 -1 -1
60 0 0
60 0 1
60 1 0
60 0 -1
60 -1 0
60 1 1
60 1 -1
60 -1 1
60 -1 -1
60 0 0
60 0 1
60 1 0
60 0 -1
60 -1 0
60 1 1
60 1 -1
60 -1 1
60 -1 -1
60 0 0
60 0 1
60 1 0
60 0 -1
60 -1 0
60 1 1
60 1 -1
60 -1 1
60 -1 -1
60 0 0
60 0 1
60 1 0
60 0 -1
60 -1 0
60 1 1
60 1 -1
60 -1 1
60 -1 -1
60 0 0
60 0 1
60 1 0
60 0 -1
60 -1 0
60 1 1
60 1 -1
60 -1 1
60 -1 -1
60 0 0
60 0 1
60 1 0
60 0 -1
60 -1 0
60 1 1
60 1 -1
60 -1 1
60 -1 -1
60 0 0
60 0 1
60 1 0
60 0 -1
60 -1 0
60 1 1
60 1 -1
60 -1 1
60 -1 -1
60 0 0
60 0 1
60 1 0
60 0 -1
60 -1 0
60 1 1
60 1 -1
60 -1 1
60 -1 -1
60 0 0
60 0 1
60 1 0
60 0 -1
60 -1 0
60 1 1
60 1 -1
60 -1 1
60 -1 -1
60 0 0
60 0 1
60 1 0
60 0 -1
60 -1 0
60 1 1
60 1 -1
60 -1 1
60 -1 -1
60 0 0
60 0 1
60 1 0
60 0 -1
60 -1 0
60 1 1
60 1 -1
60 -1 1
60 -1 -1
61 0 0
61 0 1
61 1 0
61 0 -1
61 -1 0
61 1 1
61 1 -1
61 -1 1
61 -1 -1
61 0 0
61 0 1
61 1 0
61 0 -1
61 -1 0
61 1 1
61 1 -1
61 -1 1
61 -1 -1
61 0 0
61 0 1
61 1 0
61 0 -1
61 -1 0
61 1 1
61 1 -1
61 -1 1
61 -1 -1
61 0 0
61 0 1
61 1 0
61 0 -1
61 -1 0
61 1 1
61 1 -1
61 -1 1
61 -1 -1
61 0 0
61 0 1
61 1 0
61 0 -1
61 -1 0
61 1 1
61 1 -1
61 -1 1
61 -1 -1
61 0 0
61 0 1
61 1 0
61 0 -1
61 -1 0
61 1 1
61 1 -1
61 -1 1
61 -1 -1
61 0 0
61 0 1
61 1 0
61 0 -1
61 -1 0
61 1 1
61 1 -1
61 -1 1
61 -1 -1
61 0 0
61 0 1
61 1 0
61 0 -1
61 -1 0
61 1 1
61 1 -1
61 -1 1
61 -1 -1
61 0 0
61 0 1
61 1 0
61 0 -1
61 -1 0
61 1 1
61 1 -1
61 -1 1
61 -1 -1
61 0 0
61 0 1
61 1 0
61 0 -1
61 -1 0
61 1 1
61 1 -1
61 -1 1
61 -1 -1
61 0 0
61 0 1
61 1 0
61 0 -1
61 -1 0
61 1 1
61 1 -1
61 -1 1
61 -1 -1
61 0 0
61 0 1
61 1 0
61 0 -1
61 -1 0
61 1 1
61 1 -1
61 -1 1
61 -1 -1
61 0 0
61 0 1
61 1 0
61 0 -1
61 -1 0
61 1 1
61 1 -1
61 -1 1
61 -1 -1
61 0 0
61 0 1
61 1 0
61 0 -1
61 -1 0
61 1 1
61 1 -1
61 -1 1
61 -1 -1
61 0 0
61 0 1
61 1 0
61 0 -1
61 -1 0
61 1 1
61 1 -1
61 -1 1
61 -1 -1
62 0 0
62 0 1
62 1 0
62 0 -1
62 -1 0
62 1 1
62 1 -1
62 -1 1
62 -1 -1
62 0 0
62 0 1
62 1 0
62 0 -1
62 -1 0
62 1 1
62 1 -1
62 -1 1
62 -1 -1
62 0 0
62 0 1
62 1 0
62 0 -1
62 -1 0
62 1 1
62 1 -1
62 -1 1
62 -1 -1
62 0 0
62 0 1
62 1 0
62 0 -1
62 -1 0
62 1 1
62 1 -1
62 -1 1
62 -1 -1
62 0 0
62 0 1
62 1 0
62 0 -1
62 -1 0
62 1 1
62 1 -1
62 -1 1
62 -1 -1
62 0 0
62 0 1
62 1 0
62 0 -1
62 -1 0
62 1 1
62 1 -1
62 -1 1
62 -1 -1
62 0 0
62 0 1
62 1 0
62 0 -1
62 -1 0
62 1 1
62 1 -1
62 -1 1
62 -1 -1
62 0 0
62 0 1
62 1 0
62 0 -1
62 -1 0
62 1 1
62 1 -1
62 -1 1
62 -1 -1
62 0 0
62 0 1
62 1 0
62 0 -1
62 -1 0
62 1 1
62 1 -1
62 -1 1
62 -1 -1
62 0 0
62 0 1
62 1 0
62 0 -1
62 -1 0
62 1 1
62 1 -1
62 -1 1
62 -1 -1
62 0 0
62 0 1
62 1 0
62 0 -1
62 -1 0
62 1 1
62 1 -1
62 -1 1
62 -1 -1
62 0 0
62 0 1
62 1 0
62 0 -1
62 -1 0
62 1 1
62 1 -1
62 -1 1
62 -1 -1
62 0 0
62 0 1
62 1 0
62 0 -1
62 -1 0
62 1 1
62 1 -1
62 -1 1
62 -1 -1
62 0 0
62 0 1
62 1 0
62 0 -1
62 -1 0
62 1 1
62 1 -1
62 -1 1
62 -1 -1
62 0 0
62 0 1
62 1 0
62 0 -1
62 -1 0
62 1 1
62 1 -1
62 -1 1
62 -1 -1
63 0 0
63 0 1
63 1 0
63 0 -1
63 -1 0
63 1 1
63 1 -1
63 -1 1
63 -1 -1
63 0 0
63 0 1
63 1 0
63 0 -1
63 -1 0
63 1 1
63 1 -1
63 -1 1
63 -1 -1
63 0 0
63 0 1
63 1 0
63 0 -1
63 -1 0
63 1 1
63 1 -1
63 -1 1
63 -1 -1
63 0 0
63 0 1
63 1 0
63 0 -1
63 -1 0
63 1 1
63 1 -1
63 -1 1
63 -1 -1
63 0 0
63 0 1
63 1 0
63 0 -1
63 -1 0
63 1 1
63 1 -1
63 -1 1
63 -1 -1
63 0 0
63 0 1
63 1 0
63 0 -1
63 -1 0
63 1 1
63 1 -1
63 -1 1
63 -1 -1
63 0 0
63 0 1
63 1 0
63 0 -1
63 -1 0
63 1 1
63 1 -1
63 -1 1
63 -1 -1
63 0 0
63 0 1
63 1 0
63 0 -1
63 -1 0
63 1 1
63 1 -1
63 -1 1
63 -1 -1
63 0 0
63 0 1
63 1 0
63 0 -1
63 -1 0
63 1 1
63 1 -1
63 -1 1
63 -1 -1
63 0 0
63 0 1
63 1 0
63 0 -1
63 -1 0
63 1 1
63 1 -1
63 -1 1
63 -1 -1
63 0 0
63 0 1
63 1 0
63 0 -1
63 -1 0
63 1 1
63 1 -1
63 -1 1
63 -1 -1
63 0 0
63 0 1
63 1 0
63 0 -1
63 -1 0
63 1 1
63 1 -1
63 -1 1
63 -1 -1
63 0 0
63 0 1
63 1 0
63 0 -1
63 -1 0
63 1 1
63 1 -1
63 -1 1
63 -1 -1
63 0 0
63 0 1
63 1 0
63 0 -1
63 -1 0
63 1 1
63 1 -1
63 -1 1
63 -1 -1
63 0 0
63 0 1
63 1 0
63 0 -1
63 -1 0
63 1 1
63 1 -1
63 -1 1
63 -1 -1
64 0 0
64 0 1
64 1 0
64 0 -1
64 -1 0
64 1 1
64 1 -1
64 -1 1
64 -1 -1
64 0 0
64 0 1
64 1 0
64 0 -1
64 -1 0
64 1 1
64 1 -1
64 -1 1
64 -1 -1
64 0 0
64 0 1
64 1 0
64 0 -1
64 -1 0
64 1 1
64 1 -1
64 -1 1
64 -1 -1
64 0 0
64 0 1
64 1 0
64 0 -1
64 -1 0
64 1 1
64 1 -1
64 -1 1
64 -1 -1
64 0 0
64 0 1
64 1 0
64 0 -1
64 -1 0
64 1 1
64 1 -1
64 -1 1
64 -1 -1
64 0 0
64 0 1
64 1 0
64 0 -1
64 -1 0
64 1 1
64 1 -1
64 -1 1
64 -1 -1
64 0 0
64 0 1
64 1 0
64 0 -1
64 -1 0
64 1 1
64 1 -1
64 -1 1
64 -1 -1
64 0 0
64 0 1
64 1 0
64 0 -1
64 -1 0
64 1 1
64 1 -1
64 -1 1
64 -1 -1
64 0 0
64 0 1
64 1 0
64 0 -1
64 -1 0
64 1 1
64 1 -1
64 -1 1
64 -1 -1
64 0 0
64 0 1
64 1 0
64 0 -1
64 -1 0
64 1 1
64 1 -1
64 -1 1
64 -1 -1
64 0 0
64 0 1
64 1 0
64 0 -1
64 -1 0
64 1 1
64 1 -1
64 -1 1
64 -1 -1
64 0 0
64 0 1
64 1 0
64 0 -1
64 -1 0
64 1 1
64 1 -1
64 -1 1
64 -1 -1
64 0 0
64 0 1
64 1 0
64 0 -1
64 -1 0
64 1 1
64 1 -1
64 -1 1
64 -1 -1
64 0 0
64 0 1
64 1 0
64 0 -1
64 -1 0
64 1 1
64 1 -1
64 -1 1
64 -1 -1
64 0 0
64 0 1
64 1 0
64 0 -1
64 -1 0
64 1 1
64 1 -1
64 -1 1
64 -1 -1
65 0 0
65 0 1
65 1 0
65 0 -1
65 -1 0
65 1 1
65 1 -1
65 -1 1
65 -1 -1
65 0 0
65 0 1
65 1 0
65 0 -1
65 -1 0
65 1 1
65 1 -1
65 -1 1
65 -1 -1
65 0 0
65 0 1
65 1 0
65 0 -1
65 -1 0
65 1 1
65 1 -1
65 -1 1
65 -1 -1
65 0 0
65 0 1
65 1 0
65 0 -1
65 -1 0
65 1 1
65 1 -1
65 -1 1
65 -1 -1
65 0 0
65 0 1
65 1 0
65 0 -1
65 -1 0
65 1 1
65 1 -1
65 -1 1
65 -1 -1
65 0 0
65 0 1
65 1 0
65 0 -1
65 -1 0
65 1 1
65 1 -1
65 -1 1
65 -1 -1
65 0 0
65 0 1
65 1 0
65 0 -1
65 -1 0
65 1 1
65 1 -1
65 -1 1
65 -1 -1
65 0 0
65 0 1
65 1 0
65 0 -1
65 -1 0
65 1 1
65 1 -1
65 -1 1
65 -1 -1
65 0 0
65 0 1
65 1 0
65 0 -1
65 -1 0
65 1 1
65 1 -1
65 -1 1
65 -1 -1
65 0 0
65 0 1
65 1 0
65 0 -1
65 -1 0
65 1 1
65 1 -1
65 -1 1
65 -1 -1
65 0 0
65 0 1
65 1 0
65 0 -1
65 -1 0
65 1 1
65 1 -1
65 -1 1
65 -1 -1
65 0 0
65 0 1
65 1 0
65 0 -1
65 -1 0
65 1 1
65 1 -1
65 -1 1
65 -1 -1
65 0 0
65 0 1
65 1 0
65 0 -1
65 -1 0
65 1 1
65 1 -1
65 -1 1
65 -1 -1
65 0 0
65 0 1
65 1 0
65 0 -1
65 -1 0
65 1 1
65 1 -1
65 -1 1
65 -1 -1
65 0 0
65 0 1
65 1 0
65 0 -1
65 -1 0
65 1 1
65 1 -1
65 -1 1
65 -1 -1
66 0 0
66 0 1
66 1 0
66 0 -1
66 -1 0
66 1 1
66 1 -1
66 -1 1
66 -1 -1
66 0 0
66 0 1
66 1 0
66 0 -1
66 -1 0
66 1 1
66 1 -1
66 -1 1
66 -1 -1
66 0 0
66 0 1
66 1 0
66 0 -1
66 -1 0
66 1 1
66 1 -1
66 -1 1
66 -1 -1
66 0 0
66 0 1
66 1 0
66 0 -1
66 -1 0
66 1 1
66 1 -1
66 -1 1
66 -1 -1
66 0 0
66 0 1
66 1 0
66 0 -1
66 -1 0
66 1 1
66 1 -1
66 -1 1
66 -1 -1
66 0 0
66 0 1
66 1 0
66 0 -1
66 -1 0
66 1 1
66 1 -1
66 -1 1
66 -1 -1
66 0 0
66 0 1
66 1 0
66 0 -1
66 -1 0
66 1 1
66 1 -1
66 -1 1
66 -1 -1
66 0 0
66 0 1
66 1 0
66 0 -1
66 -1 0
66 1 1
66 1 -1
66 -1 1
66 -1 -1
66 0 0
66 0 1
66 1 0
66 0 -1
66 -1 0
66 1 1
66 1 -1
66 -1 1
66 -1 -1
66 0 0
66 0 1
66 1 0
66 0 -1
66 -1 0
66 1 1
66 1 -1
66 -1 1
66 -1 -1
66 0 0
66 0 1
66 1 0
66 0 -1
66 -1 0
66 1 1
66 1 -1
66 -1 1
66 -1 -1
66 0 0
66 0 1
66 1 0
66 0 -1
66 -1 0
66 1 1
66 1 -1
66 -1 1
66 -1 -1
66 0 0
66 0 1
66 1 0
66 0 -1
66 -1 0
66 1 1
66 1 -1
66 -1 1
66 -1 -1
66 0 0
66 0 1
66 1 0
66 0 -1
66 -1 0
66 1 1
66 1 -1
66 -1 1
66 -1 -1
66 0 0
66 0 1
66 1 0
66 0 -1
66 -1 0
66 1 1
66 1 -1
66 -1 1
66 -1 -1
67 0 0
67 0 1
67 1 0
67 0 -1
67 -1 0
67 1 1
67 1 -1
67 -1 1
67 -1 -1
67 0 0
67 0 1
67 1 0
67 0 -1
67 -1 0
67 1 1
67 1 -1
67 -1 1
67 -1 -1
67 0 0
67 0 1
67 1 0
67 0 -1
67 -1 0
67 1 1
67 1 -1
67 -1 1
67 -1 -1
67 0 0
67 0 1
67 1 0
67 0 -1
67 -1 0
67 1 1
67 1 -1
67 -1 1
67 -1 -1
67 0 0
67 0 1
67 1 0
67 0 -1
67 -1 0
67 1 1
67 1 -1
67 -1 1
67 -1 -1
67 0 0
67 0 1
67 1 0
67 0 -1
67 -1 0
67 1 1
67 1 -1
67 -1 1
67 -1 -1
67 0 0
67 0 1
67 1 0
67 0 -1
67 -1 0
67 1 1
67 1 -1
67 -1 1
67 -1 -1
67 0 0
67 0 1
67 1 0
67 0 -1
67 -1 0
67 1 1
67 1 -1
67 -1 1
67 -1 -1
67 0 0
67 0 1
67 1 0
67 0 -1
67 -1 0
67 1 1
67 1 -1
67 -1 1
67 -1 -1
67 0 0
67 0 1
67 1 0
67 0 -1
67 -1 0
67 1 1
67 1 -1
67 -1 1
67 -1 -1
67 0 0
67 0 1
67 1 0
67 0 -1
67 -1 0
67 1 1
67 1 -1
67 -1 1
67 -1 -1
67 0 0
67 0 1
67 1 0
67 0 -1
67 -1 0
67 1 1
67 1 -1
67 -1 1
67 -1 -1
67 0 0
67 0 1
67 1 0
67 0 -1
67 -1 0
67 1 1
67 1 -1
67 -1 1
67 -1 -1
67 0 0
67 0 1
67 1 0
67 0 -1
67 -1 0
67 1 1
67 1 -1
67 -1 1
67 -1 -1
67 0 0
67 0 1
67 1 0
67 0 -1
67 -1 0
67 1 1
67 1 -1
67 -1 1
67 -1 -1
68 0 0
68 0 1
68 1 0
68 0 -1
68 -1 0
68 1 1
68 1 -1
68 -1 1
68 -1 -1
68 0 0
68 0 1
68 1 0
68 0 -1
68 -1 0
68 1 1
68 1 -1
68 -1 1
68 -1 -1
68 0 0
68 0 1
68 1 0
68 0 -1
68 -1 0
68 1 1
68 1 -1
68 -1 1
68 -1 -1
68 0 0
68 0 1
68 1 0
68 0 -1
68 -1 0
68 1 1
68 1 -1
68 -1 1
68 -1 -1
68 0 0
68 0 1
68 1 0
68 0 -1
68 -1 0
68 1 1
68 1 -1
68 -1 1
68 -1 -1
68 0 0
68 0 1
68 1 0
68 0 -1
68 -1 0
68 1 1
68 1 -1
68 -1 1
68 -1 -1
68 0 0
68 0 1
68 1 0
68 0 -1
68 -1 0
68 1 1
68 1 -1
68 -1 1
68 -1 -1
68 0 0
68 0 1
68 1 0
68 0 -1
68 -1 0
68 1 1
68 1 -1
68 -1 1
68 -1 -1
68 0 0
68 0 1
68 1 0
68 0 -1
68 -1 0
68 1 1
68 1 -1
68 -1 1
68 -1 -1
68 0 0
68 0 1
68 1 0
68 0 -1
68 -1 0
68 1 1
68 1 -1
68 -1 1
68 -1 -1
68 0 0
68 0 1
68 1 0
68 0 -1
68 -1 0
68 1 1
68 1 -1
68 -1 1
68 -1 -1
68 0 0
68 0 1
68 1 0
68 0 -1
68 -1 0
68 1 1
68 1 -1
68 -1 1
68 -1 -1
68 0 0
68 0 1
68 1 0
68 0 -1
68 -1 0
68 1 1
68 1 -1
68 -1 1
68 -1 -1
68 0 0
68 0 1
68 1 0
68 0 -1
68 -1 0
68 1 1
68 1 -1
68 -1 1
68 -1 -1
68 0 0
68 0 1
68 1 0
68 0 -1
68 -1 0
68 1 1
68 1 -1
68 -1 1
68 -1 -1
69 0 0
69 0 1
69 1 0
69 0 -1
69 -1 0
69 1 1
69 1 -1
69 -1 1
69 -1 -1
69 0 0
69 0 1
69 1 0
69 0 -1
69 -1 0
69 1 1
69 1 -1
69 -1 1
69 -1 -1
69 0 0
69 0 1
69 1 0
69 0 -1
69 -1 0
69 1 1
69 1 -1
69 -1 1
69 -1 -1
69 0 0
69 0 1
69 1 0
69 0 -1
69 -1 0
69 1 1
69 1 -1
69 -1 1
69 -1 -1
69 0 0
69 0 1
69 1 0
69 0 -1
69 -1 0
69 1 1
69 1 -1
69 -1 1
69 -1 -1
69 0 0
69 0 1
69 1 0
69 0 -1
69 -1 0
69 1 1
69 1 -1
69 -1 1
69 -1 -1
69 0 0
69 0 1
69 1 0
69 0 -1
69 -1 0
69 1 1
69 1 -1
69 -1 1
69 -1 -1
69 0 0
69 0 1
69 1 0
69 0 -1
69 -1 0
69 1 1
69 1 -1
69 -1 1
69 -1 -1
69 0 0
69 0 1
69 1 0
69 0 -1
69 -1 0
69 1 1
69 1 -1
69 -1 1
69 -1 -1
69 0 0
69 0 1
69 1 0
69 0 -1
69 -1 0
69 1 1
69 1 -1
69 -1 1
69 -1 -1
69 0 0
69 0 1
69 1 0
69 0 -1
69 -1 0
69 1 1
69 1 -1
69 -1 1
69 -1 -1
69 0 0
69 0 1
69 1 0
69 0 -1
69 -1 0
69 1 1
69 1 -1
69 -1 1
69 -1 -1
69 0 0
69 0 1
69 1 0
69 0 -1
69 -1 0
69 1 1
69 1 -1
69 -1 1
69 -1 -1
69 0 0
69 0 1
69 1 0
69 0 -1
69 -1 0
69 1 1
69 1 -1
69 -1 1
69 -1 -1
69 0 0
69 0 1
69 1 0
69 0 -1
69 -1 0
69 1 1
69 1 -1
69 -1 1
69 -1 -1
70 0 0
70 0 1
70 1 0
70 0 -1
70 -1 0
70 1 1
70 1 -1
70 -1 1
70 -1 -1
70 0 0
70 0 1
70 1 0
70 0 -1
70 -1 0
70 1 1
70 1 -1
70 -1 1
70 -1 -1
70 0 0
70 0 1
70 1 0
70 0 -1
70 -1 0
70 1 1
70 1 -1
70 -1 1
70 -1 -1
70 0 0
70 0 1
70 1 0
70 0 -1
70 -1 0
70 1 1
70 1 -1
70 -1 1
70 -1 -1
70 0 0
70 0 1
70 1 0
70 0 -1
70 -1 0
70 1 1
70 1 -1
70 -1 1
70 -1 -1
70 0 0
70 0 1
70 1 0
70 0 -1
70 -1 0
70 1 1
70 1 -1
70 -1 1
70 -1 -1
70 0 0
70 0 1
70 1 0
70 0 -1
70 -1 0
70 1 1
70 1 -1
70 -1 1
70 -1 -1
70 0 0
70 0 1
70 1 0
70 0 -1
70 -1 0
70 1 1
70 1 -1
70 -1 1
70 -1 -1
70 0 0
70 0 1
70 1 0
70 0 -1
70 -1 0
70 1 1
70 1 -1
70 -1 1
70 -1 -1
70 0 0
70 0 1
70 1 0
70 0 -1
70 -1 0
70 1 1
70 1 -1
70 -1 1
70 -1 -1
70 0 0
70 0 1
70 1 0
70 0 -1
70 -1 0
70 1 1
70 1 -1
70 -1 1
70 -1 -1
70 0 0
70 0 1
70 1 0
70 0 -1
70 -1 0
70 1 1
70 1 -1
70 -1 1
70 -1 -1
70 0 0
70 0 1
70 1 0
70 0 -1
70 -1 0
70 1 1
70 1 -1
70 -1 1
70 -1 -1
70 0 0
70 0 1
70 1 0
70 0 -1
70 -1 0
70 1 1
70 1 -1
70 -1 1
70 -1 -1
70 0 0
70 0 1
70 1 0
70 0 -1
70 -1 0
70 1 1
70 1 -1
70 -1 1
70 -1 -1
71 0 0
71 0 1
71 1 0
71 0 -1
71 -1 0
71 1 1
71 1 -1
71 -1 1
71 -1 -1
71 0 0
71 0 1
71 1 0
71 0 -1
71 -1 0
71 1 1
71 1 -1
71 -1 1
71 -1 -1
71 0 0
71 0 1
71 1 0
71 0 -1
71 -1 0
71 1 1
71 1 -1
71 -1 1
71 -1 -1
71 0 0
71 0 1
71 1 0
71 0 -1
71 -1 0
71 1 1
71 1 -1
71 -1 1
71 -1 -1
71 0 0
71 0 1
71 1 0
71 0 -1
71 -1 0
71 1 1
71 1 -1
71 -1 1
71 -1 -1
71 0 0
71 0 1
71 1 0
71 0 -1
71 -1 0
71 1 1
71 1 -1
71 -1 1
71 -1 -1
71 0 0
71 0 1
71 1 0
71 0 -1
71 -1 0
71 1 1
71 1 -1
71 -1 1
71 -1 -1
71 0 0
71 0 1
71 1 0
71 0 -1
71 -1 0
71 1 1
71 1 -1
71 -1 1
71 -1 -1
71 0 0
71 0 1
71 1 0
71 0 -1
71 -1 0
71 1 1
71 1 -1
71 -1 1
71 -1 -1
71 0 0
71 0 1
71 1 0
71 0 -1
71 -1 0
71 1 1
71 1 -1
71 -1 1
71 -1 -1
71 0 0
71 0 1
71 1 0
71 0 -1
71 -1 0
71 1 1
71 1 -1
71 -1 1
71 -1 -1
71 0 0
71 0 1
71 1 0
71 0 -1
71 -1 0
71 1 1
71 1 -1
71 -1 1
71 -1 -1
71 0 0
71 0 1
71 1 0
71 0 -1
71 -1 0
71 1 1
71 1 -1
71 -1 1
71 -1 -1
71 0 0
71 0 1
71 1 0
71 0 -1
71 -1 0
71 1 1
71 1 -1
71 -1 1
71 -1 -1
71 0 0
71 0 1
71 1 0
71 0 -1
71 -1 0
71 1 1
71 1 -1
71 -1 1
71 -1 -1
72 0 0
72 0 1
72 1 0
72 0 -1
72 -1 0
72 1 1
72 1 -1
72 -1 1
72 -1 -1
72 0 0
72 0 1
72 1 0
72 0 -1
72 -1 0
72 1 1
72 1 -1
72 -1 1
72 -1 -1
72 0 0
72 0 1
72 1 0
72 0 -1
72 -1 0
72 1 1
72 1 -1
72 -1 1
72 -1 -1
72 0 0
72 0 1
72 1 0
72 0 -1
72 -1 0
72 1 1
72 1 -1
72 -1 1
72 -1 -1
72 0 0
72 0 1
72 1 0
72 0 -1
72 -1 0
72 1 1
72 1 -1
72 -1 1
72 -1 -1
72 0 0
72 0 1
72 1 0
72 0 -1
72 -1 0
72 1 1
72 1 -1
72 -1 1
72 -1 -1
72 0 0
72 0 1
72 1 0
72 0 -1
72 -1 0
72 1 1
72 1 -1
72 -1 1
72 -1 -1
72 0 0
72 0 1
72 1 0
72 0 -1
72 -1 0
72 1 1
72 1 -1
72 -1 1
72 -1 -1
72 0 0
72 0 1
72 1 0
72 0 -1
72 -1 0
72 1 1
72 1 -1
72 -1 1
72 -1 -1
72 0 0
72 0 1
72 1 0
72 0 -1
72 -1 0
72 1 1
72 1 -1
72 -1 1
72 -1 -1
72 0 0
72 0 1
72 1 0
72 0 -1
72 -1 0
72 1 1
72 1 -1
72 -1 1
72 -1 -1
72 0 0
72 0 1
72 1 0
72 0 -1
72 -1 0
72 1 1
72 1 -1
72 -1 1
72 -1 -1
72 0 0
72 0 1
72 1 0
72 0 -1
72 -1 0
72 1 1
72 1 -1
72 -1 1
72 -1 -1
72 0 0
72 0 1
72 1 0
72 0 -1
72 -1 0
72 1 1
72 1 -1
72 -1 1
72 -1 -1
72 0 0
72 0 1
72 1 0
72 0 -1
72 -1 0
72 1 1
72 1 -1
72 -1 1
72 -1 -1
72 0 0
72 0 1
72 1 0
72 0 -1
72 -1 0
72 1 1
72 1 -1
72 -1 1
72 -1 -1
73 0 0
73 0 1
73 1 0
73 0 -1
73 -1 0
73 1 1
73 1 -1
73 -1 1
73 -1 -1
73 0 0
73 0 1
73 1 0
73 0 -1
73 -1 0
73 1 1
73 1 -1
73 -1 1
73 -1 -1
73 0 0
73 0 1
73 1 0
73 0 -1
73 -1 0
73 1 1
73 1 -1
73 -1 1
73 -1 -1
73 0 0
73 0 1
73 1 0
73 0 -1
73 -1 0
73 1 1
73 1 -1
73 -1 1
73 -1 -1
73 0 0
73 0 1
73 1 0
73 0 -1
73 -1 0
73 1 1
73 1 -1
73 -1 1
73 -1 -1
73 0 0
73 0 1
73 1 0
73 0 -1
73 -1 0
73 1 1
73 1 -1
73 -1 1
73 -1 -1
73 0 0
73 0 1
73 1 0
73 0 -1
73 -1 0
73 1 1
73 1 -1
73 -1 1
73 -1 -1
73 0 0
73 0 1
73 1 0
73 0 -1
73 -1 0
73 1 1
73 1 -1
73 -1 1
73 -1 -1
73 0 0
73 0 1
73 1 0
73 0 -1
73 -1 0
73 1 1
73 1 -1
73 -1 1
73 -1 -1
73 0 0
73 0 1
73 1 0
73 0 -1
73 -1 0
73 1 1
73 1 -1
73 -1 1
73 -1 -1
73 0 0
73 0 1
73 1 0
73 0 -1
73 -1 0
73 1 1
73 1 -1
73 -1 1
73 -1 -1
73 0 0
73 0 1
73 1 0
73 0 -1
73 -1 0
73 1 1
73 1 -1
73 -1 1
73 -1 -1
73 0 0
73 0 1
73 1 0
73 0 -1
73 -1 0
73 1 1
73 1 -1
73 -1 1
73 -1 -1
73 0 0
73 0 1
73 1 0
73 0 -1
73 -1 0
73 1 1
73 1 -1
73 -1 1
73 -1 -1
73 0 0
73 0 1
73 1 0
73 0 -1
73 -1 0
73 1 1
73 1 -1
73 -1 1
73 -1 -1
73 0 0
73 0 1
73 1 0
73 0 -1
73 -1 0
73 1 1
73 1 -1
73 -1 1
73 -1 -1
74 0 0
74 0 1
74 1 0
74 0 -1
74 -1 0
74 1 1
74 1 -1
74 -1 1
74 -1 -1
74 0 0
74 0 1
74 1 0
74 0 -1
74 -1 0
74 1 1
74 1 -1
74 -1 1
74 -1 -1
74 0 0
74 0 1
74 1 0
74 0 -1
74 -1 0
74 1 1
74 1 -1
74 -1 1
74 -1 -1
74 0 0
74 0 1
74 1 0
74 0 -1
74 -1 0
74 1 1
74 1 -1
74 -1 1
74 -1 -1
74 0 0
74 0 1
74 1 0
74 0 -1
74 -1 0
74 1 1
74 1 -1
74 -1 1
74 -1 -1
74 0 0
74 0 1
74 1 0
74 0 -1
74 -1 0
74 1 1
74 1 -1
74 -1 1
74 -1 -1
74 0 0
74 0 1
74 1 0
74 0 -1
74 -1 0
74 1 1
74 1 -1
74 -1 1
74 -1 -1
74 0 0
74 0 1
74 1 0
74 0 -1
74 -1 0
74 1 1
74 1 -1
74 -1 1
74 -1 -1
74 0 0
74 0 1
74 1 0
74 0 -1
74 -1 0
74 1 1
74 1 -1
74 -1 1
74 -1 -1
74 0 0
74 0 1
74 1 0
74 0 -1
74 -1 0
74 1 1
74 1 -1
74 -1 1
74 -1 -1
74 0 0
74 0 1
74 1 0
74 0 -1
74 -1 0
74 1 1
74 1 -1
74 -1 1
74 -1 -1
74 0 0
74 0 1
74 1 0
74 0 -1
74 -1 0
74 1 1
74 1 -1
74 -1 1
74 -1 -1
74 0 0
74 0 1
74 1 0
74 0 -1
74 -1 0
74 1 1
74 1 -1
74 -1 1
74 -1 -1
74 0 0
74 0 1
74 1 0
74 0 -1
74 -1 0
74 1 1
74 1 -1
74 -1 1
74 -1 -1
74 0 0
74 0 1
74 1 0
74 0 -1
74 -1 0
74 1 1
74 1 -1
74 -1 1
74 -1 -1
74 0 0
74 0 1
74 1 0
74 0 -1
74 -1 0
74 1 1
74 1 -1
74 -1 1
74 -1 -1
75 0 0
75 0 1
75 1 0
75 0 -1
75 -1 0
75 1 1
75 1 -1
75 -1 1
75 -1 -1
75 0 0
75 0 1
75 1 0
75 0 -1
75 -1 0
75 1 1
75 1 -1
75 -1 1
75 -1 -1
75 0 0
75 0 1
75 1 0
75 0 -1
75 -1 0
75 1 1
75 1 -1
75 -1 1
75 -1 -1
75 0 0
75 0 1
75 1 0
75 0 -1
75 -1 0
75 1 1
75 1 -1
75 -1 1
75 -1 -1
75 0 0
75 0 1
75 1 0
75 0 -1
75 -1 0
75 1 1
75 1 -1
75 -1 1
75 -1 -1
75 0 0
75 0 1
75 1 0
75 0 -1
75 -1 0
75 1 1
75 1 -1
75 -1 1
75 -1 -1
75 0 0
75 0 1
75 1 0
75 0 -1
75 -1 0
75 1 1
75 1 -1
75 -1 1
75 -1 -1
75 0 0
75 0 1
75 1 0
75 0 -1
75 -1 0
75 1 1
75 1 -1
75 -1 1
75 -1 -1
75 0 0
75 0 1
75 1 0
75 0 -1
75 -1 0
75 1 1
75 1 -1
75 -1 1
75 -1 -1
75 0 0
75 0 1
75 1 0
75 0 -1
75 -1 0
75 1 1
75 1 -1
75 -1 1
75 -1 -1
75 0 0
75 0 1
75 1 0
75 0 -1
75 -1 0
75 1 1
75 1 -1
75 -1 1
75 -1 -1
75 0 0
75 0 1
75 1 0
75 0 -1
75 -1 0
75 1 1
75 1 -1
75 -1 1
75 -1 -1
75 0 0
75 0 1
75 1 0
75 0 -1
75 -1 0
75 1 1
75 1 -1
75 -1 1
75 -1 -1
75 0 0
75 0 1
75 1 0
75 0 -1
75 -1 0
75 1 1
75 1 -1
75 -1 1
75 -1 -1
75 0 0
75 0 1
75 1 0
75 0 -1
75 -1 0
75 1 1
75 1 -1
75 -1 1
75 -1 -1
75 0 0
75 0 1
75 1 0
75 0 -1
75 -1 0
75 1 1
75 1 -1
75 -1 1
75 -1 -1
75 0 0
75 0 1
75 1 0
75 0 -1
75 -1 0
75 1 1
75 1 -1
75 -1 1
75 -1 -1
-1 -1 -1
70
60
66
67
58
69
59
63
64
54
65
57
61
62
68
56
71
55
74
73
52
53
72
51
50
0
49
47
48
45
46
44
43
42
41
40
39
38
37
36
35
34
32
33
31
30
29
28
27
3
1
26
25
24
23
22
5
4
21
19
20
2
18
6
17
16
15
14
10
11
13
7
12
9
8
75
