258 231 0 292 391 457 499 533 566 618 630 607 536 455 389 10 352 20 312 322 272 30 226 260
154 40 50 172 266 326 381 421 460 489 498 474 420 327 60 70 80 171 189 223 195 174 156 90
100 113 121 150 110 233 271 310 355 392 398 378 332 251 178 120 137 152 130 184 186 175 156 143
149 140 151 157 176 191 150 160 287 323 330 307 272 230 196 174 167 169 178 184 188 170 180 161
179 175 176 183 192 196 200 222 255 285 289 270 190 219 206 196 195 198 202 205 204 201 194 187
208 202 201 205 213 219 228 241 257 270 273 258 242 223 200 214 220 226 229 231 230 225 219 213
237 230 210 230 237 244 249 256 263 270 273 271 263 249 220 230 250 256 260 261 260 255 240 243
269 261 259 250 266 272 274 260 281 270 280 292 290 283 278 279 285 291 294 295 294 292 286 277
290 300 298 299 301 300 306 309 310 315 319 323 324 320 322 324 327 330 332 332 330 331 340 316
345 340 340 340 342 344 346 349 350 354 358 362 364 360 366 368 369 371 373 373 372 371 370 355
387 383 380 383 384 387 389 391 392 390 400 405 410 412 413 413 412 413 417 418 416 410 403 394
420 425 430 424 425 428 440 433 435 439 443 450 460 459 470 457 454 455 459 480 458 450 443 434
470 467 466 465 465 468 471 474 477 490 485 489 500 497 510 495 494 495 500 501 499 492 485 477
514 509 506 504 504 506 509 513 517 521 525 527 529 530 520 532 530 537 538 538 540 537 531 521
557 551 545 543 543 545 547 550 560 558 561 570 563 562 564 567 580 590 575 574 577 600 573 566
610 588 582 582 583 584 585 590 593 595 596 597 598 598 600 604 609 611 610 609 612 612 620 602
626 620 616 617 630 621 622 626 640 629 630 631 633 634 637 640 642 643 643 642 642 641 638 633
650 648 647 650 653 656 658 661 662 662 660 670 669 671 673 680 677 677 677 676 674 671 666 659
678 675 676 680 686 691 694 695 695 695 690 702 706 707 709 711 713 714 714 712 707 706 697 688
699 705 700 710 720 730 735 730 729 729 734 742 748 740 746 745 750 752 756 750 745 729 760 700
714 746 756 770 745 780 790 771 764 757 772 791 798 800 780 777 781 810 778 820 830 708 682 687
706 840 850 731 751 771 792 860 769 769 790 870 880 813 810 812 799 806 785 750 680 634 610 630
611 890 663 641 676 900 741 729 738 770 794 800 766 761 910 830 810 769 920 634 555 510 502 532
453 444 452 458 552 606 637 638 663 713 930 715 659 636 616 940 950 579 505 489 395 355 351 399
0 0 0
0 0 1
0 1 0
0 0 -1
0 -1 0
0 1 1
0 1 -1
0 -1 1
0 -1 -1
0 0 0
0 0 1
0 1 0
0 0 -1
0 -1 0
0 1 1
0 1 -1
0 -1 1
0 -1 -1
0 0 0
0 0 1
0 1 0
0 0 -1
0 -1 0
0 1 1
0 1 -1
0 -1 1
0 -1 -1
0 0 0
0 0 1
0 1 0
0 0 -1
0 -1 0
0 1 1
0 1 -1
0 -1 1
0 -1 -1
0 0 0
0 0 1
0 1 0
0 0 -1
0 -1 0
0 1 1
0 1 -1
0 -1 1
0 -1 -1
0 0 0
0 0 1
0 1 0
0 0 -1
0 -1 0
0 1 1
0 1 -1
0 -1 1
0 -1 -1
0 0 0
0 0 1
0 1 0
0 0 -1
0 -1 0
0 1 1
0 1 -1
0 -1 1
0 -1 -1
0 0 0
0 0 1
0 1 0
0 0 -1
0 -1 0
0 1 1
0 1 -1
0 -1 1
0 -1 -1
0 0 0
0 0 1
0 1 0
0 0 -1
0 -1 0
0 1 1
0 1 -1
0 -1 1
0 -1 -1
0 0 0
0 0 1
0 1 0
0 0 -1
0 -1 0
0 1 1
0 1 -1
0 -1 1
0 -1 -1
0 0 0
0 0 1
0 1 0
0 0 -1
0 -1 0
0 1 1
0 1 -1
0 -1 1
0 -1 -1
1 0 0
1 0 1
1 1 0
1 0 -1
1 -1 0
1 1 1
1 1 -1
1 -1 1
1 -1 -1
1 0 0
1 0 1
1 1 0
1 0 -1
1 -1 0
1 1 1
1 1 -1
1 -1 1
1 -1 -1
1 0 0
1 0 1
1 1 0
1 0 -1
1 -1 0
1 1 1
1 1 -1
1 -1 1
1 -1 -1
1 0 0
1 0 1
1 1 0
1 0 -1
1 -1 0
1 1 1
1 1 -1
1 -1 1
1 -1 -1
1 0 0
1 0 1
1 1 0
1 0 -1
1 -1 0
1 1 1
1 1 -1
1 -1 1
1 -1 -1
1 0 0
1 0 1
1 1 0
1 0 -1
1 -1 0
1 1 1
1 1 -1
1 -1 1
1 -1 -1
1 0 0
1 0 1
1 1 0
1 0 -1
1 -1 0
1 1 1
1 1 -1
1 -1 1
1 -1 -1
1 0 0
1 0 1
1 1 0
1 0 -1
1 -1 0
1 1 1
1 1 -1
1 -1 1
1 -1 -1
1 0 0
1 0 1
1 1 0
1 0 -1
1 -1 0
1 1 1
1 1 -1
1 -1 1
1 -1 -1
1 0 0
1 0 1
1 1 0
1 0 -1
1 -1 0
1 1 1
1 1 -1
1 -1 1
1 -1 -1
1 0 0
1 0 1
1 1 0
1 0 -1
1 -1 0
1 1 1
1 1 -1
1 -1 1
1 -1 -1
2 0 0
2 0 1
2 1 0
2 0 -1
2 -1 0
2 1 1
2 1 -1
2 -1 1
2 -1 -1
2 0 0
2 0 1
2 1 0
2 0 -1
2 -1 0
2 1 1
2 1 -1
2 -1 1
2 -1 -1
2 0 0
2 0 1
2 1 0
2 0 -1
2 -1 0
2 1 1
2 1 -1
2 -1 1
2 -1 -1
2 0 0
2 0 1
2 1 0
2 0 -1
2 -1 0
2 1 1
2 1 -1
2 -1 1
2 -1 -1
2 0 0
2 0 1
2 1 0
2 0 -1
2 -1 0
2 1 1
2 1 -1
2 -1 1
2 -1 -1
2 0 0
2 0 1
2 1 0
2 0 -1
2 -1 0
2 1 1
2 1 -1
2 -1 1
2 -1 -1
2 0 0
2 0 1
2 1 0
2 0 -1
2 -1 0
2 1 1
2 1 -1
2 -1 1
2 -1 -1
2 0 0
2 0 1
2 1 0
2 0 -1
2 -1 0
2 1 1
2 1 -1
2 -1 1
2 -1 -1
2 0 0
2 0 1
2 1 0
2 0 -1
2 -1 0
2 1 1
2 1 -1
2 -1 1
2 -1 -1
2 0 0
2 0 1
2 1 0
2 0 -1
2 -1 0
2 1 1
2 1 -1
2 -1 1
2 -1 -1
2 0 0
2 0 1
2 1 0
2 0 -1
2 -1 0
2 1 1
2 1 -1
2 -1 1
2 -1 -1
3 0 0
3 0 1
3 1 0
3 0 -1
3 -1 0
3 1 1
3 1 -1
3 -1 1
3 -1 -1
3 0 0
3 0 1
3 1 0
3 0 -1
3 -1 0
3 1 1
3 1 -1
3 -1 1
3 -1 -1
3 0 0
3 0 1
3 1 0
3 0 -1
3 -1 0
3 1 1
3 1 -1
3 -1 1
3 -1 -1
3 0 0
3 0 1
3 1 0
3 0 -1
3 -1 0
3 1 1
3 1 -1
3 -1 1
3 -1 -1
3 0 0
3 0 1
3 1 0
3 0 -1
3 -1 0
3 1 1
3 1 -1
3 -1 1
3 -1 -1
3 0 0
3 0 1
3 1 0
3 0 -1
3 -1 0
3 1 1
3 1 -1
3 -1 1
3 -1 -1
3 0 0
3 0 1
3 1 0
3 0 -1
3 -1 0
3 1 1
3 1 -1
3 -1 1
3 -1 -1
3 0 0
3 0 1
3 1 0
3 0 -1
3 -1 0
3 1 1
3 1 -1
3 -1 1
3 -1 -1
3 0 0
3 0 1
3 1 0
3 0 -1
3 -1 0
3 1 1
3 1 -1
3 -1 1
3 -1 -1
3 0 0
3 0 1
3 1 0
3 0 -1
3 -1 0
3 1 1
3 1 -1
3 -1 1
3 -1 -1
3 0 0
3 0 1
3 1 0
3 0 -1
3 -1 0
3 1 1
3 1 -1
3 -1 1
3 -1 -1
4 0 0
4 0 1
4 1 0
4 0 -1
4 -1 0
4 1 1
4 1 -1
4 -1 1
4 -1 -1
4 0 0
4 0 1
4 1 0
4 0 -1
4 -1 0
4 1 1
4 1 -1
4 -1 1
4 -1 -1
4 0 0
4 0 1
4 1 0
4 0 -1
4 -1 0
4 1 1
4 1 -1
4 -1 1
4 -1 -1
4 0 0
4 0 1
4 1 0
4 0 -1
4 -1 0
4 1 1
4 1 -1
4 -1 1
4 -1 -1
4 0 0
4 0 1
4 1 0
4 0 -1
4 -1 0
4 1 1
4 1 -1
4 -1 1
4 -1 -1
4 0 0
4 0 1
4 1 0
4 0 -1
4 -1 0
4 1 1
4 1 -1
4 -1 1
4 -1 -1
4 0 0
4 0 1
4 1 0
4 0 -1
4 -1 0
4 1 1
4 1 -1
4 -1 1
4 -1 -1
4 0 0
4 0 1
4 1 0
4 0 -1
4 -1 0
4 1 1
4 1 -1
4 -1 1
4 -1 -1
4 0 0
4 0 1
4 1 0
4 0 -1
4 -1 0
4 1 1
4 1 -1
4 -1 1
4 -1 -1
4 0 0
4 0 1
4 1 0
4 0 -1
4 -1 0
4 1 1
4 1 -1
4 -1 1
4 -1 -1
4 0 0
4 0 1
4 1 0
4 0 -1
4 -1 0
4 1 1
4 1 -1
4 -1 1
4 -1 -1
5 0 0
5 0 1
5 1 0
5 0 -1
5 -1 0
5 1 1
5 1 -1
5 -1 1
5 -1 -1
5 0 0
5 0 1
5 1 0
5 0 -1
5 -1 0
5 1 1
5 1 -1
5 -1 1
5 -1 -1
5 0 0
5 0 1
5 1 0
5 0 -1
5 -1 0
5 1 1
5 1 -1
5 -1 1
5 -1 -1
5 0 0
5 0 1
5 1 0
5 0 -1
5 -1 0
5 1 1
5 1 -1
5 -1 1
5 -1 -1
5 0 0
5 0 1
5 1 0
5 0 -1
5 -1 0
5 1 1
5 1 -1
5 -1 1
5 -1 -1
5 0 0
5 0 1
5 1 0
5 0 -1
5 -1 0
5 1 1
5 1 -1
5 -1 1
5 -1 -1
5 0 0
5 0 1
5 1 0
5 0 -1
5 -1 0
5 1 1
5 1 -1
5 -1 1
5 -1 -1
5 0 0
5 0 1
5 1 0
5 0 -1
5 -1 0
5 1 1
5 1 -1
5 -1 1
5 -1 -1
5 0 0
5 0 1
5 1 0
5 0 -1
5 -1 0
5 1 1
5 1 -1
5 -1 1
5 -1 -1
5 0 0
5 0 1
5 1 0
5 0 -1
5 -1 0
5 1 1
5 1 -1
5 -1 1
5 -1 -1
5 0 0
5 0 1
5 1 0
5 0 -1
5 -1 0
5 1 1
5 1 -1
5 -1 1
5 -1 -1
6 0 0
6 0 1
6 1 0
6 0 -1
6 -1 0
6 1 1
6 1 -1
6 -1 1
6 -1 -1
6 0 0
6 0 1
6 1 0
6 0 -1
6 -1 0
6 1 1
6 1 -1
6 -1 1
6 -1 -1
6 0 0
6 0 1
6 1 0
6 0 -1
6 -1 0
6 1 1
6 1 -1
6 -1 1
6 -1 -1
6 0 0
6 0 1
6 1 0
6 0 -1
6 -1 0
6 1 1
6 1 -1
6 -1 1
6 -1 -1
6 0 0
6 0 1
6 1 0
6 0 -1
6 -1 0
6 1 1
6 1 -1
6 -1 1
6 -1 -1
6 0 0
6 0 1
6 1 0
6 0 -1
6 -1 0
6 1 1
6 1 -1
6 -1 1
6 -1 -1
6 0 0
6 0 1
6 1 0
6 0 -1
6 -1 0
6 1 1
6 1 -1
6 -1 1
6 -1 -1
6 0 0
6 0 1
6 1 0
6 0 -1
6 -1 0
6 1 1
6 1 -1
6 -1 1
6 -1 -1
6 0 0
6 0 1
6 1 0
6 0 -1
6 -1 0
6 1 1
6 1 -1
6 -1 1
6 -1 -1
6 0 0
6 0 1
6 1 0
6 0 -1
6 -1 0
6 1 1
6 1 -1
6 -1 1
6 -1 -1
6 0 0
6 0 1
6 1 0
6 0 -1
6 -1 0
6 1 1
6 1 -1
6 -1 1
6 -1 -1
7 0 0
7 0 1
7 1 0
7 0 -1
7 -1 0
7 1 1
7 1 -1
7 -1 1
7 -1 -1
7 0 0
7 0 1
7 1 0
7 0 -1
7 -1 0
7 1 1
7 1 -1
7 -1 1
7 -1 -1
7 0 0
7 0 1
7 1 0
7 0 -1
7 -1 0
7 1 1
7 1 -1
7 -1 1
7 -1 -1
7 0 0
7 0 1
7 1 0
7 0 -1
7 -1 0
7 1 1
7 1 -1
7 -1 1
7 -1 -1
7 0 0
7 0 1
7 1 0
7 0 -1
7 -1 0
7 1 1
7 1 -1
7 -1 1
7 -1 -1
7 0 0
7 0 1
7 1 0
7 0 -1
7 -1 0
7 1 1
7 1 -1
7 -1 1
7 -1 -1
7 0 0
7 0 1
7 1 0
7 0 -1
7 -1 0
7 1 1
7 1 -1
7 -1 1
7 -1 -1
7 0 0
7 0 1
7 1 0
7 0 -1
7 -1 0
7 1 1
7 1 -1
7 -1 1
7 -1 -1
7 0 0
7 0 1
7 1 0
7 0 -1
7 -1 0
7 1 1
7 1 -1
7 -1 1
7 -1 -1
7 0 0
7 0 1
7 1 0
7 0 -1
7 -1 0
7 1 1
7 1 -1
7 -1 1
7 -1 -1
7 0 0
7 0 1
7 1 0
7 0 -1
7 -1 0
7 1 1
7 1 -1
7 -1 1
7 -1 -1
8 0 0
8 0 1
8 1 0
8 0 -1
8 -1 0
8 1 1
8 1 -1
8 -1 1
8 -1 -1
8 0 0
8 0 1
8 1 0
8 0 -1
8 -1 0
8 1 1
8 1 -1
8 -1 1
8 -1 -1
8 0 0
8 0 1
8 1 0
8 0 -1
8 -1 0
8 1 1
8 1 -1
8 -1 1
8 -1 -1
8 0 0
8 0 1
8 1 0
8 0 -1
8 -1 0
8 1 1
8 1 -1
8 -1 1
8 -1 -1
8 0 0
8 0 1
8 1 0
8 0 -1
8 -1 0
8 1 1
8 1 -1
8 -1 1
8 -1 -1
8 0 0
8 0 1
8 1 0
8 0 -1
8 -1 0
8 1 1
8 1 -1
8 -1 1
8 -1 -1
8 0 0
8 0 1
8 1 0
8 0 -1
8 -1 0
8 1 1
8 1 -1
8 -1 1
8 -1 -1
8 0 0
8 0 1
8 1 0
8 0 -1
8 -1 0
8 1 1
8 1 -1
8 -1 1
8 -1 -1
8 0 0
8 0 1
8 1 0
8 0 -1
8 -1 0
8 1 1
8 1 -1
8 -1 1
8 -1 -1
8 0 0
8 0 1
8 1 0
8 0 -1
8 -1 0
8 1 1
8 1 -1
8 -1 1
8 -1 -1
8 0 0
8 0 1
8 1 0
8 0 -1
8 -1 0
8 1 1
8 1 -1
8 -1 1
8 -1 -1
9 0 0
9 0 1
9 1 0
9 0 -1
9 -1 0
9 1 1
9 1 -1
9 -1 1
9 -1 -1
9 0 0
9 0 1
9 1 0
9 0 -1
9 -1 0
9 1 1
9 1 -1
9 -1 1
9 -1 -1
9 0 0
9 0 1
9 1 0
9 0 -1
9 -1 0
9 1 1
9 1 -1
9 -1 1
9 -1 -1
9 0 0
9 0 1
9 1 0
9 0 -1
9 -1 0
9 1 1
9 1 -1
9 -1 1
9 -1 -1
9 0 0
9 0 1
9 1 0
9 0 -1
9 -1 0
9 1 1
9 1 -1
9 -1 1
9 -1 -1
9 0 0
9 0 1
9 1 0
9 0 -1
9 -1 0
9 1 1
9 1 -1
9 -1 1
9 -1 -1
9 0 0
9 0 1
9 1 0
9 0 -1
9 -1 0
9 1 1
9 1 -1
9 -1 1
9 -1 -1
9 0 0
9 0 1
9 1 0
9 0 -1
9 -1 0
9 1 1
9 1 -1
9 -1 1
9 -1 -1
9 0 0
9 0 1
9 1 0
9 0 -1
9 -1 0
9 1 1
9 1 -1
9 -1 1
9 -1 -1
9 0 0
9 0 1
9 1 0
9 0 -1
9 -1 0
9 1 1
9 1 -1
9 -1 1
9 -1 -1
9 0 0
9 0 1
9 1 0
9 0 -1
9 -1 0
9 1 1
9 1 -1
9 -1 1
9 -1 -1
10 0 0
10 0 1
10 1 0
10 0 -1
10 -1 0
10 1 1
10 1 -1
10 -1 1
10 -1 -1
10 0 0
10 0 1
10 1 0
10 0 -1
10 -1 0
10 1 1
10 1 -1
10 -1 1
10 -1 -1
10 0 0
10 0 1
10 1 0
10 0 -1
10 -1 0
10 1 1
10 1 -1
10 -1 1
10 -1 -1
10 0 0
10 0 1
10 1 0
10 0 -1
10 -1 0
10 1 1
10 1 -1
10 -1 1
10 -1 -1
10 0 0
10 0 1
10 1 0
10 0 -1
10 -1 0
10 1 1
10 1 -1
10 -1 1
10 -1 -1
10 0 0
10 0 1
10 1 0
10 0 -1
10 -1 0
10 1 1
10 1 -1
10 -1 1
10 -1 -1
10 0 0
10 0 1
10 1 0
10 0 -1
10 -1 0
10 1 1
10 1 -1
10 -1 1
10 -1 -1
10 0 0
10 0 1
10 1 0
10 0 -1
10 -1 0
10 1 1
10 1 -1
10 -1 1
10 -1 -1
10 0 0
10 0 1
10 1 0
10 0 -1
10 -1 0
10 1 1
10 1 -1
10 -1 1
10 -1 -1
10 0 0
10 0 1
10 1 0
10 0 -1
10 -1 0
10 1 1
10 1 -1
10 -1 1
10 -1 -1
10 0 0
10 0 1
10 1 0
10 0 -1
10 -1 0
10 1 1
10 1 -1
10 -1 1
10 -1 -1
11 0 0
11 0 1
11 1 0
11 0 -1
11 -1 0
11 1 1
11 1 -1
11 -1 1
11 -1 -1
11 0 0
11 0 1
11 1 0
11 0 -1
11 -1 0
11 1 1
11 1 -1
11 -1 1
11 -1 -1
11 0 0
11 0 1
11 1 0
11 0 -1
11 -1 0
11 1 1
11 1 -1
11 -1 1
11 -1 -1
11 0 0
11 0 1
11 1 0
11 0 -1
11 -1 0
11 1 1
11 1 -1
11 -1 1
11 -1 -1
11 0 0
11 0 1
11 1 0
11 0 -1
11 -1 0
11 1 1
11 1 -1
11 -1 1
11 -1 -1
11 0 0
11 0 1
11 1 0
11 0 -1
11 -1 0
11 1 1
11 1 -1
11 -1 1
11 -1 -1
11 0 0
11 0 1
11 1 0
11 0 -1
11 -1 0
11 1 1
11 1 -1
11 -1 1
11 -1 -1
11 0 0
11 0 1
11 1 0
11 0 -1
11 -1 0
11 1 1
11 1 -1
11 -1 1
11 -1 -1
11 0 0
11 0 1
11 1 0
11 0 -1
11 -1 0
11 1 1
11 1 -1
11 -1 1
11 -1 -1
11 0 0
11 0 1
11 1 0
11 0 -1
11 -1 0
11 1 1
11 1 -1
11 -1 1
11 -1 -1
11 0 0
11 0 1
11 1 0
11 0 -1
11 -1 0
11 1 1
11 1 -1
11 -1 1
11 -1 -1
12 0 0
12 0 1
12 1 0
12 0 -1
12 -1 0
12 1 1
12 1 -1
12 -1 1
12 -1 -1
12 0 0
12 0 1
12 1 0
12 0 -1
12 -1 0
12 1 1
12 1 -1
12 -1 1
12 -1 -1
12 0 0
12 0 1
12 1 0
12 0 -1
12 -1 0
12 1 1
12 1 -1
12 -1 1
12 -1 -1
12 0 0
12 0 1
12 1 0
12 0 -1
12 -1 0
12 1 1
12 1 -1
12 -1 1
12 -1 -1
12 0 0
12 0 1
12 1 0
12 0 -1
12 -1 0
12 1 1
12 1 -1
12 -1 1
12 -1 -1
12 0 0
12 0 1
12 1 0
12 0 -1
12 -1 0
12 1 1
12 1 -1
12 -1 1
12 -1 -1
12 0 0
12 0 1
12 1 0
12 0 -1
12 -1 0
12 1 1
12 1 -1
12 -1 1
12 -1 -1
12 0 0
12 0 1
12 1 0
12 0 -1
12 -1 0
12 1 1
12 1 -1
12 -1 1
12 -1 -1
12 0 0
12 0 1
12 1 0
12 0 -1
12 -1 0
12 1 1
12 1 -1
12 -1 1
12 -1 -1
12 0 0
12 0 1
12 1 0
12 0 -1
12 -1 0
12 1 1
12 1 -1
12 -1 1
12 -1 -1
12 0 0
12 0 1
12 1 0
12 0 -1
12 -1 0
12 1 1
12 1 -1
12 -1 1
12 -1 -1
13 0 0
13 0 1
13 1 0
13 0 -1
13 -1 0
13 1 1
13 1 -1
13 -1 1
13 -1 -1
14 0 0
14 0 1
14 1 0
14 0 -1
14 -1 0
14 1 1
14 1 -1
14 -1 1
14 -1 -1
14 0 0
14 0 1
14 1 0
14 0 -1
14 -1 0
14 1 1
14 1 -1
14 -1 1
14 -1 -1
14 0 0
14 0 1
14 1 0
14 0 -1
14 -1 0
14 1 1
14 1 -1
14 -1 1
14 -1 -1
14 0 0
14 0 1
14 1 0
14 0 -1
14 -1 0
14 1 1
14 1 -1
14 -1 1
14 -1 -1
14 0 0
14 0 1
14 1 0
14 0 -1
14 -1 0
14 1 1
14 1 -1
14 -1 1
14 -1 -1
14 0 0
14 0 1
14 1 0
14 0 -1
14 -1 0
14 1 1
14 1 -1
14 -1 1
14 -1 -1
14 0 0
14 0 1
14 1 0
14 0 -1
14 -1 0
14 1 1
14 1 -1
14 -1 1
14 -1 -1
14 0 0
14 0 1
14 1 0
14 0 -1
14 -1 0
14 1 1
14 1 -1
14 -1 1
14 -1 -1
14 0 0
14 0 1
14 1 0
14 0 -1
14 -1 0
14 1 1
14 1 -1
14 -1 1
14 -1 -1
14 0 0
14 0 1
14 1 0
14 0 -1
14 -1 0
14 1 1
14 1 -1
14 -1 1
14 -1 -1
14 0 0
14 0 1
14 1 0
14 0 -1
14 -1 0
14 1 1
14 1 -1
14 -1 1
14 -1 -1
15 0 0
15 0 1
15 1 0
15 0 -1
15 -1 0
15 1 1
15 1 -1
15 -1 1
15 -1 -1
15 0 0
15 0 1
15 1 0
15 0 -1
15 -1 0
15 1 1
15 1 -1
15 -1 1
15 -1 -1
15 0 0
15 0 1
15 1 0
15 0 -1
15 -1 0
15 1 1
15 1 -1
15 -1 1
15 -1 -1
15 0 0
15 0 1
15 1 0
15 0 -1
15 -1 0
15 1 1
15 1 -1
15 -1 1
15 -1 -1
15 0 0
15 0 1
15 1 0
15 0 -1
15 -1 0
15 1 1
15 1 -1
15 -1 1
15 -1 -1
15 0 0
15 0 1
15 1 0
15 0 -1
15 -1 0
15 1 1
15 1 -1
15 -1 1
15 -1 -1
15 0 0
15 0 1
15 1 0
15 0 -1
15 -1 0
15 1 1
15 1 -1
15 -1 1
15 -1 -1
15 0 0
15 0 1
15 1 0
15 0 -1
15 -1 0
15 1 1
15 1 -1
15 -1 1
15 -1 -1
15 0 0
15 0 1
15 1 0
15 0 -1
15 -1 0
15 1 1
15 1 -1
15 -1 1
15 -1 -1
15 0 0
15 0 1
15 1 0
15 0 -1
15 -1 0
15 1 1
15 1 -1
15 -1 1
15 -1 -1
15 0 0
15 0 1
15 1 0
15 0 -1
15 -1 0
15 1 1
15 1 -1
15 -1 1
15 -1 -1
16 0 0
16 0 1
16 1 0
16 0 -1
16 -1 0
16 1 1
16 1 -1
16 -1 1
16 -1 -1
16 0 0
16 0 1
16 1 0
16 0 -1
16 -1 0
16 1 1
16 1 -1
16 -1 1
16 -1 -1
16 0 0
16 0 1
16 1 0
16 0 -1
16 -1 0
16 1 1
16 1 -1
16 -1 1
16 -1 -1
16 0 0
16 0 1
16 1 0
16 0 -1
16 -1 0
16 1 1
16 1 -1
16 -1 1
16 -1 -1
16 0 0
16 0 1
16 1 0
16 0 -1
16 -1 0
16 1 1
16 1 -1
16 -1 1
16 -1 -1
16 0 0
16 0 1
16 1 0
16 0 -1
16 -1 0
16 1 1
16 1 -1
16 -1 1
16 -1 -1
16 0 0
16 0 1
16 1 0
16 0 -1
16 -1 0
16 1 1
16 1 -1
16 -1 1
16 -1 -1
16 0 0
16 0 1
16 1 0
16 0 -1
16 -1 0
16 1 1
16 1 -1
16 -1 1
16 -1 -1
16 0 0
16 0 1
16 1 0
16 0 -1
16 -1 0
16 1 1
16 1 -1
16 -1 1
16 -1 -1
16 0 0
16 0 1
16 1 0
16 0 -1
16 -1 0
16 1 1
16 1 -1
16 -1 1
16 -1 -1
16 0 0
16 0 1
16 1 0
16 0 -1
16 -1 0
16 1 1
16 1 -1
16 -1 1
16 -1 -1
17 0 0
17 0 1
17 1 0
17 0 -1
17 -1 0
17 1 1
17 1 -1
17 -1 1
17 -1 -1
17 0 0
17 0 1
17 1 0
17 0 -1
17 -1 0
17 1 1
17 1 -1
17 -1 1
17 -1 -1
17 0 0
17 0 1
17 1 0
17 0 -1
17 -1 0
17 1 1
17 1 -1
17 -1 1
17 -1 -1
17 0 0
17 0 1
17 1 0
17 0 -1
17 -1 0
17 1 1
17 1 -1
17 -1 1
17 -1 -1
17 0 0
17 0 1
17 1 0
17 0 -1
17 -1 0
17 1 1
17 1 -1
17 -1 1
17 -1 -1
17 0 0
17 0 1
17 1 0
17 0 -1
17 -1 0
17 1 1
17 1 -1
17 -1 1
17 -1 -1
17 0 0
17 0 1
17 1 0
17 0 -1
17 -1 0
17 1 1
17 1 -1
17 -1 1
17 -1 -1
17 0 0
17 0 1
17 1 0
17 0 -1
17 -1 0
17 1 1
17 1 -1
17 -1 1
17 -1 -1
17 0 0
17 0 1
17 1 0
17 0 -1
17 -1 0
17 1 1
17 1 -1
17 -1 1
17 -1 -1
17 0 0
17 0 1
17 1 0
17 0 -1
17 -1 0
17 1 1
17 1 -1
17 -1 1
17 -1 -1
17 0 0
17 0 1
17 1 0
17 0 -1
17 -1 0
17 1 1
17 1 -1
17 -1 1
17 -1 -1
18 0 0
18 0 1
18 1 0
18 0 -1
18 -1 0
18 1 1
18 1 -1
18 -1 1
18 -1 -1
18 0 0
18 0 1
18 1 0
18 0 -1
18 -1 0
18 1 1
18 1 -1
18 -1 1
18 -1 -1
18 0 0
18 0 1
18 1 0
18 0 -1
18 -1 0
18 1 1
18 1 -1
18 -1 1
18 -1 -1
18 0 0
18 0 1
18 1 0
18 0 -1
18 -1 0
18 1 1
18 1 -1
18 -1 1
18 -1 -1
18 0 0
18 0 1
18 1 0
18 0 -1
18 -1 0
18 1 1
18 1 -1
18 -1 1
18 -1 -1
18 0 0
18 0 1
18 1 0
18 0 -1
18 -1 0
18 1 1
18 1 -1
18 -1 1
18 -1 -1
18 0 0
18 0 1
18 1 0
18 0 -1
18 -1 0
18 1 1
18 1 -1
18 -1 1
18 -1 -1
18 0 0
18 0 1
18 1 0
18 0 -1
18 -1 0
18 1 1
18 1 -1
18 -1 1
18 -1 -1
18 0 0
18 0 1
18 1 0
18 0 -1
18 -1 0
18 1 1
18 1 -1
18 -1 1
18 -1 -1
18 0 0
18 0 1
18 1 0
18 0 -1
18 -1 0
18 1 1
18 1 -1
18 -1 1
18 -1 -1
18 0 0
18 0 1
18 1 0
18 0 -1
18 -1 0
18 1 1
18 1 -1
18 -1 1
18 -1 -1
19 0 0
19 0 1
19 1 0
19 0 -1
19 -1 0
19 1 1
19 1 -1
19 -1 1
19 -1 -1
19 0 0
19 0 1
19 1 0
19 0 -1
19 -1 0
19 1 1
19 1 -1
19 -1 1
19 -1 -1
19 0 0
19 0 1
19 1 0
19 0 -1
19 -1 0
19 1 1
19 1 -1
19 -1 1
19 -1 -1
19 0 0
19 0 1
19 1 0
19 0 -1
19 -1 0
19 1 1
19 1 -1
19 -1 1
19 -1 -1
19 0 0
19 0 1
19 1 0
19 0 -1
19 -1 0
19 1 1
19 1 -1
19 -1 1
19 -1 -1
19 0 0
19 0 1
19 1 0
19 0 -1
19 -1 0
19 1 1
19 1 -1
19 -1 1
19 -1 -1
19 0 0
19 0 1
19 1 0
19 0 -1
19 -1 0
19 1 1
19 1 -1
19 -1 1
19 -1 -1
19 0 0
19 0 1
19 1 0
19 0 -1
19 -1 0
19 1 1
19 1 -1
19 -1 1
19 -1 -1
19 0 0
19 0 1
19 1 0
19 0 -1
19 -1 0
19 1 1
19 1 -1
19 -1 1
19 -1 -1
19 0 0
19 0 1
19 1 0
19 0 -1
19 -1 0
19 1 1
19 1 -1
19 -1 1
19 -1 -1
19 0 0
19 0 1
19 1 0
19 0 -1
19 -1 0
19 1 1
19 1 -1
19 -1 1
19 -1 -1
20 0 0
20 0 1
20 1 0
20 0 -1
20 -1 0
20 1 1
20 1 -1
20 -1 1
20 -1 -1
20 0 0
20 0 1
20 1 0
20 0 -1
20 -1 0
20 1 1
20 1 -1
20 -1 1
20 -1 -1
20 0 0
20 0 1
20 1 0
20 0 -1
20 -1 0
20 1 1
20 1 -1
20 -1 1
20 -1 -1
20 0 0
20 0 1
20 1 0
20 0 -1
20 -1 0
20 1 1
20 1 -1
20 -1 1
20 -1 -1
20 0 0
20 0 1
20 1 0
20 0 -1
20 -1 0
20 1 1
20 1 -1
20 -1 1
20 -1 -1
20 0 0
20 0 1
20 1 0
20 0 -1
20 -1 0
20 1 1
20 1 -1
20 -1 1
20 -1 -1
20 0 0
20 0 1
20 1 0
20 0 -1
20 -1 0
20 1 1
20 1 -1
20 -1 1
20 -1 -1
20 0 0
20 0 1
20 1 0
20 0 -1
20 -1 0
20 1 1
20 1 -1
20 -1 1
20 -1 -1
20 0 0
20 0 1
20 1 0
20 0 -1
20 -1 0
20 1 1
20 1 -1
20 -1 1
20 -1 -1
20 0 0
20 0 1
20 1 0
20 0 -1
20 -1 0
20 1 1
20 1 -1
20 -1 1
20 -1 -1
20 0 0
20 0 1
20 1 0
20 0 -1
20 -1 0
20 1 1
20 1 -1
20 -1 1
20 -1 -1
21 0 0
21 0 1
21 1 0
21 0 -1
21 -1 0
21 1 1
21 1 -1
21 -1 1
21 -1 -1
21 0 0
21 0 1
21 1 0
21 0 -1
21 -1 0
21 1 1
21 1 -1
21 -1 1
21 -1 -1
21 0 0
21 0 1
21 1 0
21 0 -1
21 -1 0
21 1 1
21 1 -1
21 -1 1
21 -1 -1
21 0 0
21 0 1
21 1 0
21 0 -1
21 -1 0
21 1 1
21 1 -1
21 -1 1
21 -1 -1
21 0 0
21 0 1
21 1 0
21 0 -1
21 -1 0
21 1 1
21 1 -1
21 -1 1
21 -1 -1
21 0 0
21 0 1
21 1 0
21 0 -1
21 -1 0
21 1 1
21 1 -1
21 -1 1
21 -1 -1
21 0 0
21 0 1
21 1 0
21 0 -1
21 -1 0
21 1 1
21 1 -1
21 -1 1
21 -1 -1
21 0 0
21 0 1
21 1 0
21 0 -1
21 -1 0
21 1 1
21 1 -1
21 -1 1
21 -1 -1
21 0 0
21 0 1
21 1 0
21 0 -1
21 -1 0
21 1 1
21 1 -1
21 -1 1
21 -1 -1
21 0 0
21 0 1
21 1 0
21 0 -1
21 -1 0
21 1 1
21 1 -1
21 -1 1
21 -1 -1
21 0 0
21 0 1
21 1 0
21 0 -1
21 -1 0
21 1 1
21 1 -1
21 -1 1
21 -1 -1
22 0 0
22 0 1
22 1 0
22 0 -1
22 -1 0
22 1 1
22 1 -1
22 -1 1
22 -1 -1
22 0 0
22 0 1
22 1 0
22 0 -1
22 -1 0
22 1 1
22 1 -1
22 -1 1
22 -1 -1
22 0 0
22 0 1
22 1 0
22 0 -1
22 -1 0
22 1 1
22 1 -1
22 -1 1
22 -1 -1
22 0 0
22 0 1
22 1 0
22 0 -1
22 -1 0
22 1 1
22 1 -1
22 -1 1
22 -1 -1
22 0 0
22 0 1
22 1 0
22 0 -1
22 -1 0
22 1 1
22 1 -1
22 -1 1
22 -1 -1
22 0 0
22 0 1
22 1 0
22 0 -1
22 -1 0
22 1 1
22 1 -1
22 -1 1
22 -1 -1
22 0 0
22 0 1
22 1 0
22 0 -1
22 -1 0
22 1 1
22 1 -1
22 -1 1
22 -1 -1
22 0 0
22 0 1
22 1 0
22 0 -1
22 -1 0
22 1 1
22 1 -1
22 -1 1
22 -1 -1
22 0 0
22 0 1
22 1 0
22 0 -1
22 -1 0
22 1 1
22 1 -1
22 -1 1
22 -1 -1
22 0 0
22 0 1
22 1 0
22 0 -1
22 -1 0
22 1 1
22 1 -1
22 -1 1
22 -1 -1
22 0 0
22 0 1
22 1 0
22 0 -1
22 -1 0
22 1 1
22 1 -1
22 -1 1
22 -1 -1
23 0 0
23 0 1
23 1 0
23 0 -1
23 -1 0
23 1 1
23 1 -1
23 -1 1
23 -1 -1
23 0 0
23 0 1
23 1 0
23 0 -1
23 -1 0
23 1 1
23 1 -1
23 -1 1
23 -1 -1
23 0 0
23 0 1
23 1 0
23 0 -1
23 -1 0
23 1 1
23 1 -1
23 -1 1
23 -1 -1
23 0 0
23 0 1
23 1 0
23 0 -1
23 -1 0
23 1 1
23 1 -1
23 -1 1
23 -1 -1
23 0 0
23 0 1
23 1 0
23 0 -1
23 -1 0
23 1 1
23 1 -1
23 -1 1
23 -1 -1
23 0 0
23 0 1
23 1 0
23 0 -1
23 -1 0
23 1 1
23 1 -1
23 -1 1
23 -1 -1
23 0 0
23 0 1
23 1 0
23 0 -1
23 -1 0
23 1 1
23 1 -1
23 -1 1
23 -1 -1
23 0 0
23 0 1
23 1 0
23 0 -1
23 -1 0
23 1 1
23 1 -1
23 -1 1
23 -1 -1
23 0 0
23 0 1
23 1 0
23 0 -1
23 -1 0
23 1 1
23 1 -1
23 -1 1
23 -1 -1
23 0 0
23 0 1
23 1 0
23 0 -1
23 -1 0
23 1 1
23 1 -1
23 -1 1
23 -1 -1
23 0 0
23 0 1
23 1 0
23 0 -1
23 -1 0
23 1 1
23 1 -1
23 -1 1
23 -1 -1
24 0 0
24 0 1
24 1 0
24 0 -1
24 -1 0
24 1 1
24 1 -1
24 -1 1
24 -1 -1
24 0 0
24 0 1
24 1 0
24 0 -1
24 -1 0
24 1 1
24 1 -1
24 -1 1
24 -1 -1
24 0 0
24 0 1
24 1 0
24 0 -1
24 -1 0
24 1 1
24 1 -1
24 -1 1
24 -1 -1
24 0 0
24 0 1
24 1 0
24 0 -1
24 -1 0
24 1 1
24 1 -1
24 -1 1
24 -1 -1
24 0 0
24 0 1
24 1 0
24 0 -1
24 -1 0
24 1 1
24 1 -1
24 -1 1
24 -1 -1
24 0 0
24 0 1
24 1 0
24 0 -1
24 -1 0
24 1 1
24 1 -1
24 -1 1
24 -1 -1
24 0 0
24 0 1
24 1 0
24 0 -1
24 -1 0
24 1 1
24 1 -1
24 -1 1
24 -1 -1
24 0 0
24 0 1
24 1 0
24 0 -1
24 -1 0
24 1 1
24 1 -1
24 -1 1
24 -1 -1
24 0 0
24 0 1
24 1 0
24 0 -1
24 -1 0
24 1 1
24 1 -1
24 -1 1
24 -1 -1
24 0 0
24 0 1
24 1 0
24 0 -1
24 -1 0
24 1 1
24 1 -1
24 -1 1
24 -1 -1
24 0 0
24 0 1
24 1 0
24 0 -1
24 -1 0
24 1 1
24 1 -1
24 -1 1
24 -1 -1
25 0 0
25 0 1
25 1 0
25 0 -1
25 -1 0
25 1 1
25 1 -1
25 -1 1
25 -1 -1
25 0 0
25 0 1
25 1 0
25 0 -1
25 -1 0
25 1 1
25 1 -1
25 -1 1
25 -1 -1
25 0 0
25 0 1
25 1 0
25 0 -1
25 -1 0
25 1 1
25 1 -1
25 -1 1
25 -1 -1
25 0 0
25 0 1
25 1 0
25 0 -1
25 -1 0
25 1 1
25 1 -1
25 -1 1
25 -1 -1
25 0 0
25 0 1
25 1 0
25 0 -1
25 -1 0
25 1 1
25 1 -1
25 -1 1
25 -1 -1
25 0 0
25 0 1
25 1 0
25 0 -1
25 -1 0
25 1 1
25 1 -1
25 -1 1
25 -1 -1
25 0 0
25 0 1
25 1 0
25 0 -1
25 -1 0
25 1 1
25 1 -1
25 -1 1
25 -1 -1
25 0 0
25 0 1
25 1 0
25 0 -1
25 -1 0
25 1 1
25 1 -1
25 -1 1
25 -1 -1
25 0 0
25 0 1
25 1 0
25 0 -1
25 -1 0
25 1 1
25 1 -1
25 -1 1
25 -1 -1
25 0 0
25 0 1
25 1 0
25 0 -1
25 -1 0
25 1 1
25 1 -1
25 -1 1
25 -1 -1
25 0 0
25 0 1
25 1 0
25 0 -1
25 -1 0
25 1 1
25 1 -1
25 -1 1
25 -1 -1
26 0 0
26 0 1
26 1 0
26 0 -1
26 -1 0
26 1 1
26 1 -1
26 -1 1
26 -1 -1
26 0 0
26 0 1
26 1 0
26 0 -1
26 -1 0
26 1 1
26 1 -1
26 -1 1
26 -1 -1
26 0 0
26 0 1
26 1 0
26 0 -1
26 -1 0
26 1 1
26 1 -1
26 -1 1
26 -1 -1
26 0 0
26 0 1
26 1 0
26 0 -1
26 -1 0
26 1 1
26 1 -1
26 -1 1
26 -1 -1
26 0 0
26 0 1
26 1 0
26 0 -1
26 -1 0
26 1 1
26 1 -1
26 -1 1
26 -1 -1
26 0 0
26 0 1
26 1 0
26 0 -1
26 -1 0
26 1 1
26 1 -1
26 -1 1
26 -1 -1
26 0 0
26 0 1
26 1 0
26 0 -1
26 -1 0
26 1 1
26 1 -1
26 -1 1
26 -1 -1
26 0 0
26 0 1
26 1 0
26 0 -1
26 -1 0
26 1 1
26 1 -1
26 -1 1
26 -1 -1
26 0 0
26 0 1
26 1 0
26 0 -1
26 -1 0
26 1 1
26 1 -1
26 -1 1
26 -1 -1
26 0 0
26 0 1
26 1 0
26 0 -1
26 -1 0
26 1 1
26 1 -1
26 -1 1
26 -1 -1
26 0 0
26 0 1
26 1 0
26 0 -1
26 -1 0
26 1 1
26 1 -1
26 -1 1
26 -1 -1
27 0 0
27 0 1
27 1 0
27 0 -1
27 -1 0
27 1 1
27 1 -1
27 -1 1
27 -1 -1
27 0 0
27 0 1
27 1 0
27 0 -1
27 -1 0
27 1 1
27 1 -1
27 -1 1
27 -1 -1
27 0 0
27 0 1
27 1 0
27 0 -1
27 -1 0
27 1 1
27 1 -1
27 -1 1
27 -1 -1
27 0 0
27 0 1
27 1 0
27 0 -1
27 -1 0
27 1 1
27 1 -1
27 -1 1
27 -1 -1
27 0 0
27 0 1
27 1 0
27 0 -1
27 -1 0
27 1 1
27 1 -1
27 -1 1
27 -1 -1
27 0 0
27 0 1
27 1 0
27 0 -1
27 -1 0
27 1 1
27 1 -1
27 -1 1
27 -1 -1
27 0 0
27 0 1
27 1 0
27 0 -1
27 -1 0
27 1 1
27 1 -1
27 -1 1
27 -1 -1
27 0 0
27 0 1
27 1 0
27 0 -1
27 -1 0
27 1 1
27 1 -1
27 -1 1
27 -1 -1
27 0 0
27 0 1
27 1 0
27 0 -1
27 -1 0
27 1 1
27 1 -1
27 -1 1
27 -1 -1
27 0 0
27 0 1
27 1 0
27 0 -1
27 -1 0
27 1 1
27 1 -1
27 -1 1
27 -1 -1
27 0 0
27 0 1
27 1 0
27 0 -1
27 -1 0
27 1 1
27 1 -1
27 -1 1
27 -1 -1
28 0 0
28 0 1
28 1 0
28 0 -1
28 -1 0
28 1 1
28 1 -1
28 -1 1
28 -1 -1
28 0 0
28 0 1
28 1 0
28 0 -1
28 -1 0
28 1 1
28 1 -1
28 -1 1
28 -1 -1
28 0 0
28 0 1
28 1 0
28 0 -1
28 -1 0
28 1 1
28 1 -1
28 -1 1
28 -1 -1
28 0 0
28 0 1
28 1 0
28 0 -1
28 -1 0
28 1 1
28 1 -1
28 -1 1
28 -1 -1
28 0 0
28 0 1
28 1 0
28 0 -1
28 -1 0
28 1 1
28 1 -1
28 -1 1
28 -1 -1
28 0 0
28 0 1
28 1 0
28 0 -1
28 -1 0
28 1 1
28 1 -1
28 -1 1
28 -1 -1
28 0 0
28 0 1
28 1 0
28 0 -1
28 -1 0
28 1 1
28 1 -1
28 -1 1
28 -1 -1
28 0 0
28 0 1
28 1 0
28 0 -1
28 -1 0
28 1 1
28 1 -1
28 -1 1
28 -1 -1
28 0 0
28 0 1
28 1 0
28 0 -1
28 -1 0
28 1 1
28 1 -1
28 -1 1
28 -1 -1
28 0 0
28 0 1
28 1 0
28 0 -1
28 -1 0
28 1 1
28 1 -1
28 -1 1
28 -1 -1
28 0 0
28 0 1
28 1 0
28 0 -1
28 -1 0
28 1 1
28 1 -1
28 -1 1
28 -1 -1
29 0 0
29 0 1
29 1 0
29 0 -1
29 -1 0
29 1 1
29 1 -1
29 -1 1
29 -1 -1
29 0 0
29 0 1
29 1 0
29 0 -1
29 -1 0
29 1 1
29 1 -1
29 -1 1
29 -1 -1
29 0 0
29 0 1
29 1 0
29 0 -1
29 -1 0
29 1 1
29 1 -1
29 -1 1
29 -1 -1
29 0 0
29 0 1
29 1 0
29 0 -1
29 -1 0
29 1 1
29 1 -1
29 -1 1
29 -1 -1
29 0 0
29 0 1
29 1 0
29 0 -1
29 -1 0
29 1 1
29 1 -1
29 -1 1
29 -1 -1
29 0 0
29 0 1
29 1 0
29 0 -1
29 -1 0
29 1 1
29 1 -1
29 -1 1
29 -1 -1
29 0 0
29 0 1
29 1 0
29 0 -1
29 -1 0
29 1 1
29 1 -1
29 -1 1
29 -1 -1
30 0 0
30 0 1
30 1 0
30 0 -1
30 -1 0
30 1 1
30 1 -1
30 -1 1
30 -1 -1
30 0 0
30 0 1
30 1 0
30 0 -1
30 -1 0
30 1 1
30 1 -1
30 -1 1
30 -1 -1
30 0 0
30 0 1
30 1 0
30 0 -1
30 -1 0
30 1 1
30 1 -1
30 -1 1
30 -1 -1
30 0 0
30 0 1
30 1 0
30 0 -1
30 -1 0
30 1 1
30 1 -1
30 -1 1
30 -1 -1
30 0 0
30 0 1
30 1 0
30 0 -1
30 -1 0
30 1 1
30 1 -1
30 -1 1
30 -1 -1
30 0 0
30 0 1
30 1 0
30 0 -1
30 -1 0
30 1 1
30 1 -1
30 -1 1
30 -1 -1
30 0 0
30 0 1
30 1 0
30 0 -1
30 -1 0
30 1 1
30 1 -1
30 -1 1
30 -1 -1
30 0 0
30 0 1
30 1 0
30 0 -1
30 -1 0
30 1 1
30 1 -1
30 -1 1
30 -1 -1
30 0 0
30 0 1
30 1 0
30 0 -1
30 -1 0
30 1 1
30 1 -1
30 -1 1
30 -1 -1
30 0 0
30 0 1
30 1 0
30 0 -1
30 -1 0
30 1 1
30 1 -1
30 -1 1
30 -1 -1
30 0 0
30 0 1
30 1 0
30 0 -1
30 -1 0
30 1 1
30 1 -1
30 -1 1
30 -1 -1
31 0 0
31 0 1
31 1 0
31 0 -1
31 -1 0
31 1 1
31 1 -1
31 -1 1
31 -1 -1
31 0 0
31 0 1
31 1 0
31 0 -1
31 -1 0
31 1 1
31 1 -1
31 -1 1
31 -1 -1
31 0 0
31 0 1
31 1 0
31 0 -1
31 -1 0
31 1 1
31 1 -1
31 -1 1
31 -1 -1
31 0 0
31 0 1
31 1 0
31 0 -1
31 -1 0
31 1 1
31 1 -1
31 -1 1
31 -1 -1
31 0 0
31 0 1
31 1 0
31 0 -1
31 -1 0
31 1 1
31 1 -1
31 -1 1
31 -1 -1
31 0 0
31 0 1
31 1 0
31 0 -1
31 -1 0
31 1 1
31 1 -1
31 -1 1
31 -1 -1
31 0 0
31 0 1
31 1 0
31 0 -1
31 -1 0
31 1 1
31 1 -1
31 -1 1
31 -1 -1
31 0 0
31 0 1
31 1 0
31 0 -1
31 -1 0
31 1 1
31 1 -1
31 -1 1
31 -1 -1
31 0 0
31 0 1
31 1 0
31 0 -1
31 -1 0
31 1 1
31 1 -1
31 -1 1
31 -1 -1
31 0 0
31 0 1
31 1 0
31 0 -1
31 -1 0
31 1 1
31 1 -1
31 -1 1
31 -1 -1
31 0 0
31 0 1
31 1 0
31 0 -1
31 -1 0
31 1 1
31 1 -1
31 -1 1
31 -1 -1
32 0 0
32 0 1
32 1 0
32 0 -1
32 -1 0
32 1 1
32 1 -1
32 -1 1
32 -1 -1
32 0 0
32 0 1
32 1 0
32 0 -1
32 -1 0
32 1 1
32 1 -1
32 -1 1
32 -1 -1
32 0 0
32 0 1
32 1 0
32 0 -1
32 -1 0
32 1 1
32 1 -1
32 -1 1
32 -1 -1
32 0 0
32 0 1
32 1 0
32 0 -1
32 -1 0
32 1 1
32 1 -1
32 -1 1
32 -1 -1
32 0 0
32 0 1
32 1 0
32 0 -1
32 -1 0
32 1 1
32 1 -1
32 -1 1
32 -1 -1
32 0 0
32 0 1
32 1 0
32 0 -1
32 -1 0
32 1 1
32 1 -1
32 -1 1
32 -1 -1
32 0 0
32 0 1
32 1 0
32 0 -1
32 -1 0
32 1 1
32 1 -1
32 -1 1
32 -1 -1
32 0 0
32 0 1
32 1 0
32 0 -1
32 -1 0
32 1 1
32 1 -1
32 -1 1
32 -1 -1
32 0 0
32 0 1
32 1 0
32 0 -1
32 -1 0
32 1 1
32 1 -1
32 -1 1
32 -1 -1
32 0 0
32 0 1
32 1 0
32 0 -1
32 -1 0
32 1 1
32 1 -1
32 -1 1
32 -1 -1
32 0 0
32 0 1
32 1 0
32 0 -1
32 -1 0
32 1 1
32 1 -1
32 -1 1
32 -1 -1
33 0 0
33 0 1
33 1 0
33 0 -1
33 -1 0
33 1 1
33 1 -1
33 -1 1
33 -1 -1
33 0 0
33 0 1
33 1 0
33 0 -1
33 -1 0
33 1 1
33 1 -1
33 -1 1
33 -1 -1
33 0 0
33 0 1
33 1 0
33 0 -1
33 -1 0
33 1 1
33 1 -1
33 -1 1
33 -1 -1
33 0 0
33 0 1
33 1 0
33 0 -1
33 -1 0
33 1 1
33 1 -1
33 -1 1
33 -1 -1
33 0 0
33 0 1
33 1 0
33 0 -1
33 -1 0
33 1 1
33 1 -1
33 -1 1
33 -1 -1
33 0 0
33 0 1
33 1 0
33 0 -1
33 -1 0
33 1 1
33 1 -1
33 -1 1
33 -1 -1
33 0 0
33 0 1
33 1 0
33 0 -1
33 -1 0
33 1 1
33 1 -1
33 -1 1
33 -1 -1
33 0 0
33 0 1
33 1 0
33 0 -1
33 -1 0
33 1 1
33 1 -1
33 -1 1
33 -1 -1
33 0 0
33 0 1
33 1 0
33 0 -1
33 -1 0
33 1 1
33 1 -1
33 -1 1
33 -1 -1
33 0 0
33 0 1
33 1 0
33 0 -1
33 -1 0
33 1 1
33 1 -1
33 -1 1
33 -1 -1
33 0 0
33 0 1
33 1 0
33 0 -1
33 -1 0
33 1 1
33 1 -1
33 -1 1
33 -1 -1
34 0 0
34 0 1
34 1 0
34 0 -1
34 -1 0
34 1 1
34 1 -1
34 -1 1
34 -1 -1
34 0 0
34 0 1
34 1 0
34 0 -1
34 -1 0
34 1 1
34 1 -1
34 -1 1
34 -1 -1
34 0 0
34 0 1
34 1 0
34 0 -1
34 -1 0
34 1 1
34 1 -1
34 -1 1
34 -1 -1
34 0 0
34 0 1
34 1 0
34 0 -1
34 -1 0
34 1 1
34 1 -1
34 -1 1
34 -1 -1
34 0 0
34 0 1
34 1 0
34 0 -1
34 -1 0
34 1 1
34 1 -1
34 -1 1
34 -1 -1
34 0 0
34 0 1
34 1 0
34 0 -1
34 -1 0
34 1 1
34 1 -1
34 -1 1
34 -1 -1
34 0 0
34 0 1
34 1 0
34 0 -1
34 -1 0
34 1 1
34 1 -1
34 -1 1
34 -1 -1
34 0 0
34 0 1
34 1 0
34 0 -1
34 -1 0
34 1 1
34 1 -1
34 -1 1
34 -1 -1
34 0 0
34 0 1
34 1 0
34 0 -1
34 -1 0
34 1 1
34 1 -1
34 -1 1
34 -1 -1
34 0 0
34 0 1
34 1 0
34 0 -1
34 -1 0
34 1 1
34 1 -1
34 -1 1
34 -1 -1
34 0 0
34 0 1
34 1 0
34 0 -1
34 -1 0
34 1 1
34 1 -1
34 -1 1
34 -1 -1
35 0 0
35 0 1
35 1 0
35 0 -1
35 -1 0
35 1 1
35 1 -1
35 -1 1
35 -1 -1
35 0 0
35 0 1
35 1 0
35 0 -1
35 -1 0
35 1 1
35 1 -1
35 -1 1
35 -1 -1
35 0 0
35 0 1
35 1 0
35 0 -1
35 -1 0
35 1 1
35 1 -1
35 -1 1
35 -1 -1
35 0 0
35 0 1
35 1 0
35 0 -1
35 -1 0
35 1 1
35 1 -1
35 -1 1
35 -1 -1
35 0 0
35 0 1
35 1 0
35 0 -1
35 -1 0
35 1 1
35 1 -1
35 -1 1
35 -1 -1
35 0 0
35 0 1
35 1 0
35 0 -1
35 -1 0
35 1 1
35 1 -1
35 -1 1
35 -1 -1
35 0 0
35 0 1
35 1 0
35 0 -1
35 -1 0
35 1 1
35 1 -1
35 -1 1
35 -1 -1
35 0 0
35 0 1
35 1 0
35 0 -1
35 -1 0
35 1 1
35 1 -1
35 -1 1
35 -1 -1
35 0 0
35 0 1
35 1 0
35 0 -1
35 -1 0
35 1 1
35 1 -1
35 -1 1
35 -1 -1
35 0 0
35 0 1
35 1 0
35 0 -1
35 -1 0
35 1 1
35 1 -1
35 -1 1
35 -1 -1
35 0 0
35 0 1
35 1 0
35 0 -1
35 -1 0
35 1 1
35 1 -1
35 -1 1
35 -1 -1
36 0 0
36 0 1
36 1 0
36 0 -1
36 -1 0
36 1 1
36 1 -1
36 -1 1
36 -1 -1
36 0 0
36 0 1
36 1 0
36 0 -1
36 -1 0
36 1 1
36 1 -1
36 -1 1
36 -1 -1
36 0 0
36 0 1
36 1 0
36 0 -1
36 -1 0
36 1 1
36 1 -1
36 -1 1
36 -1 -1
36 0 0
36 0 1
36 1 0
36 0 -1
36 -1 0
36 1 1
36 1 -1
36 -1 1
36 -1 -1
36 0 0
36 0 1
36 1 0
36 0 -1
36 -1 0
36 1 1
36 1 -1
36 -1 1
36 -1 -1
36 0 0
36 0 1
36 1 0
36 0 -1
36 -1 0
36 1 1
36 1 -1
36 -1 1
36 -1 -1
36 0 0
36 0 1
36 1 0
36 0 -1
36 -1 0
36 1 1
36 1 -1
36 -1 1
36 -1 -1
36 0 0
36 0 1
36 1 0
36 0 -1
36 -1 0
36 1 1
36 1 -1
36 -1 1
36 -1 -1
36 0 0
36 0 1
36 1 0
36 0 -1
36 -1 0
36 1 1
36 1 -1
36 -1 1
36 -1 -1
36 0 0
36 0 1
36 1 0
36 0 -1
36 -1 0
36 1 1
36 1 -1
36 -1 1
36 -1 -1
36 0 0
36 0 1
36 1 0
36 0 -1
36 -1 0
36 1 1
36 1 -1
36 -1 1
36 -1 -1
37 0 0
37 0 1
37 1 0
37 0 -1
37 -1 0
37 1 1
37 1 -1
37 -1 1
37 -1 -1
37 0 0
37 0 1
37 1 0
37 0 -1
37 -1 0
37 1 1
37 1 -1
37 -1 1
37 -1 -1
37 0 0
37 0 1
37 1 0
37 0 -1
37 -1 0
37 1 1
37 1 -1
37 -1 1
37 -1 -1
37 0 0
37 0 1
37 1 0
37 0 -1
37 -1 0
37 1 1
37 1 -1
37 -1 1
37 -1 -1
37 0 0
37 0 1
37 1 0
37 0 -1
37 -1 0
37 1 1
37 1 -1
37 -1 1
37 -1 -1
37 0 0
37 0 1
37 1 0
37 0 -1
37 -1 0
37 1 1
37 1 -1
37 -1 1
37 -1 -1
37 0 0
37 0 1
37 1 0
37 0 -1
37 -1 0
37 1 1
37 1 -1
37 -1 1
37 -1 -1
37 0 0
37 0 1
37 1 0
37 0 -1
37 -1 0
37 1 1
37 1 -1
37 -1 1
37 -1 -1
37 0 0
37 0 1
37 1 0
37 0 -1
37 -1 0
37 1 1
37 1 -1
37 -1 1
37 -1 -1
37 0 0
37 0 1
37 1 0
37 0 -1
37 -1 0
37 1 1
37 1 -1
37 -1 1
37 -1 -1
37 0 0
37 0 1
37 1 0
37 0 -1
37 -1 0
37 1 1
37 1 -1
37 -1 1
37 -1 -1
38 0 0
38 0 1
38 1 0
38 0 -1
38 -1 0
38 1 1
38 1 -1
38 -1 1
38 -1 -1
38 0 0
38 0 1
38 1 0
38 0 -1
38 -1 0
38 1 1
38 1 -1
38 -1 1
38 -1 -1
38 0 0
38 0 1
38 1 0
38 0 -1
38 -1 0
38 1 1
38 1 -1
38 -1 1
38 -1 -1
38 0 0
38 0 1
38 1 0
38 0 -1
38 -1 0
38 1 1
38 1 -1
38 -1 1
38 -1 -1
38 0 0
38 0 1
38 1 0
38 0 -1
38 -1 0
38 1 1
38 1 -1
38 -1 1
38 -1 -1
38 0 0
38 0 1
38 1 0
38 0 -1
38 -1 0
38 1 1
38 1 -1
38 -1 1
38 -1 -1
38 0 0
38 0 1
38 1 0
38 0 -1
38 -1 0
38 1 1
38 1 -1
38 -1 1
38 -1 -1
38 0 0
38 0 1
38 1 0
38 0 -1
38 -1 0
38 1 1
38 1 -1
38 -1 1
38 -1 -1
38 0 0
38 0 1
38 1 0
38 0 -1
38 -1 0
38 1 1
38 1 -1
38 -1 1
38 -1 -1
38 0 0
38 0 1
38 1 0
38 0 -1
38 -1 0
38 1 1
38 1 -1
38 -1 1
38 -1 -1
38 0 0
38 0 1
38 1 0
38 0 -1
38 -1 0
38 1 1
38 1 -1
38 -1 1
38 -1 -1
39 0 0
39 0 1
39 1 0
39 0 -1
39 -1 0
39 1 1
39 1 -1
39 -1 1
39 -1 -1
39 0 0
39 0 1
39 1 0
39 0 -1
39 -1 0
39 1 1
39 1 -1
39 -1 1
39 -1 -1
39 0 0
39 0 1
39 1 0
39 0 -1
39 -1 0
39 1 1
39 1 -1
39 -1 1
39 -1 -1
39 0 0
39 0 1
39 1 0
39 0 -1
39 -1 0
39 1 1
39 1 -1
39 -1 1
39 -1 -1
39 0 0
39 0 1
39 1 0
39 0 -1
39 -1 0
39 1 1
39 1 -1
39 -1 1
39 -1 -1
39 0 0
39 0 1
39 1 0
39 0 -1
39 -1 0
39 1 1
39 1 -1
39 -1 1
39 -1 -1
39 0 0
39 0 1
39 1 0
39 0 -1
39 -1 0
39 1 1
39 1 -1
39 -1 1
39 -1 -1
39 0 0
39 0 1
39 1 0
39 0 -1
39 -1 0
39 1 1
39 1 -1
39 -1 1
39 -1 -1
39 0 0
39 0 1
39 1 0
39 0 -1
39 -1 0
39 1 1
39 1 -1
39 -1 1
39 -1 -1
39 0 0
39 0 1
39 1 0
39 0 -1
39 -1 0
39 1 1
39 1 -1
39 -1 1
39 -1 -1
39 0 0
39 0 1
39 1 0
39 0 -1
39 -1 0
39 1 1
39 1 -1
39 -1 1
39 -1 -1
40 0 0
40 0 1
40 1 0
40 0 -1
40 -1 0
40 1 1
40 1 -1
40 -1 1
40 -1 -1
40 0 0
40 0 1
40 1 0
40 0 -1
40 -1 0
40 1 1
40 1 -1
40 -1 1
40 -1 -1
40 0 0
40 0 1
40 1 0
40 0 -1
40 -1 0
40 1 1
40 1 -1
40 -1 1
40 -1 -1
40 0 0
40 0 1
40 1 0
40 0 -1
40 -1 0
40 1 1
40 1 -1
40 -1 1
40 -1 -1
40 0 0
40 0 1
40 1 0
40 0 -1
40 -1 0
40 1 1
40 1 -1
40 -1 1
40 -1 -1
40 0 0
40 0 1
40 1 0
40 0 -1
40 -1 0
40 1 1
40 1 -1
40 -1 1
40 -1 -1
40 0 0
40 0 1
40 1 0
40 0 -1
40 -1 0
40 1 1
40 1 -1
40 -1 1
40 -1 -1
40 0 0
40 0 1
40 1 0
40 0 -1
40 -1 0
40 1 1
40 1 -1
40 -1 1
40 -1 -1
40 0 0
40 0 1
40 1 0
40 0 -1
40 -1 0
40 1 1
40 1 -1
40 -1 1
40 -1 -1
40 0 0
40 0 1
40 1 0
40 0 -1
40 -1 0
40 1 1
40 1 -1
40 -1 1
40 -1 -1
40 0 0
40 0 1
40 1 0
40 0 -1
40 -1 0
40 1 1
40 1 -1
40 -1 1
40 -1 -1
41 0 0
41 0 1
41 1 0
41 0 -1
41 -1 0
41 1 1
41 1 -1
41 -1 1
41 -1 -1
41 0 0
41 0 1
41 1 0
41 0 -1
41 -1 0
41 1 1
41 1 -1
41 -1 1
41 -1 -1
41 0 0
41 0 1
41 1 0
41 0 -1
41 -1 0
41 1 1
41 1 -1
41 -1 1
41 -1 -1
41 0 0
41 0 1
41 1 0
41 0 -1
41 -1 0
41 1 1
41 1 -1
41 -1 1
41 -1 -1
41 0 0
41 0 1
41 1 0
41 0 -1
41 -1 0
41 1 1
41 1 -1
41 -1 1
41 -1 -1
41 0 0
41 0 1
41 1 0
41 0 -1
41 -1 0
41 1 1
41 1 -1
41 -1 1
41 -1 -1
41 0 0
41 0 1
41 1 0
41 0 -1
41 -1 0
41 1 1
41 1 -1
41 -1 1
41 -1 -1
41 0 0
41 0 1
41 1 0
41 0 -1
41 -1 0
41 1 1
41 1 -1
41 -1 1
41 -1 -1
41 0 0
41 0 1
41 1 0
41 0 -1
41 -1 0
41 1 1
41 1 -1
41 -1 1
41 -1 -1
41 0 0
41 0 1
41 1 0
41 0 -1
41 -1 0
41 1 1
41 1 -1
41 -1 1
41 -1 -1
41 0 0
41 0 1
41 1 0
41 0 -1
41 -1 0
41 1 1
41 1 -1
41 -1 1
41 -1 -1
42 0 0
42 0 1
42 1 0
42 0 -1
42 -1 0
42 1 1
42 1 -1
42 -1 1
42 -1 -1
42 0 0
42 0 1
42 1 0
42 0 -1
42 -1 0
42 1 1
42 1 -1
42 -1 1
42 -1 -1
42 0 0
42 0 1
42 1 0
42 0 -1
42 -1 0
42 1 1
42 1 -1
42 -1 1
42 -1 -1
42 0 0
42 0 1
42 1 0
42 0 -1
42 -1 0
42 1 1
42 1 -1
42 -1 1
42 -1 -1
42 0 0
42 0 1
42 1 0
42 0 -1
42 -1 0
42 1 1
42 1 -1
42 -1 1
42 -1 -1
42 0 0
42 0 1
42 1 0
42 0 -1
42 -1 0
42 1 1
42 1 -1
42 -1 1
42 -1 -1
42 0 0
42 0 1
42 1 0
42 0 -1
42 -1 0
42 1 1
42 1 -1
42 -1 1
42 -1 -1
42 0 0
42 0 1
42 1 0
42 0 -1
42 -1 0
42 1 1
42 1 -1
42 -1 1
42 -1 -1
42 0 0
42 0 1
42 1 0
42 0 -1
42 -1 0
42 1 1
42 1 -1
42 -1 1
42 -1 -1
42 0 0
42 0 1
42 1 0
42 0 -1
42 -1 0
42 1 1
42 1 -1
42 -1 1
42 -1 -1
42 0 0
42 0 1
42 1 0
42 0 -1
42 -1 0
42 1 1
42 1 -1
42 -1 1
42 -1 -1
43 0 0
43 0 1
43 1 0
43 0 -1
43 -1 0
43 1 1
43 1 -1
43 -1 1
43 -1 -1
43 0 0
43 0 1
43 1 0
43 0 -1
43 -1 0
43 1 1
43 1 -1
43 -1 1
43 -1 -1
43 0 0
43 0 1
43 1 0
43 0 -1
43 -1 0
43 1 1
43 1 -1
43 -1 1
43 -1 -1
43 0 0
43 0 1
43 1 0
43 0 -1
43 -1 0
43 1 1
43 1 -1
43 -1 1
43 -1 -1
43 0 0
43 0 1
43 1 0
43 0 -1
43 -1 0
43 1 1
43 1 -1
43 -1 1
43 -1 -1
43 0 0
43 0 1
43 1 0
43 0 -1
43 -1 0
43 1 1
43 1 -1
43 -1 1
43 -1 -1
43 0 0
43 0 1
43 1 0
43 0 -1
43 -1 0
43 1 1
43 1 -1
43 -1 1
43 -1 -1
43 0 0
43 0 1
43 1 0
43 0 -1
43 -1 0
43 1 1
43 1 -1
43 -1 1
43 -1 -1
43 0 0
43 0 1
43 1 0
43 0 -1
43 -1 0
43 1 1
43 1 -1
43 -1 1
43 -1 -1
43 0 0
43 0 1
43 1 0
43 0 -1
43 -1 0
43 1 1
43 1 -1
43 -1 1
43 -1 -1
43 0 0
43 0 1
43 1 0
43 0 -1
43 -1 0
43 1 1
43 1 -1
43 -1 1
43 -1 -1
44 0 0
44 0 1
44 1 0
44 0 -1
44 -1 0
44 1 1
44 1 -1
44 -1 1
44 -1 -1
44 0 0
44 0 1
44 1 0
44 0 -1
44 -1 0
44 1 1
44 1 -1
44 -1 1
44 -1 -1
44 0 0
44 0 1
44 1 0
44 0 -1
44 -1 0
44 1 1
44 1 -1
44 -1 1
44 -1 -1
44 0 0
44 0 1
44 1 0
44 0 -1
44 -1 0
44 1 1
44 1 -1
44 -1 1
44 -1 -1
44 0 0
44 0 1
44 1 0
44 0 -1
44 -1 0
44 1 1
44 1 -1
44 -1 1
44 -1 -1
44 0 0
44 0 1
44 1 0
44 0 -1
44 -1 0
44 1 1
44 1 -1
44 -1 1
44 -1 -1
44 0 0
44 0 1
44 1 0
44 0 -1
44 -1 0
44 1 1
44 1 -1
44 -1 1
44 -1 -1
44 0 0
44 0 1
44 1 0
44 0 -1
44 -1 0
44 1 1
44 1 -1
44 -1 1
44 -1 -1
44 0 0
44 0 1
44 1 0
44 0 -1
44 -1 0
44 1 1
44 1 -1
44 -1 1
44 -1 -1
44 0 0
44 0 1
44 1 0
44 0 -1
44 -1 0
44 1 1
44 1 -1
44 -1 1
44 -1 -1
44 0 0
44 0 1
44 1 0
44 0 -1
44 -1 0
44 1 1
44 1 -1
44 -1 1
44 -1 -1
45 0 0
45 0 1
45 1 0
45 0 -1
45 -1 0
45 1 1
45 1 -1
45 -1 1
45 -1 -1
45 0 0
45 0 1
45 1 0
45 0 -1
45 -1 0
45 1 1
45 1 -1
45 -1 1
45 -1 -1
45 0 0
45 0 1
45 1 0
45 0 -1
45 -1 0
45 1 1
45 1 -1
45 -1 1
45 -1 -1
45 0 0
45 0 1
45 1 0
45 0 -1
45 -1 0
45 1 1
45 1 -1
45 -1 1
45 -1 -1
45 0 0
45 0 1
45 1 0
45 0 -1
45 -1 0
45 1 1
45 1 -1
45 -1 1
45 -1 -1
45 0 0
45 0 1
45 1 0
45 0 -1
45 -1 0
45 1 1
45 1 -1
45 -1 1
45 -1 -1
45 0 0
45 0 1
45 1 0
45 0 -1
45 -1 0
45 1 1
45 1 -1
45 -1 1
45 -1 -1
45 0 0
45 0 1
45 1 0
45 0 -1
45 -1 0
45 1 1
45 1 -1
45 -1 1
45 -1 -1
45 0 0
45 0 1
45 1 0
45 0 -1
45 -1 0
45 1 1
45 1 -1
45 -1 1
45 -1 -1
45 0 0
45 0 1
45 1 0
45 0 -1
45 -1 0
45 1 1
45 1 -1
45 -1 1
45 -1 -1
45 0 0
45 0 1
45 1 0
45 0 -1
45 -1 0
45 1 1
45 1 -1
45 -1 1
45 -1 -1
45 0 0
45 0 1
45 1 0
45 0 -1
45 -1 0
45 1 1
45 1 -1
45 -1 1
45 -1 -1
46 0 0
46 0 1
46 1 0
46 0 -1
46 -1 0
46 1 1
46 1 -1
46 -1 1
46 -1 -1
46 0 0
46 0 1
46 1 0
46 0 -1
46 -1 0
46 1 1
46 1 -1
46 -1 1
46 -1 -1
46 0 0
46 0 1
46 1 0
46 0 -1
46 -1 0
46 1 1
46 1 -1
46 -1 1
46 -1 -1
46 0 0
46 0 1
46 1 0
46 0 -1
46 -1 0
46 1 1
46 1 -1
46 -1 1
46 -1 -1
46 0 0
46 0 1
46 1 0
46 0 -1
46 -1 0
46 1 1
46 1 -1
46 -1 1
46 -1 -1
46 0 0
46 0 1
46 1 0
46 0 -1
46 -1 0
46 1 1
46 1 -1
46 -1 1
46 -1 -1
46 0 0
46 0 1
46 1 0
46 0 -1
46 -1 0
46 1 1
46 1 -1
46 -1 1
46 -1 -1
46 0 0
46 0 1
46 1 0
46 0 -1
46 -1 0
46 1 1
46 1 -1
46 -1 1
46 -1 -1
46 0 0
46 0 1
46 1 0
46 0 -1
46 -1 0
46 1 1
46 1 -1
46 -1 1
46 -1 -1
46 0 0
46 0 1
46 1 0
46 0 -1
46 -1 0
46 1 1
46 1 -1
46 -1 1
46 -1 -1
46 0 0
46 0 1
46 1 0
46 0 -1
46 -1 0
46 1 1
46 1 -1
46 -1 1
46 -1 -1
46 0 0
46 0 1
46 1 0
46 0 -1
46 -1 0
46 1 1
46 1 -1
46 -1 1
46 -1 -1
47 0 0
47 0 1
47 1 0
47 0 -1
47 -1 0
47 1 1
47 1 -1
47 -1 1
47 -1 -1
47 0 0
47 0 1
47 1 0
47 0 -1
47 -1 0
47 1 1
47 1 -1
47 -1 1
47 -1 -1
47 0 0
47 0 1
47 1 0
47 0 -1
47 -1 0
47 1 1
47 1 -1
47 -1 1
47 -1 -1
47 0 0
47 0 1
47 1 0
47 0 -1
47 -1 0
47 1 1
47 1 -1
47 -1 1
47 -1 -1
47 0 0
47 0 1
47 1 0
47 0 -1
47 -1 0
47 1 1
47 1 -1
47 -1 1
47 -1 -1
47 0 0
47 0 1
47 1 0
47 0 -1
47 -1 0
47 1 1
47 1 -1
47 -1 1
47 -1 -1
47 0 0
47 0 1
47 1 0
47 0 -1
47 -1 0
47 1 1
47 1 -1
47 -1 1
47 -1 -1
47 0 0
47 0 1
47 1 0
47 0 -1
47 -1 0
47 1 1
47 1 -1
47 -1 1
47 -1 -1
47 0 0
47 0 1
47 1 0
47 0 -1
47 -1 0
47 1 1
47 1 -1
47 -1 1
47 -1 -1
47 0 0
47 0 1
47 1 0
47 0 -1
47 -1 0
47 1 1
47 1 -1
47 -1 1
47 -1 -1
47 0 0
47 0 1
47 1 0
47 0 -1
47 -1 0
47 1 1
47 1 -1
47 -1 1
47 -1 -1
47 0 0
47 0 1
47 1 0
47 0 -1
47 -1 0
47 1 1
47 1 -1
47 -1 1
47 -1 -1
48 0 0
48 0 1
48 1 0
48 0 -1
48 -1 0
48 1 1
48 1 -1
48 -1 1
48 -1 -1
48 0 0
48 0 1
48 1 0
48 0 -1
48 -1 0
48 1 1
48 1 -1
48 -1 1
48 -1 -1
48 0 0
48 0 1
48 1 0
48 0 -1
48 -1 0
48 1 1
48 1 -1
48 -1 1
48 -1 -1
48 0 0
48 0 1
48 1 0
48 0 -1
48 -1 0
48 1 1
48 1 -1
48 -1 1
48 -1 -1
48 0 0
48 0 1
48 1 0
48 0 -1
48 -1 0
48 1 1
48 1 -1
48 -1 1
48 -1 -1
48 0 0
48 0 1
48 1 0
48 0 -1
48 -1 0
48 1 1
48 1 -1
48 -1 1
48 -1 -1
48 0 0
48 0 1
48 1 0
48 0 -1
48 -1 0
48 1 1
48 1 -1
48 -1 1
48 -1 -1
48 0 0
48 0 1
48 1 0
48 0 -1
48 -1 0
48 1 1
48 1 -1
48 -1 1
48 -1 -1
48 0 0
48 0 1
48 1 0
48 0 -1
48 -1 0
48 1 1
48 1 -1
48 -1 1
48 -1 -1
48 0 0
48 0 1
48 1 0
48 0 -1
48 -1 0
48 1 1
48 1 -1
48 -1 1
48 -1 -1
48 0 0
48 0 1
48 1 0
48 0 -1
48 -1 0
48 1 1
48 1 -1
48 -1 1
48 -1 -1
48 0 0
48 0 1
48 1 0
48 0 -1
48 -1 0
48 1 1
48 1 -1
48 -1 1
48 -1 -1
49 0 0
49 0 1
49 1 0
49 0 -1
49 -1 0
49 1 1
49 1 -1
49 -1 1
49 -1 -1
49 0 0
49 0 1
49 1 0
49 0 -1
49 -1 0
49 1 1
49 1 -1
49 -1 1
49 -1 -1
49 0 0
49 0 1
49 1 0
49 0 -1
49 -1 0
49 1 1
49 1 -1
49 -1 1
49 -1 -1
49 0 0
49 0 1
49 1 0
49 0 -1
49 -1 0
49 1 1
49 1 -1
49 -1 1
49 -1 -1
49 0 0
49 0 1
49 1 0
49 0 -1
49 -1 0
49 1 1
49 1 -1
49 -1 1
49 -1 -1
49 0 0
49 0 1
49 1 0
49 0 -1
49 -1 0
49 1 1
49 1 -1
49 -1 1
49 -1 -1
49 0 0
49 0 1
49 1 0
49 0 -1
49 -1 0
49 1 1
49 1 -1
49 -1 1
49 -1 -1
49 0 0
49 0 1
49 1 0
49 0 -1
49 -1 0
49 1 1
49 1 -1
49 -1 1
49 -1 -1
49 0 0
49 0 1
49 1 0
49 0 -1
49 -1 0
49 1 1
49 1 -1
49 -1 1
49 -1 -1
49 0 0
49 0 1
49 1 0
49 0 -1
49 -1 0
49 1 1
49 1 -1
49 -1 1
49 -1 -1
49 0 0
49 0 1
49 1 0
49 0 -1
49 -1 0
49 1 1
49 1 -1
49 -1 1
49 -1 -1
49 0 0
49 0 1
49 1 0
49 0 -1
49 -1 0
49 1 1
49 1 -1
49 -1 1
49 -1 -1
50 0 0
50 0 1
50 1 0
50 0 -1
50 -1 0
50 1 1
50 1 -1
50 -1 1
50 -1 -1
50 0 0
50 0 1
50 1 0
50 0 -1
50 -1 0
50 1 1
50 1 -1
50 -1 1
50 -1 -1
50 0 0
50 0 1
50 1 0
50 0 -1
50 -1 0
50 1 1
50 1 -1
50 -1 1
50 -1 -1
50 0 0
50 0 1
50 1 0
50 0 -1
50 -1 0
50 1 1
50 1 -1
50 -1 1
50 -1 -1
50 0 0
50 0 1
50 1 0
50 0 -1
50 -1 0
50 1 1
50 1 -1
50 -1 1
50 -1 -1
50 0 0
50 0 1
50 1 0
50 0 -1
50 -1 0
50 1 1
50 1 -1
50 -1 1
50 -1 -1
50 0 0
50 0 1
50 1 0
50 0 -1
50 -1 0
50 1 1
50 1 -1
50 -1 1
50 -1 -1
50 0 0
50 0 1
50 1 0
50 0 -1
50 -1 0
50 1 1
50 1 -1
50 -1 1
50 -1 -1
50 0 0
50 0 1
50 1 0
50 0 -1
50 -1 0
50 1 1
50 1 -1
50 -1 1
50 -1 -1
50 0 0
50 0 1
50 1 0
50 0 -1
50 -1 0
50 1 1
50 1 -1
50 -1 1
50 -1 -1
50 0 0
50 0 1
50 1 0
50 0 -1
50 -1 0
50 1 1
50 1 -1
50 -1 1
50 -1 -1
50 0 0
50 0 1
50 1 0
50 0 -1
50 -1 0
50 1 1
50 1 -1
50 -1 1
50 -1 -1
51 0 0
51 0 1
51 1 0
51 0 -1
51 -1 0
51 1 1
51 1 -1
51 -1 1
51 -1 -1
51 0 0
51 0 1
51 1 0
51 0 -1
51 -1 0
51 1 1
51 1 -1
51 -1 1
51 -1 -1
51 0 0
51 0 1
51 1 0
51 0 -1
51 -1 0
51 1 1
51 1 -1
51 -1 1
51 -1 -1
51 0 0
51 0 1
51 1 0
51 0 -1
51 -1 0
51 1 1
51 1 -1
51 -1 1
51 -1 -1
51 0 0
51 0 1
51 1 0
51 0 -1
51 -1 0
51 1 1
51 1 -1
51 -1 1
51 -1 -1
51 0 0
51 0 1
51 1 0
51 0 -1
51 -1 0
51 1 1
51 1 -1
51 -1 1
51 -1 -1
51 0 0
51 0 1
51 1 0
51 0 -1
51 -1 0
51 1 1
51 1 -1
51 -1 1
51 -1 -1
51 0 0
51 0 1
51 1 0
51 0 -1
51 -1 0
51 1 1
51 1 -1
51 -1 1
51 -1 -1
51 0 0
51 0 1
51 1 0
51 0 -1
51 -1 0
51 1 1
51 1 -1
51 -1 1
51 -1 -1
51 0 0
51 0 1
51 1 0
51 0 -1
51 -1 0
51 1 1
51 1 -1
51 -1 1
51 -1 -1
51 0 0
51 0 1
51 1 0
51 0 -1
51 -1 0
51 1 1
51 1 -1
51 -1 1
51 -1 -1
51 0 0
51 0 1
51 1 0
51 0 -1
51 -1 0
51 1 1
51 1 -1
51 -1 1
51 -1 -1
52 0 0
52 0 1
52 1 0
52 0 -1
52 -1 0
52 1 1
52 1 -1
52 -1 1
52 -1 -1
52 0 0
52 0 1
52 1 0
52 0 -1
52 -1 0
52 1 1
52 1 -1
52 -1 1
52 -1 -1
52 0 0
52 0 1
52 1 0
52 0 -1
52 -1 0
52 1 1
52 1 -1
52 -1 1
52 -1 -1
52 0 0
52 0 1
52 1 0
52 0 -1
52 -1 0
52 1 1
52 1 -1
52 -1 1
52 -1 -1
52 0 0
52 0 1
52 1 0
52 0 -1
52 -1 0
52 1 1
52 1 -1
52 -1 1
52 -1 -1
52 0 0
52 0 1
52 1 0
52 0 -1
52 -1 0
52 1 1
52 1 -1
52 -1 1
52 -1 -1
52 0 0
52 0 1
52 1 0
52 0 -1
52 -1 0
52 1 1
52 1 -1
52 -1 1
52 -1 -1
52 0 0
52 0 1
52 1 0
52 0 -1
52 -1 0
52 1 1
52 1 -1
52 -1 1
52 -1 -1
52 0 0
52 0 1
52 1 0
52 0 -1
52 -1 0
52 1 1
52 1 -1
52 -1 1
52 -1 -1
52 0 0
52 0 1
52 1 0
52 0 -1
52 -1 0
52 1 1
52 1 -1
52 -1 1
52 -1 -1
52 0 0
52 0 1
52 1 0
52 0 -1
52 -1 0
52 1 1
52 1 -1
52 -1 1
52 -1 -1
52 0 0
52 0 1
52 1 0
52 0 -1
52 -1 0
52 1 1
52 1 -1
52 -1 1
52 -1 -1
53 0 0
53 0 1
53 1 0
53 0 -1
53 -1 0
53 1 1
53 1 -1
53 -1 1
53 -1 -1
53 0 0
53 0 1
53 1 0
53 0 -1
53 -1 0
53 1 1
53 1 -1
53 -1 1
53 -1 -1
53 0 0
53 0 1
53 1 0
53 0 -1
53 -1 0
53 1 1
53 1 -1
53 -1 1
53 -1 -1
53 0 0
53 0 1
53 1 0
53 0 -1
53 -1 0
53 1 1
53 1 -1
53 -1 1
53 -1 -1
53 0 0
53 0 1
53 1 0
53 0 -1
53 -1 0
53 1 1
53 1 -1
53 -1 1
53 -1 -1
53 0 0
53 0 1
53 1 0
53 0 -1
53 -1 0
53 1 1
53 1 -1
53 -1 1
53 -1 -1
53 0 0
53 0 1
53 1 0
53 0 -1
53 -1 0
53 1 1
53 1 -1
53 -1 1
53 -1 -1
53 0 0
53 0 1
53 1 0
53 0 -1
53 -1 0
53 1 1
53 1 -1
53 -1 1
53 -1 -1
53 0 0
53 0 1
53 1 0
53 0 -1
53 -1 0
53 1 1
53 1 -1
53 -1 1
53 -1 -1
53 0 0
53 0 1
53 1 0
53 0 -1
53 -1 0
53 1 1
53 1 -1
53 -1 1
53 -1 -1
53 0 0
53 0 1
53 1 0
53 0 -1
53 -1 0
53 1 1
53 1 -1
53 -1 1
53 -1 -1
53 0 0
53 0 1
53 1 0
53 0 -1
53 -1 0
53 1 1
53 1 -1
53 -1 1
53 -1 -1
54 0 0
54 0 1
54 1 0
54 0 -1
54 -1 0
54 1 1
54 1 -1
54 -1 1
54 -1 -1
54 0 0
54 0 1
54 1 0
54 0 -1
54 -1 0
54 1 1
54 1 -1
54 -1 1
54 -1 -1
54 0 0
54 0 1
54 1 0
54 0 -1
54 -1 0
54 1 1
54 1 -1
54 -1 1
54 -1 -1
54 0 0
54 0 1
54 1 0
54 0 -1
54 -1 0
54 1 1
54 1 -1
54 -1 1
54 -1 -1
54 0 0
54 0 1
54 1 0
54 0 -1
54 -1 0
54 1 1
54 1 -1
54 -1 1
54 -1 -1
54 0 0
54 0 1
54 1 0
54 0 -1
54 -1 0
54 1 1
54 1 -1
54 -1 1
54 -1 -1
54 0 0
54 0 1
54 1 0
54 0 -1
54 -1 0
54 1 1
54 1 -1
54 -1 1
54 -1 -1
54 0 0
54 0 1
54 1 0
54 0 -1
54 -1 0
54 1 1
54 1 -1
54 -1 1
54 -1 -1
54 0 0
54 0 1
54 1 0
54 0 -1
54 -1 0
54 1 1
54 1 -1
54 -1 1
54 -1 -1
54 0 0
54 0 1
54 1 0
54 0 -1
54 -1 0
54 1 1
54 1 -1
54 -1 1
54 -1 -1
54 0 0
54 0 1
54 1 0
54 0 -1
54 -1 0
54 1 1
54 1 -1
54 -1 1
54 -1 -1
54 0 0
54 0 1
54 1 0
54 0 -1
54 -1 0
54 1 1
54 1 -1
54 -1 1
54 -1 -1
55 0 0
55 0 1
55 1 0
55 0 -1
55 -1 0
55 1 1
55 1 -1
55 -1 1
55 -1 -1
55 0 0
55 0 1
55 1 0
55 0 -1
55 -1 0
55 1 1
55 1 -1
55 -1 1
55 -1 -1
55 0 0
55 0 1
55 1 0
55 0 -1
55 -1 0
55 1 1
55 1 -1
55 -1 1
55 -1 -1
55 0 0
55 0 1
55 1 0
55 0 -1
55 -1 0
55 1 1
55 1 -1
55 -1 1
55 -1 -1
55 0 0
55 0 1
55 1 0
55 0 -1
55 -1 0
55 1 1
55 1 -1
55 -1 1
55 -1 -1
55 0 0
55 0 1
55 1 0
55 0 -1
55 -1 0
55 1 1
55 1 -1
55 -1 1
55 -1 -1
55 0 0
55 0 1
55 1 0
55 0 -1
55 -1 0
55 1 1
55 1 -1
55 -1 1
55 -1 -1
55 0 0
55 0 1
55 1 0
55 0 -1
55 -1 0
55 1 1
55 1 -1
55 -1 1
55 -1 -1
55 0 0
55 0 1
55 1 0
55 0 -1
55 -1 0
55 1 1
55 1 -1
55 -1 1
55 -1 -1
55 0 0
55 0 1
55 1 0
55 0 -1
55 -1 0
55 1 1
55 1 -1
55 -1 1
55 -1 -1
55 0 0
55 0 1
55 1 0
55 0 -1
55 -1 0
55 1 1
55 1 -1
55 -1 1
55 -1 -1
55 0 0
55 0 1
55 1 0
55 0 -1
55 -1 0
55 1 1
55 1 -1
55 -1 1
55 -1 -1
56 0 0
56 0 1
56 1 0
56 0 -1
56 -1 0
56 1 1
56 1 -1
56 -1 1
56 -1 -1
56 0 0
56 0 1
56 1 0
56 0 -1
56 -1 0
56 1 1
56 1 -1
56 -1 1
56 -1 -1
56 0 0
56 0 1
56 1 0
56 0 -1
56 -1 0
56 1 1
56 1 -1
56 -1 1
56 -1 -1
56 0 0
56 0 1
56 1 0
56 0 -1
56 -1 0
56 1 1
56 1 -1
56 -1 1
56 -1 -1
56 0 0
56 0 1
56 1 0
56 0 -1
56 -1 0
56 1 1
56 1 -1
56 -1 1
56 -1 -1
56 0 0
56 0 1
56 1 0
56 0 -1
56 -1 0
56 1 1
56 1 -1
56 -1 1
56 -1 -1
56 0 0
56 0 1
56 1 0
56 0 -1
56 -1 0
56 1 1
56 1 -1
56 -1 1
56 -1 -1
56 0 0
56 0 1
56 1 0
56 0 -1
56 -1 0
56 1 1
56 1 -1
56 -1 1
56 -1 -1
56 0 0
56 0 1
56 1 0
56 0 -1
56 -1 0
56 1 1
56 1 -1
56 -1 1
56 -1 -1
56 0 0
56 0 1
56 1 0
56 0 -1
56 -1 0
56 1 1
56 1 -1
56 -1 1
56 -1 -1
56 0 0
56 0 1
56 1 0
56 0 -1
56 -1 0
56 1 1
56 1 -1
56 -1 1
56 -1 -1
56 0 0
56 0 1
56 1 0
56 0 -1
56 -1 0
56 1 1
56 1 -1
56 -1 1
56 -1 -1
57 0 0
57 0 1
57 1 0
57 0 -1
57 -1 0
57 1 1
57 1 -1
57 -1 1
57 -1 -1
57 0 0
57 0 1
57 1 0
57 0 -1
57 -1 0
57 1 1
57 1 -1
57 -1 1
57 -1 -1
57 0 0
57 0 1
57 1 0
57 0 -1
57 -1 0
57 1 1
57 1 -1
57 -1 1
57 -1 -1
57 0 0
57 0 1
57 1 0
57 0 -1
57 -1 0
57 1 1
57 1 -1
57 -1 1
57 -1 -1
57 0 0
57 0 1
57 1 0
57 0 -1
57 -1 0
57 1 1
57 1 -1
57 -1 1
57 -1 -1
57 0 0
57 0 1
57 1 0
57 0 -1
57 -1 0
57 1 1
57 1 -1
57 -1 1
57 -1 -1
57 0 0
57 0 1
57 1 0
57 0 -1
57 -1 0
57 1 1
57 1 -1
57 -1 1
57 -1 -1
57 0 0
57 0 1
57 1 0
57 0 -1
57 -1 0
57 1 1
57 1 -1
57 -1 1
57 -1 -1
57 0 0
57 0 1
57 1 0
57 0 -1
57 -1 0
57 1 1
57 1 -1
57 -1 1
57 -1 -1
57 0 0
57 0 1
57 1 0
57 0 -1
57 -1 0
57 1 1
57 1 -1
57 -1 1
57 -1 -1
57 0 0
57 0 1
57 1 0
57 0 -1
57 -1 0
57 1 1
57 1 -1
57 -1 1
57 -1 -1
57 0 0
57 0 1
57 1 0
57 0 -1
57 -1 0
57 1 1
57 1 -1
57 -1 1
57 -1 -1
58 0 0
58 0 1
58 1 0
58 0 -1
58 -1 0
58 1 1
58 1 -1
58 -1 1
58 -1 -1
58 0 0
58 0 1
58 1 0
58 0 -1
58 -1 0
58 1 1
58 1 -1
58 -1 1
58 -1 -1
58 0 0
58 0 1
58 1 0
58 0 -1
58 -1 0
58 1 1
58 1 -1
58 -1 1
58 -1 -1
58 0 0
58 0 1
58 1 0
58 0 -1
58 -1 0
58 1 1
58 1 -1
58 -1 1
58 -1 -1
58 0 0
58 0 1
58 1 0
58 0 -1
58 -1 0
58 1 1
58 1 -1
58 -1 1
58 -1 -1
58 0 0
58 0 1
58 1 0
58 0 -1
58 -1 0
58 1 1
58 1 -1
58 -1 1
58 -1 -1
58 0 0
58 0 1
58 1 0
58 0 -1
58 -1 0
58 1 1
58 1 -1
58 -1 1
58 -1 -1
58 0 0
58 0 1
58 1 0
58 0 -1
58 -1 0
58 1 1
58 1 -1
58 -1 1
58 -1 -1
58 0 0
58 0 1
58 1 0
58 0 -1
58 -1 0
58 1 1
58 1 -1
58 -1 1
58 -1 -1
58 0 0
58 0 1
58 1 0
58 0 -1
58 -1 0
58 1 1
58 1 -1
58 -1 1
58 -1 -1
58 0 0
58 0 1
58 1 0
58 0 -1
58 -1 0
58 1 1
58 1 -1
58 -1 1
58 -1 -1
58 0 0
58 0 1
58 1 0
58 0 -1
58 -1 0
58 1 1
58 1 -1
58 -1 1
58 -1 -1
59 0 0
59 0 1
59 1 0
59 0 -1
59 -1 0
59 1 1
59 1 -1
59 -1 1
59 -1 -1
59 0 0
59 0 1
59 1 0
59 0 -1
59 -1 0
59 1 1
59 1 -1
59 -1 1
59 -1 -1
59 0 0
59 0 1
59 1 0
59 0 -1
59 -1 0
59 1 1
59 1 -1
59 -1 1
59 -1 -1
59 0 0
59 0 1
59 1 0
59 0 -1
59 -1 0
59 1 1
59 1 -1
59 -1 1
59 -1 -1
59 0 0
59 0 1
59 1 0
59 0 -1
59 -1 0
59 1 1
59 1 -1
59 -1 1
59 -1 -1
59 0 0
59 0 1
59 1 0
59 0 -1
59 -1 0
59 1 1
59 1 -1
59 -1 1
59 -1 -1
59 0 0
59 0 1
59 1 0
59 0 -1
59 -1 0
59 1 1
59 1 -1
59 -1 1
59 -1 -1
59 0 0
59 0 1
59 1 0
59 0 -1
59 -1 0
59 1 1
59 1 -1
59 -1 1
59 -1 -1
59 0 0
59 0 1
59 1 0
59 0 -1
59 -1 0
59 1 1
59 1 -1
59 -1 1
59 -1 -1
59 0 0
59 0 1
59 1 0
59 0 -1
59 -1 0
59 1 1
59 1 -1
59 -1 1
59 -1 -1
59 0 0
59 0 1
59 1 0
59 0 -1
59 -1 0
59 1 1
59 1 -1
59 -1 1
59 -1 -1
59 0 0
59 0 1
59 1 0
59 0 -1
59 -1 0
59 1 1
59 1 -1
59 -1 1
59 -1 -1
60 0 0
60 0 1
60 1 0
60 0 -1
60 -1 0
60 1 1
60 1 -1
60 -1 1
60 -1 -1
60 0 0
60 0 1
60 1 0
60 0 -1
60 -1 0
60 1 1
60 1 -1
60 -1 1
60 -1 -1
60 0 0
60 0 1
60 1 0
60 0 -1
60 -1 0
60 1 1
60 1 -1
60 -1 1
60 -1 -1
60 0 0
60 0 1
60 1 0
60 0 -1
60 -1 0
60 1 1
60 1 -1
60 -1 1
60 -1 -1
60 0 0
60 0 1
60 1 0
60 0 -1
60 -1 0
60 1 1
60 1 -1
60 -1 1
60 -1 -1
60 0 0
60 0 1
60 1 0
60 0 -1
60 -1 0
60 1 1
60 1 -1
60 -1 1
60 -1 -1
60 0 0
60 0 1
60 1 0
60 0 -1
60 -1 0
60 1 1
60 1 -1
60 -1 1
60 -1 -1
60 0 0
60 0 1
60 1 0
60 0 -1
60 -1 0
60 1 1
60 1 -1
60 -1 1
60 -1 -1
60 0 0
60 0 1
60 1 0
60 0 -1
60 -1 0
60 1 1
60 1 -1
60 -1 1
60 -1 -1
60 0 0
60 0 1
60 1 0
60 0 -1
60 -1 0
60 1 1
60 1 -1
60 -1 1
60 -1 -1
60 0 0
60 0 1
60 1 0
60 0 -1
60 -1 0
60 1 1
60 1 -1
60 -1 1
60 -1 -1
60 0 0
60 0 1
60 1 0
60 0 -1
60 -1 0
60 1 1
60 1 -1
60 -1 1
60 -1 -1
61 0 0
61 0 1
61 1 0
61 0 -1
61 -1 0
61 1 1
61 1 -1
61 -1 1
61 -1 -1
61 0 0
61 0 1
61 1 0
61 0 -1
61 -1 0
61 1 1
61 1 -1
61 -1 1
61 -1 -1
61 0 0
61 0 1
61 1 0
61 0 -1
61 -1 0
61 1 1
61 1 -1
61 -1 1
61 -1 -1
61 0 0
61 0 1
61 1 0
61 0 -1
61 -1 0
61 1 1
61 1 -1
61 -1 1
61 -1 -1
61 0 0
61 0 1
61 1 0
61 0 -1
61 -1 0
61 1 1
61 1 -1
61 -1 1
61 -1 -1
61 0 0
61 0 1
61 1 0
61 0 -1
61 -1 0
61 1 1
61 1 -1
61 -1 1
61 -1 -1
61 0 0
61 0 1
61 1 0
61 0 -1
61 -1 0
61 1 1
61 1 -1
61 -1 1
61 -1 -1
61 0 0
61 0 1
61 1 0
61 0 -1
61 -1 0
61 1 1
61 1 -1
61 -1 1
61 -1 -1
61 0 0
61 0 1
61 1 0
61 0 -1
61 -1 0
61 1 1
61 1 -1
61 -1 1
61 -1 -1
61 0 0
61 0 1
61 1 0
61 0 -1
61 -1 0
61 1 1
61 1 -1
61 -1 1
61 -1 -1
61 0 0
61 0 1
61 1 0
61 0 -1
61 -1 0
61 1 1
61 1 -1
61 -1 1
61 -1 -1
61 0 0
61 0 1
61 1 0
61 0 -1
61 -1 0
61 1 1
61 1 -1
61 -1 1
61 -1 -1
62 0 0
62 0 1
62 1 0
62 0 -1
62 -1 0
62 1 1
62 1 -1
62 -1 1
62 -1 -1
62 0 0
62 0 1
62 1 0
62 0 -1
62 -1 0
62 1 1
62 1 -1
62 -1 1
62 -1 -1
62 0 0
62 0 1
62 1 0
62 0 -1
62 -1 0
62 1 1
62 1 -1
62 -1 1
62 -1 -1
62 0 0
62 0 1
62 1 0
62 0 -1
62 -1 0
62 1 1
62 1 -1
62 -1 1
62 -1 -1
62 0 0
62 0 1
62 1 0
62 0 -1
62 -1 0
62 1 1
62 1 -1
62 -1 1
62 -1 -1
62 0 0
62 0 1
62 1 0
62 0 -1
62 -1 0
62 1 1
62 1 -1
62 -1 1
62 -1 -1
62 0 0
62 0 1
62 1 0
62 0 -1
62 -1 0
62 1 1
62 1 -1
62 -1 1
62 -1 -1
62 0 0
62 0 1
62 1 0
62 0 -1
62 -1 0
62 1 1
62 1 -1
62 -1 1
62 -1 -1
62 0 0
62 0 1
62 1 0
62 0 -1
62 -1 0
62 1 1
62 1 -1
62 -1 1
62 -1 -1
62 0 0
62 0 1
62 1 0
62 0 -1
62 -1 0
62 1 1
62 1 -1
62 -1 1
62 -1 -1
62 0 0
62 0 1
62 1 0
62 0 -1
62 -1 0
62 1 1
62 1 -1
62 -1 1
62 -1 -1
62 0 0
62 0 1
62 1 0
62 0 -1
62 -1 0
62 1 1
62 1 -1
62 -1 1
62 -1 -1
63 0 0
63 0 1
63 1 0
63 0 -1
63 -1 0
63 1 1
63 1 -1
63 -1 1
63 -1 -1
63 0 0
63 0 1
63 1 0
63 0 -1
63 -1 0
63 1 1
63 1 -1
63 -1 1
63 -1 -1
63 0 0
63 0 1
63 1 0
63 0 -1
63 -1 0
63 1 1
63 1 -1
63 -1 1
63 -1 -1
63 0 0
63 0 1
63 1 0
63 0 -1
63 -1 0
63 1 1
63 1 -1
63 -1 1
63 -1 -1
63 0 0
63 0 1
63 1 0
63 0 -1
63 -1 0
63 1 1
63 1 -1
63 -1 1
63 -1 -1
63 0 0
63 0 1
63 1 0
63 0 -1
63 -1 0
63 1 1
63 1 -1
63 -1 1
63 -1 -1
63 0 0
63 0 1
63 1 0
63 0 -1
63 -1 0
63 1 1
63 1 -1
63 -1 1
63 -1 -1
63 0 0
63 0 1
63 1 0
63 0 -1
63 -1 0
63 1 1
63 1 -1
63 -1 1
63 -1 -1
63 0 0
63 0 1
63 1 0
63 0 -1
63 -1 0
63 1 1
63 1 -1
63 -1 1
63 -1 -1
63 0 0
63 0 1
63 1 0
63 0 -1
63 -1 0
63 1 1
63 1 -1
63 -1 1
63 -1 -1
63 0 0
63 0 1
63 1 0
63 0 -1
63 -1 0
63 1 1
63 1 -1
63 -1 1
63 -1 -1
63 0 0
63 0 1
63 1 0
63 0 -1
63 -1 0
63 1 1
63 1 -1
63 -1 1
63 -1 -1
64 0 0
64 0 1
64 1 0
64 0 -1
64 -1 0
64 1 1
64 1 -1
64 -1 1
64 -1 -1
64 0 0
64 0 1
64 1 0
64 0 -1
64 -1 0
64 1 1
64 1 -1
64 -1 1
64 -1 -1
64 0 0
64 0 1
64 1 0
64 0 -1
64 -1 0
64 1 1
64 1 -1
64 -1 1
64 -1 -1
64 0 0
64 0 1
64 1 0
64 0 -1
64 -1 0
64 1 1
64 1 -1
64 -1 1
64 -1 -1
64 0 0
64 0 1
64 1 0
64 0 -1
64 -1 0
64 1 1
64 1 -1
64 -1 1
64 -1 -1
64 0 0
64 0 1
64 1 0
64 0 -1
64 -1 0
64 1 1
64 1 -1
64 -1 1
64 -1 -1
64 0 0
64 0 1
64 1 0
64 0 -1
64 -1 0
64 1 1
64 1 -1
64 -1 1
64 -1 -1
64 0 0
64 0 1
64 1 0
64 0 -1
64 -1 0
64 1 1
64 1 -1
64 -1 1
64 -1 -1
64 0 0
64 0 1
64 1 0
64 0 -1
64 -1 0
64 1 1
64 1 -1
64 -1 1
64 -1 -1
64 0 0
64 0 1
64 1 0
64 0 -1
64 -1 0
64 1 1
64 1 -1
64 -1 1
64 -1 -1
64 0 0
64 0 1
64 1 0
64 0 -1
64 -1 0
64 1 1
64 1 -1
64 -1 1
64 -1 -1
64 0 0
64 0 1
64 1 0
64 0 -1
64 -1 0
64 1 1
64 1 -1
64 -1 1
64 -1 -1
65 0 0
65 0 1
65 1 0
65 0 -1
65 -1 0
65 1 1
65 1 -1
65 -1 1
65 -1 -1
65 0 0
65 0 1
65 1 0
65 0 -1
65 -1 0
65 1 1
65 1 -1
65 -1 1
65 -1 -1
65 0 0
65 0 1
65 1 0
65 0 -1
65 -1 0
65 1 1
65 1 -1
65 -1 1
65 -1 -1
65 0 0
65 0 1
65 1 0
65 0 -1
65 -1 0
65 1 1
65 1 -1
65 -1 1
65 -1 -1
65 0 0
65 0 1
65 1 0
65 0 -1
65 -1 0
65 1 1
65 1 -1
65 -1 1
65 -1 -1
65 0 0
65 0 1
65 1 0
65 0 -1
65 -1 0
65 1 1
65 1 -1
65 -1 1
65 -1 -1
65 0 0
65 0 1
65 1 0
65 0 -1
65 -1 0
65 1 1
65 1 -1
65 -1 1
65 -1 -1
65 0 0
65 0 1
65 1 0
65 0 -1
65 -1 0
65 1 1
65 1 -1
65 -1 1
65 -1 -1
65 0 0
65 0 1
65 1 0
65 0 -1
65 -1 0
65 1 1
65 1 -1
65 -1 1
65 -1 -1
65 0 0
65 0 1
65 1 0
65 0 -1
65 -1 0
65 1 1
65 1 -1
65 -1 1
65 -1 -1
65 0 0
65 0 1
65 1 0
65 0 -1
65 -1 0
65 1 1
65 1 -1
65 -1 1
65 -1 -1
65 0 0
65 0 1
65 1 0
65 0 -1
65 -1 0
65 1 1
65 1 -1
65 -1 1
65 -1 -1
66 0 0
66 0 1
66 1 0
66 0 -1
66 -1 0
66 1 1
66 1 -1
66 -1 1
66 -1 -1
66 0 0
66 0 1
66 1 0
66 0 -1
66 -1 0
66 1 1
66 1 -1
66 -1 1
66 -1 -1
66 0 0
66 0 1
66 1 0
66 0 -1
66 -1 0
66 1 1
66 1 -1
66 -1 1
66 -1 -1
66 0 0
66 0 1
66 1 0
66 0 -1
66 -1 0
66 1 1
66 1 -1
66 -1 1
66 -1 -1
66 0 0
66 0 1
66 1 0
66 0 -1
66 -1 0
66 1 1
66 1 -1
66 -1 1
66 -1 -1
66 0 0
66 0 1
66 1 0
66 0 -1
66 -1 0
66 1 1
66 1 -1
66 -1 1
66 -1 -1
66 0 0
66 0 1
66 1 0
66 0 -1
66 -1 0
66 1 1
66 1 -1
66 -1 1
66 -1 -1
66 0 0
66 0 1
66 1 0
66 0 -1
66 -1 0
66 1 1
66 1 -1
66 -1 1
66 -1 -1
66 0 0
66 0 1
66 1 0
66 0 -1
66 -1 0
66 1 1
66 1 -1
66 -1 1
66 -1 -1
66 0 0
66 0 1
66 1 0
66 0 -1
66 -1 0
66 1 1
66 1 -1
66 -1 1
66 -1 -1
66 0 0
66 0 1
66 1 0
66 0 -1
66 -1 0
66 1 1
66 1 -1
66 -1 1
66 -1 -1
66 0 0
66 0 1
66 1 0
66 0 -1
66 -1 0
66 1 1
66 1 -1
66 -1 1
66 -1 -1
67 0 0
67 0 1
67 1 0
67 0 -1
67 -1 0
67 1 1
67 1 -1
67 -1 1
67 -1 -1
67 0 0
67 0 1
67 1 0
67 0 -1
67 -1 0
67 1 1
67 1 -1
67 -1 1
67 -1 -1
67 0 0
67 0 1
67 1 0
67 0 -1
67 -1 0
67 1 1
67 1 -1
67 -1 1
67 -1 -1
67 0 0
67 0 1
67 1 0
67 0 -1
67 -1 0
67 1 1
67 1 -1
67 -1 1
67 -1 -1
67 0 0
67 0 1
67 1 0
67 0 -1
67 -1 0
67 1 1
67 1 -1
67 -1 1
67 -1 -1
67 0 0
67 0 1
67 1 0
67 0 -1
67 -1 0
67 1 1
67 1 -1
67 -1 1
67 -1 -1
67 0 0
67 0 1
67 1 0
67 0 -1
67 -1 0
67 1 1
67 1 -1
67 -1 1
67 -1 -1
67 0 0
67 0 1
67 1 0
67 0 -1
67 -1 0
67 1 1
67 1 -1
67 -1 1
67 -1 -1
67 0 0
67 0 1
67 1 0
67 0 -1
67 -1 0
67 1 1
67 1 -1
67 -1 1
67 -1 -1
67 0 0
67 0 1
67 1 0
67 0 -1
67 -1 0
67 1 1
67 1 -1
67 -1 1
67 -1 -1
67 0 0
67 0 1
67 1 0
67 0 -1
67 -1 0
67 1 1
67 1 -1
67 -1 1
67 -1 -1
67 0 0
67 0 1
67 1 0
67 0 -1
67 -1 0
67 1 1
67 1 -1
67 -1 1
67 -1 -1
68 0 0
68 0 1
68 1 0
68 0 -1
68 -1 0
68 1 1
68 1 -1
68 -1 1
68 -1 -1
68 0 0
68 0 1
68 1 0
68 0 -1
68 -1 0
68 1 1
68 1 -1
68 -1 1
68 -1 -1
68 0 0
68 0 1
68 1 0
68 0 -1
68 -1 0
68 1 1
68 1 -1
68 -1 1
68 -1 -1
68 0 0
68 0 1
68 1 0
68 0 -1
68 -1 0
68 1 1
68 1 -1
68 -1 1
68 -1 -1
68 0 0
68 0 1
68 1 0
68 0 -1
68 -1 0
68 1 1
68 1 -1
68 -1 1
68 -1 -1
68 0 0
68 0 1
68 1 0
68 0 -1
68 -1 0
68 1 1
68 1 -1
68 -1 1
68 -1 -1
68 0 0
68 0 1
68 1 0
68 0 -1
68 -1 0
68 1 1
68 1 -1
68 -1 1
68 -1 -1
68 0 0
68 0 1
68 1 0
68 0 -1
68 -1 0
68 1 1
68 1 -1
68 -1 1
68 -1 -1
68 0 0
68 0 1
68 1 0
68 0 -1
68 -1 0
68 1 1
68 1 -1
68 -1 1
68 -1 -1
68 0 0
68 0 1
68 1 0
68 0 -1
68 -1 0
68 1 1
68 1 -1
68 -1 1
68 -1 -1
68 0 0
68 0 1
68 1 0
68 0 -1
68 -1 0
68 1 1
68 1 -1
68 -1 1
68 -1 -1
68 0 0
68 0 1
68 1 0
68 0 -1
68 -1 0
68 1 1
68 1 -1
68 -1 1
68 -1 -1
69 0 0
69 0 1
69 1 0
69 0 -1
69 -1 0
69 1 1
69 1 -1
69 -1 1
69 -1 -1
69 0 0
69 0 1
69 1 0
69 0 -1
69 -1 0
69 1 1
69 1 -1
69 -1 1
69 -1 -1
69 0 0
69 0 1
69 1 0
69 0 -1
69 -1 0
69 1 1
69 1 -1
69 -1 1
69 -1 -1
69 0 0
69 0 1
69 1 0
69 0 -1
69 -1 0
69 1 1
69 1 -1
69 -1 1
69 -1 -1
69 0 0
69 0 1
69 1 0
69 0 -1
69 -1 0
69 1 1
69 1 -1
69 -1 1
69 -1 -1
69 0 0
69 0 1
69 1 0
69 0 -1
69 -1 0
69 1 1
69 1 -1
69 -1 1
69 -1 -1
69 0 0
69 0 1
69 1 0
69 0 -1
69 -1 0
69 1 1
69 1 -1
69 -1 1
69 -1 -1
69 0 0
69 0 1
69 1 0
69 0 -1
69 -1 0
69 1 1
69 1 -1
69 -1 1
69 -1 -1
69 0 0
69 0 1
69 1 0
69 0 -1
69 -1 0
69 1 1
69 1 -1
69 -1 1
69 -1 -1
69 0 0
69 0 1
69 1 0
69 0 -1
69 -1 0
69 1 1
69 1 -1
69 -1 1
69 -1 -1
69 0 0
69 0 1
69 1 0
69 0 -1
69 -1 0
69 1 1
69 1 -1
69 -1 1
69 -1 -1
69 0 0
69 0 1
69 1 0
69 0 -1
69 -1 0
69 1 1
69 1 -1
69 -1 1
69 -1 -1
70 0 0
70 0 1
70 1 0
70 0 -1
70 -1 0
70 1 1
70 1 -1
70 -1 1
70 -1 -1
70 0 0
70 0 1
70 1 0
70 0 -1
70 -1 0
70 1 1
70 1 -1
70 -1 1
70 -1 -1
70 0 0
70 0 1
70 1 0
70 0 -1
70 -1 0
70 1 1
70 1 -1
70 -1 1
70 -1 -1
70 0 0
70 0 1
70 1 0
70 0 -1
70 -1 0
70 1 1
70 1 -1
70 -1 1
70 -1 -1
70 0 0
70 0 1
70 1 0
70 0 -1
70 -1 0
70 1 1
70 1 -1
70 -1 1
70 -1 -1
70 0 0
70 0 1
70 1 0
70 0 -1
70 -1 0
70 1 1
70 1 -1
70 -1 1
70 -1 -1
70 0 0
70 0 1
70 1 0
70 0 -1
70 -1 0
70 1 1
70 1 -1
70 -1 1
70 -1 -1
70 0 0
70 0 1
70 1 0
70 0 -1
70 -1 0
70 1 1
70 1 -1
70 -1 1
70 -1 -1
70 0 0
70 0 1
70 1 0
70 0 -1
70 -1 0
70 1 1
70 1 -1
70 -1 1
70 -1 -1
70 0 0
70 0 1
70 1 0
70 0 -1
70 -1 0
70 1 1
70 1 -1
70 -1 1
70 -1 -1
70 0 0
70 0 1
70 1 0
70 0 -1
70 -1 0
70 1 1
70 1 -1
70 -1 1
70 -1 -1
70 0 0
70 0 1
70 1 0
70 0 -1
70 -1 0
70 1 1
70 1 -1
70 -1 1
70 -1 -1
71 0 0
71 0 1
71 1 0
71 0 -1
71 -1 0
71 1 1
71 1 -1
71 -1 1
71 -1 -1
71 0 0
71 0 1
71 1 0
71 0 -1
71 -1 0
71 1 1
71 1 -1
71 -1 1
71 -1 -1
71 0 0
71 0 1
71 1 0
71 0 -1
71 -1 0
71 1 1
71 1 -1
71 -1 1
71 -1 -1
71 0 0
71 0 1
71 1 0
71 0 -1
71 -1 0
71 1 1
71 1 -1
71 -1 1
71 -1 -1
71 0 0
71 0 1
71 1 0
71 0 -1
71 -1 0
71 1 1
71 1 -1
71 -1 1
71 -1 -1
71 0 0
71 0 1
71 1 0
71 0 -1
71 -1 0
71 1 1
71 1 -1
71 -1 1
71 -1 -1
71 0 0
71 0 1
71 1 0
71 0 -1
71 -1 0
71 1 1
71 1 -1
71 -1 1
71 -1 -1
71 0 0
71 0 1
71 1 0
71 0 -1
71 -1 0
71 1 1
71 1 -1
71 -1 1
71 -1 -1
71 0 0
71 0 1
71 1 0
71 0 -1
71 -1 0
71 1 1
71 1 -1
71 -1 1
71 -1 -1
71 0 0
71 0 1
71 1 0
71 0 -1
71 -1 0
71 1 1
71 1 -1
71 -1 1
71 -1 -1
71 0 0
71 0 1
71 1 0
71 0 -1
71 -1 0
71 1 1
71 1 -1
71 -1 1
71 -1 -1
71 0 0
71 0 1
71 1 0
71 0 -1
71 -1 0
71 1 1
71 1 -1
71 -1 1
71 -1 -1
72 0 0
72 0 1
72 1 0
72 0 -1
72 -1 0
72 1 1
72 1 -1
72 -1 1
72 -1 -1
72 0 0
72 0 1
72 1 0
72 0 -1
72 -1 0
72 1 1
72 1 -1
72 -1 1
72 -1 -1
72 0 0
72 0 1
72 1 0
72 0 -1
72 -1 0
72 1 1
72 1 -1
72 -1 1
72 -1 -1
72 0 0
72 0 1
72 1 0
72 0 -1
72 -1 0
72 1 1
72 1 -1
72 -1 1
72 -1 -1
72 0 0
72 0 1
72 1 0
72 0 -1
72 -1 0
72 1 1
72 1 -1
72 -1 1
72 -1 -1
72 0 0
72 0 1
72 1 0
72 0 -1
72 -1 0
72 1 1
72 1 -1
72 -1 1
72 -1 -1
72 0 0
72 0 1
72 1 0
72 0 -1
72 -1 0
72 1 1
72 1 -1
72 -1 1
72 -1 -1
72 0 0
72 0 1
72 1 0
72 0 -1
72 -1 0
72 1 1
72 1 -1
72 -1 1
72 -1 -1
72 0 0
72 0 1
72 1 0
72 0 -1
72 -1 0
72 1 1
72 1 -1
72 -1 1
72 -1 -1
72 0 0
72 0 1
72 1 0
72 0 -1
72 -1 0
72 1 1
72 1 -1
72 -1 1
72 -1 -1
72 0 0
72 0 1
72 1 0
72 0 -1
72 -1 0
72 1 1
72 1 -1
72 -1 1
72 -1 -1
72 0 0
72 0 1
72 1 0
72 0 -1
72 -1 0
72 1 1
72 1 -1
72 -1 1
72 -1 -1
73 0 0
73 0 1
73 1 0
73 0 -1
73 -1 0
73 1 1
73 1 -1
73 -1 1
73 -1 -1
73 0 0
73 0 1
73 1 0
73 0 -1
73 -1 0
73 1 1
73 1 -1
73 -1 1
73 -1 -1
73 0 0
73 0 1
73 1 0
73 0 -1
73 -1 0
73 1 1
73 1 -1
73 -1 1
73 -1 -1
73 0 0
73 0 1
73 1 0
73 0 -1
73 -1 0
73 1 1
73 1 -1
73 -1 1
73 -1 -1
73 0 0
73 0 1
73 1 0
73 0 -1
73 -1 0
73 1 1
73 1 -1
73 -1 1
73 -1 -1
73 0 0
73 0 1
73 1 0
73 0 -1
73 -1 0
73 1 1
73 1 -1
73 -1 1
73 -1 -1
73 0 0
73 0 1
73 1 0
73 0 -1
73 -1 0
73 1 1
73 1 -1
73 -1 1
73 -1 -1
73 0 0
73 0 1
73 1 0
73 0 -1
73 -1 0
73 1 1
73 1 -1
73 -1 1
73 -1 -1
73 0 0
73 0 1
73 1 0
73 0 -1
73 -1 0
73 1 1
73 1 -1
73 -1 1
73 -1 -1
73 0 0
73 0 1
73 1 0
73 0 -1
73 -1 0
73 1 1
73 1 -1
73 -1 1
73 -1 -1
73 0 0
73 0 1
73 1 0
73 0 -1
73 -1 0
73 1 1
73 1 -1
73 -1 1
73 -1 -1
73 0 0
73 0 1
73 1 0
73 0 -1
73 -1 0
73 1 1
73 1 -1
73 -1 1
73 -1 -1
74 0 0
74 0 1
74 1 0
74 0 -1
74 -1 0
74 1 1
74 1 -1
74 -1 1
74 -1 -1
74 0 0
74 0 1
74 1 0
74 0 -1
74 -1 0
74 1 1
74 1 -1
74 -1 1
74 -1 -1
74 0 0
74 0 1
74 1 0
74 0 -1
74 -1 0
74 1 1
74 1 -1
74 -1 1
74 -1 -1
74 0 0
74 0 1
74 1 0
74 0 -1
74 -1 0
74 1 1
74 1 -1
74 -1 1
74 -1 -1
74 0 0
74 0 1
74 1 0
74 0 -1
74 -1 0
74 1 1
74 1 -1
74 -1 1
74 -1 -1
74 0 0
74 0 1
74 1 0
74 0 -1
74 -1 0
74 1 1
74 1 -1
74 -1 1
74 -1 -1
74 0 0
74 0 1
74 1 0
74 0 -1
74 -1 0
74 1 1
74 1 -1
74 -1 1
74 -1 -1
74 0 0
74 0 1
74 1 0
74 0 -1
74 -1 0
74 1 1
74 1 -1
74 -1 1
74 -1 -1
74 0 0
74 0 1
74 1 0
74 0 -1
74 -1 0
74 1 1
74 1 -1
74 -1 1
74 -1 -1
74 0 0
74 0 1
74 1 0
74 0 -1
74 -1 0
74 1 1
74 1 -1
74 -1 1
74 -1 -1
74 0 0
74 0 1
74 1 0
74 0 -1
74 -1 0
74 1 1
74 1 -1
74 -1 1
74 -1 -1
74 0 0
74 0 1
74 1 0
74 0 -1
74 -1 0
74 1 1
74 1 -1
74 -1 1
74 -1 -1
75 0 0
75 0 1
75 1 0
75 0 -1
75 -1 0
75 1 1
75 1 -1
75 -1 1
75 -1 -1
75 0 0
75 0 1
75 1 0
75 0 -1
75 -1 0
75 1 1
75 1 -1
75 -1 1
75 -1 -1
75 0 0
75 0 1
75 1 0
75 0 -1
75 -1 0
75 1 1
75 1 -1
75 -1 1
75 -1 -1
75 0 0
75 0 1
75 1 0
75 0 -1
75 -1 0
75 1 1
75 1 -1
75 -1 1
75 -1 -1
75 0 0
75 0 1
75 1 0
75 0 -1
75 -1 0
75 1 1
75 1 -1
75 -1 1
75 -1 -1
75 0 0
75 0 1
75 1 0
75 0 -1
75 -1 0
75 1 1
75 1 -1
75 -1 1
75 -1 -1
75 0 0
75 0 1
75 1 0
75 0 -1
75 -1 0
75 1 1
75 1 -1
75 -1 1
75 -1 -1
75 0 0
75 0 1
75 1 0
75 0 -1
75 -1 0
75 1 1
75 1 -1
75 -1 1
75 -1 -1
75 0 0
75 0 1
75 1 0
75 0 -1
75 -1 0
75 1 1
75 1 -1
75 -1 1
75 -1 -1
75 0 0
75 0 1
75 1 0
75 0 -1
75 -1 0
75 1 1
75 1 -1
75 -1 1
75 -1 -1
75 0 0
75 0 1
75 1 0
75 0 -1
75 -1 0
75 1 1
75 1 -1
75 -1 1
75 -1 -1
75 0 0
75 0 1
75 1 0
75 0 -1
75 -1 0
75 1 1
75 1 -1
75 -1 1
75 -1 -1
76 0 0
76 0 1
76 1 0
76 0 -1
76 -1 0
76 1 1
76 1 -1
76 -1 1
76 -1 -1
76 0 0
76 0 1
76 1 0
76 0 -1
76 -1 0
76 1 1
76 1 -1
76 -1 1
76 -1 -1
76 0 0
76 0 1
76 1 0
76 0 -1
76 -1 0
76 1 1
76 1 -1
76 -1 1
76 -1 -1
76 0 0
76 0 1
76 1 0
76 0 -1
76 -1 0
76 1 1
76 1 -1
76 -1 1
76 -1 -1
76 0 0
76 0 1
76 1 0
76 0 -1
76 -1 0
76 1 1
76 1 -1
76 -1 1
76 -1 -1
76 0 0
76 0 1
76 1 0
76 0 -1
76 -1 0
76 1 1
76 1 -1
76 -1 1
76 -1 -1
76 0 0
76 0 1
76 1 0
76 0 -1
76 -1 0
76 1 1
76 1 -1
76 -1 1
76 -1 -1
76 0 0
76 0 1
76 1 0
76 0 -1
76 -1 0
76 1 1
76 1 -1
76 -1 1
76 -1 -1
76 0 0
76 0 1
76 1 0
76 0 -1
76 -1 0
76 1 1
76 1 -1
76 -1 1
76 -1 -1
76 0 0
76 0 1
76 1 0
76 0 -1
76 -1 0
76 1 1
76 1 -1
76 -1 1
76 -1 -1
76 0 0
76 0 1
76 1 0
76 0 -1
76 -1 0
76 1 1
76 1 -1
76 -1 1
76 -1 -1
76 0 0
76 0 1
76 1 0
76 0 -1
76 -1 0
76 1 1
76 1 -1
76 -1 1
76 -1 -1
77 0 0
77 0 1
77 1 0
77 0 -1
77 -1 0
77 1 1
77 1 -1
77 -1 1
77 -1 -1
77 0 0
77 0 1
77 1 0
77 0 -1
77 -1 0
77 1 1
77 1 -1
77 -1 1
77 -1 -1
77 0 0
77 0 1
77 1 0
77 0 -1
77 -1 0
77 1 1
77 1 -1
77 -1 1
77 -1 -1
77 0 0
77 0 1
77 1 0
77 0 -1
77 -1 0
77 1 1
77 1 -1
77 -1 1
77 -1 -1
77 0 0
77 0 1
77 1 0
77 0 -1
77 -1 0
77 1 1
77 1 -1
77 -1 1
77 -1 -1
77 0 0
77 0 1
77 1 0
77 0 -1
77 -1 0
77 1 1
77 1 -1
77 -1 1
77 -1 -1
77 0 0
77 0 1
77 1 0
77 0 -1
77 -1 0
77 1 1
77 1 -1
77 -1 1
77 -1 -1
77 0 0
77 0 1
77 1 0
77 0 -1
77 -1 0
77 1 1
77 1 -1
77 -1 1
77 -1 -1
77 0 0
77 0 1
77 1 0
77 0 -1
77 -1 0
77 1 1
77 1 -1
77 -1 1
77 -1 -1
77 0 0
77 0 1
77 1 0
77 0 -1
77 -1 0
77 1 1
77 1 -1
77 -1 1
77 -1 -1
77 0 0
77 0 1
77 1 0
77 0 -1
77 -1 0
77 1 1
77 1 -1
77 -1 1
77 -1 -1
77 0 0
77 0 1
77 1 0
77 0 -1
77 -1 0
77 1 1
77 1 -1
77 -1 1
77 -1 -1
78 0 0
78 0 1
78 1 0
78 0 -1
78 -1 0
78 1 1
78 1 -1
78 -1 1
78 -1 -1
78 0 0
78 0 1
78 1 0
78 0 -1
78 -1 0
78 1 1
78 1 -1
78 -1 1
78 -1 -1
78 0 0
78 0 1
78 1 0
78 0 -1
78 -1 0
78 1 1
78 1 -1
78 -1 1
78 -1 -1
78 0 0
78 0 1
78 1 0
78 0 -1
78 -1 0
78 1 1
78 1 -1
78 -1 1
78 -1 -1
78 0 0
78 0 1
78 1 0
78 0 -1
78 -1 0
78 1 1
78 1 -1
78 -1 1
78 -1 -1
78 0 0
78 0 1
78 1 0
78 0 -1
78 -1 0
78 1 1
78 1 -1
78 -1 1
78 -1 -1
78 0 0
78 0 1
78 1 0
78 0 -1
78 -1 0
78 1 1
78 1 -1
78 -1 1
78 -1 -1
78 0 0
78 0 1
78 1 0
78 0 -1
78 -1 0
78 1 1
78 1 -1
78 -1 1
78 -1 -1
78 0 0
78 0 1
78 1 0
78 0 -1
78 -1 0
78 1 1
78 1 -1
78 -1 1
78 -1 -1
78 0 0
78 0 1
78 1 0
78 0 -1
78 -1 0
78 1 1
78 1 -1
78 -1 1
78 -1 -1
78 0 0
78 0 1
78 1 0
78 0 -1
78 -1 0
78 1 1
78 1 -1
78 -1 1
78 -1 -1
78 0 0
78 0 1
78 1 0
78 0 -1
78 -1 0
78 1 1
78 1 -1
78 -1 1
78 -1 -1
79 0 0
79 0 1
79 1 0
79 0 -1
79 -1 0
79 1 1
79 1 -1
79 -1 1
79 -1 -1
79 0 0
79 0 1
79 1 0
79 0 -1
79 -1 0
79 1 1
79 1 -1
79 -1 1
79 -1 -1
79 0 0
79 0 1
79 1 0
79 0 -1
79 -1 0
79 1 1
79 1 -1
79 -1 1
79 -1 -1
79 0 0
79 0 1
79 1 0
79 0 -1
79 -1 0
79 1 1
79 1 -1
79 -1 1
79 -1 -1
79 0 0
79 0 1
79 1 0
79 0 -1
79 -1 0
79 1 1
79 1 -1
79 -1 1
79 -1 -1
79 0 0
79 0 1
79 1 0
79 0 -1
79 -1 0
79 1 1
79 1 -1
79 -1 1
79 -1 -1
79 0 0
79 0 1
79 1 0
79 0 -1
79 -1 0
79 1 1
79 1 -1
79 -1 1
79 -1 -1
79 0 0
79 0 1
79 1 0
79 0 -1
79 -1 0
79 1 1
79 1 -1
79 -1 1
79 -1 -1
79 0 0
79 0 1
79 1 0
79 0 -1
79 -1 0
79 1 1
79 1 -1
79 -1 1
79 -1 -1
79 0 0
79 0 1
79 1 0
79 0 -1
79 -1 0
79 1 1
79 1 -1
79 -1 1
79 -1 -1
79 0 0
79 0 1
79 1 0
79 0 -1
79 -1 0
79 1 1
79 1 -1
79 -1 1
79 -1 -1
79 0 0
79 0 1
79 1 0
79 0 -1
79 -1 0
79 1 1
79 1 -1
79 -1 1
79 -1 -1
80 0 0
80 0 1
80 1 0
80 0 -1
80 -1 0
80 1 1
80 1 -1
80 -1 1
80 -1 -1
80 0 0
80 0 1
80 1 0
80 0 -1
80 -1 0
80 1 1
80 1 -1
80 -1 1
80 -1 -1
80 0 0
80 0 1
80 1 0
80 0 -1
80 -1 0
80 1 1
80 1 -1
80 -1 1
80 -1 -1
80 0 0
80 0 1
80 1 0
80 0 -1
80 -1 0
80 1 1
80 1 -1
80 -1 1
80 -1 -1
80 0 0
80 0 1
80 1 0
80 0 -1
80 -1 0
80 1 1
80 1 -1
80 -1 1
80 -1 -1
80 0 0
80 0 1
80 1 0
80 0 -1
80 -1 0
80 1 1
80 1 -1
80 -1 1
80 -1 -1
80 0 0
80 0 1
80 1 0
80 0 -1
80 -1 0
80 1 1
80 1 -1
80 -1 1
80 -1 -1
80 0 0
80 0 1
80 1 0
80 0 -1
80 -1 0
80 1 1
80 1 -1
80 -1 1
80 -1 -1
80 0 0
80 0 1
80 1 0
80 0 -1
80 -1 0
80 1 1
80 1 -1
80 -1 1
80 -1 -1
80 0 0
80 0 1
80 1 0
80 0 -1
80 -1 0
80 1 1
80 1 -1
80 -1 1
80 -1 -1
80 0 0
80 0 1
80 1 0
80 0 -1
80 -1 0
80 1 1
80 1 -1
80 -1 1
80 -1 -1
80 0 0
80 0 1
80 1 0
80 0 -1
80 -1 0
80 1 1
80 1 -1
80 -1 1
80 -1 -1
81 0 0
81 0 1
81 1 0
81 0 -1
81 -1 0
81 1 1
81 1 -1
81 -1 1
81 -1 -1
81 0 0
81 0 1
81 1 0
81 0 -1
81 -1 0
81 1 1
81 1 -1
81 -1 1
81 -1 -1
81 0 0
81 0 1
81 1 0
81 0 -1
81 -1 0
81 1 1
81 1 -1
81 -1 1
81 -1 -1
81 0 0
81 0 1
81 1 0
81 0 -1
81 -1 0
81 1 1
81 1 -1
81 -1 1
81 -1 -1
81 0 0
81 0 1
81 1 0
81 0 -1
81 -1 0
81 1 1
81 1 -1
81 -1 1
81 -1 -1
81 0 0
81 0 1
81 1 0
81 0 -1
81 -1 0
81 1 1
81 1 -1
81 -1 1
81 -1 -1
81 0 0
81 0 1
81 1 0
81 0 -1
81 -1 0
81 1 1
81 1 -1
81 -1 1
81 -1 -1
81 0 0
81 0 1
81 1 0
81 0 -1
81 -1 0
81 1 1
81 1 -1
81 -1 1
81 -1 -1
81 0 0
81 0 1
81 1 0
81 0 -1
81 -1 0
81 1 1
81 1 -1
81 -1 1
81 -1 -1
81 0 0
81 0 1
81 1 0
81 0 -1
81 -1 0
81 1 1
81 1 -1
81 -1 1
81 -1 -1
81 0 0
81 0 1
81 1 0
81 0 -1
81 -1 0
81 1 1
81 1 -1
81 -1 1
81 -1 -1
81 0 0
81 0 1
81 1 0
81 0 -1
81 -1 0
81 1 1
81 1 -1
81 -1 1
81 -1 -1
82 0 0
82 0 1
82 1 0
82 0 -1
82 -1 0
82 1 1
82 1 -1
82 -1 1
82 -1 -1
82 0 0
82 0 1
82 1 0
82 0 -1
82 -1 0
82 1 1
82 1 -1
82 -1 1
82 -1 -1
82 0 0
82 0 1
82 1 0
82 0 -1
82 -1 0
82 1 1
82 1 -1
82 -1 1
82 -1 -1
82 0 0
82 0 1
82 1 0
82 0 -1
82 -1 0
82 1 1
82 1 -1
82 -1 1
82 -1 -1
82 0 0
82 0 1
82 1 0
82 0 -1
82 -1 0
82 1 1
82 1 -1
82 -1 1
82 -1 -1
82 0 0
82 0 1
82 1 0
82 0 -1
82 -1 0
82 1 1
82 1 -1
82 -1 1
82 -1 -1
82 0 0
82 0 1
82 1 0
82 0 -1
82 -1 0
82 1 1
82 1 -1
82 -1 1
82 -1 -1
82 0 0
82 0 1
82 1 0
82 0 -1
82 -1 0
82 1 1
82 1 -1
82 -1 1
82 -1 -1
82 0 0
82 0 1
82 1 0
82 0 -1
82 -1 0
82 1 1
82 1 -1
82 -1 1
82 -1 -1
82 0 0
82 0 1
82 1 0
82 0 -1
82 -1 0
82 1 1
82 1 -1
82 -1 1
82 -1 -1
82 0 0
82 0 1
82 1 0
82 0 -1
82 -1 0
82 1 1
82 1 -1
82 -1 1
82 -1 -1
82 0 0
82 0 1
82 1 0
82 0 -1
82 -1 0
82 1 1
82 1 -1
82 -1 1
82 -1 -1
83 0 0
83 0 1
83 1 0
83 0 -1
83 -1 0
83 1 1
83 1 -1
83 -1 1
83 -1 -1
83 0 0
83 0 1
83 1 0
83 0 -1
83 -1 0
83 1 1
83 1 -1
83 -1 1
83 -1 -1
83 0 0
83 0 1
83 1 0
83 0 -1
83 -1 0
83 1 1
83 1 -1
83 -1 1
83 -1 -1
83 0 0
83 0 1
83 1 0
83 0 -1
83 -1 0
83 1 1
83 1 -1
83 -1 1
83 -1 -1
83 0 0
83 0 1
83 1 0
83 0 -1
83 -1 0
83 1 1
83 1 -1
83 -1 1
83 -1 -1
83 0 0
83 0 1
83 1 0
83 0 -1
83 -1 0
83 1 1
83 1 -1
83 -1 1
83 -1 -1
83 0 0
83 0 1
83 1 0
83 0 -1
83 -1 0
83 1 1
83 1 -1
83 -1 1
83 -1 -1
83 0 0
83 0 1
83 1 0
83 0 -1
83 -1 0
83 1 1
83 1 -1
83 -1 1
83 -1 -1
83 0 0
83 0 1
83 1 0
83 0 -1
83 -1 0
83 1 1
83 1 -1
83 -1 1
83 -1 -1
83 0 0
83 0 1
83 1 0
83 0 -1
83 -1 0
83 1 1
83 1 -1
83 -1 1
83 -1 -1
83 0 0
83 0 1
83 1 0
83 0 -1
83 -1 0
83 1 1
83 1 -1
83 -1 1
83 -1 -1
83 0 0
83 0 1
83 1 0
83 0 -1
83 -1 0
83 1 1
83 1 -1
83 -1 1
83 -1 -1
84 0 0
84 0 1
84 1 0
84 0 -1
84 -1 0
84 1 1
84 1 -1
84 -1 1
84 -1 -1
84 0 0
84 0 1
84 1 0
84 0 -1
84 -1 0
84 1 1
84 1 -1
84 -1 1
84 -1 -1
84 0 0
84 0 1
84 1 0
84 0 -1
84 -1 0
84 1 1
84 1 -1
84 -1 1
84 -1 -1
84 0 0
84 0 1
84 1 0
84 0 -1
84 -1 0
84 1 1
84 1 -1
84 -1 1
84 -1 -1
84 0 0
84 0 1
84 1 0
84 0 -1
84 -1 0
84 1 1
84 1 -1
84 -1 1
84 -1 -1
84 0 0
84 0 1
84 1 0
84 0 -1
84 -1 0
84 1 1
84 1 -1
84 -1 1
84 -1 -1
84 0 0
84 0 1
84 1 0
84 0 -1
84 -1 0
84 1 1
84 1 -1
84 -1 1
84 -1 -1
84 0 0
84 0 1
84 1 0
84 0 -1
84 -1 0
84 1 1
84 1 -1
84 -1 1
84 -1 -1
84 0 0
84 0 1
84 1 0
84 0 -1
84 -1 0
84 1 1
84 1 -1
84 -1 1
84 -1 -1
84 0 0
84 0 1
84 1 0
84 0 -1
84 -1 0
84 1 1
84 1 -1
84 -1 1
84 -1 -1
84 0 0
84 0 1
84 1 0
84 0 -1
84 -1 0
84 1 1
84 1 -1
84 -1 1
84 -1 -1
84 0 0
84 0 1
84 1 0
84 0 -1
84 -1 0
84 1 1
84 1 -1
84 -1 1
84 -1 -1
85 0 0
85 0 1
85 1 0
85 0 -1
85 -1 0
85 1 1
85 1 -1
85 -1 1
85 -1 -1
85 0 0
85 0 1
85 1 0
85 0 -1
85 -1 0
85 1 1
85 1 -1
85 -1 1
85 -1 -1
85 0 0
85 0 1
85 1 0
85 0 -1
85 -1 0
85 1 1
85 1 -1
85 -1 1
85 -1 -1
85 0 0
85 0 1
85 1 0
85 0 -1
85 -1 0
85 1 1
85 1 -1
85 -1 1
85 -1 -1
85 0 0
85 0 1
85 1 0
85 0 -1
85 -1 0
85 1 1
85 1 -1
85 -1 1
85 -1 -1
85 0 0
85 0 1
85 1 0
85 0 -1
85 -1 0
85 1 1
85 1 -1
85 -1 1
85 -1 -1
85 0 0
85 0 1
85 1 0
85 0 -1
85 -1 0
85 1 1
85 1 -1
85 -1 1
85 -1 -1
85 0 0
85 0 1
85 1 0
85 0 -1
85 -1 0
85 1 1
85 1 -1
85 -1 1
85 -1 -1
85 0 0
85 0 1
85 1 0
85 0 -1
85 -1 0
85 1 1
85 1 -1
85 -1 1
85 -1 -1
85 0 0
85 0 1
85 1 0
85 0 -1
85 -1 0
85 1 1
85 1 -1
85 -1 1
85 -1 -1
85 0 0
85 0 1
85 1 0
85 0 -1
85 -1 0
85 1 1
85 1 -1
85 -1 1
85 -1 -1
85 0 0
85 0 1
85 1 0
85 0 -1
85 -1 0
85 1 1
85 1 -1
85 -1 1
85 -1 -1
86 0 0
86 0 1
86 1 0
86 0 -1
86 -1 0
86 1 1
86 1 -1
86 -1 1
86 -1 -1
86 0 0
86 0 1
86 1 0
86 0 -1
86 -1 0
86 1 1
86 1 -1
86 -1 1
86 -1 -1
86 0 0
86 0 1
86 1 0
86 0 -1
86 -1 0
86 1 1
86 1 -1
86 -1 1
86 -1 -1
86 0 0
86 0 1
86 1 0
86 0 -1
86 -1 0
86 1 1
86 1 -1
86 -1 1
86 -1 -1
86 0 0
86 0 1
86 1 0
86 0 -1
86 -1 0
86 1 1
86 1 -1
86 -1 1
86 -1 -1
86 0 0
86 0 1
86 1 0
86 0 -1
86 -1 0
86 1 1
86 1 -1
86 -1 1
86 -1 -1
86 0 0
86 0 1
86 1 0
86 0 -1
86 -1 0
86 1 1
86 1 -1
86 -1 1
86 -1 -1
86 0 0
86 0 1
86 1 0
86 0 -1
86 -1 0
86 1 1
86 1 -1
86 -1 1
86 -1 -1
86 0 0
86 0 1
86 1 0
86 0 -1
86 -1 0
86 1 1
86 1 -1
86 -1 1
86 -1 -1
86 0 0
86 0 1
86 1 0
86 0 -1
86 -1 0
86 1 1
86 1 -1
86 -1 1
86 -1 -1
86 0 0
86 0 1
86 1 0
86 0 -1
86 -1 0
86 1 1
86 1 -1
86 -1 1
86 -1 -1
86 0 0
86 0 1
86 1 0
86 0 -1
86 -1 0
86 1 1
86 1 -1
86 -1 1
86 -1 -1
87 0 0
87 0 1
87 1 0
87 0 -1
87 -1 0
87 1 1
87 1 -1
87 -1 1
87 -1 -1
87 0 0
87 0 1
87 1 0
87 0 -1
87 -1 0
87 1 1
87 1 -1
87 -1 1
87 -1 -1
87 0 0
87 0 1
87 1 0
87 0 -1
87 -1 0
87 1 1
87 1 -1
87 -1 1
87 -1 -1
87 0 0
87 0 1
87 1 0
87 0 -1
87 -1 0
87 1 1
87 1 -1
87 -1 1
87 -1 -1
87 0 0
87 0 1
87 1 0
87 0 -1
87 -1 0
87 1 1
87 1 -1
87 -1 1
87 -1 -1
87 0 0
87 0 1
87 1 0
87 0 -1
87 -1 0
87 1 1
87 1 -1
87 -1 1
87 -1 -1
87 0 0
87 0 1
87 1 0
87 0 -1
87 -1 0
87 1 1
87 1 -1
87 -1 1
87 -1 -1
87 0 0
87 0 1
87 1 0
87 0 -1
87 -1 0
87 1 1
87 1 -1
87 -1 1
87 -1 -1
87 0 0
87 0 1
87 1 0
87 0 -1
87 -1 0
87 1 1
87 1 -1
87 -1 1
87 -1 -1
87 0 0
87 0 1
87 1 0
87 0 -1
87 -1 0
87 1 1
87 1 -1
87 -1 1
87 -1 -1
87 0 0
87 0 1
87 1 0
87 0 -1
87 -1 0
87 1 1
87 1 -1
87 -1 1
87 -1 -1
87 0 0
87 0 1
87 1 0
87 0 -1
87 -1 0
87 1 1
87 1 -1
87 -1 1
87 -1 -1
88 0 0
88 0 1
88 1 0
88 0 -1
88 -1 0
88 1 1
88 1 -1
88 -1 1
88 -1 -1
88 0 0
88 0 1
88 1 0
88 0 -1
88 -1 0
88 1 1
88 1 -1
88 -1 1
88 -1 -1
88 0 0
88 0 1
88 1 0
88 0 -1
88 -1 0
88 1 1
88 1 -1
88 -1 1
88 -1 -1
88 0 0
88 0 1
88 1 0
88 0 -1
88 -1 0
88 1 1
88 1 -1
88 -1 1
88 -1 -1
88 0 0
88 0 1
88 1 0
88 0 -1
88 -1 0
88 1 1
88 1 -1
88 -1 1
88 -1 -1
88 0 0
88 0 1
88 1 0
88 0 -1
88 -1 0
88 1 1
88 1 -1
88 -1 1
88 -1 -1
88 0 0
88 0 1
88 1 0
88 0 -1
88 -1 0
88 1 1
88 1 -1
88 -1 1
88 -1 -1
88 0 0
88 0 1
88 1 0
88 0 -1
88 -1 0
88 1 1
88 1 -1
88 -1 1
88 -1 -1
88 0 0
88 0 1
88 1 0
88 0 -1
88 -1 0
88 1 1
88 1 -1
88 -1 1
88 -1 -1
88 0 0
88 0 1
88 1 0
88 0 -1
88 -1 0
88 1 1
88 1 -1
88 -1 1
88 -1 -1
88 0 0
88 0 1
88 1 0
88 0 -1
88 -1 0
88 1 1
88 1 -1
88 -1 1
88 -1 -1
88 0 0
88 0 1
88 1 0
88 0 -1
88 -1 0
88 1 1
88 1 -1
88 -1 1
88 -1 -1
89 0 0
89 0 1
89 1 0
89 0 -1
89 -1 0
89 1 1
89 1 -1
89 -1 1
89 -1 -1
89 0 0
89 0 1
89 1 0
89 0 -1
89 -1 0
89 1 1
89 1 -1
89 -1 1
89 -1 -1
89 0 0
89 0 1
89 1 0
89 0 -1
89 -1 0
89 1 1
89 1 -1
89 -1 1
89 -1 -1
89 0 0
89 0 1
89 1 0
89 0 -1
89 -1 0
89 1 1
89 1 -1
89 -1 1
89 -1 -1
89 0 0
89 0 1
89 1 0
89 0 -1
89 -1 0
89 1 1
89 1 -1
89 -1 1
89 -1 -1
89 0 0
89 0 1
89 1 0
89 0 -1
89 -1 0
89 1 1
89 1 -1
89 -1 1
89 -1 -1
89 0 0
89 0 1
89 1 0
89 0 -1
89 -1 0
89 1 1
89 1 -1
89 -1 1
89 -1 -1
89 0 0
89 0 1
89 1 0
89 0 -1
89 -1 0
89 1 1
89 1 -1
89 -1 1
89 -1 -1
89 0 0
89 0 1
89 1 0
89 0 -1
89 -1 0
89 1 1
89 1 -1
89 -1 1
89 -1 -1
89 0 0
89 0 1
89 1 0
89 0 -1
89 -1 0
89 1 1
89 1 -1
89 -1 1
89 -1 -1
89 0 0
89 0 1
89 1 0
89 0 -1
89 -1 0
89 1 1
89 1 -1
89 -1 1
89 -1 -1
89 0 0
89 0 1
89 1 0
89 0 -1
89 -1 0
89 1 1
89 1 -1
89 -1 1
89 -1 -1
90 0 0
90 0 1
90 1 0
90 0 -1
90 -1 0
90 1 1
90 1 -1
90 -1 1
90 -1 -1
90 0 0
90 0 1
90 1 0
90 0 -1
90 -1 0
90 1 1
90 1 -1
90 -1 1
90 -1 -1
90 0 0
90 0 1
90 1 0
90 0 -1
90 -1 0
90 1 1
90 1 -1
90 -1 1
90 -1 -1
90 0 0
90 0 1
90 1 0
90 0 -1
90 -1 0
90 1 1
90 1 -1
90 -1 1
90 -1 -1
90 0 0
90 0 1
90 1 0
90 0 -1
90 -1 0
90 1 1
90 1 -1
90 -1 1
90 -1 -1
90 0 0
90 0 1
90 1 0
90 0 -1
90 -1 0
90 1 1
90 1 -1
90 -1 1
90 -1 -1
90 0 0
90 0 1
90 1 0
90 0 -1
90 -1 0
90 1 1
90 1 -1
90 -1 1
90 -1 -1
90 0 0
90 0 1
90 1 0
90 0 -1
90 -1 0
90 1 1
90 1 -1
90 -1 1
90 -1 -1
90 0 0
90 0 1
90 1 0
90 0 -1
90 -1 0
90 1 1
90 1 -1
90 -1 1
90 -1 -1
90 0 0
90 0 1
90 1 0
90 0 -1
90 -1 0
90 1 1
90 1 -1
90 -1 1
90 -1 -1
90 0 0
90 0 1
90 1 0
90 0 -1
90 -1 0
90 1 1
90 1 -1
90 -1 1
90 -1 -1
90 0 0
90 0 1
90 1 0
90 0 -1
90 -1 0
90 1 1
90 1 -1
90 -1 1
90 -1 -1
91 0 0
91 0 1
91 1 0
91 0 -1
91 -1 0
91 1 1
91 1 -1
91 -1 1
91 -1 -1
91 0 0
91 0 1
91 1 0
91 0 -1
91 -1 0
91 1 1
91 1 -1
91 -1 1
91 -1 -1
91 0 0
91 0 1
91 1 0
91 0 -1
91 -1 0
91 1 1
91 1 -1
91 -1 1
91 -1 -1
91 0 0
91 0 1
91 1 0
91 0 -1
91 -1 0
91 1 1
91 1 -1
91 -1 1
91 -1 -1
91 0 0
91 0 1
91 1 0
91 0 -1
91 -1 0
91 1 1
91 1 -1
91 -1 1
91 -1 -1
91 0 0
91 0 1
91 1 0
91 0 -1
91 -1 0
91 1 1
91 1 -1
91 -1 1
91 -1 -1
91 0 0
91 0 1
91 1 0
91 0 -1
91 -1 0
91 1 1
91 1 -1
91 -1 1
91 -1 -1
91 0 0
91 0 1
91 1 0
91 0 -1
91 -1 0
91 1 1
91 1 -1
91 -1 1
91 -1 -1
91 0 0
91 0 1
91 1 0
91 0 -1
91 -1 0
91 1 1
91 1 -1
91 -1 1
91 -1 -1
91 0 0
91 0 1
91 1 0
91 0 -1
91 -1 0
91 1 1
91 1 -1
91 -1 1
91 -1 -1
91 0 0
91 0 1
91 1 0
91 0 -1
91 -1 0
91 1 1
91 1 -1
91 -1 1
91 -1 -1
91 0 0
91 0 1
91 1 0
91 0 -1
91 -1 0
91 1 1
91 1 -1
91 -1 1
91 -1 -1
92 0 0
92 0 1
92 1 0
92 0 -1
92 -1 0
92 1 1
92 1 -1
92 -1 1
92 -1 -1
92 0 0
92 0 1
92 1 0
92 0 -1
92 -1 0
92 1 1
92 1 -1
92 -1 1
92 -1 -1
92 0 0
92 0 1
92 1 0
92 0 -1
92 -1 0
92 1 1
92 1 -1
92 -1 1
92 -1 -1
92 0 0
92 0 1
92 1 0
92 0 -1
92 -1 0
92 1 1
92 1 -1
92 -1 1
92 -1 -1
92 0 0
92 0 1
92 1 0
92 0 -1
92 -1 0
92 1 1
92 1 -1
92 -1 1
92 -1 -1
92 0 0
92 0 1
92 1 0
92 0 -1
92 -1 0
92 1 1
92 1 -1
92 -1 1
92 -1 -1
92 0 0
92 0 1
92 1 0
92 0 -1
92 -1 0
92 1 1
92 1 -1
92 -1 1
92 -1 -1
92 0 0
92 0 1
92 1 0
92 0 -1
92 -1 0
92 1 1
92 1 -1
92 -1 1
92 -1 -1
92 0 0
92 0 1
92 1 0
92 0 -1
92 -1 0
92 1 1
92 1 -1
92 -1 1
92 -1 -1
92 0 0
92 0 1
92 1 0
92 0 -1
92 -1 0
92 1 1
92 1 -1
92 -1 1
92 -1 -1
92 0 0
92 0 1
92 1 0
92 0 -1
92 -1 0
92 1 1
92 1 -1
92 -1 1
92 -1 -1
92 0 0
92 0 1
92 1 0
92 0 -1
92 -1 0
92 1 1
92 1 -1
92 -1 1
92 -1 -1
92 0 0
92 0 1
92 1 0
92 0 -1
92 -1 0
92 1 1
92 1 -1
92 -1 1
92 -1 -1
93 0 0
93 0 1
93 1 0
93 0 -1
93 -1 0
93 1 1
93 1 -1
93 -1 1
93 -1 -1
93 0 0
93 0 1
93 1 0
93 0 -1
93 -1 0
93 1 1
93 1 -1
93 -1 1
93 -1 -1
93 0 0
93 0 1
93 1 0
93 0 -1
93 -1 0
93 1 1
93 1 -1
93 -1 1
93 -1 -1
93 0 0
93 0 1
93 1 0
93 0 -1
93 -1 0
93 1 1
93 1 -1
93 -1 1
93 -1 -1
93 0 0
93 0 1
93 1 0
93 0 -1
93 -1 0
93 1 1
93 1 -1
93 -1 1
93 -1 -1
93 0 0
93 0 1
93 1 0
93 0 -1
93 -1 0
93 1 1
93 1 -1
93 -1 1
93 -1 -1
93 0 0
93 0 1
93 1 0
93 0 -1
93 -1 0
93 1 1
93 1 -1
93 -1 1
93 -1 -1
93 0 0
93 0 1
93 1 0
93 0 -1
93 -1 0
93 1 1
93 1 -1
93 -1 1
93 -1 -1
93 0 0
93 0 1
93 1 0
93 0 -1
93 -1 0
93 1 1
93 1 -1
93 -1 1
93 -1 -1
93 0 0
93 0 1
93 1 0
93 0 -1
93 -1 0
93 1 1
93 1 -1
93 -1 1
93 -1 -1
93 0 0
93 0 1
93 1 0
93 0 -1
93 -1 0
93 1 1
93 1 -1
93 -1 1
93 -1 -1
93 0 0
93 0 1
93 1 0
93 0 -1
93 -1 0
93 1 1
93 1 -1
93 -1 1
93 -1 -1
93 0 0
93 0 1
93 1 0
93 0 -1
93 -1 0
93 1 1
93 1 -1
93 -1 1
93 -1 -1
94 0 0
94 0 1
94 1 0
94 0 -1
94 -1 0
94 1 1
94 1 -1
94 -1 1
94 -1 -1
94 0 0
94 0 1
94 1 0
94 0 -1
94 -1 0
94 1 1
94 1 -1
94 -1 1
94 -1 -1
94 0 0
94 0 1
94 1 0
94 0 -1
94 -1 0
94 1 1
94 1 -1
94 -1 1
94 -1 -1
94 0 0
94 0 1
94 1 0
94 0 -1
94 -1 0
94 1 1
94 1 -1
94 -1 1
94 -1 -1
94 0 0
94 0 1
94 1 0
94 0 -1
94 -1 0
94 1 1
94 1 -1
94 -1 1
94 -1 -1
94 0 0
94 0 1
94 1 0
94 0 -1
94 -1 0
94 1 1
94 1 -1
94 -1 1
94 -1 -1
94 0 0
94 0 1
94 1 0
94 0 -1
94 -1 0
94 1 1
94 1 -1
94 -1 1
94 -1 -1
94 0 0
94 0 1
94 1 0
94 0 -1
94 -1 0
94 1 1
94 1 -1
94 -1 1
94 -1 -1
94 0 0
94 0 1
94 1 0
94 0 -1
94 -1 0
94 1 1
94 1 -1
94 -1 1
94 -1 -1
94 0 0
94 0 1
94 1 0
94 0 -1
94 -1 0
94 1 1
94 1 -1
94 -1 1
94 -1 -1
94 0 0
94 0 1
94 1 0
94 0 -1
94 -1 0
94 1 1
94 1 -1
94 -1 1
94 -1 -1
94 0 0
94 0 1
94 1 0
94 0 -1
94 -1 0
94 1 1
94 1 -1
94 -1 1
94 -1 -1
94 0 0
94 0 1
94 1 0
94 0 -1
94 -1 0
94 1 1
94 1 -1
94 -1 1
94 -1 -1
95 0 0
95 0 1
95 1 0
95 0 -1
95 -1 0
95 1 1
95 1 -1
95 -1 1
95 -1 -1
95 0 0
95 0 1
95 1 0
95 0 -1
95 -1 0
95 1 1
95 1 -1
95 -1 1
95 -1 -1
95 0 0
95 0 1
95 1 0
95 0 -1
95 -1 0
95 1 1
95 1 -1
95 -1 1
95 -1 -1
95 0 0
95 0 1
95 1 0
95 0 -1
95 -1 0
95 1 1
95 1 -1
95 -1 1
95 -1 -1
95 0 0
95 0 1
95 1 0
95 0 -1
95 -1 0
95 1 1
95 1 -1
95 -1 1
95 -1 -1
95 0 0
95 0 1
95 1 0
95 0 -1
95 -1 0
95 1 1
95 1 -1
95 -1 1
95 -1 -1
95 0 0
95 0 1
95 1 0
95 0 -1
95 -1 0
95 1 1
95 1 -1
95 -1 1
95 -1 -1
95 0 0
95 0 1
95 1 0
95 0 -1
95 -1 0
95 1 1
95 1 -1
95 -1 1
95 -1 -1
95 0 0
95 0 1
95 1 0
95 0 -1
95 -1 0
95 1 1
95 1 -1
95 -1 1
95 -1 -1
95 0 0
95 0 1
95 1 0
95 0 -1
95 -1 0
95 1 1
95 1 -1
95 -1 1
95 -1 -1
95 0 0
95 0 1
95 1 0
95 0 -1
95 -1 0
95 1 1
95 1 -1
95 -1 1
95 -1 -1
95 0 0
95 0 1
95 1 0
95 0 -1
95 -1 0
95 1 1
95 1 -1
95 -1 1
95 -1 -1
95 0 0
95 0 1
95 1 0
95 0 -1
95 -1 0
95 1 1
95 1 -1
95 -1 1
95 -1 -1
96 0 0
96 0 1
96 1 0
96 0 -1
96 -1 0
96 1 1
96 1 -1
96 -1 1
96 -1 -1
96 0 0
96 0 1
96 1 0
96 0 -1
96 -1 0
96 1 1
96 1 -1
96 -1 1
96 -1 -1
96 0 0
96 0 1
96 1 0
96 0 -1
96 -1 0
96 1 1
96 1 -1
96 -1 1
96 -1 -1
96 0 0
96 0 1
96 1 0
96 0 -1
96 -1 0
96 1 1
96 1 -1
96 -1 1
96 -1 -1
96 0 0
96 0 1
96 1 0
96 0 -1
96 -1 0
96 1 1
96 1 -1
96 -1 1
96 -1 -1
96 0 0
96 0 1
96 1 0
96 0 -1
96 -1 0
96 1 1
96 1 -1
96 -1 1
96 -1 -1
96 0 0
96 0 1
96 1 0
96 0 -1
96 -1 0
96 1 1
96 1 -1
96 -1 1
96 -1 -1
96 0 0
96 0 1
96 1 0
96 0 -1
96 -1 0
96 1 1
96 1 -1
96 -1 1
96 -1 -1
96 0 0
96 0 1
96 1 0
96 0 -1
96 -1 0
96 1 1
96 1 -1
96 -1 1
96 -1 -1
96 0 0
96 0 1
96 1 0
96 0 -1
96 -1 0
96 1 1
96 1 -1
96 -1 1
96 -1 -1
96 0 0
96 0 1
96 1 0
96 0 -1
96 -1 0
96 1 1
96 1 -1
96 -1 1
96 -1 -1
96 0 0
96 0 1
96 1 0
96 0 -1
96 -1 0
96 1 1
96 1 -1
96 -1 1
96 -1 -1
96 0 0
96 0 1
96 1 0
96 0 -1
96 -1 0
96 1 1
96 1 -1
96 -1 1
96 -1 -1
96 0 0
96 0 1
96 1 0
96 0 -1
96 -1 0
96 1 1
96 1 -1
96 -1 1
96 -1 -1
-1 -1 -1
91
33
92
16
47
15
46
45
9
18
37
70
3
7
42
50
34
89
64
41
25
6
72
69
31
23
84
29
21
30
26
76
80
20
43
66
87
28
58
0
68
27
71
63
67
88
49
8
51
53
48
36
35
4
14
94
22
82
90
65
83
19
57
56
61
55
79
32
24
78
11
93
17
40
59
2
74
1
75
62
52
85
77
39
13
54
5
73
95
86
60
81
44
12
38
10
96
