208 0 12 348 358 24 391 469 459 345 36 263 278 290 299 315 302 260
48 97 138 189 175 60 198 283 286 236 193 176 186 72 218 245 236 188
84 131 158 171 155 96 159 108 198 195 179 120 157 132 182 209 203 166
175 171 184 189 182 179 173 180 144 156 168 189 189 199 204 180 209 192
204 217 216 223 225 224 222 218 219 228 229 235 240 245 245 246 244 236
274 263 252 264 276 269 268 269 273 288 285 290 294 295 295 298 297 300
325 313 309 312 314 315 315 317 324 327 336 348 360 344 344 348 372 339
370 360 356 357 359 360 361 364 367 372 378 384 384 390 392 395 392 384
413 404 396 404 407 406 407 410 415 408 423 426 420 436 441 441 436 426
459 432 450 455 458 459 444 456 471 475 475 468 480 489 495 494 487 473
492 504 507 504 516 518 521 528 536 540 538 528 540 550 552 557 547 529
564 562 571 579 583 576 588 600 612 612 608 603 607 617 622 624 636 580
603 608 648 660 646 672 684 696 676 708 673 667 670 681 720 681 653 622
623 637 662 685 701 714 732 728 727 727 744 718 715 756 746 768 682 635
618 645 692 726 748 760 774 780 758 744 792 745 741 747 804 816 665 620
576 645 714 828 782 790 840 852 776 737 691 697 864 690 667 639 600 567
486 554 876 750 888 769 766 784 900 655 584 581 581 577 544 521 497 478
339 363 434 572 912 587 589 924 629 503 420 395 423 426 422 411 394 370
0 0 0
0 0 1
0 1 0
0 0 -1
0 -1 0
0 1 1
0 1 -1
0 -1 1
0 -1 -1
0 0 0
0 0 1
0 1 0
0 0 -1
0 -1 0
0 1 1
0 1 -1
0 -1 1
0 -1 -1
0 0 0
0 0 1
0 1 0
0 0 -1
0 -1 0
0 1 1
0 1 -1
0 -1 1
0 -1 -1
0 0 0
0 0 1
0 1 0
0 0 -1
0 -1 0
0 1 1
0 1 -1
0 -1 1
0 -1 -1
0 0 0
0 0 1
0 1 0
0 0 -1
0 -1 0
0 1 1
0 1 -1
0 -1 1
0 -1 -1
0 0 0
0 0 1
0 1 0
0 0 -1
0 -1 0
0 1 1
0 1 -1
0 -1 1
0 -1 -1
0 0 0
0 0 1
0 1 0
0 0 -1
0 -1 0
0 1 1
0 1 -1
0 -1 1
0 -1 -1
0 0 0
0 0 1
0 1 0
0 0 -1
0 -1 0
0 1 1
0 1 -1
0 -1 1
0 -1 -1
0 0 0
0 0 1
0 1 0
0 0 -1
0 -1 0
0 1 1
0 1 -1
0 -1 1
0 -1 -1
0 0 0
0 0 1
0 1 0
0 0 -1
0 -1 0
0 1 1
0 1 -1
0 -1 1
0 -1 -1
0 0 0
0 0 1
0 1 0
0 0 -1
0 -1 0
0 1 1
0 1 -1
0 -1 1
0 -1 -1
0 0 0
0 0 1
0 1 0
0 0 -1
0 -1 0
0 1 1
0 1 -1
0 -1 1
0 -1 -1
0 0 0
0 0 1
0 1 0
0 0 -1
0 -1 0
0 1 1
0 1 -1
0 -1 1
0 -1 -1
1 0 0
1 0 1
1 1 0
1 0 -1
1 -1 0
1 1 1
1 1 -1
1 -1 1
1 -1 -1
1 0 0
1 0 1
1 1 0
1 0 -1
1 -1 0
1 1 1
1 1 -1
1 -1 1
1 -1 -1
1 0 0
1 0 1
1 1 0
1 0 -1
1 -1 0
1 1 1
1 1 -1
1 -1 1
1 -1 -1
1 0 0
1 0 1
1 1 0
1 0 -1
1 -1 0
1 1 1
1 1 -1
1 -1 1
1 -1 -1
1 0 0
1 0 1
1 1 0
1 0 -1
1 -1 0
1 1 1
1 1 -1
1 -1 1
1 -1 -1
1 0 0
1 0 1
1 1 0
1 0 -1
1 -1 0
1 1 1
1 1 -1
1 -1 1
1 -1 -1
1 0 0
1 0 1
1 1 0
1 0 -1
1 -1 0
1 1 1
1 1 -1
1 -1 1
1 -1 -1
1 0 0
1 0 1
1 1 0
1 0 -1
1 -1 0
1 1 1
1 1 -1
1 -1 1
1 -1 -1
1 0 0
1 0 1
1 1 0
1 0 -1
1 -1 0
1 1 1
1 1 -1
1 -1 1
1 -1 -1
1 0 0
1 0 1
1 1 0
1 0 -1
1 -1 0
1 1 1
1 1 -1
1 -1 1
1 -1 -1
1 0 0
1 0 1
1 1 0
1 0 -1
1 -1 0
1 1 1
1 1 -1
1 -1 1
1 -1 -1
1 0 0
1 0 1
1 1 0
1 0 -1
1 -1 0
1 1 1
1 1 -1
1 -1 1
1 -1 -1
1 0 0
1 0 1
1 1 0
1 0 -1
1 -1 0
1 1 1
1 1 -1
1 -1 1
1 -1 -1
2 0 0
2 0 1
2 1 0
2 0 -1
2 -1 0
2 1 1
2 1 -1
2 -1 1
2 -1 -1
2 0 0
2 0 1
2 1 0
2 0 -1
2 -1 0
2 1 1
2 1 -1
2 -1 1
2 -1 -1
2 0 0
2 0 1
2 1 0
2 0 -1
2 -1 0
2 1 1
2 1 -1
2 -1 1
2 -1 -1
2 0 0
2 0 1
2 1 0
2 0 -1
2 -1 0
2 1 1
2 1 -1
2 -1 1
2 -1 -1
2 0 0
2 0 1
2 1 0
2 0 -1
2 -1 0
2 1 1
2 1 -1
2 -1 1
2 -1 -1
2 0 0
2 0 1
2 1 0
2 0 -1
2 -1 0
2 1 1
2 1 -1
2 -1 1
2 -1 -1
2 0 0
2 0 1
2 1 0
2 0 -1
2 -1 0
2 1 1
2 1 -1
2 -1 1
2 -1 -1
2 0 0
2 0 1
2 1 0
2 0 -1
2 -1 0
2 1 1
2 1 -1
2 -1 1
2 -1 -1
2 0 0
2 0 1
2 1 0
2 0 -1
2 -1 0
2 1 1
2 1 -1
2 -1 1
2 -1 -1
2 0 0
2 0 1
2 1 0
2 0 -1
2 -1 0
2 1 1
2 1 -1
2 -1 1
2 -1 -1
2 0 0
2 0 1
2 1 0
2 0 -1
2 -1 0
2 1 1
2 1 -1
2 -1 1
2 -1 -1
2 0 0
2 0 1
2 1 0
2 0 -1
2 -1 0
2 1 1
2 1 -1
2 -1 1
2 -1 -1
2 0 0
2 0 1
2 1 0
2 0 -1
2 -1 0
2 1 1
2 1 -1
2 -1 1
2 -1 -1
3 0 0
3 0 1
3 1 0
3 0 -1
3 -1 0
3 1 1
3 1 -1
3 -1 1
3 -1 -1
3 0 0
3 0 1
3 1 0
3 0 -1
3 -1 0
3 1 1
3 1 -1
3 -1 1
3 -1 -1
3 0 0
3 0 1
3 1 0
3 0 -1
3 -1 0
3 1 1
3 1 -1
3 -1 1
3 -1 -1
3 0 0
3 0 1
3 1 0
3 0 -1
3 -1 0
3 1 1
3 1 -1
3 -1 1
3 -1 -1
3 0 0
3 0 1
3 1 0
3 0 -1
3 -1 0
3 1 1
3 1 -1
3 -1 1
3 -1 -1
3 0 0
3 0 1
3 1 0
3 0 -1
3 -1 0
3 1 1
3 1 -1
3 -1 1
3 -1 -1
3 0 0
3 0 1
3 1 0
3 0 -1
3 -1 0
3 1 1
3 1 -1
3 -1 1
3 -1 -1
3 0 0
3 0 1
3 1 0
3 0 -1
3 -1 0
3 1 1
3 1 -1
3 -1 1
3 -1 -1
3 0 0
3 0 1
3 1 0
3 0 -1
3 -1 0
3 1 1
3 1 -1
3 -1 1
3 -1 -1
3 0 0
3 0 1
3 1 0
3 0 -1
3 -1 0
3 1 1
3 1 -1
3 -1 1
3 -1 -1
3 0 0
3 0 1
3 1 0
3 0 -1
3 -1 0
3 1 1
3 1 -1
3 -1 1
3 -1 -1
3 0 0
3 0 1
3 1 0
3 0 -1
3 -1 0
3 1 1
3 1 -1
3 -1 1
3 -1 -1
3 0 0
3 0 1
3 1 0
3 0 -1
3 -1 0
3 1 1
3 1 -1
3 -1 1
3 -1 -1
4 0 0
4 0 1
4 1 0
4 0 -1
4 -1 0
4 1 1
4 1 -1
4 -1 1
4 -1 -1
4 0 0
4 0 1
4 1 0
4 0 -1
4 -1 0
4 1 1
4 1 -1
4 -1 1
4 -1 -1
4 0 0
4 0 1
4 1 0
4 0 -1
4 -1 0
4 1 1
4 1 -1
4 -1 1
4 -1 -1
4 0 0
4 0 1
4 1 0
4 0 -1
4 -1 0
4 1 1
4 1 -1
4 -1 1
4 -1 -1
4 0 0
4 0 1
4 1 0
4 0 -1
4 -1 0
4 1 1
4 1 -1
4 -1 1
4 -1 -1
4 0 0
4 0 1
4 1 0
4 0 -1
4 -1 0
4 1 1
4 1 -1
4 -1 1
4 -1 -1
4 0 0
4 0 1
4 1 0
4 0 -1
4 -1 0
4 1 1
4 1 -1
4 -1 1
4 -1 -1
4 0 0
4 0 1
4 1 0
4 0 -1
4 -1 0
4 1 1
4 1 -1
4 -1 1
4 -1 -1
4 0 0
4 0 1
4 1 0
4 0 -1
4 -1 0
4 1 1
4 1 -1
4 -1 1
4 -1 -1
4 0 0
4 0 1
4 1 0
4 0 -1
4 -1 0
4 1 1
4 1 -1
4 -1 1
4 -1 -1
4 0 0
4 0 1
4 1 0
4 0 -1
4 -1 0
4 1 1
4 1 -1
4 -1 1
4 -1 -1
4 0 0
4 0 1
4 1 0
4 0 -1
4 -1 0
4 1 1
4 1 -1
4 -1 1
4 -1 -1
4 0 0
4 0 1
4 1 0
4 0 -1
4 -1 0
4 1 1
4 1 -1
4 -1 1
4 -1 -1
4 0 0
4 0 1
4 1 0
4 0 -1
4 -1 0
4 1 1
4 1 -1
4 -1 1
4 -1 -1
5 0 0
5 0 1
5 1 0
5 0 -1
5 -1 0
5 1 1
5 1 -1
5 -1 1
5 -1 -1
5 0 0
5 0 1
5 1 0
5 0 -1
5 -1 0
5 1 1
5 1 -1
5 -1 1
5 -1 -1
5 0 0
5 0 1
5 1 0
5 0 -1
5 -1 0
5 1 1
5 1 -1
5 -1 1
5 -1 -1
5 0 0
5 0 1
5 1 0
5 0 -1
5 -1 0
5 1 1
5 1 -1
5 -1 1
5 -1 -1
5 0 0
5 0 1
5 1 0
5 0 -1
5 -1 0
5 1 1
5 1 -1
5 -1 1
5 -1 -1
5 0 0
5 0 1
5 1 0
5 0 -1
5 -1 0
5 1 1
5 1 -1
5 -1 1
5 -1 -1
5 0 0
5 0 1
5 1 0
5 0 -1
5 -1 0
5 1 1
5 1 -1
5 -1 1
5 -1 -1
5 0 0
5 0 1
5 1 0
5 0 -1
5 -1 0
5 1 1
5 1 -1
5 -1 1
5 -1 -1
5 0 0
5 0 1
5 1 0
5 0 -1
5 -1 0
5 1 1
5 1 -1
5 -1 1
5 -1 -1
5 0 0
5 0 1
5 1 0
5 0 -1
5 -1 0
5 1 1
5 1 -1
5 -1 1
5 -1 -1
5 0 0
5 0 1
5 1 0
5 0 -1
5 -1 0
5 1 1
5 1 -1
5 -1 1
5 -1 -1
5 0 0
5 0 1
5 1 0
5 0 -1
5 -1 0
5 1 1
5 1 -1
5 -1 1
5 -1 -1
5 0 0
5 0 1
5 1 0
5 0 -1
5 -1 0
5 1 1
5 1 -1
5 -1 1
5 -1 -1
5 0 0
5 0 1
5 1 0
5 0 -1
5 -1 0
5 1 1
5 1 -1
5 -1 1
5 -1 -1
6 0 0
6 0 1
6 1 0
6 0 -1
6 -1 0
6 1 1
6 1 -1
6 -1 1
6 -1 -1
6 0 0
6 0 1
6 1 0
6 0 -1
6 -1 0
6 1 1
6 1 -1
6 -1 1
6 -1 -1
6 0 0
6 0 1
6 1 0
6 0 -1
6 -1 0
6 1 1
6 1 -1
6 -1 1
6 -1 -1
6 0 0
6 0 1
6 1 0
6 0 -1
6 -1 0
6 1 1
6 1 -1
6 -1 1
6 -1 -1
6 0 0
6 0 1
6 1 0
6 0 -1
6 -1 0
6 1 1
6 1 -1
6 -1 1
6 -1 -1
6 0 0
6 0 1
6 1 0
6 0 -1
6 -1 0
6 1 1
6 1 -1
6 -1 1
6 -1 -1
6 0 0
6 0 1
6 1 0
6 0 -1
6 -1 0
6 1 1
6 1 -1
6 -1 1
6 -1 -1
6 0 0
6 0 1
6 1 0
6 0 -1
6 -1 0
6 1 1
6 1 -1
6 -1 1
6 -1 -1
6 0 0
6 0 1
6 1 0
6 0 -1
6 -1 0
6 1 1
6 1 -1
6 -1 1
6 -1 -1
6 0 0
6 0 1
6 1 0
6 0 -1
6 -1 0
6 1 1
6 1 -1
6 -1 1
6 -1 -1
6 0 0
6 0 1
6 1 0
6 0 -1
6 -1 0
6 1 1
6 1 -1
6 -1 1
6 -1 -1
6 0 0
6 0 1
6 1 0
6 0 -1
6 -1 0
6 1 1
6 1 -1
6 -1 1
6 -1 -1
6 0 0
6 0 1
6 1 0
6 0 -1
6 -1 0
6 1 1
6 1 -1
6 -1 1
6 -1 -1
6 0 0
6 0 1
6 1 0
6 0 -1
6 -1 0
6 1 1
6 1 -1
6 -1 1
6 -1 -1
7 0 0
7 0 1
7 1 0
7 0 -1
7 -1 0
7 1 1
7 1 -1
7 -1 1
7 -1 -1
7 0 0
7 0 1
7 1 0
7 0 -1
7 -1 0
7 1 1
7 1 -1
7 -1 1
7 -1 -1
7 0 0
7 0 1
7 1 0
7 0 -1
7 -1 0
7 1 1
7 1 -1
7 -1 1
7 -1 -1
7 0 0
7 0 1
7 1 0
7 0 -1
7 -1 0
7 1 1
7 1 -1
7 -1 1
7 -1 -1
7 0 0
7 0 1
7 1 0
7 0 -1
7 -1 0
7 1 1
7 1 -1
7 -1 1
7 -1 -1
7 0 0
7 0 1
7 1 0
7 0 -1
7 -1 0
7 1 1
7 1 -1
7 -1 1
7 -1 -1
7 0 0
7 0 1
7 1 0
7 0 -1
7 -1 0
7 1 1
7 1 -1
7 -1 1
7 -1 -1
7 0 0
7 0 1
7 1 0
7 0 -1
7 -1 0
7 1 1
7 1 -1
7 -1 1
7 -1 -1
7 0 0
7 0 1
7 1 0
7 0 -1
7 -1 0
7 1 1
7 1 -1
7 -1 1
7 -1 -1
7 0 0
7 0 1
7 1 0
7 0 -1
7 -1 0
7 1 1
7 1 -1
7 -1 1
7 -1 -1
7 0 0
7 0 1
7 1 0
7 0 -1
7 -1 0
7 1 1
7 1 -1
7 -1 1
7 -1 -1
7 0 0
7 0 1
7 1 0
7 0 -1
7 -1 0
7 1 1
7 1 -1
7 -1 1
7 -1 -1
7 0 0
7 0 1
7 1 0
7 0 -1
7 -1 0
7 1 1
7 1 -1
7 -1 1
7 -1 -1
7 0 0
7 0 1
7 1 0
7 0 -1
7 -1 0
7 1 1
7 1 -1
7 -1 1
7 -1 -1
8 0 0
8 0 1
8 1 0
8 0 -1
8 -1 0
8 1 1
8 1 -1
8 -1 1
8 -1 -1
8 0 0
8 0 1
8 1 0
8 0 -1
8 -1 0
8 1 1
8 1 -1
8 -1 1
8 -1 -1
8 0 0
8 0 1
8 1 0
8 0 -1
8 -1 0
8 1 1
8 1 -1
8 -1 1
8 -1 -1
8 0 0
8 0 1
8 1 0
8 0 -1
8 -1 0
8 1 1
8 1 -1
8 -1 1
8 -1 -1
8 0 0
8 0 1
8 1 0
8 0 -1
8 -1 0
8 1 1
8 1 -1
8 -1 1
8 -1 -1
8 0 0
8 0 1
8 1 0
8 0 -1
8 -1 0
8 1 1
8 1 -1
8 -1 1
8 -1 -1
8 0 0
8 0 1
8 1 0
8 0 -1
8 -1 0
8 1 1
8 1 -1
8 -1 1
8 -1 -1
8 0 0
8 0 1
8 1 0
8 0 -1
8 -1 0
8 1 1
8 1 -1
8 -1 1
8 -1 -1
8 0 0
8 0 1
8 1 0
8 0 -1
8 -1 0
8 1 1
8 1 -1
8 -1 1
8 -1 -1
8 0 0
8 0 1
8 1 0
8 0 -1
8 -1 0
8 1 1
8 1 -1
8 -1 1
8 -1 -1
8 0 0
8 0 1
8 1 0
8 0 -1
8 -1 0
8 1 1
8 1 -1
8 -1 1
8 -1 -1
8 0 0
8 0 1
8 1 0
8 0 -1
8 -1 0
8 1 1
8 1 -1
8 -1 1
8 -1 -1
8 0 0
8 0 1
8 1 0
8 0 -1
8 -1 0
8 1 1
8 1 -1
8 -1 1
8 -1 -1
8 0 0
8 0 1
8 1 0
8 0 -1
8 -1 0
8 1 1
8 1 -1
8 -1 1
8 -1 -1
9 0 0
9 0 1
9 1 0
9 0 -1
9 -1 0
9 1 1
9 1 -1
9 -1 1
9 -1 -1
9 0 0
9 0 1
9 1 0
9 0 -1
9 -1 0
9 1 1
9 1 -1
9 -1 1
9 -1 -1
9 0 0
9 0 1
9 1 0
9 0 -1
9 -1 0
9 1 1
9 1 -1
9 -1 1
9 -1 -1
9 0 0
9 0 1
9 1 0
9 0 -1
9 -1 0
9 1 1
9 1 -1
9 -1 1
9 -1 -1
9 0 0
9 0 1
9 1 0
9 0 -1
9 -1 0
9 1 1
9 1 -1
9 -1 1
9 -1 -1
9 0 0
9 0 1
9 1 0
9 0 -1
9 -1 0
9 1 1
9 1 -1
9 -1 1
9 -1 -1
9 0 0
9 0 1
9 1 0
9 0 -1
9 -1 0
9 1 1
9 1 -1
9 -1 1
9 -1 -1
9 0 0
9 0 1
9 1 0
9 0 -1
9 -1 0
9 1 1
9 1 -1
9 -1 1
9 -1 -1
9 0 0
9 0 1
9 1 0
9 0 -1
9 -1 0
9 1 1
9 1 -1
9 -1 1
9 -1 -1
9 0 0
9 0 1
9 1 0
9 0 -1
9 -1 0
9 1 1
9 1 -1
9 -1 1
9 -1 -1
9 0 0
9 0 1
9 1 0
9 0 -1
9 -1 0
9 1 1
9 1 -1
9 -1 1
9 -1 -1
9 0 0
9 0 1
9 1 0
9 0 -1
9 -1 0
9 1 1
9 1 -1
9 -1 1
9 -1 -1
9 0 0
9 0 1
9 1 0
9 0 -1
9 -1 0
9 1 1
9 1 -1
9 -1 1
9 -1 -1
9 0 0
9 0 1
9 1 0
9 0 -1
9 -1 0
9 1 1
9 1 -1
9 -1 1
9 -1 -1
10 0 0
10 0 1
10 1 0
10 0 -1
10 -1 0
10 1 1
10 1 -1
10 -1 1
10 -1 -1
10 0 0
10 0 1
10 1 0
10 0 -1
10 -1 0
10 1 1
10 1 -1
10 -1 1
10 -1 -1
10 0 0
10 0 1
10 1 0
10 0 -1
10 -1 0
10 1 1
10 1 -1
10 -1 1
10 -1 -1
10 0 0
10 0 1
10 1 0
10 0 -1
10 -1 0
10 1 1
10 1 -1
10 -1 1
10 -1 -1
10 0 0
10 0 1
10 1 0
10 0 -1
10 -1 0
10 1 1
10 1 -1
10 -1 1
10 -1 -1
10 0 0
10 0 1
10 1 0
10 0 -1
10 -1 0
10 1 1
10 1 -1
10 -1 1
10 -1 -1
10 0 0
10 0 1
10 1 0
10 0 -1
10 -1 0
10 1 1
10 1 -1
10 -1 1
10 -1 -1
10 0 0
10 0 1
10 1 0
10 0 -1
10 -1 0
10 1 1
10 1 -1
10 -1 1
10 -1 -1
10 0 0
10 0 1
10 1 0
10 0 -1
10 -1 0
10 1 1
10 1 -1
10 -1 1
10 -1 -1
10 0 0
10 0 1
10 1 0
10 0 -1
10 -1 0
10 1 1
10 1 -1
10 -1 1
10 -1 -1
10 0 0
10 0 1
10 1 0
10 0 -1
10 -1 0
10 1 1
10 1 -1
10 -1 1
10 -1 -1
10 0 0
10 0 1
10 1 0
10 0 -1
10 -1 0
10 1 1
10 1 -1
10 -1 1
10 -1 -1
10 0 0
10 0 1
10 1 0
10 0 -1
10 -1 0
10 1 1
10 1 -1
10 -1 1
10 -1 -1
10 0 0
10 0 1
10 1 0
10 0 -1
10 -1 0
10 1 1
10 1 -1
10 -1 1
10 -1 -1
11 0 0
11 0 1
11 1 0
11 0 -1
11 -1 0
11 1 1
11 1 -1
11 -1 1
11 -1 -1
11 0 0
11 0 1
11 1 0
11 0 -1
11 -1 0
11 1 1
11 1 -1
11 -1 1
11 -1 -1
11 0 0
11 0 1
11 1 0
11 0 -1
11 -1 0
11 1 1
11 1 -1
11 -1 1
11 -1 -1
11 0 0
11 0 1
11 1 0
11 0 -1
11 -1 0
11 1 1
11 1 -1
11 -1 1
11 -1 -1
11 0 0
11 0 1
11 1 0
11 0 -1
11 -1 0
11 1 1
11 1 -1
11 -1 1
11 -1 -1
11 0 0
11 0 1
11 1 0
11 0 -1
11 -1 0
11 1 1
11 1 -1
11 -1 1
11 -1 -1
11 0 0
11 0 1
11 1 0
11 0 -1
11 -1 0
11 1 1
11 1 -1
11 -1 1
11 -1 -1
11 0 0
11 0 1
11 1 0
11 0 -1
11 -1 0
11 1 1
11 1 -1
11 -1 1
11 -1 -1
11 0 0
11 0 1
11 1 0
11 0 -1
11 -1 0
11 1 1
11 1 -1
11 -1 1
11 -1 -1
11 0 0
11 0 1
11 1 0
11 0 -1
11 -1 0
11 1 1
11 1 -1
11 -1 1
11 -1 -1
11 0 0
11 0 1
11 1 0
11 0 -1
11 -1 0
11 1 1
11 1 -1
11 -1 1
11 -1 -1
11 0 0
11 0 1
11 1 0
11 0 -1
11 -1 0
11 1 1
11 1 -1
11 -1 1
11 -1 -1
11 0 0
11 0 1
11 1 0
11 0 -1
11 -1 0
11 1 1
11 1 -1
11 -1 1
11 -1 -1
11 0 0
11 0 1
11 1 0
11 0 -1
11 -1 0
11 1 1
11 1 -1
11 -1 1
11 -1 -1
12 0 0
12 0 1
12 1 0
12 0 -1
12 -1 0
12 1 1
12 1 -1
12 -1 1
12 -1 -1
12 0 0
12 0 1
12 1 0
12 0 -1
12 -1 0
12 1 1
12 1 -1
12 -1 1
12 -1 -1
12 0 0
12 0 1
12 1 0
12 0 -1
12 -1 0
12 1 1
12 1 -1
12 -1 1
12 -1 -1
12 0 0
12 0 1
12 1 0
12 0 -1
12 -1 0
12 1 1
12 1 -1
12 -1 1
12 -1 -1
12 0 0
12 0 1
12 1 0
12 0 -1
12 -1 0
12 1 1
12 1 -1
12 -1 1
12 -1 -1
12 0 0
12 0 1
12 1 0
12 0 -1
12 -1 0
12 1 1
12 1 -1
12 -1 1
12 -1 -1
12 0 0
12 0 1
12 1 0
12 0 -1
12 -1 0
12 1 1
12 1 -1
12 -1 1
12 -1 -1
12 0 0
12 0 1
12 1 0
12 0 -1
12 -1 0
12 1 1
12 1 -1
12 -1 1
12 -1 -1
12 0 0
12 0 1
12 1 0
12 0 -1
12 -1 0
12 1 1
12 1 -1
12 -1 1
12 -1 -1
12 0 0
12 0 1
12 1 0
12 0 -1
12 -1 0
12 1 1
12 1 -1
12 -1 1
12 -1 -1
12 0 0
12 0 1
12 1 0
12 0 -1
12 -1 0
12 1 1
12 1 -1
12 -1 1
12 -1 -1
12 0 0
12 0 1
12 1 0
12 0 -1
12 -1 0
12 1 1
12 1 -1
12 -1 1
12 -1 -1
12 0 0
12 0 1
12 1 0
12 0 -1
12 -1 0
12 1 1
12 1 -1
12 -1 1
12 -1 -1
12 0 0
12 0 1
12 1 0
12 0 -1
12 -1 0
12 1 1
12 1 -1
12 -1 1
12 -1 -1
13 0 0
13 0 1
13 1 0
13 0 -1
13 -1 0
13 1 1
13 1 -1
13 -1 1
13 -1 -1
13 0 0
13 0 1
13 1 0
13 0 -1
13 -1 0
13 1 1
13 1 -1
13 -1 1
13 -1 -1
13 0 0
13 0 1
13 1 0
13 0 -1
13 -1 0
13 1 1
13 1 -1
13 -1 1
13 -1 -1
13 0 0
13 0 1
13 1 0
13 0 -1
13 -1 0
13 1 1
13 1 -1
13 -1 1
13 -1 -1
13 0 0
13 0 1
13 1 0
13 0 -1
13 -1 0
13 1 1
13 1 -1
13 -1 1
13 -1 -1
13 0 0
13 0 1
13 1 0
13 0 -1
13 -1 0
13 1 1
13 1 -1
13 -1 1
13 -1 -1
13 0 0
13 0 1
13 1 0
13 0 -1
13 -1 0
13 1 1
13 1 -1
13 -1 1
13 -1 -1
13 0 0
13 0 1
13 1 0
13 0 -1
13 -1 0
13 1 1
13 1 -1
13 -1 1
13 -1 -1
13 0 0
13 0 1
13 1 0
13 0 -1
13 -1 0
13 1 1
13 1 -1
13 -1 1
13 -1 -1
13 0 0
13 0 1
13 1 0
13 0 -1
13 -1 0
13 1 1
13 1 -1
13 -1 1
13 -1 -1
13 0 0
13 0 1
13 1 0
13 0 -1
13 -1 0
13 1 1
13 1 -1
13 -1 1
13 -1 -1
13 0 0
13 0 1
13 1 0
13 0 -1
13 -1 0
13 1 1
13 1 -1
13 -1 1
13 -1 -1
13 0 0
13 0 1
13 1 0
13 0 -1
13 -1 0
13 1 1
13 1 -1
13 -1 1
13 -1 -1
13 0 0
13 0 1
13 1 0
13 0 -1
13 -1 0
13 1 1
13 1 -1
13 -1 1
13 -1 -1
14 0 0
14 0 1
14 1 0
14 0 -1
14 -1 0
14 1 1
14 1 -1
14 -1 1
14 -1 -1
14 0 0
14 0 1
14 1 0
14 0 -1
14 -1 0
14 1 1
14 1 -1
14 -1 1
14 -1 -1
14 0 0
14 0 1
14 1 0
14 0 -1
14 -1 0
14 1 1
14 1 -1
14 -1 1
14 -1 -1
14 0 0
14 0 1
14 1 0
14 0 -1
14 -1 0
14 1 1
14 1 -1
14 -1 1
14 -1 -1
14 0 0
14 0 1
14 1 0
14 0 -1
14 -1 0
14 1 1
14 1 -1
14 -1 1
14 -1 -1
14 0 0
14 0 1
14 1 0
14 0 -1
14 -1 0
14 1 1
14 1 -1
14 -1 1
14 -1 -1
14 0 0
14 0 1
14 1 0
14 0 -1
14 -1 0
14 1 1
14 1 -1
14 -1 1
14 -1 -1
14 0 0
14 0 1
14 1 0
14 0 -1
14 -1 0
14 1 1
14 1 -1
14 -1 1
14 -1 -1
14 0 0
14 0 1
14 1 0
14 0 -1
14 -1 0
14 1 1
14 1 -1
14 -1 1
14 -1 -1
14 0 0
14 0 1
14 1 0
14 0 -1
14 -1 0
14 1 1
14 1 -1
14 -1 1
14 -1 -1
14 0 0
14 0 1
14 1 0
14 0 -1
14 -1 0
14 1 1
14 1 -1
14 -1 1
14 -1 -1
14 0 0
14 0 1
14 1 0
14 0 -1
14 -1 0
14 1 1
14 1 -1
14 -1 1
14 -1 -1
14 0 0
14 0 1
14 1 0
14 0 -1
14 -1 0
14 1 1
14 1 -1
14 -1 1
14 -1 -1
14 0 0
14 0 1
14 1 0
14 0 -1
14 -1 0
14 1 1
14 1 -1
14 -1 1
14 -1 -1
15 0 0
15 0 1
15 1 0
15 0 -1
15 -1 0
15 1 1
15 1 -1
15 -1 1
15 -1 -1
15 0 0
15 0 1
15 1 0
15 0 -1
15 -1 0
15 1 1
15 1 -1
15 -1 1
15 -1 -1
15 0 0
15 0 1
15 1 0
15 0 -1
15 -1 0
15 1 1
15 1 -1
15 -1 1
15 -1 -1
15 0 0
15 0 1
15 1 0
15 0 -1
15 -1 0
15 1 1
15 1 -1
15 -1 1
15 -1 -1
15 0 0
15 0 1
15 1 0
15 0 -1
15 -1 0
15 1 1
15 1 -1
15 -1 1
15 -1 -1
15 0 0
15 0 1
15 1 0
15 0 -1
15 -1 0
15 1 1
15 1 -1
15 -1 1
15 -1 -1
15 0 0
15 0 1
15 1 0
15 0 -1
15 -1 0
15 1 1
15 1 -1
15 -1 1
15 -1 -1
15 0 0
15 0 1
15 1 0
15 0 -1
15 -1 0
15 1 1
15 1 -1
15 -1 1
15 -1 -1
15 0 0
15 0 1
15 1 0
15 0 -1
15 -1 0
15 1 1
15 1 -1
15 -1 1
15 -1 -1
15 0 0
15 0 1
15 1 0
15 0 -1
15 -1 0
15 1 1
15 1 -1
15 -1 1
15 -1 -1
15 0 0
15 0 1
15 1 0
15 0 -1
15 -1 0
15 1 1
15 1 -1
15 -1 1
15 -1 -1
15 0 0
15 0 1
15 1 0
15 0 -1
15 -1 0
15 1 1
15 1 -1
15 -1 1
15 -1 -1
15 0 0
15 0 1
15 1 0
15 0 -1
15 -1 0
15 1 1
15 1 -1
15 -1 1
15 -1 -1
15 0 0
15 0 1
15 1 0
15 0 -1
15 -1 0
15 1 1
15 1 -1
15 -1 1
15 -1 -1
16 0 0
16 0 1
16 1 0
16 0 -1
16 -1 0
16 1 1
16 1 -1
16 -1 1
16 -1 -1
16 0 0
16 0 1
16 1 0
16 0 -1
16 -1 0
16 1 1
16 1 -1
16 -1 1
16 -1 -1
16 0 0
16 0 1
16 1 0
16 0 -1
16 -1 0
16 1 1
16 1 -1
16 -1 1
16 -1 -1
16 0 0
16 0 1
16 1 0
16 0 -1
16 -1 0
16 1 1
16 1 -1
16 -1 1
16 -1 -1
16 0 0
16 0 1
16 1 0
16 0 -1
16 -1 0
16 1 1
16 1 -1
16 -1 1
16 -1 -1
16 0 0
16 0 1
16 1 0
16 0 -1
16 -1 0
16 1 1
16 1 -1
16 -1 1
16 -1 -1
16 0 0
16 0 1
16 1 0
16 0 -1
16 -1 0
16 1 1
16 1 -1
16 -1 1
16 -1 -1
16 0 0
16 0 1
16 1 0
16 0 -1
16 -1 0
16 1 1
16 1 -1
16 -1 1
16 -1 -1
16 0 0
16 0 1
16 1 0
16 0 -1
16 -1 0
16 1 1
16 1 -1
16 -1 1
16 -1 -1
16 0 0
16 0 1
16 1 0
16 0 -1
16 -1 0
16 1 1
16 1 -1
16 -1 1
16 -1 -1
16 0 0
16 0 1
16 1 0
16 0 -1
16 -1 0
16 1 1
16 1 -1
16 -1 1
16 -1 -1
16 0 0
16 0 1
16 1 0
16 0 -1
16 -1 0
16 1 1
16 1 -1
16 -1 1
16 -1 -1
16 0 0
16 0 1
16 1 0
16 0 -1
16 -1 0
16 1 1
16 1 -1
16 -1 1
16 -1 -1
16 0 0
16 0 1
16 1 0
16 0 -1
16 -1 0
16 1 1
16 1 -1
16 -1 1
16 -1 -1
17 0 0
17 0 1
17 1 0
17 0 -1
17 -1 0
17 1 1
17 1 -1
17 -1 1
17 -1 -1
17 0 0
17 0 1
17 1 0
17 0 -1
17 -1 0
17 1 1
17 1 -1
17 -1 1
17 -1 -1
17 0 0
17 0 1
17 1 0
17 0 -1
17 -1 0
17 1 1
17 1 -1
17 -1 1
17 -1 -1
17 0 0
17 0 1
17 1 0
17 0 -1
17 -1 0
17 1 1
17 1 -1
17 -1 1
17 -1 -1
17 0 0
17 0 1
17 1 0
17 0 -1
17 -1 0
17 1 1
17 1 -1
17 -1 1
17 -1 -1
17 0 0
17 0 1
17 1 0
17 0 -1
17 -1 0
17 1 1
17 1 -1
17 -1 1
17 -1 -1
17 0 0
17 0 1
17 1 0
17 0 -1
17 -1 0
17 1 1
17 1 -1
17 -1 1
17 -1 -1
17 0 0
17 0 1
17 1 0
17 0 -1
17 -1 0
17 1 1
17 1 -1
17 -1 1
17 -1 -1
17 0 0
17 0 1
17 1 0
17 0 -1
17 -1 0
17 1 1
17 1 -1
17 -1 1
17 -1 -1
17 0 0
17 0 1
17 1 0
17 0 -1
17 -1 0
17 1 1
17 1 -1
17 -1 1
17 -1 -1
17 0 0
17 0 1
17 1 0
17 0 -1
17 -1 0
17 1 1
17 1 -1
17 -1 1
17 -1 -1
17 0 0
17 0 1
17 1 0
17 0 -1
17 -1 0
17 1 1
17 1 -1
17 -1 1
17 -1 -1
17 0 0
17 0 1
17 1 0
17 0 -1
17 -1 0
17 1 1
17 1 -1
17 -1 1
17 -1 -1
17 0 0
17 0 1
17 1 0
17 0 -1
17 -1 0
17 1 1
17 1 -1
17 -1 1
17 -1 -1
18 0 0
18 0 1
18 1 0
18 0 -1
18 -1 0
18 1 1
18 1 -1
18 -1 1
18 -1 -1
18 0 0
18 0 1
18 1 0
18 0 -1
18 -1 0
18 1 1
18 1 -1
18 -1 1
18 -1 -1
18 0 0
18 0 1
18 1 0
18 0 -1
18 -1 0
18 1 1
18 1 -1
18 -1 1
18 -1 -1
18 0 0
18 0 1
18 1 0
18 0 -1
18 -1 0
18 1 1
18 1 -1
18 -1 1
18 -1 -1
18 0 0
18 0 1
18 1 0
18 0 -1
18 -1 0
18 1 1
18 1 -1
18 -1 1
18 -1 -1
18 0 0
18 0 1
18 1 0
18 0 -1
18 -1 0
18 1 1
18 1 -1
18 -1 1
18 -1 -1
18 0 0
18 0 1
18 1 0
18 0 -1
18 -1 0
18 1 1
18 1 -1
18 -1 1
18 -1 -1
18 0 0
18 0 1
18 1 0
18 0 -1
18 -1 0
18 1 1
18 1 -1
18 -1 1
18 -1 -1
18 0 0
18 0 1
18 1 0
18 0 -1
18 -1 0
18 1 1
18 1 -1
18 -1 1
18 -1 -1
18 0 0
18 0 1
18 1 0
18 0 -1
18 -1 0
18 1 1
18 1 -1
18 -1 1
18 -1 -1
18 0 0
18 0 1
18 1 0
18 0 -1
18 -1 0
18 1 1
18 1 -1
18 -1 1
18 -1 -1
18 0 0
18 0 1
18 1 0
18 0 -1
18 -1 0
18 1 1
18 1 -1
18 -1 1
18 -1 -1
18 0 0
18 0 1
18 1 0
18 0 -1
18 -1 0
18 1 1
18 1 -1
18 -1 1
18 -1 -1
18 0 0
18 0 1
18 1 0
18 0 -1
18 -1 0
18 1 1
18 1 -1
18 -1 1
18 -1 -1
19 0 0
19 0 1
19 1 0
19 0 -1
19 -1 0
19 1 1
19 1 -1
19 -1 1
19 -1 -1
19 0 0
19 0 1
19 1 0
19 0 -1
19 -1 0
19 1 1
19 1 -1
19 -1 1
19 -1 -1
19 0 0
19 0 1
19 1 0
19 0 -1
19 -1 0
19 1 1
19 1 -1
19 -1 1
19 -1 -1
19 0 0
19 0 1
19 1 0
19 0 -1
19 -1 0
19 1 1
19 1 -1
19 -1 1
19 -1 -1
19 0 0
19 0 1
19 1 0
19 0 -1
19 -1 0
19 1 1
19 1 -1
19 -1 1
19 -1 -1
19 0 0
19 0 1
19 1 0
19 0 -1
19 -1 0
19 1 1
19 1 -1
19 -1 1
19 -1 -1
19 0 0
19 0 1
19 1 0
19 0 -1
19 -1 0
19 1 1
19 1 -1
19 -1 1
19 -1 -1
19 0 0
19 0 1
19 1 0
19 0 -1
19 -1 0
19 1 1
19 1 -1
19 -1 1
19 -1 -1
19 0 0
19 0 1
19 1 0
19 0 -1
19 -1 0
19 1 1
19 1 -1
19 -1 1
19 -1 -1
19 0 0
19 0 1
19 1 0
19 0 -1
19 -1 0
19 1 1
19 1 -1
19 -1 1
19 -1 -1
19 0 0
19 0 1
19 1 0
19 0 -1
19 -1 0
19 1 1
19 1 -1
19 -1 1
19 -1 -1
19 0 0
19 0 1
19 1 0
19 0 -1
19 -1 0
19 1 1
19 1 -1
19 -1 1
19 -1 -1
19 0 0
19 0 1
19 1 0
19 0 -1
19 -1 0
19 1 1
19 1 -1
19 -1 1
19 -1 -1
19 0 0
19 0 1
19 1 0
19 0 -1
19 -1 0
19 1 1
19 1 -1
19 -1 1
19 -1 -1
20 0 0
20 0 1
20 1 0
20 0 -1
20 -1 0
20 1 1
20 1 -1
20 -1 1
20 -1 -1
20 0 0
20 0 1
20 1 0
20 0 -1
20 -1 0
20 1 1
20 1 -1
20 -1 1
20 -1 -1
20 0 0
20 0 1
20 1 0
20 0 -1
20 -1 0
20 1 1
20 1 -1
20 -1 1
20 -1 -1
20 0 0
20 0 1
20 1 0
20 0 -1
20 -1 0
20 1 1
20 1 -1
20 -1 1
20 -1 -1
20 0 0
20 0 1
20 1 0
20 0 -1
20 -1 0
20 1 1
20 1 -1
20 -1 1
20 -1 -1
20 0 0
20 0 1
20 1 0
20 0 -1
20 -1 0
20 1 1
20 1 -1
20 -1 1
20 -1 -1
20 0 0
20 0 1
20 1 0
20 0 -1
20 -1 0
20 1 1
20 1 -1
20 -1 1
20 -1 -1
20 0 0
20 0 1
20 1 0
20 0 -1
20 -1 0
20 1 1
20 1 -1
20 -1 1
20 -1 -1
20 0 0
20 0 1
20 1 0
20 0 -1
20 -1 0
20 1 1
20 1 -1
20 -1 1
20 -1 -1
20 0 0
20 0 1
20 1 0
20 0 -1
20 -1 0
20 1 1
20 1 -1
20 -1 1
20 -1 -1
20 0 0
20 0 1
20 1 0
20 0 -1
20 -1 0
20 1 1
20 1 -1
20 -1 1
20 -1 -1
20 0 0
20 0 1
20 1 0
20 0 -1
20 -1 0
20 1 1
20 1 -1
20 -1 1
20 -1 -1
20 0 0
20 0 1
20 1 0
20 0 -1
20 -1 0
20 1 1
20 1 -1
20 -1 1
20 -1 -1
20 0 0
20 0 1
20 1 0
20 0 -1
20 -1 0
20 1 1
20 1 -1
20 -1 1
20 -1 -1
21 0 0
21 0 1
21 1 0
21 0 -1
21 -1 0
21 1 1
21 1 -1
21 -1 1
21 -1 -1
21 0 0
21 0 1
21 1 0
21 0 -1
21 -1 0
21 1 1
21 1 -1
21 -1 1
21 -1 -1
21 0 0
21 0 1
21 1 0
21 0 -1
21 -1 0
21 1 1
21 1 -1
21 -1 1
21 -1 -1
21 0 0
21 0 1
21 1 0
21 0 -1
21 -1 0
21 1 1
21 1 -1
21 -1 1
21 -1 -1
21 0 0
21 0 1
21 1 0
21 0 -1
21 -1 0
21 1 1
21 1 -1
21 -1 1
21 -1 -1
21 0 0
21 0 1
21 1 0
21 0 -1
21 -1 0
21 1 1
21 1 -1
21 -1 1
21 -1 -1
21 0 0
21 0 1
21 1 0
21 0 -1
21 -1 0
21 1 1
21 1 -1
21 -1 1
21 -1 -1
21 0 0
21 0 1
21 1 0
21 0 -1
21 -1 0
21 1 1
21 1 -1
21 -1 1
21 -1 -1
21 0 0
21 0 1
21 1 0
21 0 -1
21 -1 0
21 1 1
21 1 -1
21 -1 1
21 -1 -1
21 0 0
21 0 1
21 1 0
21 0 -1
21 -1 0
21 1 1
21 1 -1
21 -1 1
21 -1 -1
21 0 0
21 0 1
21 1 0
21 0 -1
21 -1 0
21 1 1
21 1 -1
21 -1 1
21 -1 -1
21 0 0
21 0 1
21 1 0
21 0 -1
21 -1 0
21 1 1
21 1 -1
21 -1 1
21 -1 -1
21 0 0
21 0 1
21 1 0
21 0 -1
21 -1 0
21 1 1
21 1 -1
21 -1 1
21 -1 -1
21 0 0
21 0 1
21 1 0
21 0 -1
21 -1 0
21 1 1
21 1 -1
21 -1 1
21 -1 -1
22 0 0
22 0 1
22 1 0
22 0 -1
22 -1 0
22 1 1
22 1 -1
22 -1 1
22 -1 -1
22 0 0
22 0 1
22 1 0
22 0 -1
22 -1 0
22 1 1
22 1 -1
22 -1 1
22 -1 -1
22 0 0
22 0 1
22 1 0
22 0 -1
22 -1 0
22 1 1
22 1 -1
22 -1 1
22 -1 -1
22 0 0
22 0 1
22 1 0
22 0 -1
22 -1 0
22 1 1
22 1 -1
22 -1 1
22 -1 -1
22 0 0
22 0 1
22 1 0
22 0 -1
22 -1 0
22 1 1
22 1 -1
22 -1 1
22 -1 -1
22 0 0
22 0 1
22 1 0
22 0 -1
22 -1 0
22 1 1
22 1 -1
22 -1 1
22 -1 -1
22 0 0
22 0 1
22 1 0
22 0 -1
22 -1 0
22 1 1
22 1 -1
22 -1 1
22 -1 -1
22 0 0
22 0 1
22 1 0
22 0 -1
22 -1 0
22 1 1
22 1 -1
22 -1 1
22 -1 -1
22 0 0
22 0 1
22 1 0
22 0 -1
22 -1 0
22 1 1
22 1 -1
22 -1 1
22 -1 -1
22 0 0
22 0 1
22 1 0
22 0 -1
22 -1 0
22 1 1
22 1 -1
22 -1 1
22 -1 -1
22 0 0
22 0 1
22 1 0
22 0 -1
22 -1 0
22 1 1
22 1 -1
22 -1 1
22 -1 -1
22 0 0
22 0 1
22 1 0
22 0 -1
22 -1 0
22 1 1
22 1 -1
22 -1 1
22 -1 -1
22 0 0
22 0 1
22 1 0
22 0 -1
22 -1 0
22 1 1
22 1 -1
22 -1 1
22 -1 -1
22 0 0
22 0 1
22 1 0
22 0 -1
22 -1 0
22 1 1
22 1 -1
22 -1 1
22 -1 -1
23 0 0
23 0 1
23 1 0
23 0 -1
23 -1 0
23 1 1
23 1 -1
23 -1 1
23 -1 -1
23 0 0
23 0 1
23 1 0
23 0 -1
23 -1 0
23 1 1
23 1 -1
23 -1 1
23 -1 -1
23 0 0
23 0 1
23 1 0
23 0 -1
23 -1 0
23 1 1
23 1 -1
23 -1 1
23 -1 -1
23 0 0
23 0 1
23 1 0
23 0 -1
23 -1 0
23 1 1
23 1 -1
23 -1 1
23 -1 -1
23 0 0
23 0 1
23 1 0
23 0 -1
23 -1 0
23 1 1
23 1 -1
23 -1 1
23 -1 -1
23 0 0
23 0 1
23 1 0
23 0 -1
23 -1 0
23 1 1
23 1 -1
23 -1 1
23 -1 -1
23 0 0
23 0 1
23 1 0
23 0 -1
23 -1 0
23 1 1
23 1 -1
23 -1 1
23 -1 -1
23 0 0
23 0 1
23 1 0
23 0 -1
23 -1 0
23 1 1
23 1 -1
23 -1 1
23 -1 -1
23 0 0
23 0 1
23 1 0
23 0 -1
23 -1 0
23 1 1
23 1 -1
23 -1 1
23 -1 -1
23 0 0
23 0 1
23 1 0
23 0 -1
23 -1 0
23 1 1
23 1 -1
23 -1 1
23 -1 -1
23 0 0
23 0 1
23 1 0
23 0 -1
23 -1 0
23 1 1
23 1 -1
23 -1 1
23 -1 -1
23 0 0
23 0 1
23 1 0
23 0 -1
23 -1 0
23 1 1
23 1 -1
23 -1 1
23 -1 -1
23 0 0
23 0 1
23 1 0
23 0 -1
23 -1 0
23 1 1
23 1 -1
23 -1 1
23 -1 -1
23 0 0
23 0 1
23 1 0
23 0 -1
23 -1 0
23 1 1
23 1 -1
23 -1 1
23 -1 -1
24 0 0
24 0 1
24 1 0
24 0 -1
24 -1 0
24 1 1
24 1 -1
24 -1 1
24 -1 -1
24 0 0
24 0 1
24 1 0
24 0 -1
24 -1 0
24 1 1
24 1 -1
24 -1 1
24 -1 -1
24 0 0
24 0 1
24 1 0
24 0 -1
24 -1 0
24 1 1
24 1 -1
24 -1 1
24 -1 -1
24 0 0
24 0 1
24 1 0
24 0 -1
24 -1 0
24 1 1
24 1 -1
24 -1 1
24 -1 -1
24 0 0
24 0 1
24 1 0
24 0 -1
24 -1 0
24 1 1
24 1 -1
24 -1 1
24 -1 -1
24 0 0
24 0 1
24 1 0
24 0 -1
24 -1 0
24 1 1
24 1 -1
24 -1 1
24 -1 -1
24 0 0
24 0 1
24 1 0
24 0 -1
24 -1 0
24 1 1
24 1 -1
24 -1 1
24 -1 -1
24 0 0
24 0 1
24 1 0
24 0 -1
24 -1 0
24 1 1
24 1 -1
24 -1 1
24 -1 -1
24 0 0
24 0 1
24 1 0
24 0 -1
24 -1 0
24 1 1
24 1 -1
24 -1 1
24 -1 -1
24 0 0
24 0 1
24 1 0
24 0 -1
24 -1 0
24 1 1
24 1 -1
24 -1 1
24 -1 -1
24 0 0
24 0 1
24 1 0
24 0 -1
24 -1 0
24 1 1
24 1 -1
24 -1 1
24 -1 -1
24 0 0
24 0 1
24 1 0
24 0 -1
24 -1 0
24 1 1
24 1 -1
24 -1 1
24 -1 -1
24 0 0
24 0 1
24 1 0
24 0 -1
24 -1 0
24 1 1
24 1 -1
24 -1 1
24 -1 -1
24 0 0
24 0 1
24 1 0
24 0 -1
24 -1 0
24 1 1
24 1 -1
24 -1 1
24 -1 -1
25 0 0
25 0 1
25 1 0
25 0 -1
25 -1 0
25 1 1
25 1 -1
25 -1 1
25 -1 -1
25 0 0
25 0 1
25 1 0
25 0 -1
25 -1 0
25 1 1
25 1 -1
25 -1 1
25 -1 -1
25 0 0
25 0 1
25 1 0
25 0 -1
25 -1 0
25 1 1
25 1 -1
25 -1 1
25 -1 -1
25 0 0
25 0 1
25 1 0
25 0 -1
25 -1 0
25 1 1
25 1 -1
25 -1 1
25 -1 -1
25 0 0
25 0 1
25 1 0
25 0 -1
25 -1 0
25 1 1
25 1 -1
25 -1 1
25 -1 -1
25 0 0
25 0 1
25 1 0
25 0 -1
25 -1 0
25 1 1
25 1 -1
25 -1 1
25 -1 -1
25 0 0
25 0 1
25 1 0
25 0 -1
25 -1 0
25 1 1
25 1 -1
25 -1 1
25 -1 -1
25 0 0
25 0 1
25 1 0
25 0 -1
25 -1 0
25 1 1
25 1 -1
25 -1 1
25 -1 -1
25 0 0
25 0 1
25 1 0
25 0 -1
25 -1 0
25 1 1
25 1 -1
25 -1 1
25 -1 -1
25 0 0
25 0 1
25 1 0
25 0 -1
25 -1 0
25 1 1
25 1 -1
25 -1 1
25 -1 -1
25 0 0
25 0 1
25 1 0
25 0 -1
25 -1 0
25 1 1
25 1 -1
25 -1 1
25 -1 -1
25 0 0
25 0 1
25 1 0
25 0 -1
25 -1 0
25 1 1
25 1 -1
25 -1 1
25 -1 -1
25 0 0
25 0 1
25 1 0
25 0 -1
25 -1 0
25 1 1
25 1 -1
25 -1 1
25 -1 -1
25 0 0
25 0 1
25 1 0
25 0 -1
25 -1 0
25 1 1
25 1 -1
25 -1 1
25 -1 -1
26 0 0
26 0 1
26 1 0
26 0 -1
26 -1 0
26 1 1
26 1 -1
26 -1 1
26 -1 -1
26 0 0
26 0 1
26 1 0
26 0 -1
26 -1 0
26 1 1
26 1 -1
26 -1 1
26 -1 -1
26 0 0
26 0 1
26 1 0
26 0 -1
26 -1 0
26 1 1
26 1 -1
26 -1 1
26 -1 -1
26 0 0
26 0 1
26 1 0
26 0 -1
26 -1 0
26 1 1
26 1 -1
26 -1 1
26 -1 -1
26 0 0
26 0 1
26 1 0
26 0 -1
26 -1 0
26 1 1
26 1 -1
26 -1 1
26 -1 -1
26 0 0
26 0 1
26 1 0
26 0 -1
26 -1 0
26 1 1
26 1 -1
26 -1 1
26 -1 -1
26 0 0
26 0 1
26 1 0
26 0 -1
26 -1 0
26 1 1
26 1 -1
26 -1 1
26 -1 -1
26 0 0
26 0 1
26 1 0
26 0 -1
26 -1 0
26 1 1
26 1 -1
26 -1 1
26 -1 -1
26 0 0
26 0 1
26 1 0
26 0 -1
26 -1 0
26 1 1
26 1 -1
26 -1 1
26 -1 -1
26 0 0
26 0 1
26 1 0
26 0 -1
26 -1 0
26 1 1
26 1 -1
26 -1 1
26 -1 -1
26 0 0
26 0 1
26 1 0
26 0 -1
26 -1 0
26 1 1
26 1 -1
26 -1 1
26 -1 -1
26 0 0
26 0 1
26 1 0
26 0 -1
26 -1 0
26 1 1
26 1 -1
26 -1 1
26 -1 -1
26 0 0
26 0 1
26 1 0
26 0 -1
26 -1 0
26 1 1
26 1 -1
26 -1 1
26 -1 -1
26 0 0
26 0 1
26 1 0
26 0 -1
26 -1 0
26 1 1
26 1 -1
26 -1 1
26 -1 -1
27 0 0
27 0 1
27 1 0
27 0 -1
27 -1 0
27 1 1
27 1 -1
27 -1 1
27 -1 -1
27 0 0
27 0 1
27 1 0
27 0 -1
27 -1 0
27 1 1
27 1 -1
27 -1 1
27 -1 -1
27 0 0
27 0 1
27 1 0
27 0 -1
27 -1 0
27 1 1
27 1 -1
27 -1 1
27 -1 -1
27 0 0
27 0 1
27 1 0
27 0 -1
27 -1 0
27 1 1
27 1 -1
27 -1 1
27 -1 -1
27 0 0
27 0 1
27 1 0
27 0 -1
27 -1 0
27 1 1
27 1 -1
27 -1 1
27 -1 -1
27 0 0
27 0 1
27 1 0
27 0 -1
27 -1 0
27 1 1
27 1 -1
27 -1 1
27 -1 -1
27 0 0
27 0 1
27 1 0
27 0 -1
27 -1 0
27 1 1
27 1 -1
27 -1 1
27 -1 -1
27 0 0
27 0 1
27 1 0
27 0 -1
27 -1 0
27 1 1
27 1 -1
27 -1 1
27 -1 -1
27 0 0
27 0 1
27 1 0
27 0 -1
27 -1 0
27 1 1
27 1 -1
27 -1 1
27 -1 -1
27 0 0
27 0 1
27 1 0
27 0 -1
27 -1 0
27 1 1
27 1 -1
27 -1 1
27 -1 -1
27 0 0
27 0 1
27 1 0
27 0 -1
27 -1 0
27 1 1
27 1 -1
27 -1 1
27 -1 -1
27 0 0
27 0 1
27 1 0
27 0 -1
27 -1 0
27 1 1
27 1 -1
27 -1 1
27 -1 -1
27 0 0
27 0 1
27 1 0
27 0 -1
27 -1 0
27 1 1
27 1 -1
27 -1 1
27 -1 -1
27 0 0
27 0 1
27 1 0
27 0 -1
27 -1 0
27 1 1
27 1 -1
27 -1 1
27 -1 -1
28 0 0
28 0 1
28 1 0
28 0 -1
28 -1 0
28 1 1
28 1 -1
28 -1 1
28 -1 -1
28 0 0
28 0 1
28 1 0
28 0 -1
28 -1 0
28 1 1
28 1 -1
28 -1 1
28 -1 -1
28 0 0
28 0 1
28 1 0
28 0 -1
28 -1 0
28 1 1
28 1 -1
28 -1 1
28 -1 -1
28 0 0
28 0 1
28 1 0
28 0 -1
28 -1 0
28 1 1
28 1 -1
28 -1 1
28 -1 -1
28 0 0
28 0 1
28 1 0
28 0 -1
28 -1 0
28 1 1
28 1 -1
28 -1 1
28 -1 -1
28 0 0
28 0 1
28 1 0
28 0 -1
28 -1 0
28 1 1
28 1 -1
28 -1 1
28 -1 -1
28 0 0
28 0 1
28 1 0
28 0 -1
28 -1 0
28 1 1
28 1 -1
28 -1 1
28 -1 -1
28 0 0
28 0 1
28 1 0
28 0 -1
28 -1 0
28 1 1
28 1 -1
28 -1 1
28 -1 -1
28 0 0
28 0 1
28 1 0
28 0 -1
28 -1 0
28 1 1
28 1 -1
28 -1 1
28 -1 -1
28 0 0
28 0 1
28 1 0
28 0 -1
28 -1 0
28 1 1
28 1 -1
28 -1 1
28 -1 -1
28 0 0
28 0 1
28 1 0
28 0 -1
28 -1 0
28 1 1
28 1 -1
28 -1 1
28 -1 -1
28 0 0
28 0 1
28 1 0
28 0 -1
28 -1 0
28 1 1
28 1 -1
28 -1 1
28 -1 -1
28 0 0
28 0 1
28 1 0
28 0 -1
28 -1 0
28 1 1
28 1 -1
28 -1 1
28 -1 -1
28 0 0
28 0 1
28 1 0
28 0 -1
28 -1 0
28 1 1
28 1 -1
28 -1 1
28 -1 -1
29 0 0
29 0 1
29 1 0
29 0 -1
29 -1 0
29 1 1
29 1 -1
29 -1 1
29 -1 -1
29 0 0
29 0 1
29 1 0
29 0 -1
29 -1 0
29 1 1
29 1 -1
29 -1 1
29 -1 -1
29 0 0
29 0 1
29 1 0
29 0 -1
29 -1 0
29 1 1
29 1 -1
29 -1 1
29 -1 -1
29 0 0
29 0 1
29 1 0
29 0 -1
29 -1 0
29 1 1
29 1 -1
29 -1 1
29 -1 -1
29 0 0
29 0 1
29 1 0
29 0 -1
29 -1 0
29 1 1
29 1 -1
29 -1 1
29 -1 -1
29 0 0
29 0 1
29 1 0
29 0 -1
29 -1 0
29 1 1
29 1 -1
29 -1 1
29 -1 -1
29 0 0
29 0 1
29 1 0
29 0 -1
29 -1 0
29 1 1
29 1 -1
29 -1 1
29 -1 -1
29 0 0
29 0 1
29 1 0
29 0 -1
29 -1 0
29 1 1
29 1 -1
29 -1 1
29 -1 -1
29 0 0
29 0 1
29 1 0
29 0 -1
29 -1 0
29 1 1
29 1 -1
29 -1 1
29 -1 -1
29 0 0
29 0 1
29 1 0
29 0 -1
29 -1 0
29 1 1
29 1 -1
29 -1 1
29 -1 -1
29 0 0
29 0 1
29 1 0
29 0 -1
29 -1 0
29 1 1
29 1 -1
29 -1 1
29 -1 -1
29 0 0
29 0 1
29 1 0
29 0 -1
29 -1 0
29 1 1
29 1 -1
29 -1 1
29 -1 -1
29 0 0
29 0 1
29 1 0
29 0 -1
29 -1 0
29 1 1
29 1 -1
29 -1 1
29 -1 -1
29 0 0
29 0 1
29 1 0
29 0 -1
29 -1 0
29 1 1
29 1 -1
29 -1 1
29 -1 -1
30 0 0
30 0 1
30 1 0
30 0 -1
30 -1 0
30 1 1
30 1 -1
30 -1 1
30 -1 -1
30 0 0
30 0 1
30 1 0
30 0 -1
30 -1 0
30 1 1
30 1 -1
30 -1 1
30 -1 -1
30 0 0
30 0 1
30 1 0
30 0 -1
30 -1 0
30 1 1
30 1 -1
30 -1 1
30 -1 -1
30 0 0
30 0 1
30 1 0
30 0 -1
30 -1 0
30 1 1
30 1 -1
30 -1 1
30 -1 -1
30 0 0
30 0 1
30 1 0
30 0 -1
30 -1 0
30 1 1
30 1 -1
30 -1 1
30 -1 -1
30 0 0
30 0 1
30 1 0
30 0 -1
30 -1 0
30 1 1
30 1 -1
30 -1 1
30 -1 -1
30 0 0
30 0 1
30 1 0
30 0 -1
30 -1 0
30 1 1
30 1 -1
30 -1 1
30 -1 -1
30 0 0
30 0 1
30 1 0
30 0 -1
30 -1 0
30 1 1
30 1 -1
30 -1 1
30 -1 -1
30 0 0
30 0 1
30 1 0
30 0 -1
30 -1 0
30 1 1
30 1 -1
30 -1 1
30 -1 -1
30 0 0
30 0 1
30 1 0
30 0 -1
30 -1 0
30 1 1
30 1 -1
30 -1 1
30 -1 -1
30 0 0
30 0 1
30 1 0
30 0 -1
30 -1 0
30 1 1
30 1 -1
30 -1 1
30 -1 -1
30 0 0
30 0 1
30 1 0
30 0 -1
30 -1 0
30 1 1
30 1 -1
30 -1 1
30 -1 -1
30 0 0
30 0 1
30 1 0
30 0 -1
30 -1 0
30 1 1
30 1 -1
30 -1 1
30 -1 -1
30 0 0
30 0 1
30 1 0
30 0 -1
30 -1 0
30 1 1
30 1 -1
30 -1 1
30 -1 -1
31 0 0
31 0 1
31 1 0
31 0 -1
31 -1 0
31 1 1
31 1 -1
31 -1 1
31 -1 -1
31 0 0
31 0 1
31 1 0
31 0 -1
31 -1 0
31 1 1
31 1 -1
31 -1 1
31 -1 -1
31 0 0
31 0 1
31 1 0
31 0 -1
31 -1 0
31 1 1
31 1 -1
31 -1 1
31 -1 -1
31 0 0
31 0 1
31 1 0
31 0 -1
31 -1 0
31 1 1
31 1 -1
31 -1 1
31 -1 -1
31 0 0
31 0 1
31 1 0
31 0 -1
31 -1 0
31 1 1
31 1 -1
31 -1 1
31 -1 -1
31 0 0
31 0 1
31 1 0
31 0 -1
31 -1 0
31 1 1
31 1 -1
31 -1 1
31 -1 -1
31 0 0
31 0 1
31 1 0
31 0 -1
31 -1 0
31 1 1
31 1 -1
31 -1 1
31 -1 -1
31 0 0
31 0 1
31 1 0
31 0 -1
31 -1 0
31 1 1
31 1 -1
31 -1 1
31 -1 -1
31 0 0
31 0 1
31 1 0
31 0 -1
31 -1 0
31 1 1
31 1 -1
31 -1 1
31 -1 -1
31 0 0
31 0 1
31 1 0
31 0 -1
31 -1 0
31 1 1
31 1 -1
31 -1 1
31 -1 -1
31 0 0
31 0 1
31 1 0
31 0 -1
31 -1 0
31 1 1
31 1 -1
31 -1 1
31 -1 -1
31 0 0
31 0 1
31 1 0
31 0 -1
31 -1 0
31 1 1
31 1 -1
31 -1 1
31 -1 -1
31 0 0
31 0 1
31 1 0
31 0 -1
31 -1 0
31 1 1
31 1 -1
31 -1 1
31 -1 -1
31 0 0
31 0 1
31 1 0
31 0 -1
31 -1 0
31 1 1
31 1 -1
31 -1 1
31 -1 -1
32 0 0
32 0 1
32 1 0
32 0 -1
32 -1 0
32 1 1
32 1 -1
32 -1 1
32 -1 -1
32 0 0
32 0 1
32 1 0
32 0 -1
32 -1 0
32 1 1
32 1 -1
32 -1 1
32 -1 -1
32 0 0
32 0 1
32 1 0
32 0 -1
32 -1 0
32 1 1
32 1 -1
32 -1 1
32 -1 -1
32 0 0
32 0 1
32 1 0
32 0 -1
32 -1 0
32 1 1
32 1 -1
32 -1 1
32 -1 -1
32 0 0
32 0 1
32 1 0
32 0 -1
32 -1 0
32 1 1
32 1 -1
32 -1 1
32 -1 -1
32 0 0
32 0 1
32 1 0
32 0 -1
32 -1 0
32 1 1
32 1 -1
32 -1 1
32 -1 -1
32 0 0
32 0 1
32 1 0
32 0 -1
32 -1 0
32 1 1
32 1 -1
32 -1 1
32 -1 -1
32 0 0
32 0 1
32 1 0
32 0 -1
32 -1 0
32 1 1
32 1 -1
32 -1 1
32 -1 -1
32 0 0
32 0 1
32 1 0
32 0 -1
32 -1 0
32 1 1
32 1 -1
32 -1 1
32 -1 -1
32 0 0
32 0 1
32 1 0
32 0 -1
32 -1 0
32 1 1
32 1 -1
32 -1 1
32 -1 -1
32 0 0
32 0 1
32 1 0
32 0 -1
32 -1 0
32 1 1
32 1 -1
32 -1 1
32 -1 -1
32 0 0
32 0 1
32 1 0
32 0 -1
32 -1 0
32 1 1
32 1 -1
32 -1 1
32 -1 -1
32 0 0
32 0 1
32 1 0
32 0 -1
32 -1 0
32 1 1
32 1 -1
32 -1 1
32 -1 -1
32 0 0
32 0 1
32 1 0
32 0 -1
32 -1 0
32 1 1
32 1 -1
32 -1 1
32 -1 -1
33 0 0
33 0 1
33 1 0
33 0 -1
33 -1 0
33 1 1
33 1 -1
33 -1 1
33 -1 -1
33 0 0
33 0 1
33 1 0
33 0 -1
33 -1 0
33 1 1
33 1 -1
33 -1 1
33 -1 -1
33 0 0
33 0 1
33 1 0
33 0 -1
33 -1 0
33 1 1
33 1 -1
33 -1 1
33 -1 -1
33 0 0
33 0 1
33 1 0
33 0 -1
33 -1 0
33 1 1
33 1 -1
33 -1 1
33 -1 -1
33 0 0
33 0 1
33 1 0
33 0 -1
33 -1 0
33 1 1
33 1 -1
33 -1 1
33 -1 -1
33 0 0
33 0 1
33 1 0
33 0 -1
33 -1 0
33 1 1
33 1 -1
33 -1 1
33 -1 -1
33 0 0
33 0 1
33 1 0
33 0 -1
33 -1 0
33 1 1
33 1 -1
33 -1 1
33 -1 -1
33 0 0
33 0 1
33 1 0
33 0 -1
33 -1 0
33 1 1
33 1 -1
33 -1 1
33 -1 -1
33 0 0
33 0 1
33 1 0
33 0 -1
33 -1 0
33 1 1
33 1 -1
33 -1 1
33 -1 -1
33 0 0
33 0 1
33 1 0
33 0 -1
33 -1 0
33 1 1
33 1 -1
33 -1 1
33 -1 -1
33 0 0
33 0 1
33 1 0
33 0 -1
33 -1 0
33 1 1
33 1 -1
33 -1 1
33 -1 -1
33 0 0
33 0 1
33 1 0
33 0 -1
33 -1 0
33 1 1
33 1 -1
33 -1 1
33 -1 -1
33 0 0
33 0 1
33 1 0
33 0 -1
33 -1 0
33 1 1
33 1 -1
33 -1 1
33 -1 -1
33 0 0
33 0 1
33 1 0
33 0 -1
33 -1 0
33 1 1
33 1 -1
33 -1 1
33 -1 -1
34 0 0
34 0 1
34 1 0
34 0 -1
34 -1 0
34 1 1
34 1 -1
34 -1 1
34 -1 -1
34 0 0
34 0 1
34 1 0
34 0 -1
34 -1 0
34 1 1
34 1 -1
34 -1 1
34 -1 -1
34 0 0
34 0 1
34 1 0
34 0 -1
34 -1 0
34 1 1
34 1 -1
34 -1 1
34 -1 -1
34 0 0
34 0 1
34 1 0
34 0 -1
34 -1 0
34 1 1
34 1 -1
34 -1 1
34 -1 -1
34 0 0
34 0 1
34 1 0
34 0 -1
34 -1 0
34 1 1
34 1 -1
34 -1 1
34 -1 -1
34 0 0
34 0 1
34 1 0
34 0 -1
34 -1 0
34 1 1
34 1 -1
34 -1 1
34 -1 -1
34 0 0
34 0 1
34 1 0
34 0 -1
34 -1 0
34 1 1
34 1 -1
34 -1 1
34 -1 -1
34 0 0
34 0 1
34 1 0
34 0 -1
34 -1 0
34 1 1
34 1 -1
34 -1 1
34 -1 -1
34 0 0
34 0 1
34 1 0
34 0 -1
34 -1 0
34 1 1
34 1 -1
34 -1 1
34 -1 -1
34 0 0
34 0 1
34 1 0
34 0 -1
34 -1 0
34 1 1
34 1 -1
34 -1 1
34 -1 -1
34 0 0
34 0 1
34 1 0
34 0 -1
34 -1 0
34 1 1
34 1 -1
34 -1 1
34 -1 -1
34 0 0
34 0 1
34 1 0
34 0 -1
34 -1 0
34 1 1
34 1 -1
34 -1 1
34 -1 -1
34 0 0
34 0 1
34 1 0
34 0 -1
34 -1 0
34 1 1
34 1 -1
34 -1 1
34 -1 -1
34 0 0
34 0 1
34 1 0
34 0 -1
34 -1 0
34 1 1
34 1 -1
34 -1 1
34 -1 -1
35 0 0
35 0 1
35 1 0
35 0 -1
35 -1 0
35 1 1
35 1 -1
35 -1 1
35 -1 -1
35 0 0
35 0 1
35 1 0
35 0 -1
35 -1 0
35 1 1
35 1 -1
35 -1 1
35 -1 -1
35 0 0
35 0 1
35 1 0
35 0 -1
35 -1 0
35 1 1
35 1 -1
35 -1 1
35 -1 -1
35 0 0
35 0 1
35 1 0
35 0 -1
35 -1 0
35 1 1
35 1 -1
35 -1 1
35 -1 -1
35 0 0
35 0 1
35 1 0
35 0 -1
35 -1 0
35 1 1
35 1 -1
35 -1 1
35 -1 -1
35 0 0
35 0 1
35 1 0
35 0 -1
35 -1 0
35 1 1
35 1 -1
35 -1 1
35 -1 -1
35 0 0
35 0 1
35 1 0
35 0 -1
35 -1 0
35 1 1
35 1 -1
35 -1 1
35 -1 -1
35 0 0
35 0 1
35 1 0
35 0 -1
35 -1 0
35 1 1
35 1 -1
35 -1 1
35 -1 -1
35 0 0
35 0 1
35 1 0
35 0 -1
35 -1 0
35 1 1
35 1 -1
35 -1 1
35 -1 -1
35 0 0
35 0 1
35 1 0
35 0 -1
35 -1 0
35 1 1
35 1 -1
35 -1 1
35 -1 -1
35 0 0
35 0 1
35 1 0
35 0 -1
35 -1 0
35 1 1
35 1 -1
35 -1 1
35 -1 -1
35 0 0
35 0 1
35 1 0
35 0 -1
35 -1 0
35 1 1
35 1 -1
35 -1 1
35 -1 -1
35 0 0
35 0 1
35 1 0
35 0 -1
35 -1 0
35 1 1
35 1 -1
35 -1 1
35 -1 -1
35 0 0
35 0 1
35 1 0
35 0 -1
35 -1 0
35 1 1
35 1 -1
35 -1 1
35 -1 -1
36 0 0
36 0 1
36 1 0
36 0 -1
36 -1 0
36 1 1
36 1 -1
36 -1 1
36 -1 -1
36 0 0
36 0 1
36 1 0
36 0 -1
36 -1 0
36 1 1
36 1 -1
36 -1 1
36 -1 -1
36 0 0
36 0 1
36 1 0
36 0 -1
36 -1 0
36 1 1
36 1 -1
36 -1 1
36 -1 -1
36 0 0
36 0 1
36 1 0
36 0 -1
36 -1 0
36 1 1
36 1 -1
36 -1 1
36 -1 -1
36 0 0
36 0 1
36 1 0
36 0 -1
36 -1 0
36 1 1
36 1 -1
36 -1 1
36 -1 -1
36 0 0
36 0 1
36 1 0
36 0 -1
36 -1 0
36 1 1
36 1 -1
36 -1 1
36 -1 -1
36 0 0
36 0 1
36 1 0
36 0 -1
36 -1 0
36 1 1
36 1 -1
36 -1 1
36 -1 -1
36 0 0
36 0 1
36 1 0
36 0 -1
36 -1 0
36 1 1
36 1 -1
36 -1 1
36 -1 -1
36 0 0
36 0 1
36 1 0
36 0 -1
36 -1 0
36 1 1
36 1 -1
36 -1 1
36 -1 -1
36 0 0
36 0 1
36 1 0
36 0 -1
36 -1 0
36 1 1
36 1 -1
36 -1 1
36 -1 -1
36 0 0
36 0 1
36 1 0
36 0 -1
36 -1 0
36 1 1
36 1 -1
36 -1 1
36 -1 -1
36 0 0
36 0 1
36 1 0
36 0 -1
36 -1 0
36 1 1
36 1 -1
36 -1 1
36 -1 -1
36 0 0
36 0 1
36 1 0
36 0 -1
36 -1 0
36 1 1
36 1 -1
36 -1 1
36 -1 -1
36 0 0
36 0 1
36 1 0
36 0 -1
36 -1 0
36 1 1
36 1 -1
36 -1 1
36 -1 -1
37 0 0
37 0 1
37 1 0
37 0 -1
37 -1 0
37 1 1
37 1 -1
37 -1 1
37 -1 -1
37 0 0
37 0 1
37 1 0
37 0 -1
37 -1 0
37 1 1
37 1 -1
37 -1 1
37 -1 -1
37 0 0
37 0 1
37 1 0
37 0 -1
37 -1 0
37 1 1
37 1 -1
37 -1 1
37 -1 -1
37 0 0
37 0 1
37 1 0
37 0 -1
37 -1 0
37 1 1
37 1 -1
37 -1 1
37 -1 -1
37 0 0
37 0 1
37 1 0
37 0 -1
37 -1 0
37 1 1
37 1 -1
37 -1 1
37 -1 -1
37 0 0
37 0 1
37 1 0
37 0 -1
37 -1 0
37 1 1
37 1 -1
37 -1 1
37 -1 -1
37 0 0
37 0 1
37 1 0
37 0 -1
37 -1 0
37 1 1
37 1 -1
37 -1 1
37 -1 -1
37 0 0
37 0 1
37 1 0
37 0 -1
37 -1 0
37 1 1
37 1 -1
37 -1 1
37 -1 -1
37 0 0
37 0 1
37 1 0
37 0 -1
37 -1 0
37 1 1
37 1 -1
37 -1 1
37 -1 -1
37 0 0
37 0 1
37 1 0
37 0 -1
37 -1 0
37 1 1
37 1 -1
37 -1 1
37 -1 -1
37 0 0
37 0 1
37 1 0
37 0 -1
37 -1 0
37 1 1
37 1 -1
37 -1 1
37 -1 -1
37 0 0
37 0 1
37 1 0
37 0 -1
37 -1 0
37 1 1
37 1 -1
37 -1 1
37 -1 -1
37 0 0
37 0 1
37 1 0
37 0 -1
37 -1 0
37 1 1
37 1 -1
37 -1 1
37 -1 -1
37 0 0
37 0 1
37 1 0
37 0 -1
37 -1 0
37 1 1
37 1 -1
37 -1 1
37 -1 -1
38 0 0
38 0 1
38 1 0
38 0 -1
38 -1 0
38 1 1
38 1 -1
38 -1 1
38 -1 -1
38 0 0
38 0 1
38 1 0
38 0 -1
38 -1 0
38 1 1
38 1 -1
38 -1 1
38 -1 -1
38 0 0
38 0 1
38 1 0
38 0 -1
38 -1 0
38 1 1
38 1 -1
38 -1 1
38 -1 -1
38 0 0
38 0 1
38 1 0
38 0 -1
38 -1 0
38 1 1
38 1 -1
38 -1 1
38 -1 -1
38 0 0
38 0 1
38 1 0
38 0 -1
38 -1 0
38 1 1
38 1 -1
38 -1 1
38 -1 -1
38 0 0
38 0 1
38 1 0
38 0 -1
38 -1 0
38 1 1
38 1 -1
38 -1 1
38 -1 -1
38 0 0
38 0 1
38 1 0
38 0 -1
38 -1 0
38 1 1
38 1 -1
38 -1 1
38 -1 -1
38 0 0
38 0 1
38 1 0
38 0 -1
38 -1 0
38 1 1
38 1 -1
38 -1 1
38 -1 -1
38 0 0
38 0 1
38 1 0
38 0 -1
38 -1 0
38 1 1
38 1 -1
38 -1 1
38 -1 -1
38 0 0
38 0 1
38 1 0
38 0 -1
38 -1 0
38 1 1
38 1 -1
38 -1 1
38 -1 -1
38 0 0
38 0 1
38 1 0
38 0 -1
38 -1 0
38 1 1
38 1 -1
38 -1 1
38 -1 -1
38 0 0
38 0 1
38 1 0
38 0 -1
38 -1 0
38 1 1
38 1 -1
38 -1 1
38 -1 -1
38 0 0
38 0 1
38 1 0
38 0 -1
38 -1 0
38 1 1
38 1 -1
38 -1 1
38 -1 -1
38 0 0
38 0 1
38 1 0
38 0 -1
38 -1 0
38 1 1
38 1 -1
38 -1 1
38 -1 -1
39 0 0
39 0 1
39 1 0
39 0 -1
39 -1 0
39 1 1
39 1 -1
39 -1 1
39 -1 -1
39 0 0
39 0 1
39 1 0
39 0 -1
39 -1 0
39 1 1
39 1 -1
39 -1 1
39 -1 -1
39 0 0
39 0 1
39 1 0
39 0 -1
39 -1 0
39 1 1
39 1 -1
39 -1 1
39 -1 -1
39 0 0
39 0 1
39 1 0
39 0 -1
39 -1 0
39 1 1
39 1 -1
39 -1 1
39 -1 -1
39 0 0
39 0 1
39 1 0
39 0 -1
39 -1 0
39 1 1
39 1 -1
39 -1 1
39 -1 -1
39 0 0
39 0 1
39 1 0
39 0 -1
39 -1 0
39 1 1
39 1 -1
39 -1 1
39 -1 -1
39 0 0
39 0 1
39 1 0
39 0 -1
39 -1 0
39 1 1
39 1 -1
39 -1 1
39 -1 -1
39 0 0
39 0 1
39 1 0
39 0 -1
39 -1 0
39 1 1
39 1 -1
39 -1 1
39 -1 -1
39 0 0
39 0 1
39 1 0
39 0 -1
39 -1 0
39 1 1
39 1 -1
39 -1 1
39 -1 -1
39 0 0
39 0 1
39 1 0
39 0 -1
39 -1 0
39 1 1
39 1 -1
39 -1 1
39 -1 -1
39 0 0
39 0 1
39 1 0
39 0 -1
39 -1 0
39 1 1
39 1 -1
39 -1 1
39 -1 -1
39 0 0
39 0 1
39 1 0
39 0 -1
39 -1 0
39 1 1
39 1 -1
39 -1 1
39 -1 -1
39 0 0
39 0 1
39 1 0
39 0 -1
39 -1 0
39 1 1
39 1 -1
39 -1 1
39 -1 -1
39 0 0
39 0 1
39 1 0
39 0 -1
39 -1 0
39 1 1
39 1 -1
39 -1 1
39 -1 -1
40 0 0
40 0 1
40 1 0
40 0 -1
40 -1 0
40 1 1
40 1 -1
40 -1 1
40 -1 -1
40 0 0
40 0 1
40 1 0
40 0 -1
40 -1 0
40 1 1
40 1 -1
40 -1 1
40 -1 -1
40 0 0
40 0 1
40 1 0
40 0 -1
40 -1 0
40 1 1
40 1 -1
40 -1 1
40 -1 -1
40 0 0
40 0 1
40 1 0
40 0 -1
40 -1 0
40 1 1
40 1 -1
40 -1 1
40 -1 -1
40 0 0
40 0 1
40 1 0
40 0 -1
40 -1 0
40 1 1
40 1 -1
40 -1 1
40 -1 -1
40 0 0
40 0 1
40 1 0
40 0 -1
40 -1 0
40 1 1
40 1 -1
40 -1 1
40 -1 -1
40 0 0
40 0 1
40 1 0
40 0 -1
40 -1 0
40 1 1
40 1 -1
40 -1 1
40 -1 -1
40 0 0
40 0 1
40 1 0
40 0 -1
40 -1 0
40 1 1
40 1 -1
40 -1 1
40 -1 -1
40 0 0
40 0 1
40 1 0
40 0 -1
40 -1 0
40 1 1
40 1 -1
40 -1 1
40 -1 -1
40 0 0
40 0 1
40 1 0
40 0 -1
40 -1 0
40 1 1
40 1 -1
40 -1 1
40 -1 -1
40 0 0
40 0 1
40 1 0
40 0 -1
40 -1 0
40 1 1
40 1 -1
40 -1 1
40 -1 -1
40 0 0
40 0 1
40 1 0
40 0 -1
40 -1 0
40 1 1
40 1 -1
40 -1 1
40 -1 -1
40 0 0
40 0 1
40 1 0
40 0 -1
40 -1 0
40 1 1
40 1 -1
40 -1 1
40 -1 -1
40 0 0
40 0 1
40 1 0
40 0 -1
40 -1 0
40 1 1
40 1 -1
40 -1 1
40 -1 -1
41 0 0
41 0 1
41 1 0
41 0 -1
41 -1 0
41 1 1
41 1 -1
41 -1 1
41 -1 -1
41 0 0
41 0 1
41 1 0
41 0 -1
41 -1 0
41 1 1
41 1 -1
41 -1 1
41 -1 -1
41 0 0
41 0 1
41 1 0
41 0 -1
41 -1 0
41 1 1
41 1 -1
41 -1 1
41 -1 -1
41 0 0
41 0 1
41 1 0
41 0 -1
41 -1 0
41 1 1
41 1 -1
41 -1 1
41 -1 -1
41 0 0
41 0 1
41 1 0
41 0 -1
41 -1 0
41 1 1
41 1 -1
41 -1 1
41 -1 -1
41 0 0
41 0 1
41 1 0
41 0 -1
41 -1 0
41 1 1
41 1 -1
41 -1 1
41 -1 -1
41 0 0
41 0 1
41 1 0
41 0 -1
41 -1 0
41 1 1
41 1 -1
41 -1 1
41 -1 -1
41 0 0
41 0 1
41 1 0
41 0 -1
41 -1 0
41 1 1
41 1 -1
41 -1 1
41 -1 -1
41 0 0
41 0 1
41 1 0
41 0 -1
41 -1 0
41 1 1
41 1 -1
41 -1 1
41 -1 -1
41 0 0
41 0 1
41 1 0
41 0 -1
41 -1 0
41 1 1
41 1 -1
41 -1 1
41 -1 -1
41 0 0
41 0 1
41 1 0
41 0 -1
41 -1 0
41 1 1
41 1 -1
41 -1 1
41 -1 -1
41 0 0
41 0 1
41 1 0
41 0 -1
41 -1 0
41 1 1
41 1 -1
41 -1 1
41 -1 -1
41 0 0
41 0 1
41 1 0
41 0 -1
41 -1 0
41 1 1
41 1 -1
41 -1 1
41 -1 -1
41 0 0
41 0 1
41 1 0
41 0 -1
41 -1 0
41 1 1
41 1 -1
41 -1 1
41 -1 -1
42 0 0
42 0 1
42 1 0
42 0 -1
42 -1 0
42 1 1
42 1 -1
42 -1 1
42 -1 -1
42 0 0
42 0 1
42 1 0
42 0 -1
42 -1 0
42 1 1
42 1 -1
42 -1 1
42 -1 -1
42 0 0
42 0 1
42 1 0
42 0 -1
42 -1 0
42 1 1
42 1 -1
42 -1 1
42 -1 -1
42 0 0
42 0 1
42 1 0
42 0 -1
42 -1 0
42 1 1
42 1 -1
42 -1 1
42 -1 -1
42 0 0
42 0 1
42 1 0
42 0 -1
42 -1 0
42 1 1
42 1 -1
42 -1 1
42 -1 -1
42 0 0
42 0 1
42 1 0
42 0 -1
42 -1 0
42 1 1
42 1 -1
42 -1 1
42 -1 -1
42 0 0
42 0 1
42 1 0
42 0 -1
42 -1 0
42 1 1
42 1 -1
42 -1 1
42 -1 -1
42 0 0
42 0 1
42 1 0
42 0 -1
42 -1 0
42 1 1
42 1 -1
42 -1 1
42 -1 -1
42 0 0
42 0 1
42 1 0
42 0 -1
42 -1 0
42 1 1
42 1 -1
42 -1 1
42 -1 -1
42 0 0
42 0 1
42 1 0
42 0 -1
42 -1 0
42 1 1
42 1 -1
42 -1 1
42 -1 -1
42 0 0
42 0 1
42 1 0
42 0 -1
42 -1 0
42 1 1
42 1 -1
42 -1 1
42 -1 -1
42 0 0
42 0 1
42 1 0
42 0 -1
42 -1 0
42 1 1
42 1 -1
42 -1 1
42 -1 -1
42 0 0
42 0 1
42 1 0
42 0 -1
42 -1 0
42 1 1
42 1 -1
42 -1 1
42 -1 -1
42 0 0
42 0 1
42 1 0
42 0 -1
42 -1 0
42 1 1
42 1 -1
42 -1 1
42 -1 -1
43 0 0
43 0 1
43 1 0
43 0 -1
43 -1 0
43 1 1
43 1 -1
43 -1 1
43 -1 -1
43 0 0
43 0 1
43 1 0
43 0 -1
43 -1 0
43 1 1
43 1 -1
43 -1 1
43 -1 -1
43 0 0
43 0 1
43 1 0
43 0 -1
43 -1 0
43 1 1
43 1 -1
43 -1 1
43 -1 -1
43 0 0
43 0 1
43 1 0
43 0 -1
43 -1 0
43 1 1
43 1 -1
43 -1 1
43 -1 -1
43 0 0
43 0 1
43 1 0
43 0 -1
43 -1 0
43 1 1
43 1 -1
43 -1 1
43 -1 -1
43 0 0
43 0 1
43 1 0
43 0 -1
43 -1 0
43 1 1
43 1 -1
43 -1 1
43 -1 -1
43 0 0
43 0 1
43 1 0
43 0 -1
43 -1 0
43 1 1
43 1 -1
43 -1 1
43 -1 -1
43 0 0
43 0 1
43 1 0
43 0 -1
43 -1 0
43 1 1
43 1 -1
43 -1 1
43 -1 -1
43 0 0
43 0 1
43 1 0
43 0 -1
43 -1 0
43 1 1
43 1 -1
43 -1 1
43 -1 -1
43 0 0
43 0 1
43 1 0
43 0 -1
43 -1 0
43 1 1
43 1 -1
43 -1 1
43 -1 -1
43 0 0
43 0 1
43 1 0
43 0 -1
43 -1 0
43 1 1
43 1 -1
43 -1 1
43 -1 -1
43 0 0
43 0 1
43 1 0
43 0 -1
43 -1 0
43 1 1
43 1 -1
43 -1 1
43 -1 -1
43 0 0
43 0 1
43 1 0
43 0 -1
43 -1 0
43 1 1
43 1 -1
43 -1 1
43 -1 -1
43 0 0
43 0 1
43 1 0
43 0 -1
43 -1 0
43 1 1
43 1 -1
43 -1 1
43 -1 -1
44 0 0
44 0 1
44 1 0
44 0 -1
44 -1 0
44 1 1
44 1 -1
44 -1 1
44 -1 -1
44 0 0
44 0 1
44 1 0
44 0 -1
44 -1 0
44 1 1
44 1 -1
44 -1 1
44 -1 -1
44 0 0
44 0 1
44 1 0
44 0 -1
44 -1 0
44 1 1
44 1 -1
44 -1 1
44 -1 -1
44 0 0
44 0 1
44 1 0
44 0 -1
44 -1 0
44 1 1
44 1 -1
44 -1 1
44 -1 -1
44 0 0
44 0 1
44 1 0
44 0 -1
44 -1 0
44 1 1
44 1 -1
44 -1 1
44 -1 -1
44 0 0
44 0 1
44 1 0
44 0 -1
44 -1 0
44 1 1
44 1 -1
44 -1 1
44 -1 -1
44 0 0
44 0 1
44 1 0
44 0 -1
44 -1 0
44 1 1
44 1 -1
44 -1 1
44 -1 -1
44 0 0
44 0 1
44 1 0
44 0 -1
44 -1 0
44 1 1
44 1 -1
44 -1 1
44 -1 -1
44 0 0
44 0 1
44 1 0
44 0 -1
44 -1 0
44 1 1
44 1 -1
44 -1 1
44 -1 -1
44 0 0
44 0 1
44 1 0
44 0 -1
44 -1 0
44 1 1
44 1 -1
44 -1 1
44 -1 -1
44 0 0
44 0 1
44 1 0
44 0 -1
44 -1 0
44 1 1
44 1 -1
44 -1 1
44 -1 -1
44 0 0
44 0 1
44 1 0
44 0 -1
44 -1 0
44 1 1
44 1 -1
44 -1 1
44 -1 -1
44 0 0
44 0 1
44 1 0
44 0 -1
44 -1 0
44 1 1
44 1 -1
44 -1 1
44 -1 -1
44 0 0
44 0 1
44 1 0
44 0 -1
44 -1 0
44 1 1
44 1 -1
44 -1 1
44 -1 -1
45 0 0
45 0 1
45 1 0
45 0 -1
45 -1 0
45 1 1
45 1 -1
45 -1 1
45 -1 -1
45 0 0
45 0 1
45 1 0
45 0 -1
45 -1 0
45 1 1
45 1 -1
45 -1 1
45 -1 -1
45 0 0
45 0 1
45 1 0
45 0 -1
45 -1 0
45 1 1
45 1 -1
45 -1 1
45 -1 -1
45 0 0
45 0 1
45 1 0
45 0 -1
45 -1 0
45 1 1
45 1 -1
45 -1 1
45 -1 -1
45 0 0
45 0 1
45 1 0
45 0 -1
45 -1 0
45 1 1
45 1 -1
45 -1 1
45 -1 -1
45 0 0
45 0 1
45 1 0
45 0 -1
45 -1 0
45 1 1
45 1 -1
45 -1 1
45 -1 -1
45 0 0
45 0 1
45 1 0
45 0 -1
45 -1 0
45 1 1
45 1 -1
45 -1 1
45 -1 -1
45 0 0
45 0 1
45 1 0
45 0 -1
45 -1 0
45 1 1
45 1 -1
45 -1 1
45 -1 -1
45 0 0
45 0 1
45 1 0
45 0 -1
45 -1 0
45 1 1
45 1 -1
45 -1 1
45 -1 -1
45 0 0
45 0 1
45 1 0
45 0 -1
45 -1 0
45 1 1
45 1 -1
45 -1 1
45 -1 -1
45 0 0
45 0 1
45 1 0
45 0 -1
45 -1 0
45 1 1
45 1 -1
45 -1 1
45 -1 -1
45 0 0
45 0 1
45 1 0
45 0 -1
45 -1 0
45 1 1
45 1 -1
45 -1 1
45 -1 -1
45 0 0
45 0 1
45 1 0
45 0 -1
45 -1 0
45 1 1
45 1 -1
45 -1 1
45 -1 -1
45 0 0
45 0 1
45 1 0
45 0 -1
45 -1 0
45 1 1
45 1 -1
45 -1 1
45 -1 -1
46 0 0
46 0 1
46 1 0
46 0 -1
46 -1 0
46 1 1
46 1 -1
46 -1 1
46 -1 -1
46 0 0
46 0 1
46 1 0
46 0 -1
46 -1 0
46 1 1
46 1 -1
46 -1 1
46 -1 -1
46 0 0
46 0 1
46 1 0
46 0 -1
46 -1 0
46 1 1
46 1 -1
46 -1 1
46 -1 -1
46 0 0
46 0 1
46 1 0
46 0 -1
46 -1 0
46 1 1
46 1 -1
46 -1 1
46 -1 -1
46 0 0
46 0 1
46 1 0
46 0 -1
46 -1 0
46 1 1
46 1 -1
46 -1 1
46 -1 -1
46 0 0
46 0 1
46 1 0
46 0 -1
46 -1 0
46 1 1
46 1 -1
46 -1 1
46 -1 -1
46 0 0
46 0 1
46 1 0
46 0 -1
46 -1 0
46 1 1
46 1 -1
46 -1 1
46 -1 -1
46 0 0
46 0 1
46 1 0
46 0 -1
46 -1 0
46 1 1
46 1 -1
46 -1 1
46 -1 -1
46 0 0
46 0 1
46 1 0
46 0 -1
46 -1 0
46 1 1
46 1 -1
46 -1 1
46 -1 -1
46 0 0
46 0 1
46 1 0
46 0 -1
46 -1 0
46 1 1
46 1 -1
46 -1 1
46 -1 -1
46 0 0
46 0 1
46 1 0
46 0 -1
46 -1 0
46 1 1
46 1 -1
46 -1 1
46 -1 -1
46 0 0
46 0 1
46 1 0
46 0 -1
46 -1 0
46 1 1
46 1 -1
46 -1 1
46 -1 -1
46 0 0
46 0 1
46 1 0
46 0 -1
46 -1 0
46 1 1
46 1 -1
46 -1 1
46 -1 -1
46 0 0
46 0 1
46 1 0
46 0 -1
46 -1 0
46 1 1
46 1 -1
46 -1 1
46 -1 -1
47 0 0
47 0 1
47 1 0
47 0 -1
47 -1 0
47 1 1
47 1 -1
47 -1 1
47 -1 -1
47 0 0
47 0 1
47 1 0
47 0 -1
47 -1 0
47 1 1
47 1 -1
47 -1 1
47 -1 -1
47 0 0
47 0 1
47 1 0
47 0 -1
47 -1 0
47 1 1
47 1 -1
47 -1 1
47 -1 -1
47 0 0
47 0 1
47 1 0
47 0 -1
47 -1 0
47 1 1
47 1 -1
47 -1 1
47 -1 -1
47 0 0
47 0 1
47 1 0
47 0 -1
47 -1 0
47 1 1
47 1 -1
47 -1 1
47 -1 -1
47 0 0
47 0 1
47 1 0
47 0 -1
47 -1 0
47 1 1
47 1 -1
47 -1 1
47 -1 -1
47 0 0
47 0 1
47 1 0
47 0 -1
47 -1 0
47 1 1
47 1 -1
47 -1 1
47 -1 -1
47 0 0
47 0 1
47 1 0
47 0 -1
47 -1 0
47 1 1
47 1 -1
47 -1 1
47 -1 -1
47 0 0
47 0 1
47 1 0
47 0 -1
47 -1 0
47 1 1
47 1 -1
47 -1 1
47 -1 -1
47 0 0
47 0 1
47 1 0
47 0 -1
47 -1 0
47 1 1
47 1 -1
47 -1 1
47 -1 -1
47 0 0
47 0 1
47 1 0
47 0 -1
47 -1 0
47 1 1
47 1 -1
47 -1 1
47 -1 -1
47 0 0
47 0 1
47 1 0
47 0 -1
47 -1 0
47 1 1
47 1 -1
47 -1 1
47 -1 -1
47 0 0
47 0 1
47 1 0
47 0 -1
47 -1 0
47 1 1
47 1 -1
47 -1 1
47 -1 -1
47 0 0
47 0 1
47 1 0
47 0 -1
47 -1 0
47 1 1
47 1 -1
47 -1 1
47 -1 -1
48 0 0
48 0 1
48 1 0
48 0 -1
48 -1 0
48 1 1
48 1 -1
48 -1 1
48 -1 -1
48 0 0
48 0 1
48 1 0
48 0 -1
48 -1 0
48 1 1
48 1 -1
48 -1 1
48 -1 -1
48 0 0
48 0 1
48 1 0
48 0 -1
48 -1 0
48 1 1
48 1 -1
48 -1 1
48 -1 -1
48 0 0
48 0 1
48 1 0
48 0 -1
48 -1 0
48 1 1
48 1 -1
48 -1 1
48 -1 -1
48 0 0
48 0 1
48 1 0
48 0 -1
48 -1 0
48 1 1
48 1 -1
48 -1 1
48 -1 -1
48 0 0
48 0 1
48 1 0
48 0 -1
48 -1 0
48 1 1
48 1 -1
48 -1 1
48 -1 -1
48 0 0
48 0 1
48 1 0
48 0 -1
48 -1 0
48 1 1
48 1 -1
48 -1 1
48 -1 -1
48 0 0
48 0 1
48 1 0
48 0 -1
48 -1 0
48 1 1
48 1 -1
48 -1 1
48 -1 -1
48 0 0
48 0 1
48 1 0
48 0 -1
48 -1 0
48 1 1
48 1 -1
48 -1 1
48 -1 -1
48 0 0
48 0 1
48 1 0
48 0 -1
48 -1 0
48 1 1
48 1 -1
48 -1 1
48 -1 -1
48 0 0
48 0 1
48 1 0
48 0 -1
48 -1 0
48 1 1
48 1 -1
48 -1 1
48 -1 -1
48 0 0
48 0 1
48 1 0
48 0 -1
48 -1 0
48 1 1
48 1 -1
48 -1 1
48 -1 -1
48 0 0
48 0 1
48 1 0
48 0 -1
48 -1 0
48 1 1
48 1 -1
48 -1 1
48 -1 -1
48 0 0
48 0 1
48 1 0
48 0 -1
48 -1 0
48 1 1
48 1 -1
48 -1 1
48 -1 -1
49 0 0
49 0 1
49 1 0
49 0 -1
49 -1 0
49 1 1
49 1 -1
49 -1 1
49 -1 -1
49 0 0
49 0 1
49 1 0
49 0 -1
49 -1 0
49 1 1
49 1 -1
49 -1 1
49 -1 -1
49 0 0
49 0 1
49 1 0
49 0 -1
49 -1 0
49 1 1
49 1 -1
49 -1 1
49 -1 -1
49 0 0
49 0 1
49 1 0
49 0 -1
49 -1 0
49 1 1
49 1 -1
49 -1 1
49 -1 -1
49 0 0
49 0 1
49 1 0
49 0 -1
49 -1 0
49 1 1
49 1 -1
49 -1 1
49 -1 -1
49 0 0
49 0 1
49 1 0
49 0 -1
49 -1 0
49 1 1
49 1 -1
49 -1 1
49 -1 -1
49 0 0
49 0 1
49 1 0
49 0 -1
49 -1 0
49 1 1
49 1 -1
49 -1 1
49 -1 -1
49 0 0
49 0 1
49 1 0
49 0 -1
49 -1 0
49 1 1
49 1 -1
49 -1 1
49 -1 -1
49 0 0
49 0 1
49 1 0
49 0 -1
49 -1 0
49 1 1
49 1 -1
49 -1 1
49 -1 -1
49 0 0
49 0 1
49 1 0
49 0 -1
49 -1 0
49 1 1
49 1 -1
49 -1 1
49 -1 -1
49 0 0
49 0 1
49 1 0
49 0 -1
49 -1 0
49 1 1
49 1 -1
49 -1 1
49 -1 -1
49 0 0
49 0 1
49 1 0
49 0 -1
49 -1 0
49 1 1
49 1 -1
49 -1 1
49 -1 -1
49 0 0
49 0 1
49 1 0
49 0 -1
49 -1 0
49 1 1
49 1 -1
49 -1 1
49 -1 -1
49 0 0
49 0 1
49 1 0
49 0 -1
49 -1 0
49 1 1
49 1 -1
49 -1 1
49 -1 -1
50 0 0
50 0 1
50 1 0
50 0 -1
50 -1 0
50 1 1
50 1 -1
50 -1 1
50 -1 -1
50 0 0
50 0 1
50 1 0
50 0 -1
50 -1 0
50 1 1
50 1 -1
50 -1 1
50 -1 -1
50 0 0
50 0 1
50 1 0
50 0 -1
50 -1 0
50 1 1
50 1 -1
50 -1 1
50 -1 -1
50 0 0
50 0 1
50 1 0
50 0 -1
50 -1 0
50 1 1
50 1 -1
50 -1 1
50 -1 -1
50 0 0
50 0 1
50 1 0
50 0 -1
50 -1 0
50 1 1
50 1 -1
50 -1 1
50 -1 -1
50 0 0
50 0 1
50 1 0
50 0 -1
50 -1 0
50 1 1
50 1 -1
50 -1 1
50 -1 -1
50 0 0
50 0 1
50 1 0
50 0 -1
50 -1 0
50 1 1
50 1 -1
50 -1 1
50 -1 -1
50 0 0
50 0 1
50 1 0
50 0 -1
50 -1 0
50 1 1
50 1 -1
50 -1 1
50 -1 -1
50 0 0
50 0 1
50 1 0
50 0 -1
50 -1 0
50 1 1
50 1 -1
50 -1 1
50 -1 -1
50 0 0
50 0 1
50 1 0
50 0 -1
50 -1 0
50 1 1
50 1 -1
50 -1 1
50 -1 -1
50 0 0
50 0 1
50 1 0
50 0 -1
50 -1 0
50 1 1
50 1 -1
50 -1 1
50 -1 -1
50 0 0
50 0 1
50 1 0
50 0 -1
50 -1 0
50 1 1
50 1 -1
50 -1 1
50 -1 -1
50 0 0
50 0 1
50 1 0
50 0 -1
50 -1 0
50 1 1
50 1 -1
50 -1 1
50 -1 -1
50 0 0
50 0 1
50 1 0
50 0 -1
50 -1 0
50 1 1
50 1 -1
50 -1 1
50 -1 -1
51 0 0
51 0 1
51 1 0
51 0 -1
51 -1 0
51 1 1
51 1 -1
51 -1 1
51 -1 -1
51 0 0
51 0 1
51 1 0
51 0 -1
51 -1 0
51 1 1
51 1 -1
51 -1 1
51 -1 -1
51 0 0
51 0 1
51 1 0
51 0 -1
51 -1 0
51 1 1
51 1 -1
51 -1 1
51 -1 -1
51 0 0
51 0 1
51 1 0
51 0 -1
51 -1 0
51 1 1
51 1 -1
51 -1 1
51 -1 -1
51 0 0
51 0 1
51 1 0
51 0 -1
51 -1 0
51 1 1
51 1 -1
51 -1 1
51 -1 -1
51 0 0
51 0 1
51 1 0
51 0 -1
51 -1 0
51 1 1
51 1 -1
51 -1 1
51 -1 -1
51 0 0
51 0 1
51 1 0
51 0 -1
51 -1 0
51 1 1
51 1 -1
51 -1 1
51 -1 -1
51 0 0
51 0 1
51 1 0
51 0 -1
51 -1 0
51 1 1
51 1 -1
51 -1 1
51 -1 -1
51 0 0
51 0 1
51 1 0
51 0 -1
51 -1 0
51 1 1
51 1 -1
51 -1 1
51 -1 -1
51 0 0
51 0 1
51 1 0
51 0 -1
51 -1 0
51 1 1
51 1 -1
51 -1 1
51 -1 -1
51 0 0
51 0 1
51 1 0
51 0 -1
51 -1 0
51 1 1
51 1 -1
51 -1 1
51 -1 -1
51 0 0
51 0 1
51 1 0
51 0 -1
51 -1 0
51 1 1
51 1 -1
51 -1 1
51 -1 -1
51 0 0
51 0 1
51 1 0
51 0 -1
51 -1 0
51 1 1
51 1 -1
51 -1 1
51 -1 -1
51 0 0
51 0 1
51 1 0
51 0 -1
51 -1 0
51 1 1
51 1 -1
51 -1 1
51 -1 -1
52 0 0
52 0 1
52 1 0
52 0 -1
52 -1 0
52 1 1
52 1 -1
52 -1 1
52 -1 -1
52 0 0
52 0 1
52 1 0
52 0 -1
52 -1 0
52 1 1
52 1 -1
52 -1 1
52 -1 -1
52 0 0
52 0 1
52 1 0
52 0 -1
52 -1 0
52 1 1
52 1 -1
52 -1 1
52 -1 -1
52 0 0
52 0 1
52 1 0
52 0 -1
52 -1 0
52 1 1
52 1 -1
52 -1 1
52 -1 -1
52 0 0
52 0 1
52 1 0
52 0 -1
52 -1 0
52 1 1
52 1 -1
52 -1 1
52 -1 -1
52 0 0
52 0 1
52 1 0
52 0 -1
52 -1 0
52 1 1
52 1 -1
52 -1 1
52 -1 -1
52 0 0
52 0 1
52 1 0
52 0 -1
52 -1 0
52 1 1
52 1 -1
52 -1 1
52 -1 -1
52 0 0
52 0 1
52 1 0
52 0 -1
52 -1 0
52 1 1
52 1 -1
52 -1 1
52 -1 -1
52 0 0
52 0 1
52 1 0
52 0 -1
52 -1 0
52 1 1
52 1 -1
52 -1 1
52 -1 -1
52 0 0
52 0 1
52 1 0
52 0 -1
52 -1 0
52 1 1
52 1 -1
52 -1 1
52 -1 -1
52 0 0
52 0 1
52 1 0
52 0 -1
52 -1 0
52 1 1
52 1 -1
52 -1 1
52 -1 -1
52 0 0
52 0 1
52 1 0
52 0 -1
52 -1 0
52 1 1
52 1 -1
52 -1 1
52 -1 -1
52 0 0
52 0 1
52 1 0
52 0 -1
52 -1 0
52 1 1
52 1 -1
52 -1 1
52 -1 -1
52 0 0
52 0 1
52 1 0
52 0 -1
52 -1 0
52 1 1
52 1 -1
52 -1 1
52 -1 -1
53 0 0
53 0 1
53 1 0
53 0 -1
53 -1 0
53 1 1
53 1 -1
53 -1 1
53 -1 -1
53 0 0
53 0 1
53 1 0
53 0 -1
53 -1 0
53 1 1
53 1 -1
53 -1 1
53 -1 -1
53 0 0
53 0 1
53 1 0
53 0 -1
53 -1 0
53 1 1
53 1 -1
53 -1 1
53 -1 -1
53 0 0
53 0 1
53 1 0
53 0 -1
53 -1 0
53 1 1
53 1 -1
53 -1 1
53 -1 -1
53 0 0
53 0 1
53 1 0
53 0 -1
53 -1 0
53 1 1
53 1 -1
53 -1 1
53 -1 -1
53 0 0
53 0 1
53 1 0
53 0 -1
53 -1 0
53 1 1
53 1 -1
53 -1 1
53 -1 -1
53 0 0
53 0 1
53 1 0
53 0 -1
53 -1 0
53 1 1
53 1 -1
53 -1 1
53 -1 -1
53 0 0
53 0 1
53 1 0
53 0 -1
53 -1 0
53 1 1
53 1 -1
53 -1 1
53 -1 -1
53 0 0
53 0 1
53 1 0
53 0 -1
53 -1 0
53 1 1
53 1 -1
53 -1 1
53 -1 -1
53 0 0
53 0 1
53 1 0
53 0 -1
53 -1 0
53 1 1
53 1 -1
53 -1 1
53 -1 -1
53 0 0
53 0 1
53 1 0
53 0 -1
53 -1 0
53 1 1
53 1 -1
53 -1 1
53 -1 -1
53 0 0
53 0 1
53 1 0
53 0 -1
53 -1 0
53 1 1
53 1 -1
53 -1 1
53 -1 -1
53 0 0
53 0 1
53 1 0
53 0 -1
53 -1 0
53 1 1
53 1 -1
53 -1 1
53 -1 -1
53 0 0
53 0 1
53 1 0
53 0 -1
53 -1 0
53 1 1
53 1 -1
53 -1 1
53 -1 -1
54 0 0
54 0 1
54 1 0
54 0 -1
54 -1 0
54 1 1
54 1 -1
54 -1 1
54 -1 -1
54 0 0
54 0 1
54 1 0
54 0 -1
54 -1 0
54 1 1
54 1 -1
54 -1 1
54 -1 -1
54 0 0
54 0 1
54 1 0
54 0 -1
54 -1 0
54 1 1
54 1 -1
54 -1 1
54 -1 -1
54 0 0
54 0 1
54 1 0
54 0 -1
54 -1 0
54 1 1
54 1 -1
54 -1 1
54 -1 -1
54 0 0
54 0 1
54 1 0
54 0 -1
54 -1 0
54 1 1
54 1 -1
54 -1 1
54 -1 -1
54 0 0
54 0 1
54 1 0
54 0 -1
54 -1 0
54 1 1
54 1 -1
54 -1 1
54 -1 -1
54 0 0
54 0 1
54 1 0
54 0 -1
54 -1 0
54 1 1
54 1 -1
54 -1 1
54 -1 -1
54 0 0
54 0 1
54 1 0
54 0 -1
54 -1 0
54 1 1
54 1 -1
54 -1 1
54 -1 -1
54 0 0
54 0 1
54 1 0
54 0 -1
54 -1 0
54 1 1
54 1 -1
54 -1 1
54 -1 -1
54 0 0
54 0 1
54 1 0
54 0 -1
54 -1 0
54 1 1
54 1 -1
54 -1 1
54 -1 -1
54 0 0
54 0 1
54 1 0
54 0 -1
54 -1 0
54 1 1
54 1 -1
54 -1 1
54 -1 -1
54 0 0
54 0 1
54 1 0
54 0 -1
54 -1 0
54 1 1
54 1 -1
54 -1 1
54 -1 -1
54 0 0
54 0 1
54 1 0
54 0 -1
54 -1 0
54 1 1
54 1 -1
54 -1 1
54 -1 -1
54 0 0
54 0 1
54 1 0
54 0 -1
54 -1 0
54 1 1
54 1 -1
54 -1 1
54 -1 -1
55 0 0
55 0 1
55 1 0
55 0 -1
55 -1 0
55 1 1
55 1 -1
55 -1 1
55 -1 -1
55 0 0
55 0 1
55 1 0
55 0 -1
55 -1 0
55 1 1
55 1 -1
55 -1 1
55 -1 -1
55 0 0
55 0 1
55 1 0
55 0 -1
55 -1 0
55 1 1
55 1 -1
55 -1 1
55 -1 -1
55 0 0
55 0 1
55 1 0
55 0 -1
55 -1 0
55 1 1
55 1 -1
55 -1 1
55 -1 -1
55 0 0
55 0 1
55 1 0
55 0 -1
55 -1 0
55 1 1
55 1 -1
55 -1 1
55 -1 -1
55 0 0
55 0 1
55 1 0
55 0 -1
55 -1 0
55 1 1
55 1 -1
55 -1 1
55 -1 -1
55 0 0
55 0 1
55 1 0
55 0 -1
55 -1 0
55 1 1
55 1 -1
55 -1 1
55 -1 -1
55 0 0
55 0 1
55 1 0
55 0 -1
55 -1 0
55 1 1
55 1 -1
55 -1 1
55 -1 -1
55 0 0
55 0 1
55 1 0
55 0 -1
55 -1 0
55 1 1
55 1 -1
55 -1 1
55 -1 -1
55 0 0
55 0 1
55 1 0
55 0 -1
55 -1 0
55 1 1
55 1 -1
55 -1 1
55 -1 -1
55 0 0
55 0 1
55 1 0
55 0 -1
55 -1 0
55 1 1
55 1 -1
55 -1 1
55 -1 -1
55 0 0
55 0 1
55 1 0
55 0 -1
55 -1 0
55 1 1
55 1 -1
55 -1 1
55 -1 -1
55 0 0
55 0 1
55 1 0
55 0 -1
55 -1 0
55 1 1
55 1 -1
55 -1 1
55 -1 -1
55 0 0
55 0 1
55 1 0
55 0 -1
55 -1 0
55 1 1
55 1 -1
55 -1 1
55 -1 -1
56 0 0
56 0 1
56 1 0
56 0 -1
56 -1 0
56 1 1
56 1 -1
56 -1 1
56 -1 -1
56 0 0
56 0 1
56 1 0
56 0 -1
56 -1 0
56 1 1
56 1 -1
56 -1 1
56 -1 -1
56 0 0
56 0 1
56 1 0
56 0 -1
56 -1 0
56 1 1
56 1 -1
56 -1 1
56 -1 -1
56 0 0
56 0 1
56 1 0
56 0 -1
56 -1 0
56 1 1
56 1 -1
56 -1 1
56 -1 -1
56 0 0
56 0 1
56 1 0
56 0 -1
56 -1 0
56 1 1
56 1 -1
56 -1 1
56 -1 -1
56 0 0
56 0 1
56 1 0
56 0 -1
56 -1 0
56 1 1
56 1 -1
56 -1 1
56 -1 -1
56 0 0
56 0 1
56 1 0
56 0 -1
56 -1 0
56 1 1
56 1 -1
56 -1 1
56 -1 -1
56 0 0
56 0 1
56 1 0
56 0 -1
56 -1 0
56 1 1
56 1 -1
56 -1 1
56 -1 -1
56 0 0
56 0 1
56 1 0
56 0 -1
56 -1 0
56 1 1
56 1 -1
56 -1 1
56 -1 -1
56 0 0
56 0 1
56 1 0
56 0 -1
56 -1 0
56 1 1
56 1 -1
56 -1 1
56 -1 -1
56 0 0
56 0 1
56 1 0
56 0 -1
56 -1 0
56 1 1
56 1 -1
56 -1 1
56 -1 -1
56 0 0
56 0 1
56 1 0
56 0 -1
56 -1 0
56 1 1
56 1 -1
56 -1 1
56 -1 -1
56 0 0
56 0 1
56 1 0
56 0 -1
56 -1 0
56 1 1
56 1 -1
56 -1 1
56 -1 -1
56 0 0
56 0 1
56 1 0
56 0 -1
56 -1 0
56 1 1
56 1 -1
56 -1 1
56 -1 -1
57 0 0
57 0 1
57 1 0
57 0 -1
57 -1 0
57 1 1
57 1 -1
57 -1 1
57 -1 -1
57 0 0
57 0 1
57 1 0
57 0 -1
57 -1 0
57 1 1
57 1 -1
57 -1 1
57 -1 -1
57 0 0
57 0 1
57 1 0
57 0 -1
57 -1 0
57 1 1
57 1 -1
57 -1 1
57 -1 -1
57 0 0
57 0 1
57 1 0
57 0 -1
57 -1 0
57 1 1
57 1 -1
57 -1 1
57 -1 -1
57 0 0
57 0 1
57 1 0
57 0 -1
57 -1 0
57 1 1
57 1 -1
57 -1 1
57 -1 -1
57 0 0
57 0 1
57 1 0
57 0 -1
57 -1 0
57 1 1
57 1 -1
57 -1 1
57 -1 -1
57 0 0
57 0 1
57 1 0
57 0 -1
57 -1 0
57 1 1
57 1 -1
57 -1 1
57 -1 -1
57 0 0
57 0 1
57 1 0
57 0 -1
57 -1 0
57 1 1
57 1 -1
57 -1 1
57 -1 -1
57 0 0
57 0 1
57 1 0
57 0 -1
57 -1 0
57 1 1
57 1 -1
57 -1 1
57 -1 -1
57 0 0
57 0 1
57 1 0
57 0 -1
57 -1 0
57 1 1
57 1 -1
57 -1 1
57 -1 -1
57 0 0
57 0 1
57 1 0
57 0 -1
57 -1 0
57 1 1
57 1 -1
57 -1 1
57 -1 -1
57 0 0
57 0 1
57 1 0
57 0 -1
57 -1 0
57 1 1
57 1 -1
57 -1 1
57 -1 -1
57 0 0
57 0 1
57 1 0
57 0 -1
57 -1 0
57 1 1
57 1 -1
57 -1 1
57 -1 -1
57 0 0
57 0 1
57 1 0
57 0 -1
57 -1 0
57 1 1
57 1 -1
57 -1 1
57 -1 -1
58 0 0
58 0 1
58 1 0
58 0 -1
58 -1 0
58 1 1
58 1 -1
58 -1 1
58 -1 -1
58 0 0
58 0 1
58 1 0
58 0 -1
58 -1 0
58 1 1
58 1 -1
58 -1 1
58 -1 -1
58 0 0
58 0 1
58 1 0
58 0 -1
58 -1 0
58 1 1
58 1 -1
58 -1 1
58 -1 -1
58 0 0
58 0 1
58 1 0
58 0 -1
58 -1 0
58 1 1
58 1 -1
58 -1 1
58 -1 -1
58 0 0
58 0 1
58 1 0
58 0 -1
58 -1 0
58 1 1
58 1 -1
58 -1 1
58 -1 -1
58 0 0
58 0 1
58 1 0
58 0 -1
58 -1 0
58 1 1
58 1 -1
58 -1 1
58 -1 -1
58 0 0
58 0 1
58 1 0
58 0 -1
58 -1 0
58 1 1
58 1 -1
58 -1 1
58 -1 -1
58 0 0
58 0 1
58 1 0
58 0 -1
58 -1 0
58 1 1
58 1 -1
58 -1 1
58 -1 -1
58 0 0
58 0 1
58 1 0
58 0 -1
58 -1 0
58 1 1
58 1 -1
58 -1 1
58 -1 -1
58 0 0
58 0 1
58 1 0
58 0 -1
58 -1 0
58 1 1
58 1 -1
58 -1 1
58 -1 -1
58 0 0
58 0 1
58 1 0
58 0 -1
58 -1 0
58 1 1
58 1 -1
58 -1 1
58 -1 -1
58 0 0
58 0 1
58 1 0
58 0 -1
58 -1 0
58 1 1
58 1 -1
58 -1 1
58 -1 -1
58 0 0
58 0 1
58 1 0
58 0 -1
58 -1 0
58 1 1
58 1 -1
58 -1 1
58 -1 -1
58 0 0
58 0 1
58 1 0
58 0 -1
58 -1 0
58 1 1
58 1 -1
58 -1 1
58 -1 -1
59 0 0
59 0 1
59 1 0
59 0 -1
59 -1 0
59 1 1
59 1 -1
59 -1 1
59 -1 -1
59 0 0
59 0 1
59 1 0
59 0 -1
59 -1 0
59 1 1
59 1 -1
59 -1 1
59 -1 -1
59 0 0
59 0 1
59 1 0
59 0 -1
59 -1 0
59 1 1
59 1 -1
59 -1 1
59 -1 -1
59 0 0
59 0 1
59 1 0
59 0 -1
59 -1 0
59 1 1
59 1 -1
59 -1 1
59 -1 -1
59 0 0
59 0 1
59 1 0
59 0 -1
59 -1 0
59 1 1
59 1 -1
59 -1 1
59 -1 -1
59 0 0
59 0 1
59 1 0
59 0 -1
59 -1 0
59 1 1
59 1 -1
59 -1 1
59 -1 -1
59 0 0
59 0 1
59 1 0
59 0 -1
59 -1 0
59 1 1
59 1 -1
59 -1 1
59 -1 -1
59 0 0
59 0 1
59 1 0
59 0 -1
59 -1 0
59 1 1
59 1 -1
59 -1 1
59 -1 -1
59 0 0
59 0 1
59 1 0
59 0 -1
59 -1 0
59 1 1
59 1 -1
59 -1 1
59 -1 -1
59 0 0
59 0 1
59 1 0
59 0 -1
59 -1 0
59 1 1
59 1 -1
59 -1 1
59 -1 -1
59 0 0
59 0 1
59 1 0
59 0 -1
59 -1 0
59 1 1
59 1 -1
59 -1 1
59 -1 -1
59 0 0
59 0 1
59 1 0
59 0 -1
59 -1 0
59 1 1
59 1 -1
59 -1 1
59 -1 -1
59 0 0
59 0 1
59 1 0
59 0 -1
59 -1 0
59 1 1
59 1 -1
59 -1 1
59 -1 -1
59 0 0
59 0 1
59 1 0
59 0 -1
59 -1 0
59 1 1
59 1 -1
59 -1 1
59 -1 -1
60 0 0
60 0 1
60 1 0
60 0 -1
60 -1 0
60 1 1
60 1 -1
60 -1 1
60 -1 -1
60 0 0
60 0 1
60 1 0
60 0 -1
60 -1 0
60 1 1
60 1 -1
60 -1 1
60 -1 -1
60 0 0
60 0 1
60 1 0
60 0 -1
60 -1 0
60 1 1
60 1 -1
60 -1 1
60 -1 -1
60 0 0
60 0 1
60 1 0
60 0 -1
60 -1 0
60 1 1
60 1 -1
60 -1 1
60 -1 -1
60 0 0
60 0 1
60 1 0
60 0 -1
60 -1 0
60 1 1
60 1 -1
60 -1 1
60 -1 -1
60 0 0
60 0 1
60 1 0
60 0 -1
60 -1 0
60 1 1
60 1 -1
60 -1 1
60 -1 -1
60 0 0
60 0 1
60 1 0
60 0 -1
60 -1 0
60 1 1
60 1 -1
60 -1 1
60 -1 -1
60 0 0
60 0 1
60 1 0
60 0 -1
60 -1 0
60 1 1
60 1 -1
60 -1 1
60 -1 -1
60 0 0
60 0 1
60 1 0
60 0 -1
60 -1 0
60 1 1
60 1 -1
60 -1 1
60 -1 -1
60 0 0
60 0 1
60 1 0
60 0 -1
60 -1 0
60 1 1
60 1 -1
60 -1 1
60 -1 -1
60 0 0
60 0 1
60 1 0
60 0 -1
60 -1 0
60 1 1
60 1 -1
60 -1 1
60 -1 -1
60 0 0
60 0 1
60 1 0
60 0 -1
60 -1 0
60 1 1
60 1 -1
60 -1 1
60 -1 -1
60 0 0
60 0 1
60 1 0
60 0 -1
60 -1 0
60 1 1
60 1 -1
60 -1 1
60 -1 -1
60 0 0
60 0 1
60 1 0
60 0 -1
60 -1 0
60 1 1
60 1 -1
60 -1 1
60 -1 -1
61 0 0
61 0 1
61 1 0
61 0 -1
61 -1 0
61 1 1
61 1 -1
61 -1 1
61 -1 -1
61 0 0
61 0 1
61 1 0
61 0 -1
61 -1 0
61 1 1
61 1 -1
61 -1 1
61 -1 -1
61 0 0
61 0 1
61 1 0
61 0 -1
61 -1 0
61 1 1
61 1 -1
61 -1 1
61 -1 -1
61 0 0
61 0 1
61 1 0
61 0 -1
61 -1 0
61 1 1
61 1 -1
61 -1 1
61 -1 -1
61 0 0
61 0 1
61 1 0
61 0 -1
61 -1 0
61 1 1
61 1 -1
61 -1 1
61 -1 -1
61 0 0
61 0 1
61 1 0
61 0 -1
61 -1 0
61 1 1
61 1 -1
61 -1 1
61 -1 -1
61 0 0
61 0 1
61 1 0
61 0 -1
61 -1 0
61 1 1
61 1 -1
61 -1 1
61 -1 -1
61 0 0
61 0 1
61 1 0
61 0 -1
61 -1 0
61 1 1
61 1 -1
61 -1 1
61 -1 -1
61 0 0
61 0 1
61 1 0
61 0 -1
61 -1 0
61 1 1
61 1 -1
61 -1 1
61 -1 -1
61 0 0
61 0 1
61 1 0
61 0 -1
61 -1 0
61 1 1
61 1 -1
61 -1 1
61 -1 -1
61 0 0
61 0 1
61 1 0
61 0 -1
61 -1 0
61 1 1
61 1 -1
61 -1 1
61 -1 -1
61 0 0
61 0 1
61 1 0
61 0 -1
61 -1 0
61 1 1
61 1 -1
61 -1 1
61 -1 -1
61 0 0
61 0 1
61 1 0
61 0 -1
61 -1 0
61 1 1
61 1 -1
61 -1 1
61 -1 -1
61 0 0
61 0 1
61 1 0
61 0 -1
61 -1 0
61 1 1
61 1 -1
61 -1 1
61 -1 -1
62 0 0
62 0 1
62 1 0
62 0 -1
62 -1 0
62 1 1
62 1 -1
62 -1 1
62 -1 -1
62 0 0
62 0 1
62 1 0
62 0 -1
62 -1 0
62 1 1
62 1 -1
62 -1 1
62 -1 -1
62 0 0
62 0 1
62 1 0
62 0 -1
62 -1 0
62 1 1
62 1 -1
62 -1 1
62 -1 -1
62 0 0
62 0 1
62 1 0
62 0 -1
62 -1 0
62 1 1
62 1 -1
62 -1 1
62 -1 -1
62 0 0
62 0 1
62 1 0
62 0 -1
62 -1 0
62 1 1
62 1 -1
62 -1 1
62 -1 -1
62 0 0
62 0 1
62 1 0
62 0 -1
62 -1 0
62 1 1
62 1 -1
62 -1 1
62 -1 -1
62 0 0
62 0 1
62 1 0
62 0 -1
62 -1 0
62 1 1
62 1 -1
62 -1 1
62 -1 -1
62 0 0
62 0 1
62 1 0
62 0 -1
62 -1 0
62 1 1
62 1 -1
62 -1 1
62 -1 -1
62 0 0
62 0 1
62 1 0
62 0 -1
62 -1 0
62 1 1
62 1 -1
62 -1 1
62 -1 -1
62 0 0
62 0 1
62 1 0
62 0 -1
62 -1 0
62 1 1
62 1 -1
62 -1 1
62 -1 -1
62 0 0
62 0 1
62 1 0
62 0 -1
62 -1 0
62 1 1
62 1 -1
62 -1 1
62 -1 -1
62 0 0
62 0 1
62 1 0
62 0 -1
62 -1 0
62 1 1
62 1 -1
62 -1 1
62 -1 -1
62 0 0
62 0 1
62 1 0
62 0 -1
62 -1 0
62 1 1
62 1 -1
62 -1 1
62 -1 -1
62 0 0
62 0 1
62 1 0
62 0 -1
62 -1 0
62 1 1
62 1 -1
62 -1 1
62 -1 -1
63 0 0
63 0 1
63 1 0
63 0 -1
63 -1 0
63 1 1
63 1 -1
63 -1 1
63 -1 -1
63 0 0
63 0 1
63 1 0
63 0 -1
63 -1 0
63 1 1
63 1 -1
63 -1 1
63 -1 -1
63 0 0
63 0 1
63 1 0
63 0 -1
63 -1 0
63 1 1
63 1 -1
63 -1 1
63 -1 -1
63 0 0
63 0 1
63 1 0
63 0 -1
63 -1 0
63 1 1
63 1 -1
63 -1 1
63 -1 -1
63 0 0
63 0 1
63 1 0
63 0 -1
63 -1 0
63 1 1
63 1 -1
63 -1 1
63 -1 -1
63 0 0
63 0 1
63 1 0
63 0 -1
63 -1 0
63 1 1
63 1 -1
63 -1 1
63 -1 -1
63 0 0
63 0 1
63 1 0
63 0 -1
63 -1 0
63 1 1
63 1 -1
63 -1 1
63 -1 -1
63 0 0
63 0 1
63 1 0
63 0 -1
63 -1 0
63 1 1
63 1 -1
63 -1 1
63 -1 -1
63 0 0
63 0 1
63 1 0
63 0 -1
63 -1 0
63 1 1
63 1 -1
63 -1 1
63 -1 -1
63 0 0
63 0 1
63 1 0
63 0 -1
63 -1 0
63 1 1
63 1 -1
63 -1 1
63 -1 -1
63 0 0
63 0 1
63 1 0
63 0 -1
63 -1 0
63 1 1
63 1 -1
63 -1 1
63 -1 -1
63 0 0
63 0 1
63 1 0
63 0 -1
63 -1 0
63 1 1
63 1 -1
63 -1 1
63 -1 -1
63 0 0
63 0 1
63 1 0
63 0 -1
63 -1 0
63 1 1
63 1 -1
63 -1 1
63 -1 -1
63 0 0
63 0 1
63 1 0
63 0 -1
63 -1 0
63 1 1
63 1 -1
63 -1 1
63 -1 -1
64 0 0
64 0 1
64 1 0
64 0 -1
64 -1 0
64 1 1
64 1 -1
64 -1 1
64 -1 -1
64 0 0
64 0 1
64 1 0
64 0 -1
64 -1 0
64 1 1
64 1 -1
64 -1 1
64 -1 -1
64 0 0
64 0 1
64 1 0
64 0 -1
64 -1 0
64 1 1
64 1 -1
64 -1 1
64 -1 -1
64 0 0
64 0 1
64 1 0
64 0 -1
64 -1 0
64 1 1
64 1 -1
64 -1 1
64 -1 -1
64 0 0
64 0 1
64 1 0
64 0 -1
64 -1 0
64 1 1
64 1 -1
64 -1 1
64 -1 -1
64 0 0
64 0 1
64 1 0
64 0 -1
64 -1 0
64 1 1
64 1 -1
64 -1 1
64 -1 -1
64 0 0
64 0 1
64 1 0
64 0 -1
64 -1 0
64 1 1
64 1 -1
64 -1 1
64 -1 -1
64 0 0
64 0 1
64 1 0
64 0 -1
64 -1 0
64 1 1
64 1 -1
64 -1 1
64 -1 -1
64 0 0
64 0 1
64 1 0
64 0 -1
64 -1 0
64 1 1
64 1 -1
64 -1 1
64 -1 -1
64 0 0
64 0 1
64 1 0
64 0 -1
64 -1 0
64 1 1
64 1 -1
64 -1 1
64 -1 -1
64 0 0
64 0 1
64 1 0
64 0 -1
64 -1 0
64 1 1
64 1 -1
64 -1 1
64 -1 -1
64 0 0
64 0 1
64 1 0
64 0 -1
64 -1 0
64 1 1
64 1 -1
64 -1 1
64 -1 -1
64 0 0
64 0 1
64 1 0
64 0 -1
64 -1 0
64 1 1
64 1 -1
64 -1 1
64 -1 -1
64 0 0
64 0 1
64 1 0
64 0 -1
64 -1 0
64 1 1
64 1 -1
64 -1 1
64 -1 -1
65 0 0
65 0 1
65 1 0
65 0 -1
65 -1 0
65 1 1
65 1 -1
65 -1 1
65 -1 -1
65 0 0
65 0 1
65 1 0
65 0 -1
65 -1 0
65 1 1
65 1 -1
65 -1 1
65 -1 -1
65 0 0
65 0 1
65 1 0
65 0 -1
65 -1 0
65 1 1
65 1 -1
65 -1 1
65 -1 -1
65 0 0
65 0 1
65 1 0
65 0 -1
65 -1 0
65 1 1
65 1 -1
65 -1 1
65 -1 -1
65 0 0
65 0 1
65 1 0
65 0 -1
65 -1 0
65 1 1
65 1 -1
65 -1 1
65 -1 -1
65 0 0
65 0 1
65 1 0
65 0 -1
65 -1 0
65 1 1
65 1 -1
65 -1 1
65 -1 -1
65 0 0
65 0 1
65 1 0
65 0 -1
65 -1 0
65 1 1
65 1 -1
65 -1 1
65 -1 -1
65 0 0
65 0 1
65 1 0
65 0 -1
65 -1 0
65 1 1
65 1 -1
65 -1 1
65 -1 -1
65 0 0
65 0 1
65 1 0
65 0 -1
65 -1 0
65 1 1
65 1 -1
65 -1 1
65 -1 -1
65 0 0
65 0 1
65 1 0
65 0 -1
65 -1 0
65 1 1
65 1 -1
65 -1 1
65 -1 -1
65 0 0
65 0 1
65 1 0
65 0 -1
65 -1 0
65 1 1
65 1 -1
65 -1 1
65 -1 -1
65 0 0
65 0 1
65 1 0
65 0 -1
65 -1 0
65 1 1
65 1 -1
65 -1 1
65 -1 -1
65 0 0
65 0 1
65 1 0
65 0 -1
65 -1 0
65 1 1
65 1 -1
65 -1 1
65 -1 -1
65 0 0
65 0 1
65 1 0
65 0 -1
65 -1 0
65 1 1
65 1 -1
65 -1 1
65 -1 -1
66 0 0
66 0 1
66 1 0
66 0 -1
66 -1 0
66 1 1
66 1 -1
66 -1 1
66 -1 -1
66 0 0
66 0 1
66 1 0
66 0 -1
66 -1 0
66 1 1
66 1 -1
66 -1 1
66 -1 -1
66 0 0
66 0 1
66 1 0
66 0 -1
66 -1 0
66 1 1
66 1 -1
66 -1 1
66 -1 -1
66 0 0
66 0 1
66 1 0
66 0 -1
66 -1 0
66 1 1
66 1 -1
66 -1 1
66 -1 -1
66 0 0
66 0 1
66 1 0
66 0 -1
66 -1 0
66 1 1
66 1 -1
66 -1 1
66 -1 -1
66 0 0
66 0 1
66 1 0
66 0 -1
66 -1 0
66 1 1
66 1 -1
66 -1 1
66 -1 -1
66 0 0
66 0 1
66 1 0
66 0 -1
66 -1 0
66 1 1
66 1 -1
66 -1 1
66 -1 -1
66 0 0
66 0 1
66 1 0
66 0 -1
66 -1 0
66 1 1
66 1 -1
66 -1 1
66 -1 -1
66 0 0
66 0 1
66 1 0
66 0 -1
66 -1 0
66 1 1
66 1 -1
66 -1 1
66 -1 -1
66 0 0
66 0 1
66 1 0
66 0 -1
66 -1 0
66 1 1
66 1 -1
66 -1 1
66 -1 -1
66 0 0
66 0 1
66 1 0
66 0 -1
66 -1 0
66 1 1
66 1 -1
66 -1 1
66 -1 -1
66 0 0
66 0 1
66 1 0
66 0 -1
66 -1 0
66 1 1
66 1 -1
66 -1 1
66 -1 -1
66 0 0
66 0 1
66 1 0
66 0 -1
66 -1 0
66 1 1
66 1 -1
66 -1 1
66 -1 -1
66 0 0
66 0 1
66 1 0
66 0 -1
66 -1 0
66 1 1
66 1 -1
66 -1 1
66 -1 -1
67 0 0
67 0 1
67 1 0
67 0 -1
67 -1 0
67 1 1
67 1 -1
67 -1 1
67 -1 -1
67 0 0
67 0 1
67 1 0
67 0 -1
67 -1 0
67 1 1
67 1 -1
67 -1 1
67 -1 -1
67 0 0
67 0 1
67 1 0
67 0 -1
67 -1 0
67 1 1
67 1 -1
67 -1 1
67 -1 -1
67 0 0
67 0 1
67 1 0
67 0 -1
67 -1 0
67 1 1
67 1 -1
67 -1 1
67 -1 -1
67 0 0
67 0 1
67 1 0
67 0 -1
67 -1 0
67 1 1
67 1 -1
67 -1 1
67 -1 -1
67 0 0
67 0 1
67 1 0
67 0 -1
67 -1 0
67 1 1
67 1 -1
67 -1 1
67 -1 -1
67 0 0
67 0 1
67 1 0
67 0 -1
67 -1 0
67 1 1
67 1 -1
67 -1 1
67 -1 -1
67 0 0
67 0 1
67 1 0
67 0 -1
67 -1 0
67 1 1
67 1 -1
67 -1 1
67 -1 -1
67 0 0
67 0 1
67 1 0
67 0 -1
67 -1 0
67 1 1
67 1 -1
67 -1 1
67 -1 -1
67 0 0
67 0 1
67 1 0
67 0 -1
67 -1 0
67 1 1
67 1 -1
67 -1 1
67 -1 -1
67 0 0
67 0 1
67 1 0
67 0 -1
67 -1 0
67 1 1
67 1 -1
67 -1 1
67 -1 -1
67 0 0
67 0 1
67 1 0
67 0 -1
67 -1 0
67 1 1
67 1 -1
67 -1 1
67 -1 -1
67 0 0
67 0 1
67 1 0
67 0 -1
67 -1 0
67 1 1
67 1 -1
67 -1 1
67 -1 -1
67 0 0
67 0 1
67 1 0
67 0 -1
67 -1 0
67 1 1
67 1 -1
67 -1 1
67 -1 -1
68 0 0
68 0 1
68 1 0
68 0 -1
68 -1 0
68 1 1
68 1 -1
68 -1 1
68 -1 -1
68 0 0
68 0 1
68 1 0
68 0 -1
68 -1 0
68 1 1
68 1 -1
68 -1 1
68 -1 -1
68 0 0
68 0 1
68 1 0
68 0 -1
68 -1 0
68 1 1
68 1 -1
68 -1 1
68 -1 -1
68 0 0
68 0 1
68 1 0
68 0 -1
68 -1 0
68 1 1
68 1 -1
68 -1 1
68 -1 -1
68 0 0
68 0 1
68 1 0
68 0 -1
68 -1 0
68 1 1
68 1 -1
68 -1 1
68 -1 -1
68 0 0
68 0 1
68 1 0
68 0 -1
68 -1 0
68 1 1
68 1 -1
68 -1 1
68 -1 -1
68 0 0
68 0 1
68 1 0
68 0 -1
68 -1 0
68 1 1
68 1 -1
68 -1 1
68 -1 -1
68 0 0
68 0 1
68 1 0
68 0 -1
68 -1 0
68 1 1
68 1 -1
68 -1 1
68 -1 -1
68 0 0
68 0 1
68 1 0
68 0 -1
68 -1 0
68 1 1
68 1 -1
68 -1 1
68 -1 -1
68 0 0
68 0 1
68 1 0
68 0 -1
68 -1 0
68 1 1
68 1 -1
68 -1 1
68 -1 -1
68 0 0
68 0 1
68 1 0
68 0 -1
68 -1 0
68 1 1
68 1 -1
68 -1 1
68 -1 -1
68 0 0
68 0 1
68 1 0
68 0 -1
68 -1 0
68 1 1
68 1 -1
68 -1 1
68 -1 -1
68 0 0
68 0 1
68 1 0
68 0 -1
68 -1 0
68 1 1
68 1 -1
68 -1 1
68 -1 -1
68 0 0
68 0 1
68 1 0
68 0 -1
68 -1 0
68 1 1
68 1 -1
68 -1 1
68 -1 -1
69 0 0
69 0 1
69 1 0
69 0 -1
69 -1 0
69 1 1
69 1 -1
69 -1 1
69 -1 -1
69 0 0
69 0 1
69 1 0
69 0 -1
69 -1 0
69 1 1
69 1 -1
69 -1 1
69 -1 -1
69 0 0
69 0 1
69 1 0
69 0 -1
69 -1 0
69 1 1
69 1 -1
69 -1 1
69 -1 -1
69 0 0
69 0 1
69 1 0
69 0 -1
69 -1 0
69 1 1
69 1 -1
69 -1 1
69 -1 -1
69 0 0
69 0 1
69 1 0
69 0 -1
69 -1 0
69 1 1
69 1 -1
69 -1 1
69 -1 -1
69 0 0
69 0 1
69 1 0
69 0 -1
69 -1 0
69 1 1
69 1 -1
69 -1 1
69 -1 -1
69 0 0
69 0 1
69 1 0
69 0 -1
69 -1 0
69 1 1
69 1 -1
69 -1 1
69 -1 -1
69 0 0
69 0 1
69 1 0
69 0 -1
69 -1 0
69 1 1
69 1 -1
69 -1 1
69 -1 -1
69 0 0
69 0 1
69 1 0
69 0 -1
69 -1 0
69 1 1
69 1 -1
69 -1 1
69 -1 -1
69 0 0
69 0 1
69 1 0
69 0 -1
69 -1 0
69 1 1
69 1 -1
69 -1 1
69 -1 -1
69 0 0
69 0 1
69 1 0
69 0 -1
69 -1 0
69 1 1
69 1 -1
69 -1 1
69 -1 -1
69 0 0
69 0 1
69 1 0
69 0 -1
69 -1 0
69 1 1
69 1 -1
69 -1 1
69 -1 -1
69 0 0
69 0 1
69 1 0
69 0 -1
69 -1 0
69 1 1
69 1 -1
69 -1 1
69 -1 -1
69 0 0
69 0 1
69 1 0
69 0 -1
69 -1 0
69 1 1
69 1 -1
69 -1 1
69 -1 -1
70 0 0
70 0 1
70 1 0
70 0 -1
70 -1 0
70 1 1
70 1 -1
70 -1 1
70 -1 -1
70 0 0
70 0 1
70 1 0
70 0 -1
70 -1 0
70 1 1
70 1 -1
70 -1 1
70 -1 -1
70 0 0
70 0 1
70 1 0
70 0 -1
70 -1 0
70 1 1
70 1 -1
70 -1 1
70 -1 -1
70 0 0
70 0 1
70 1 0
70 0 -1
70 -1 0
70 1 1
70 1 -1
70 -1 1
70 -1 -1
70 0 0
70 0 1
70 1 0
70 0 -1
70 -1 0
70 1 1
70 1 -1
70 -1 1
70 -1 -1
70 0 0
70 0 1
70 1 0
70 0 -1
70 -1 0
70 1 1
70 1 -1
70 -1 1
70 -1 -1
70 0 0
70 0 1
70 1 0
70 0 -1
70 -1 0
70 1 1
70 1 -1
70 -1 1
70 -1 -1
70 0 0
70 0 1
70 1 0
70 0 -1
70 -1 0
70 1 1
70 1 -1
70 -1 1
70 -1 -1
70 0 0
70 0 1
70 1 0
70 0 -1
70 -1 0
70 1 1
70 1 -1
70 -1 1
70 -1 -1
70 0 0
70 0 1
70 1 0
70 0 -1
70 -1 0
70 1 1
70 1 -1
70 -1 1
70 -1 -1
70 0 0
70 0 1
70 1 0
70 0 -1
70 -1 0
70 1 1
70 1 -1
70 -1 1
70 -1 -1
70 0 0
70 0 1
70 1 0
70 0 -1
70 -1 0
70 1 1
70 1 -1
70 -1 1
70 -1 -1
70 0 0
70 0 1
70 1 0
70 0 -1
70 -1 0
70 1 1
70 1 -1
70 -1 1
70 -1 -1
70 0 0
70 0 1
70 1 0
70 0 -1
70 -1 0
70 1 1
70 1 -1
70 -1 1
70 -1 -1
71 0 0
71 0 1
71 1 0
71 0 -1
71 -1 0
71 1 1
71 1 -1
71 -1 1
71 -1 -1
71 0 0
71 0 1
71 1 0
71 0 -1
71 -1 0
71 1 1
71 1 -1
71 -1 1
71 -1 -1
71 0 0
71 0 1
71 1 0
71 0 -1
71 -1 0
71 1 1
71 1 -1
71 -1 1
71 -1 -1
71 0 0
71 0 1
71 1 0
71 0 -1
71 -1 0
71 1 1
71 1 -1
71 -1 1
71 -1 -1
71 0 0
71 0 1
71 1 0
71 0 -1
71 -1 0
71 1 1
71 1 -1
71 -1 1
71 -1 -1
71 0 0
71 0 1
71 1 0
71 0 -1
71 -1 0
71 1 1
71 1 -1
71 -1 1
71 -1 -1
71 0 0
71 0 1
71 1 0
71 0 -1
71 -1 0
71 1 1
71 1 -1
71 -1 1
71 -1 -1
71 0 0
71 0 1
71 1 0
71 0 -1
71 -1 0
71 1 1
71 1 -1
71 -1 1
71 -1 -1
71 0 0
71 0 1
71 1 0
71 0 -1
71 -1 0
71 1 1
71 1 -1
71 -1 1
71 -1 -1
71 0 0
71 0 1
71 1 0
71 0 -1
71 -1 0
71 1 1
71 1 -1
71 -1 1
71 -1 -1
71 0 0
71 0 1
71 1 0
71 0 -1
71 -1 0
71 1 1
71 1 -1
71 -1 1
71 -1 -1
71 0 0
71 0 1
71 1 0
71 0 -1
71 -1 0
71 1 1
71 1 -1
71 -1 1
71 -1 -1
71 0 0
71 0 1
71 1 0
71 0 -1
71 -1 0
71 1 1
71 1 -1
71 -1 1
71 -1 -1
71 0 0
71 0 1
71 1 0
71 0 -1
71 -1 0
71 1 1
71 1 -1
71 -1 1
71 -1 -1
71 0 0
71 0 1
71 1 0
71 0 -1
71 -1 0
71 1 1
71 1 -1
71 -1 1
71 -1 -1
72 0 0
72 0 1
72 1 0
72 0 -1
72 -1 0
72 1 1
72 1 -1
72 -1 1
72 -1 -1
72 0 0
72 0 1
72 1 0
72 0 -1
72 -1 0
72 1 1
72 1 -1
72 -1 1
72 -1 -1
72 0 0
72 0 1
72 1 0
72 0 -1
72 -1 0
72 1 1
72 1 -1
72 -1 1
72 -1 -1
72 0 0
72 0 1
72 1 0
72 0 -1
72 -1 0
72 1 1
72 1 -1
72 -1 1
72 -1 -1
72 0 0
72 0 1
72 1 0
72 0 -1
72 -1 0
72 1 1
72 1 -1
72 -1 1
72 -1 -1
72 0 0
72 0 1
72 1 0
72 0 -1
72 -1 0
72 1 1
72 1 -1
72 -1 1
72 -1 -1
72 0 0
72 0 1
72 1 0
72 0 -1
72 -1 0
72 1 1
72 1 -1
72 -1 1
72 -1 -1
72 0 0
72 0 1
72 1 0
72 0 -1
72 -1 0
72 1 1
72 1 -1
72 -1 1
72 -1 -1
72 0 0
72 0 1
72 1 0
72 0 -1
72 -1 0
72 1 1
72 1 -1
72 -1 1
72 -1 -1
72 0 0
72 0 1
72 1 0
72 0 -1
72 -1 0
72 1 1
72 1 -1
72 -1 1
72 -1 -1
72 0 0
72 0 1
72 1 0
72 0 -1
72 -1 0
72 1 1
72 1 -1
72 -1 1
72 -1 -1
72 0 0
72 0 1
72 1 0
72 0 -1
72 -1 0
72 1 1
72 1 -1
72 -1 1
72 -1 -1
72 0 0
72 0 1
72 1 0
72 0 -1
72 -1 0
72 1 1
72 1 -1
72 -1 1
72 -1 -1
72 0 0
72 0 1
72 1 0
72 0 -1
72 -1 0
72 1 1
72 1 -1
72 -1 1
72 -1 -1
72 0 0
72 0 1
72 1 0
72 0 -1
72 -1 0
72 1 1
72 1 -1
72 -1 1
72 -1 -1
73 0 0
73 0 1
73 1 0
73 0 -1
73 -1 0
73 1 1
73 1 -1
73 -1 1
73 -1 -1
73 0 0
73 0 1
73 1 0
73 0 -1
73 -1 0
73 1 1
73 1 -1
73 -1 1
73 -1 -1
73 0 0
73 0 1
73 1 0
73 0 -1
73 -1 0
73 1 1
73 1 -1
73 -1 1
73 -1 -1
73 0 0
73 0 1
73 1 0
73 0 -1
73 -1 0
73 1 1
73 1 -1
73 -1 1
73 -1 -1
73 0 0
73 0 1
73 1 0
73 0 -1
73 -1 0
73 1 1
73 1 -1
73 -1 1
73 -1 -1
73 0 0
73 0 1
73 1 0
73 0 -1
73 -1 0
73 1 1
73 1 -1
73 -1 1
73 -1 -1
73 0 0
73 0 1
73 1 0
73 0 -1
73 -1 0
73 1 1
73 1 -1
73 -1 1
73 -1 -1
73 0 0
73 0 1
73 1 0
73 0 -1
73 -1 0
73 1 1
73 1 -1
73 -1 1
73 -1 -1
73 0 0
73 0 1
73 1 0
73 0 -1
73 -1 0
73 1 1
73 1 -1
73 -1 1
73 -1 -1
73 0 0
73 0 1
73 1 0
73 0 -1
73 -1 0
73 1 1
73 1 -1
73 -1 1
73 -1 -1
73 0 0
73 0 1
73 1 0
73 0 -1
73 -1 0
73 1 1
73 1 -1
73 -1 1
73 -1 -1
73 0 0
73 0 1
73 1 0
73 0 -1
73 -1 0
73 1 1
73 1 -1
73 -1 1
73 -1 -1
73 0 0
73 0 1
73 1 0
73 0 -1
73 -1 0
73 1 1
73 1 -1
73 -1 1
73 -1 -1
73 0 0
73 0 1
73 1 0
73 0 -1
73 -1 0
73 1 1
73 1 -1
73 -1 1
73 -1 -1
73 0 0
73 0 1
73 1 0
73 0 -1
73 -1 0
73 1 1
73 1 -1
73 -1 1
73 -1 -1
74 0 0
74 0 1
74 1 0
74 0 -1
74 -1 0
74 1 1
74 1 -1
74 -1 1
74 -1 -1
74 0 0
74 0 1
74 1 0
74 0 -1
74 -1 0
74 1 1
74 1 -1
74 -1 1
74 -1 -1
74 0 0
74 0 1
74 1 0
74 0 -1
74 -1 0
74 1 1
74 1 -1
74 -1 1
74 -1 -1
74 0 0
74 0 1
74 1 0
74 0 -1
74 -1 0
74 1 1
74 1 -1
74 -1 1
74 -1 -1
74 0 0
74 0 1
74 1 0
74 0 -1
74 -1 0
74 1 1
74 1 -1
74 -1 1
74 -1 -1
74 0 0
74 0 1
74 1 0
74 0 -1
74 -1 0
74 1 1
74 1 -1
74 -1 1
74 -1 -1
74 0 0
74 0 1
74 1 0
74 0 -1
74 -1 0
74 1 1
74 1 -1
74 -1 1
74 -1 -1
74 0 0
74 0 1
74 1 0
74 0 -1
74 -1 0
74 1 1
74 1 -1
74 -1 1
74 -1 -1
74 0 0
74 0 1
74 1 0
74 0 -1
74 -1 0
74 1 1
74 1 -1
74 -1 1
74 -1 -1
74 0 0
74 0 1
74 1 0
74 0 -1
74 -1 0
74 1 1
74 1 -1
74 -1 1
74 -1 -1
74 0 0
74 0 1
74 1 0
74 0 -1
74 -1 0
74 1 1
74 1 -1
74 -1 1
74 -1 -1
74 0 0
74 0 1
74 1 0
74 0 -1
74 -1 0
74 1 1
74 1 -1
74 -1 1
74 -1 -1
74 0 0
74 0 1
74 1 0
74 0 -1
74 -1 0
74 1 1
74 1 -1
74 -1 1
74 -1 -1
74 0 0
74 0 1
74 1 0
74 0 -1
74 -1 0
74 1 1
74 1 -1
74 -1 1
74 -1 -1
74 0 0
74 0 1
74 1 0
74 0 -1
74 -1 0
74 1 1
74 1 -1
74 -1 1
74 -1 -1
75 0 0
75 0 1
75 1 0
75 0 -1
75 -1 0
75 1 1
75 1 -1
75 -1 1
75 -1 -1
75 0 0
75 0 1
75 1 0
75 0 -1
75 -1 0
75 1 1
75 1 -1
75 -1 1
75 -1 -1
75 0 0
75 0 1
75 1 0
75 0 -1
75 -1 0
75 1 1
75 1 -1
75 -1 1
75 -1 -1
75 0 0
75 0 1
75 1 0
75 0 -1
75 -1 0
75 1 1
75 1 -1
75 -1 1
75 -1 -1
75 0 0
75 0 1
75 1 0
75 0 -1
75 -1 0
75 1 1
75 1 -1
75 -1 1
75 -1 -1
75 0 0
75 0 1
75 1 0
75 0 -1
75 -1 0
75 1 1
75 1 -1
75 -1 1
75 -1 -1
75 0 0
75 0 1
75 1 0
75 0 -1
75 -1 0
75 1 1
75 1 -1
75 -1 1
75 -1 -1
75 0 0
75 0 1
75 1 0
75 0 -1
75 -1 0
75 1 1
75 1 -1
75 -1 1
75 -1 -1
75 0 0
75 0 1
75 1 0
75 0 -1
75 -1 0
75 1 1
75 1 -1
75 -1 1
75 -1 -1
75 0 0
75 0 1
75 1 0
75 0 -1
75 -1 0
75 1 1
75 1 -1
75 -1 1
75 -1 -1
75 0 0
75 0 1
75 1 0
75 0 -1
75 -1 0
75 1 1
75 1 -1
75 -1 1
75 -1 -1
75 0 0
75 0 1
75 1 0
75 0 -1
75 -1 0
75 1 1
75 1 -1
75 -1 1
75 -1 -1
75 0 0
75 0 1
75 1 0
75 0 -1
75 -1 0
75 1 1
75 1 -1
75 -1 1
75 -1 -1
75 0 0
75 0 1
75 1 0
75 0 -1
75 -1 0
75 1 1
75 1 -1
75 -1 1
75 -1 -1
75 0 0
75 0 1
75 1 0
75 0 -1
75 -1 0
75 1 1
75 1 -1
75 -1 1
75 -1 -1
76 0 0
76 0 1
76 1 0
76 0 -1
76 -1 0
76 1 1
76 1 -1
76 -1 1
76 -1 -1
76 0 0
76 0 1
76 1 0
76 0 -1
76 -1 0
76 1 1
76 1 -1
76 -1 1
76 -1 -1
76 0 0
76 0 1
76 1 0
76 0 -1
76 -1 0
76 1 1
76 1 -1
76 -1 1
76 -1 -1
76 0 0
76 0 1
76 1 0
76 0 -1
76 -1 0
76 1 1
76 1 -1
76 -1 1
76 -1 -1
76 0 0
76 0 1
76 1 0
76 0 -1
76 -1 0
76 1 1
76 1 -1
76 -1 1
76 -1 -1
76 0 0
76 0 1
76 1 0
76 0 -1
76 -1 0
76 1 1
76 1 -1
76 -1 1
76 -1 -1
76 0 0
76 0 1
76 1 0
76 0 -1
76 -1 0
76 1 1
76 1 -1
76 -1 1
76 -1 -1
76 0 0
76 0 1
76 1 0
76 0 -1
76 -1 0
76 1 1
76 1 -1
76 -1 1
76 -1 -1
76 0 0
76 0 1
76 1 0
76 0 -1
76 -1 0
76 1 1
76 1 -1
76 -1 1
76 -1 -1
76 0 0
76 0 1
76 1 0
76 0 -1
76 -1 0
76 1 1
76 1 -1
76 -1 1
76 -1 -1
76 0 0
76 0 1
76 1 0
76 0 -1
76 -1 0
76 1 1
76 1 -1
76 -1 1
76 -1 -1
76 0 0
76 0 1
76 1 0
76 0 -1
76 -1 0
76 1 1
76 1 -1
76 -1 1
76 -1 -1
76 0 0
76 0 1
76 1 0
76 0 -1
76 -1 0
76 1 1
76 1 -1
76 -1 1
76 -1 -1
76 0 0
76 0 1
76 1 0
76 0 -1
76 -1 0
76 1 1
76 1 -1
76 -1 1
76 -1 -1
76 0 0
76 0 1
76 1 0
76 0 -1
76 -1 0
76 1 1
76 1 -1
76 -1 1
76 -1 -1
77 0 0
77 0 1
77 1 0
77 0 -1
77 -1 0
77 1 1
77 1 -1
77 -1 1
77 -1 -1
77 0 0
77 0 1
77 1 0
77 0 -1
77 -1 0
77 1 1
77 1 -1
77 -1 1
77 -1 -1
77 0 0
77 0 1
77 1 0
77 0 -1
77 -1 0
77 1 1
77 1 -1
77 -1 1
77 -1 -1
77 0 0
77 0 1
77 1 0
77 0 -1
77 -1 0
77 1 1
77 1 -1
77 -1 1
77 -1 -1
77 0 0
77 0 1
77 1 0
77 0 -1
77 -1 0
77 1 1
77 1 -1
77 -1 1
77 -1 -1
77 0 0
77 0 1
77 1 0
77 0 -1
77 -1 0
77 1 1
77 1 -1
77 -1 1
77 -1 -1
77 0 0
77 0 1
77 1 0
77 0 -1
77 -1 0
77 1 1
77 1 -1
77 -1 1
77 -1 -1
77 0 0
77 0 1
77 1 0
77 0 -1
77 -1 0
77 1 1
77 1 -1
77 -1 1
77 -1 -1
77 0 0
77 0 1
77 1 0
77 0 -1
77 -1 0
77 1 1
77 1 -1
77 -1 1
77 -1 -1
77 0 0
77 0 1
77 1 0
77 0 -1
77 -1 0
77 1 1
77 1 -1
77 -1 1
77 -1 -1
77 0 0
77 0 1
77 1 0
77 0 -1
77 -1 0
77 1 1
77 1 -1
77 -1 1
77 -1 -1
77 0 0
77 0 1
77 1 0
77 0 -1
77 -1 0
77 1 1
77 1 -1
77 -1 1
77 -1 -1
77 0 0
77 0 1
77 1 0
77 0 -1
77 -1 0
77 1 1
77 1 -1
77 -1 1
77 -1 -1
77 0 0
77 0 1
77 1 0
77 0 -1
77 -1 0
77 1 1
77 1 -1
77 -1 1
77 -1 -1
77 0 0
77 0 1
77 1 0
77 0 -1
77 -1 0
77 1 1
77 1 -1
77 -1 1
77 -1 -1
78 0 0
78 0 1
78 1 0
78 0 -1
78 -1 0
78 1 1
78 1 -1
78 -1 1
78 -1 -1
78 0 0
78 0 1
78 1 0
78 0 -1
78 -1 0
78 1 1
78 1 -1
78 -1 1
78 -1 -1
78 0 0
78 0 1
78 1 0
78 0 -1
78 -1 0
78 1 1
78 1 -1
78 -1 1
78 -1 -1
78 0 0
78 0 1
78 1 0
78 0 -1
78 -1 0
78 1 1
78 1 -1
78 -1 1
78 -1 -1
78 0 0
78 0 1
78 1 0
78 0 -1
78 -1 0
78 1 1
78 1 -1
78 -1 1
78 -1 -1
78 0 0
78 0 1
78 1 0
78 0 -1
78 -1 0
78 1 1
78 1 -1
78 -1 1
78 -1 -1
78 0 0
78 0 1
78 1 0
78 0 -1
78 -1 0
78 1 1
78 1 -1
78 -1 1
78 -1 -1
78 0 0
78 0 1
78 1 0
78 0 -1
78 -1 0
78 1 1
78 1 -1
78 -1 1
78 -1 -1
78 0 0
78 0 1
78 1 0
78 0 -1
78 -1 0
78 1 1
78 1 -1
78 -1 1
78 -1 -1
78 0 0
78 0 1
78 1 0
78 0 -1
78 -1 0
78 1 1
78 1 -1
78 -1 1
78 -1 -1
78 0 0
78 0 1
78 1 0
78 0 -1
78 -1 0
78 1 1
78 1 -1
78 -1 1
78 -1 -1
78 0 0
78 0 1
78 1 0
78 0 -1
78 -1 0
78 1 1
78 1 -1
78 -1 1
78 -1 -1
78 0 0
78 0 1
78 1 0
78 0 -1
78 -1 0
78 1 1
78 1 -1
78 -1 1
78 -1 -1
78 0 0
78 0 1
78 1 0
78 0 -1
78 -1 0
78 1 1
78 1 -1
78 -1 1
78 -1 -1
78 0 0
78 0 1
78 1 0
78 0 -1
78 -1 0
78 1 1
78 1 -1
78 -1 1
78 -1 -1
78 0 0
78 0 1
78 1 0
78 0 -1
78 -1 0
78 1 1
78 1 -1
78 -1 1
78 -1 -1
-1 -1 -1
2
44
43
53
71
70
69
36
74
55
46
65
75
62
67
56
47
57
60
48
66
40
63
64
41
45
33
39
35
61
38
68
77
49
72
59
51
37
50
76
34
73
52
32
58
54
42
31
30
1
29
28
3
27
26
25
24
23
0
22
21
20
5
17
19
6
18
15
9
16
14
13
12
11
10
4
8
7
78
