1 1 40 51
1 1 6 29
1 1 36 53
1 1 25 10
1 1 25 42
1 1 36 18
1 1 24 16
1 1 10 16
1 1 46 30
1 1 33 53
1 1 30 0
1 1 47 41
1 1 54 41
1 1 28 43
1 1 3 17
1 1 23 36
1 1 42 5
1 1 11 53
1 1 34 53
1 1 1 25
1 1 26 30
1 1 34 42
1 1 21 18
1 1 51 38
1 1 47 6
1 1 54 44
1 1 37 19
1 1 30 54
1 1 46 29
1 1 5 27
1 1 9 7
1 1 44 31
1 1 8 23
1 1 5 37
1 1 38 16
1 1 38 46
1 1 15 22
1 1 36 8
1 1 17 52
1 1 49 41
1 1 53 11
1 1 44 29
1 1 18 37
1 1 27 12
1 1 50 35
1 1 53 46
1 1 24 13
1 1 25 38
1 1 19 53
1 1 4 38
1 1 32 20
1 1 27 1
1 1 3 26
1 1 7 29
1 1 33 32
1 1 52 23
1 1 15 4
1 1 44 45
1 1 29 50
1 1 4 22
1 1 8 20
1 1 41 30
1 1 37 13
1 1 52 48
1 1 49 1
1 1 34 31
1 1 33 1
1 1 12 27
1 1 19 35
1 1 11 37
1 1 54 36
1 1 36 38
1 1 7 47
1 1 0 28
1 1 29 53
1 1 40 24
1 1 16 39
1 1 46 37
1 1 47 35
1 1 28 44
1 1 37 38
1 1 18 26
1 1 33 48
1 1 47 16
1 1 12 36
1 1 15 44
1 1 0 16
1 1 38 49
1 1 29 38
1 1 14 32
1 1 2 38
1 1 6 5
1 1 30 54
1 1 18 12
1 1 9 30
1 1 47 1
1 1 26 42
1 1 47 45
1 1 51 42
1 1 49 41
1 1 25 20
1 1 2 23
1 1 13 20
1 1 20 21
1 1 16 43
1 1 20 10
1 1 42 40
1 1 53 43
1 1 38 9
1 1 40 30
1 1 43 11
1 1 42 20
1 1 52 9
1 1 53 14
1 1 17 42
1 1 45 43
1 1 44 13
1 1 47 40
1 1 15 9
1 1 8 19
1 1 52 33
1 1 46 3
1 1 10 8
1 1 34 1
1 1 3 39
1 1 16 42
1 1 46 31
1 1 13 26
1 1 17 26
1 1 12 26
1 1 28 1
1 1 28 30
1 1 7 13
1 1 17 51
1 1 29 40
1 1 25 4
1 1 48 47
1 1 52 39
1 1 51 37
1 1 8 18
1 1 40 28
1 1 49 5
1 1 48 3
1 1 3 30
1 1 53 17
1 1 27 46
1 1 10 13
1 1 30 12
1 1 30 43
1 1 7 19
1 1 41 32
1 1 42 54
1 1 43 51
1 1 47 42
1 1 54 47
1 1 54 21
1 1 23 16
1 1 7 51
1 1 25 40
1 1 13 19
1 1 26 50
1 1 54 25
1 1 40 54
1 1 14 17
1 1 46 32
1 1 15 42
1 1 34 40
1 1 40 44
1 1 3 44
1 1 23 13
1 1 6 47
1 1 50 46
1 1 51 25
1 1 7 31
1 1 18 45
1 1 34 18
1 1 5 36
1 1 4 47
1 1 13 17
1 1 14 34
1 1 18 3
1 1 39 40
1 1 34 7
1 1 5 36
1 1 24 48
1 1 23 16
1 1 10 8
1 1 3 16
1 1 23 18
1 1 25 10
1 1 35 28
1 1 32 10
1 1 27 12
1 1 36 8
1 1 41 22
1 1 49 8
1 1 41 54
1 1 12 45
1 1 12 29
1 1 52 18
1 1 49 2
1 1 36 46
1 1 6 12
1 1 3 8
1 1 50 51
1 1 40 28
1 1 24 53
1 1 33 20
1 1 30 42
1 1 45 15
1 1 44 10
1 1 3 35
1 1 29 49
1 1 30 54
1 1 11 53
1 1 19 10
1 1 23 49
1 1 53 7
1 1 0 43
1 1 33 16
1 1 3 21
1 1 47 24
1 1 15 13
1 1 5 16
1 1 32 25
1 1 27 2
1 1 45 3
1 1 43 14
1 1 50 43
1 1 6 14
1 1 35 51
1 1 20 41
1 1 0 5
1 1 31 17
1 1 52 53
1 1 45 53
1 1 46 33
1 1 54 5
1 1 45 2
1 1 8 19
1 1 44 32
1 1 29 31
1 1 21 30
1 1 33 23
1 1 32 52
1 1 47 43
1 1 50 46
1 1 0 44
1 1 45 16
1 1 31 8
1 1 20 21
1 1 25 40
1 1 32 2
1 1 33 6
1 1 5 11
1 1 28 24
1 1 11 43
1 1 18 15
1 1 7 48
1 1 18 47
1 1 38 16
1 1 40 20
1 1 27 46
1 1 5 11
1 1 5 1
1 1 2 30
1 1 15 51
1 1 29 33
1 1 42 47
1 1 24 35
1 1 31 11
1 1 25 4
1 1 16 33
1 1 41 18
1 1 50 11
1 1 3 54
1 1 53 11
1 1 7 47
1 1 43 2
1 1 34 51
1 1 20 50
1 1 23 32
1 1 49 7
1 1 36 9
1 1 31 38
1 1 19 3
1 1 34 32
1 1 19 49
1 1 46 31
1 1 48 50
1 1 30 6
1 1 24 6
1 1 15 18
1 1 30 18
1 1 32 27
2 7 9 30 11 12 18 27 32 35 46
2 4 5 16 6 14 34 41
2 3 9 30 8 24 29
7 2 3 15 31 36 37 50 51 5 16
10 4 7 13 17 20 21 22 25 38 43 45 1 33 49 54
7 3 3 15 31 36 37 50 51 8 24 29
3 4 10 19 26 2 23 28 39
10 4 7 13 17 20 21 22 25 38 43 45 6 14 34 41
2 3 5 16 10 19 26
6 2 4 40 42 44 48 53 9 30
4 3 6 14 34 41 0 47 52
4 7 1 33 49 54 11 12 18 27 32 35 46
2 4 5 16 6 14 34 41
7 10 3 15 31 36 37 50 51 7 13 17 20 21 22 25 38 43 45
4 7 2 23 28 39 11 12 18 27 32 35 46
7 3 11 12 18 27 32 35 46 10 19 26
7 2 3 15 31 36 37 50 51 9 30
2 6 5 16 4 40 42 44 48 53
4 3 2 23 28 39 8 24 29
2 6 5 16 4 40 42 44 48 53
4 2 2 23 28 39 9 30
6 3 4 40 42 44 48 53 8 24 29
3 6 10 19 26 4 40 42 44 48 53
4 4 1 33 49 54 2 23 28 39
3 2 10 19 26 5 16
3 4 8 24 29 6 14 34 41
2 3 9 30 10 19 26
2 6 5 16 4 40 42 44 48 53
10 3 7 13 17 20 21 22 25 38 43 45 10 19 26
6 3 4 40 42 44 48 53 10 19 26
4 2 2 23 28 39 5 16
2 10 5 16 7 13 17 20 21 22 25 38 43 45
3 3 8 24 29 0 47 52
6 10 4 40 42 44 48 53 7 13 17 20 21 22 25 38 43 45
7 7 3 15 31 36 37 50 51 11 12 18 27 32 35 46
10 4 7 13 17 20 21 22 25 38 43 45 1 33 49 54
7 3 3 15 31 36 37 50 51 10 19 26
3 7 8 24 29 3 15 31 36 37 50 51
10 7 7 13 17 20 21 22 25 38 43 45 3 15 31 36 37 50 51
7 2 3 15 31 36 37 50 51 5 16
6 4 4 40 42 44 48 53 2 23 28 39
10 4 7 13 17 20 21 22 25 38 43 45 6 14 34 41
3 4 0 47 52 1 33 49 54
4 4 2 23 28 39 1 33 49 54
4 10 2 23 28 39 7 13 17 20 21 22 25 38 43 45
2 7 5 16 11 12 18 27 32 35 46
6 7 4 40 42 44 48 53 3 15 31 36 37 50 51
4 7 6 14 34 41 11 12 18 27 32 35 46
4 7 6 14 34 41 11 12 18 27 32 35 46
3 10 0 47 52 7 13 17 20 21 22 25 38 43 45
2 10 9 30 7 13 17 20 21 22 25 38 43 45
4 4 1 33 49 54 6 14 34 41
3 4 10 19 26 1 33 49 54
10 3 7 13 17 20 21 22 25 38 43 45 10 19 26
3 2 10 19 26 9 30
7 3 3 15 31 36 37 50 51 0 47 52
4 7 6 14 34 41 3 15 31 36 37 50 51
7 4 3 15 31 36 37 50 51 1 33 49 54
7 7 11 12 18 27 32 35 46 3 15 31 36 37 50 51
4 7 2 23 28 39 3 15 31 36 37 50 51
2 7 9 30 11 12 18 27 32 35 46
3 3 10 19 26 0 47 52
3 10 0 47 52 7 13 17 20 21 22 25 38 43 45
3 4 0 47 52 1 33 49 54
4 4 2 23 28 39 1 33 49 54
4 2 2 23 28 39 9 30
7 3 3 15 31 36 37 50 51 8 24 29
4 4 2 23 28 39 1 33 49 54
3 4 10 19 26 1 33 49 54
10 3 7 13 17 20 21 22 25 38 43 45 0 47 52
3 4 8 24 29 2 23 28 39
3 2 10 19 26 9 30
7 4 3 15 31 36 37 50 51 1 33 49 54
3 10 8 24 29 7 13 17 20 21 22 25 38 43 45
7 2 11 12 18 27 32 35 46 9 30
3 4 0 47 52 2 23 28 39
7 7 11 12 18 27 32 35 46 3 15 31 36 37 50 51
4 10 2 23 28 39 7 13 17 20 21 22 25 38 43 45
4 3 6 14 34 41 10 19 26
3 6 8 24 29 4 40 42 44 48 53
4 3 6 14 34 41 10 19 26
7 6 11 12 18 27 32 35 46 4 40 42 44 48 53
4 2 1 33 49 54 9 30
6 4 4 40 42 44 48 53 1 33 49 54
3 4 0 47 52 1 33 49 54
2 4 9 30 6 14 34 41
3 2 0 47 52 9 30
7 2 3 15 31 36 37 50 51 9 30
3 2 8 24 29 5 16
6 4 4 40 42 44 48 53 6 14 34 41
3 6 8 24 29 4 40 42 44 48 53
3 2 10 19 26 5 16
3 3 0 47 52 10 19 26
3 4 10 19 26 1 33 49 54
10 7 7 13 17 20 21 22 25 38 43 45 3 15 31 36 37 50 51
2 3 9 30 8 24 29
3 10 0 47 52 7 13 17 20 21 22 25 38 43 45
2 7 5 16 11 12 18 27 32 35 46
6 10 4 40 42 44 48 53 7 13 17 20 21 22 25 38 43 45
3 10 10 19 26 7 13 17 20 21 22 25 38 43 45
3 7 0 47 52 11 12 18 27 32 35 46
4 6 6 14 34 41 4 40 42 44 48 53
4 4 6 14 34 41 1 33 49 54
7 6 11 12 18 27 32 35 46 4 40 42 44 48 53
2 4 5 16 6 14 34 41
2 3 5 16 10 19 26
2 3 9 30 10 19 26
3 7 10 19 26 3 15 31 36 37 50 51
6 10 4 40 42 44 48 53 7 13 17 20 21 22 25 38 43 45
3 3 10 19 26 8 24 29
6 4 4 40 42 44 48 53 2 23 28 39
2 3 5 16 10 19 26
4 2 2 23 28 39 5 16
2 3 9 30 0 47 52
6 10 4 40 42 44 48 53 7 13 17 20 21 22 25 38 43 45
2 7 5 16 11 12 18 27 32 35 46
2 3 5 16 0 47 52
6 3 4 40 42 44 48 53 8 24 29
3 3 10 19 26 0 47 52
3 4 0 47 52 1 33 49 54
6 2 4 40 42 44 48 53 5 16
3 7 0 47 52 11 12 18 27 32 35 46
10 7 7 13 17 20 21 22 25 38 43 45 11 12 18 27 32 35 46
3 2 8 24 29 5 16
4 7 1 33 49 54 3 15 31 36 37 50 51
2 4 5 16 2 23 28 39
6 2 4 40 42 44 48 53 9 30
2 2 9 30 5 16
4 6 6 14 34 41 4 40 42 44 48 53
3 10 10 19 26 7 13 17 20 21 22 25 38 43 45
4 3 1 33 49 54 10 19 26
2 4 5 16 1 33 49 54
4 4 6 14 34 41 2 23 28 39
4 7 2 23 28 39 3 15 31 36 37 50 51
3 2 8 24 29 9 30
7 4 11 12 18 27 32 35 46 6 14 34 41
3 4 10 19 26 2 23 28 39
4 7 1 33 49 54 3 15 31 36 37 50 51
7 7 3 15 31 36 37 50 51 11 12 18 27 32 35 46
4 2 1 33 49 54 5 16
3 3 8 24 29 10 19 26
7 6 11 12 18 27 32 35 46 4 40 42 44 48 53
6 2 4 40 42 44 48 53 5 16
3 3 10 19 26 0 47 52
3 3 8 24 29 0 47 52
4 4 6 14 34 41 1 33 49 54
4 2 6 14 34 41 5 16
3 3 8 24 29 0 47 52
7 3 3 15 31 36 37 50 51 0 47 52
3 2 0 47 52 9 30
2 6 9 30 4 40 42 44 48 53
10 2 7 13 17 20 21 22 25 38 43 45 5 16
3 10 10 19 26 7 13 17 20 21 22 25 38 43 45
3 4 0 47 52 6 14 34 41
3 4 8 24 29 6 14 34 41
2 3 9 30 8 24 29
10 2 7 13 17 20 21 22 25 38 43 45 9 30
4 10 2 23 28 39 7 13 17 20 21 22 25 38 43 45
4 2 1 33 49 54 5 16
3 2 10 19 26 5 16
7 7 11 12 18 27 32 35 46 3 15 31 36 37 50 51
4 4 1 33 49 54 2 23 28 39
4 2 2 23 28 39 9 30
2 3 9 30 10 19 26
7 7 11 12 18 27 32 35 46 3 15 31 36 37 50 51
10 2 7 13 17 20 21 22 25 38 43 45 5 16
3 4 8 24 29 6 14 34 41
7 3 11 12 18 27 32 35 46 10 19 26
10 6 7 13 17 20 21 22 25 38 43 45 4 40 42 44 48 53
3 2 8 24 29 9 30
10 2 7 13 17 20 21 22 25 38 43 45 9 30
7 3 11 12 18 27 32 35 46 8 24 29
3 7 10 19 26 3 15 31 36 37 50 51
7 2 11 12 18 27 32 35 46 9 30
6 2 4 40 42 44 48 53 5 16
7 4 3 15 31 36 37 50 51 2 23 28 39
7 3 11 12 18 27 32 35 46 10 19 26
6 7 4 40 42 44 48 53 11 12 18 27 32 35 46
2 3 5 16 0 47 52
4 7 1 33 49 54 3 15 31 36 37 50 51
3 10 10 19 26 7 13 17 20 21 22 25 38 43 45
10 4 7 13 17 20 21 22 25 38 43 45 1 33 49 54
2 7 9 30 11 12 18 27 32 35 46
7 4 11 12 18 27 32 35 46 2 23 28 39
10 4 7 13 17 20 21 22 25 38 43 45 1 33 49 54
7 7 3 15 31 36 37 50 51 11 12 18 27 32 35 46
4 3 6 14 34 41 0 47 52
2 2 9 30 5 16
3 7 8 24 29 11 12 18 27 32 35 46
7 3 11 12 18 27 32 35 46 10 19 26
7 10 11 12 18 27 32 35 46 7 13 17 20 21 22 25 38 43 45
4 4 1 33 49 54 2 23 28 39
2 4 9 30 1 33 49 54
6 3 4 40 42 44 48 53 10 19 26
4 7 1 33 49 54 3 15 31 36 37 50 51
10 6 7 13 17 20 21 22 25 38 43 45 4 40 42 44 48 53
2 4 5 16 2 23 28 39
4 3 2 23 28 39 0 47 52
4 7 6 14 34 41 11 12 18 27 32 35 46
7 6 11 12 18 27 32 35 46 4 40 42 44 48 53
2 2 9 30 5 16
10 4 7 13 17 20 21 22 25 38 43 45 2 23 28 39
10 6 7 13 17 20 21 22 25 38 43 45 4 40 42 44 48 53
7 3 11 12 18 27 32 35 46 10 19 26
3 3 8 24 29 0 47 52
7 2 11 12 18 27 32 35 46 9 30
4 3 2 23 28 39 0 47 52
3 4 8 24 29 6 14 34 41
10 3 7 13 17 20 21 22 25 38 43 45 10 19 26
7 3 11 12 18 27 32 35 46 8 24 29
7 3 11 12 18 27 32 35 46 10 19 26
7 2 11 12 18 27 32 35 46 5 16
4 2 2 23 28 39 5 16
2 6 5 16 4 40 42 44 48 53
4 6 2 23 28 39 4 40 42 44 48 53
7 4 3 15 31 36 37 50 51 2 23 28 39
2 7 5 16 3 15 31 36 37 50 51
4 4 1 33 49 54 6 14 34 41
3 2 0 47 52 9 30
7 3 11 12 18 27 32 35 46 0 47 52
4 3 1 33 49 54 0 47 52
3 10 8 24 29 7 13 17 20 21 22 25 38 43 45
3 2 0 47 52 9 30
7 6 11 12 18 27 32 35 46 4 40 42 44 48 53
10 3 7 13 17 20 21 22 25 38 43 45 8 24 29
2 7 5 16 11 12 18 27 32 35 46
4 4 6 14 34 41 2 23 28 39
7 3 3 15 31 36 37 50 51 10 19 26
7 4 11 12 18 27 32 35 46 2 23 28 39
6 2 4 40 42 44 48 53 5 16
10 7 7 13 17 20 21 22 25 38 43 45 3 15 31 36 37 50 51
4 3 1 33 49 54 0 47 52
4 2 1 33 49 54 5 16
10 3 7 13 17 20 21 22 25 38 43 45 10 19 26
7 7 11 12 18 27 32 35 46 3 15 31 36 37 50 51
3 10 10 19 26 7 13 17 20 21 22 25 38 43 45
2 3 9 30 0 47 52
4 3 2 23 28 39 0 47 52
4 3 2 23 28 39 0 47 52
4 7 2 23 28 39 11 12 18 27 32 35 46
4 7 2 23 28 39 3 15 31 36 37 50 51
7 2 11 12 18 27 32 35 46 9 30
2 4 9 30 2 23 28 39
7 3 11 12 18 27 32 35 46 8 24 29
2 3 5 16 10 19 26
4 7 2 23 28 39 3 15 31 36 37 50 51
2 10 9 30 7 13 17 20 21 22 25 38 43 45
7 3 3 15 31 36 37 50 51 10 19 26
4 2 6 14 34 41 5 16
2 7 5 16 3 15 31 36 37 50 51
4 7 6 14 34 41 3 15 31 36 37 50 51
10 3 7 13 17 20 21 22 25 38 43 45 8 24 29
2 2 5 16 9 30
7 4 11 12 18 27 32 35 46 1 33 49 54
6 3 4 40 42 44 48 53 8 24 29
2 6 9 30 4 40 42 44 48 53
4 3 2 23 28 39 8 24 29
4 3 2 23 28 39 8 24 29
4 3 6 14 34 41 10 19 26
7 3 11 12 18 27 32 35 46 8 24 29
3 10 8 24 29 7 13 17 20 21 22 25 38 43 45
6 3 4 40 42 44 48 53 0 47 52
4 4 6 14 34 41 1 33 49 54
2 3 9 30 8 24 29
7 3 3 15 31 36 37 50 51 8 24 29
4 3 2 23 28 39 0 47 52
4 2 2 23 28 39 9 30
3 7 10 19 26 3 15 31 36 37 50 51
4 7 2 23 28 39 11 12 18 27 32 35 46
6 7 4 40 42 44 48 53 11 12 18 27 32 35 46
3 10 0 47 52 7 13 17 20 21 22 25 38 43 45
6 4 4 40 42 44 48 53 1 33 49 54
2 10 5 16 7 13 17 20 21 22 25 38 43 45
4 3 1 33 49 54 10 19 26
4 7 6 14 34 41 11 12 18 27 32 35 46
4 3 6 14 34 41 8 24 29
7 7 11 12 18 27 32 35 46 3 15 31 36 37 50 51
3 4 8 24 29 6 14 34 41
3 7 8 24 29 11 12 18 27 32 35 46
2 6 5 16 4 40 42 44 48 53
10 3 7 13 17 20 21 22 25 38 43 45 8 24 29
3 4 0 47 52 6 14 34 41
10 3 7 13 17 20 21 22 25 38 43 45 0 47 52
2 4 5 16 1 33 49 54
10 3 7 13 17 20 21 22 25 38 43 45 10 19 26
7 2 11 12 18 27 32 35 46 5 16
2 4 5 16 1 33 49 54
3 6 0 47 52 4 40 42 44 48 53
4 2 1 33 49 54 5 16
3 2 0 47 52 9 30
3 3 10 19 26 8 24 29
4 4 2 23 28 39 1 33 49 54
6 4 4 40 42 44 48 53 2 23 28 39
2 4 5 16 6 14 34 41
7 3 3 15 31 36 37 50 51 8 24 29
4 7 2 23 28 39 11 12 18 27 32 35 46
2 4 9 30 2 23 28 39
7 2 3 15 31 36 37 50 51 5 16
3 7 10 19 26 3 15 31 36 37 50 51
3 2 0 47 52 5 16
4 4 2 23 28 39 1 33 49 54
4 3 2 23 28 39 0 47 52
2 4 9 30 2 23 28 39
3 2 0 47 52 9 30
6 3 4 40 42 44 48 53 8 24 29
4 3 1 33 49 54 10 19 26
4 3 6 14 34 41 8 24 29
2 3 5 16 0 47 52
2 3 9 30 8 24 29
2 4 5 16 2 23 28 39
2 2 5 16 9 30
7 3 3 15 31 36 37 50 51 8 24 29
4 3 2 23 28 39 8 24 29
7 4 11 12 18 27 32 35 46 6 14 34 41
7 4 11 12 18 27 32 35 46 2 23 28 39
3 3 10 19 26 0 47 52
3 4 10 19 26 2 23 28 39
2 7 9 30 11 12 18 27 32 35 46
7 3 11 12 18 27 32 35 46 8 24 29
6 4 4 40 42 44 48 53 2 23 28 39
7 2 11 12 18 27 32 35 46 5 16
2 6 5 16 4 40 42 44 48 53
4 3 1 33 49 54 10 19 26
2 3 5 16 0 47 52
2 3 9 30 8 24 29
6 7 4 40 42 44 48 53 3 15 31 36 37 50 51
4 3 1 33 49 54 10 19 26
3 4 8 24 29 2 23 28 39
7 3 3 15 31 36 37 50 51 0 47 52
2 3 5 16 0 47 52
4 4 6 14 34 41 2 23 28 39
3 7 8 24 29 11 12 18 27 32 35 46
4 4 2 23 28 39 6 14 34 41
6 10 4 40 42 44 48 53 7 13 17 20 21 22 25 38 43 45
10 4 7 13 17 20 21 22 25 38 43 45 6 14 34 41
7 7 11 12 18 27 32 35 46 3 15 31 36 37 50 51
7 4 11 12 18 27 32 35 46 1 33 49 54
4 6 2 23 28 39 4 40 42 44 48 53
4 7 1 33 49 54 3 15 31 36 37 50 51
2 6 9 30 4 40 42 44 48 53
3 7 8 24 29 11 12 18 27 32 35 46
4 2 6 14 34 41 9 30
4 6 6 14 34 41 4 40 42 44 48 53
7 7 3 15 31 36 37 50 51 11 12 18 27 32 35 46
7 3 11 12 18 27 32 35 46 10 19 26
4 3 2 23 28 39 0 47 52
2 4 5 16 2 23 28 39
3 6 8 24 29 4 40 42 44 48 53
2 2 5 16 9 30
3 2 0 47 52 5 16
4 4 2 23 28 39 6 14 34 41
3 3 8 24 29 0 47 52
4 7 2 23 28 39 3 15 31 36 37 50 51
3 6 8 24 29 4 40 42 44 48 53
3 7 8 24 29 11 12 18 27 32 35 46
2 4 5 16 2 23 28 39
3 10 0 47 52 7 13 17 20 21 22 25 38 43 45
3 4 10 19 26 2 23 28 39
3 3 8 24 29 0 47 52
7 6 3 15 31 36 37 50 51 4 40 42 44 48 53
7 10 3 15 31 36 37 50 51 7 13 17 20 21 22 25 38 43 45
7 3 11 12 18 27 32 35 46 0 47 52
7 3 3 15 31 36 37 50 51 0 47 52
4 3 1 33 49 54 0 47 52
3 7 0 47 52 11 12 18 27 32 35 46
7 3 11 12 18 27 32 35 46 8 24 29
2 6 9 30 4 40 42 44 48 53
3 3 0 47 52 8 24 29
4 4 2 23 28 39 1 33 49 54
3 3 10 19 26 8 24 29
6 3 4 40 42 44 48 53 8 24 29
4 2 2 23 28 39 9 30
2 4 9 30 2 23 28 39
10 3 7 13 17 20 21 22 25 38 43 45 10 19 26
6 3 4 40 42 44 48 53 8 24 29
6 10 4 40 42 44 48 53 7 13 17 20 21 22 25 38 43 45
2 4 5 16 6 14 34 41
3 2 8 24 29 5 16
7 3 11 12 18 27 32 35 46 8 24 29
6 2 4 40 42 44 48 53 9 30
7 7 3 15 31 36 37 50 51 11 12 18 27 32 35 46
2 7 5 16 3 15 31 36 37 50 51
3 3 8 24 29 0 47 52
3 4 0 47 52 6 14 34 41
3 2 8 24 29 5 16
4 4 1 33 49 54 6 14 34 41
4 3 2 23 28 39 0 47 52
7 3 3 15 31 36 37 50 51 10 19 26
2 7 9 30 11 12 18 27 32 35 46
2 4 5 16 6 14 34 41
4 3 6 14 34 41 0 47 52
7 2 11 12 18 27 32 35 46 5 16
7 2 11 12 18 27 32 35 46 5 16
6 3 4 40 42 44 48 53 0 47 52
3 2 0 47 52 5 16
3 7 10 19 26 3 15 31 36 37 50 51
3 3 10 19 26 0 47 52
10 3 7 13 17 20 21 22 25 38 43 45 10 19 26
10 6 7 13 17 20 21 22 25 38 43 45 4 40 42 44 48 53
2 7 5 16 3 15 31 36 37 50 51
4 2 1 33 49 54 9 30
3 3 8 24 29 10 19 26
4 3 6 14 34 41 0 47 52
2 3 9 30 8 24 29
4 10 2 23 28 39 7 13 17 20 21 22 25 38 43 45
4 4 6 14 34 41 1 33 49 54
4 4 1 33 49 54 6 14 34 41
3 3 10 19 26 8 24 29
6 4 4 40 42 44 48 53 1 33 49 54
2 3 5 16 0 47 52
3 7 0 47 52 3 15 31 36 37 50 51
3 4 10 19 26 2 23 28 39
4 3 1 33 49 54 10 19 26
7 3 11 12 18 27 32 35 46 10 19 26
10 7 7 13 17 20 21 22 25 38 43 45 11 12 18 27 32 35 46
3 4 10 19 26 6 14 34 41
3 2 10 19 26 9 30
7 4 11 12 18 27 32 35 46 1 33 49 54
3 7 10 19 26 3 15 31 36 37 50 51
4 3 1 33 49 54 10 19 26
4 4 6 14 34 41 2 23 28 39
3 6 0 47 52 4 40 42 44 48 53
4 2 2 23 28 39 9 30
4 2 6 14 34 41 9 30
3 3 10 19 26 0 47 52
7 10 11 12 18 27 32 35 46 7 13 17 20 21 22 25 38 43 45
3 2 0 47 52 5 16
3 7 8 24 29 3 15 31 36 37 50 51
7 4 3 15 31 36 37 50 51 2 23 28 39
7 4 11 12 18 27 32 35 46 1 33 49 54
4 3 6 14 34 41 10 19 26
6 4 4 40 42 44 48 53 1 33 49 54
10 3 7 13 17 20 21 22 25 38 43 45 8 24 29
7 3 11 12 18 27 32 35 46 8 24 29
2 7 5 16 11 12 18 27 32 35 46
2 10 5 16 7 13 17 20 21 22 25 38 43 45
2 3 9 30 10 19 26
2 6 9 30 4 40 42 44 48 53
7 3 3 15 31 36 37 50 51 8 24 29
4 7 2 23 28 39 3 15 31 36 37 50 51
6 4 4 40 42 44 48 53 6 14 34 41
2 3 5 16 10 19 26
4 4 6 14 34 41 1 33 49 54
7 4 11 12 18 27 32 35 46 6 14 34 41
3 2 0 47 52 5 16
3 3 8 24 29 10 19 26
4 2 6 14 34 41 5 16
4 6 2 23 28 39 4 40 42 44 48 53
4 3 1 33 49 54 8 24 29
4 2 6 14 34 41 9 30
3 3 8 24 29 0 47 52
2 4 5 16 2 23 28 39
6 3 4 40 42 44 48 53 10 19 26
3 2 8 24 29 5 16
3 2 8 24 29 5 16
4 10 6 14 34 41 7 13 17 20 21 22 25 38 43 45
6 3 4 40 42 44 48 53 8 24 29
4 3 1 33 49 54 0 47 52
4 2 1 33 49 54 9 30
4 3 1 33 49 54 8 24 29
3 4 8 24 29 1 33 49 54
10 4 7 13 17 20 21 22 25 38 43 45 2 23 28 39
3 7 10 19 26 11 12 18 27 32 35 46
3 4 10 19 26 6 14 34 41
3 7 0 47 52 3 15 31 36 37 50 51
3 3 8 24 29 10 19 26
2 7 9 30 3 15 31 36 37 50 51
2 3 9 30 0 47 52
4 2 1 33 49 54 5 16
4 10 1 33 49 54 7 13 17 20 21 22 25 38 43 45
6 7 4 40 42 44 48 53 3 15 31 36 37 50 51
4 3 2 23 28 39 10 19 26
2 4 5 16 2 23 28 39
7 3 11 12 18 27 32 35 46 8 24 29
3 2 0 47 52 5 16
6 7 4 40 42 44 48 53 3 15 31 36 37 50 51
7 2 3 15 31 36 37 50 51 9 30
2 3 5 16 10 19 26
4 3 6 14 34 41 8 24 29
7 2 3 15 31 36 37 50 51 9 30
4 3 6 14 34 41 8 24 29
10 3 7 13 17 20 21 22 25 38 43 45 8 24 29
4 6 1 33 49 54 4 40 42 44 48 53
10 4 7 13 17 20 21 22 25 38 43 45 6 14 34 41
6 10 4 40 42 44 48 53 7 13 17 20 21 22 25 38 43 45
3 3 8 24 29 10 19 26
3 2 0 47 52 5 16
6 4 4 40 42 44 48 53 6 14 34 41
4 3 6 14 34 41 8 24 29
6 7 4 40 42 44 48 53 11 12 18 27 32 35 46
7 7 3 15 31 36 37 50 51 11 12 18 27 32 35 46
4 2 2 23 28 39 9 30
3 4 0 47 52 1 33 49 54
10 3 7 13 17 20 21 22 25 38 43 45 0 47 52
3 10 8 24 29 7 13 17 20 21 22 25 38 43 45
7 2 3 15 31 36 37 50 51 5 16
7 3 3 15 31 36 37 50 51 0 47 52
4 7 6 14 34 41 11 12 18 27 32 35 46
4 7 6 14 34 41 3 15 31 36 37 50 51
4 3 6 14 34 41 0 47 52
3 4 10 19 26 2 23 28 39
7 3 11 12 18 27 32 35 46 8 24 29
10 4 7 13 17 20 21 22 25 38 43 45 2 23 28 39
7 4 3 15 31 36 37 50 51 2 23 28 39
6 3 4 40 42 44 48 53 8 24 29
2 4 5 16 6 14 34 41
3 3 0 47 52 8 24 29
10 4 7 13 17 20 21 22 25 38 43 45 1 33 49 54
2 10 9 30 7 13 17 20 21 22 25 38 43 45
3 2 8 24 29 9 30
7 2 3 15 31 36 37 50 51 5 16
10 4 7 13 17 20 21 22 25 38 43 45 2 23 28 39
4 6 2 23 28 39 4 40 42 44 48 53
3 3 8 24 29 10 19 26
7 3 3 15 31 36 37 50 51 0 47 52
3 7 0 47 52 3 15 31 36 37 50 51
3 2 0 47 52 9 30
7 3 3 15 31 36 37 50 51 0 47 52
7 3 3 15 31 36 37 50 51 8 24 29
6 4 4 40 42 44 48 53 2 23 28 39
4 10 2 23 28 39 7 13 17 20 21 22 25 38 43 45
3 7 0 47 52 11 12 18 27 32 35 46
10 4 7 13 17 20 21 22 25 38 43 45 1 33 49 54
2 6 9 30 4 40 42 44 48 53
3 7 8 24 29 11 12 18 27 32 35 46
6 4 4 40 42 44 48 53 2 23 28 39
2 3 5 16 0 47 52
7 3 11 12 18 27 32 35 46 10 19 26
4 2 2 23 28 39 9 30
7 4 3 15 31 36 37 50 51 6 14 34 41
2 4 5 16 2 23 28 39
7 2 3 15 31 36 37 50 51 9 30
4 3 1 33 49 54 10 19 26
3 4 10 19 26 2 23 28 39
4 6 1 33 49 54 4 40 42 44 48 53
3 7 0 47 52 3 15 31 36 37 50 51
4 2 2 23 28 39 9 30
7 4 3 15 31 36 37 50 51 6 14 34 41
6 2 4 40 42 44 48 53 9 30
10 2 7 13 17 20 21 22 25 38 43 45 5 16
3 4 10 19 26 6 14 34 41
3 6 8 24 29 4 40 42 44 48 53
4 3 2 23 28 39 10 19 26
7 4 3 15 31 36 37 50 51 1 33 49 54
4 7 6 14 34 41 3 15 31 36 37 50 51
6 10 4 40 42 44 48 53 7 13 17 20 21 22 25 38 43 45
4 3 1 33 49 54 0 47 52
7 3 3 15 31 36 37 50 51 10 19 26
2 7 9 30 11 12 18 27 32 35 46
7 6 11 12 18 27 32 35 46 4 40 42 44 48 53
2 7 9 30 3 15 31 36 37 50 51
10 7 7 13 17 20 21 22 25 38 43 45 11 12 18 27 32 35 46
7 3 11 12 18 27 32 35 46 10 19 26
10 4 7 13 17 20 21 22 25 38 43 45 2 23 28 39
4 2 6 14 34 41 5 16
4 10 1 33 49 54 7 13 17 20 21 22 25 38 43 45
4 3 6 14 34 41 10 19 26
7 4 3 15 31 36 37 50 51 2 23 28 39
4 4 6 14 34 41 2 23 28 39
3 7 0 47 52 3 15 31 36 37 50 51
7 2 3 15 31 36 37 50 51 9 30
10 4 7 13 17 20 21 22 25 38 43 45 6 14 34 41
4 6 2 23 28 39 4 40 42 44 48 53
6 2 4 40 42 44 48 53 5 16
2 7 5 16 11 12 18 27 32 35 46
6 2 4 40 42 44 48 53 5 16
10 3 7 13 17 20 21 22 25 38 43 45 10 19 26
3 7 10 19 26 11 12 18 27 32 35 46
2 4 9 30 2 23 28 39
4 3 1 33 49 54 10 19 26
4 3 6 14 34 41 0 47 52
4 2 6 14 34 41 5 16
10 4 7 13 17 20 21 22 25 38 43 45 2 23 28 39
3 6 10 19 26 4 40 42 44 48 53
3 6 10 19 26 4 40 42 44 48 53
3 7 10 19 26 11 12 18 27 32 35 46
3 3 10 19 26 8 24 29
2 6 9 30 4 40 42 44 48 53
2 3 9 30 8 24 29
2 7 9 30 11 12 18 27 32 35 46
6 2 4 40 42 44 48 53 5 16
3 10 8 24 29 7 13 17 20 21 22 25 38 43 45
4 3 2 23 28 39 10 19 26
3 3 10 19 26 8 24 29
3 3 8 24 29 0 47 52
7 3 11 12 18 27 32 35 46 8 24 29
3 2 10 19 26 9 30
6 10 4 40 42 44 48 53 7 13 17 20 21 22 25 38 43 45
10 4 7 13 17 20 21 22 25 38 43 45 1 33 49 54
7 2 11 12 18 27 32 35 46 9 30
7 10 5 2 4 2 7 4 1 6 6 2 0 3 11 3 3 11 10 8 9 7 8 4 8 5 5 8 2 3 4 11 5 7 1 11 0 5 11 4 9 2 3 10 7 6 1 10 6 9 9 6 8 10 9
