1 1 53 86
1 1 33 89
1 1 17 24
1 1 4 67
1 1 61 38
1 1 6 3
1 1 60 48
1 1 76 0
1 1 67 84
1 1 82 72
1 1 50 44
1 1 59 73
1 1 8 45
1 1 61 22
1 1 66 48
1 1 61 27
1 1 90 41
1 1 44 40
1 1 17 19
1 1 47 32
1 1 76 83
1 1 4 46
1 1 13 10
1 1 41 56
1 1 52 70
1 1 35 64
1 1 3 54
1 1 41 89
1 1 64 11
1 1 51 9
1 1 52 72
1 1 41 18
1 1 48 77
1 1 63 72
1 1 67 17
1 1 23 58
1 1 74 33
1 1 17 41
1 1 25 59
1 1 30 33
1 1 61 54
1 1 47 84
1 1 80 26
1 1 90 17
1 1 79 62
1 1 67 7
1 1 5 34
1 1 25 36
1 1 30 60
1 1 79 81
1 1 35 52
1 1 50 38
1 1 55 54
1 1 43 40
1 1 66 73
1 1 79 9
1 1 11 7
1 1 27 68
1 1 74 75
1 1 34 1
1 1 25 59
1 1 11 28
1 1 9 77
1 1 23 80
1 1 58 86
1 1 13 70
1 1 89 18
1 1 48 58
1 1 87 29
1 1 3 4
1 1 54 58
1 1 38 90
1 1 57 40
1 1 65 86
1 1 18 16
1 1 57 24
1 1 83 26
1 1 55 36
1 1 58 67
1 1 53 80
1 1 38 35
1 1 24 5
1 1 61 44
1 1 29 85
1 1 15 32
1 1 8 83
1 1 32 75
1 1 65 84
1 1 84 24
1 1 82 76
1 1 29 90
1 1 73 50
1 1 0 65
1 1 43 61
1 1 27 22
1 1 80 15
1 1 74 24
1 1 29 77
1 1 81 41
1 1 8 83
1 1 66 50
1 1 46 18
1 1 38 0
1 1 21 42
1 1 80 88
1 1 38 7
1 1 27 57
1 1 67 65
1 1 65 24
1 1 65 88
1 1 55 80
1 1 41 30
1 1 30 33
1 1 78 53
1 1 85 54
1 1 90 52
1 1 0 37
1 1 34 1
1 1 1 88
1 1 66 39
1 1 25 29
1 1 1 55
1 1 23 39
1 1 24 1
1 1 69 44
1 1 45 89
1 1 75 87
1 1 47 0
1 1 67 8
1 1 18 25
1 1 62 11
1 1 23 88
1 1 87 50
1 1 51 21
1 1 37 35
1 1 77 8
1 1 76 64
1 1 78 51
1 1 86 69
1 1 39 48
1 1 44 75
1 1 35 59
1 1 65 55
1 1 65 8
1 1 10 3
1 1 60 45
1 1 15 79
1 1 25 0
1 1 14 87
1 1 71 77
1 1 53 41
1 1 84 63
1 1 83 54
1 1 77 63
1 1 56 43
1 1 52 33
1 1 44 48
1 1 86 58
1 1 59 25
1 1 72 42
1 1 0 73
1 1 74 19
1 1 46 41
1 1 14 48
1 1 88 51
1 1 19 12
1 1 41 85
1 1 77 19
1 1 19 89
1 1 65 71
1 1 63 39
1 1 17 80
1 1 6 16
1 1 39 62
1 1 70 66
1 1 13 2
1 1 27 25
1 1 14 29
1 1 68 15
1 1 26 69
1 1 55 74
1 1 46 34
1 1 49 3
1 1 32 47
1 1 42 13
1 1 56 81
1 1 45 21
1 1 16 76
1 1 3 57
1 1 7 52
1 1 30 2
1 1 68 59
1 1 30 29
1 1 69 19
1 1 10 40
1 1 11 34
1 1 35 46
1 1 59 6
1 1 77 56
1 1 53 22
1 1 61 45
1 1 14 15
1 1 0 35
1 1 82 81
1 1 47 55
1 1 75 41
1 1 87 1
1 1 43 22
1 1 77 83
1 1 76 24
1 1 86 41
1 1 58 90
1 1 31 2
1 1 21 48
1 1 31 90
1 1 60 70
1 1 72 33
1 1 66 24
1 1 87 75
1 1 2 0
1 1 8 27
1 1 63 51
1 1 19 54
1 1 10 82
1 1 19 82
1 1 89 51
1 1 17 72
1 1 78 38
1 1 51 21
1 1 77 89
1 1 45 74
1 1 50 4
1 1 74 44
1 1 2 41
1 1 56 38
1 1 55 27
1 1 46 84
1 1 75 12
1 1 27 0
1 1 71 6
1 1 43 67
1 1 35 25
1 1 67 27
1 1 43 69
1 1 60 43
1 1 47 22
1 1 14 75
1 1 24 51
1 1 11 54
1 1 88 37
1 1 20 5
1 1 33 79
1 1 44 66
1 1 10 37
1 1 77 89
1 1 23 72
1 1 83 76
1 1 8 49
1 1 14 1
1 1 47 38
1 1 43 2
1 1 19 53
1 1 51 46
1 1 34 36
1 1 88 81
1 1 16 31
1 1 87 50
1 1 87 19
1 1 75 83
1 1 40 80
1 1 87 62
1 1 68 7
1 1 7 85
1 1 78 26
1 1 32 67
1 1 84 68
1 1 72 37
1 1 60 53
1 1 83 68
1 1 86 14
1 1 21 74
1 1 18 8
1 1 44 42
1 1 23 56
1 1 29 40
1 1 26 13
1 1 59 3
1 1 70 54
1 1 21 68
1 1 56 34
1 1 24 52
1 1 46 60
1 1 75 51
1 1 66 71
1 1 35 88
1 1 19 48
1 1 51 58
1 1 64 90
1 1 62 76
1 1 89 43
1 1 47 8
1 1 57 62
1 1 65 21
1 1 74 33
1 1 46 82
1 1 56 8
1 1 40 27
1 1 26 18
1 1 34 42
1 1 26 48
1 1 13 3
1 1 78 47
1 1 36 79
1 1 37 44
1 1 33 39
1 1 84 54
1 1 79 36
1 1 65 77
1 1 49 12
1 1 17 27
1 1 86 30
1 1 69 13
1 1 6 9
1 1 18 52
1 1 65 30
1 1 33 13
1 1 9 5
1 1 87 28
1 1 35 33
1 1 52 53
1 1 23 59
1 1 82 41
1 1 20 23
1 1 68 53
1 1 35 1
1 1 13 12
1 1 32 88
1 1 47 54
1 1 35 31
1 1 40 85
1 1 11 64
1 1 14 76
1 1 83 18
1 1 61 53
1 1 40 81
1 1 64 0
1 1 48 71
1 1 5 43
1 1 24 62
1 1 4 56
1 1 74 29
1 1 41 77
1 1 26 17
1 1 20 87
1 1 30 35
1 1 43 2
1 1 49 6
1 1 23 73
1 1 68 3
8 9 4 12 15 42 45 66 74 79 5 34 43 50 53 62 78 82 83
9 8 5 34 43 50 53 62 78 82 83 0 17 18 21 25 44 59 89
7 4 3 23 30 38 58 63 81 9 22 52 71
7 7 2 14 37 57 67 73 80 3 23 30 38 58 63 81
4 10 9 22 52 71 8 39 40 41 47 70 75 84 85 86
10 8 8 39 40 41 47 70 75 84 85 86 0 17 18 21 25 44 59 89
7 11 2 14 37 57 67 73 80 11 16 20 24 26 32 33 46 69 72 87
8 7 0 17 18 21 25 44 59 89 3 23 30 38 58 63 81
8 8 4 12 15 42 45 66 74 79 0 17 18 21 25 44 59 89
8 8 7 19 35 51 56 61 76 77 0 17 18 21 25 44 59 89
6 4 6 27 28 60 65 90 9 22 52 71
8 11 7 19 35 51 56 61 76 77 11 16 20 24 26 32 33 46 69 72 87
10 8 8 39 40 41 47 70 75 84 85 86 7 19 35 51 56 61 76 77
6 4 1 13 29 36 48 55 9 22 52 71
6 8 1 13 29 36 48 55 4 12 15 42 45 66 74 79
7 7 10 31 49 54 64 68 88 3 23 30 38 58 63 81
9 7 5 34 43 50 53 62 78 82 83 10 31 49 54 64 68 88
4 7 9 22 52 71 10 31 49 54 64 68 88
4 10 9 22 52 71 8 39 40 41 47 70 75 84 85 86
7 4 3 23 30 38 58 63 81 9 22 52 71
8 10 7 19 35 51 56 61 76 77 8 39 40 41 47 70 75 84 85 86
8 7 0 17 18 21 25 44 59 89 3 23 30 38 58 63 81
9 10 5 34 43 50 53 62 78 82 83 8 39 40 41 47 70 75 84 85 86
7 4 2 14 37 57 67 73 80 9 22 52 71
7 7 10 31 49 54 64 68 88 3 23 30 38 58 63 81
8 7 0 17 18 21 25 44 59 89 2 14 37 57 67 73 80
9 8 5 34 43 50 53 62 78 82 83 4 12 15 42 45 66 74 79
8 7 7 19 35 51 56 61 76 77 2 14 37 57 67 73 80
4 6 9 22 52 71 1 13 29 36 48 55
7 11 3 23 30 38 58 63 81 11 16 20 24 26 32 33 46 69 72 87
4 7 9 22 52 71 3 23 30 38 58 63 81
6 11 6 27 28 60 65 90 11 16 20 24 26 32 33 46 69 72 87
7 10 2 14 37 57 67 73 80 8 39 40 41 47 70 75 84 85 86
7 6 2 14 37 57 67 73 80 6 27 28 60 65 90
8 7 0 17 18 21 25 44 59 89 2 14 37 57 67 73 80
4 8 9 22 52 71 0 17 18 21 25 44 59 89
9 11 5 34 43 50 53 62 78 82 83 11 16 20 24 26 32 33 46 69 72 87
11 6 11 16 20 24 26 32 33 46 69 72 87 1 13 29 36 48 55
7 10 2 14 37 57 67 73 80 8 39 40 41 47 70 75 84 85 86
6 7 1 13 29 36 48 55 3 23 30 38 58 63 81
10 8 8 39 40 41 47 70 75 84 85 86 4 12 15 42 45 66 74 79
6 9 6 27 28 60 65 90 5 34 43 50 53 62 78 82 83
7 6 3 23 30 38 58 63 81 1 13 29 36 48 55
6 6 1 13 29 36 48 55 6 27 28 60 65 90
6 7 6 27 28 60 65 90 3 23 30 38 58 63 81
11 6 11 16 20 24 26 32 33 46 69 72 87 6 27 28 60 65 90
7 8 2 14 37 57 67 73 80 4 12 15 42 45 66 74 79
8 7 4 12 15 42 45 66 74 79 3 23 30 38 58 63 81
6 7 1 13 29 36 48 55 10 31 49 54 64 68 88
8 6 7 19 35 51 56 61 76 77 6 27 28 60 65 90
7 6 10 31 49 54 64 68 88 6 27 28 60 65 90
8 10 0 17 18 21 25 44 59 89 8 39 40 41 47 70 75 84 85 86
7 6 3 23 30 38 58 63 81 1 13 29 36 48 55
8 8 0 17 18 21 25 44 59 89 4 12 15 42 45 66 74 79
4 7 9 22 52 71 10 31 49 54 64 68 88
7 7 3 23 30 38 58 63 81 2 14 37 57 67 73 80
4 10 9 22 52 71 8 39 40 41 47 70 75 84 85 86
11 7 11 16 20 24 26 32 33 46 69 72 87 10 31 49 54 64 68 88
8 11 4 12 15 42 45 66 74 79 11 16 20 24 26 32 33 46 69 72 87
9 8 5 34 43 50 53 62 78 82 83 7 19 35 51 56 61 76 77
11 10 11 16 20 24 26 32 33 46 69 72 87 8 39 40 41 47 70 75 84 85 86
7 9 10 31 49 54 64 68 88 5 34 43 50 53 62 78 82 83
7 8 2 14 37 57 67 73 80 7 19 35 51 56 61 76 77
11 8 11 16 20 24 26 32 33 46 69 72 87 7 19 35 51 56 61 76 77
8 7 4 12 15 42 45 66 74 79 3 23 30 38 58 63 81
4 11 9 22 52 71 11 16 20 24 26 32 33 46 69 72 87
8 11 0 17 18 21 25 44 59 89 11 16 20 24 26 32 33 46 69 72 87
8 6 0 17 18 21 25 44 59 89 6 27 28 60 65 90
8 7 7 19 35 51 56 61 76 77 10 31 49 54 64 68 88
7 7 10 31 49 54 64 68 88 2 14 37 57 67 73 80
9 10 5 34 43 50 53 62 78 82 83 8 39 40 41 47 70 75 84 85 86
7 7 2 14 37 57 67 73 80 3 23 30 38 58 63 81
7 11 3 23 30 38 58 63 81 11 16 20 24 26 32 33 46 69 72 87
10 7 8 39 40 41 47 70 75 84 85 86 2 14 37 57 67 73 80
11 6 11 16 20 24 26 32 33 46 69 72 87 6 27 28 60 65 90
11 9 11 16 20 24 26 32 33 46 69 72 87 5 34 43 50 53 62 78 82 83
6 9 6 27 28 60 65 90 5 34 43 50 53 62 78 82 83
9 7 5 34 43 50 53 62 78 82 83 3 23 30 38 58 63 81
7 9 10 31 49 54 64 68 88 5 34 43 50 53 62 78 82 83
7 6 10 31 49 54 64 68 88 1 13 29 36 48 55
11 7 11 16 20 24 26 32 33 46 69 72 87 3 23 30 38 58 63 81
6 6 6 27 28 60 65 90 1 13 29 36 48 55
4 7 9 22 52 71 2 14 37 57 67 73 80
7 11 3 23 30 38 58 63 81 11 16 20 24 26 32 33 46 69 72 87
6 6 6 27 28 60 65 90 1 13 29 36 48 55
7 8 10 31 49 54 64 68 88 7 19 35 51 56 61 76 77
8 10 7 19 35 51 56 61 76 77 8 39 40 41 47 70 75 84 85 86
8 7 4 12 15 42 45 66 74 79 10 31 49 54 64 68 88
9 8 5 34 43 50 53 62 78 82 83 7 19 35 51 56 61 76 77
9 4 5 34 43 50 53 62 78 82 83 9 22 52 71
7 8 10 31 49 54 64 68 88 0 17 18 21 25 44 59 89
8 7 0 17 18 21 25 44 59 89 2 14 37 57 67 73 80
6 7 6 27 28 60 65 90 2 14 37 57 67 73 80
11 7 11 16 20 24 26 32 33 46 69 72 87 3 23 30 38 58 63 81
11 8 11 16 20 24 26 32 33 46 69 72 87 7 19 35 51 56 61 76 77
11 10 11 16 20 24 26 32 33 46 69 72 87 8 39 40 41 47 70 75 84 85 86
8 6 7 19 35 51 56 61 76 77 1 13 29 36 48 55
8 7 4 12 15 42 45 66 74 79 2 14 37 57 67 73 80
11 9 11 16 20 24 26 32 33 46 69 72 87 5 34 43 50 53 62 78 82 83
7 6 3 23 30 38 58 63 81 6 27 28 60 65 90
9 8 5 34 43 50 53 62 78 82 83 7 19 35 51 56 61 76 77
9 4 5 34 43 50 53 62 78 82 83 9 22 52 71
8 7 7 19 35 51 56 61 76 77 2 14 37 57 67 73 80
8 10 0 17 18 21 25 44 59 89 8 39 40 41 47 70 75 84 85 86
10 8 8 39 40 41 47 70 75 84 85 86 7 19 35 51 56 61 76 77
6 7 1 13 29 36 48 55 3 23 30 38 58 63 81
8 10 7 19 35 51 56 61 76 77 8 39 40 41 47 70 75 84 85 86
9 8 5 34 43 50 53 62 78 82 83 4 12 15 42 45 66 74 79
6 10 1 13 29 36 48 55 8 39 40 41 47 70 75 84 85 86
8 4 4 12 15 42 45 66 74 79 9 22 52 71
7 4 3 23 30 38 58 63 81 9 22 52 71
9 8 5 34 43 50 53 62 78 82 83 7 19 35 51 56 61 76 77
7 8 10 31 49 54 64 68 88 0 17 18 21 25 44 59 89
8 7 0 17 18 21 25 44 59 89 3 23 30 38 58 63 81
7 4 10 31 49 54 64 68 88 9 22 52 71
8 7 7 19 35 51 56 61 76 77 2 14 37 57 67 73 80
8 7 4 12 15 42 45 66 74 79 10 31 49 54 64 68 88
7 8 2 14 37 57 67 73 80 7 19 35 51 56 61 76 77
8 11 0 17 18 21 25 44 59 89 11 16 20 24 26 32 33 46 69 72 87
7 7 10 31 49 54 64 68 88 3 23 30 38 58 63 81
7 6 2 14 37 57 67 73 80 1 13 29 36 48 55
4 7 9 22 52 71 2 14 37 57 67 73 80
9 7 5 34 43 50 53 62 78 82 83 3 23 30 38 58 63 81
8 11 4 12 15 42 45 66 74 79 11 16 20 24 26 32 33 46 69 72 87
4 11 9 22 52 71 11 16 20 24 26 32 33 46 69 72 87
10 6 8 39 40 41 47 70 75 84 85 86 1 13 29 36 48 55
7 6 10 31 49 54 64 68 88 6 27 28 60 65 90
6 8 6 27 28 60 65 90 0 17 18 21 25 44 59 89
7 7 10 31 49 54 64 68 88 3 23 30 38 58 63 81
8 7 7 19 35 51 56 61 76 77 3 23 30 38 58 63 81
7 9 2 14 37 57 67 73 80 5 34 43 50 53 62 78 82 83
6 7 1 13 29 36 48 55 3 23 30 38 58 63 81
4 8 9 22 52 71 4 12 15 42 45 66 74 79
8 7 7 19 35 51 56 61 76 77 2 14 37 57 67 73 80
8 10 7 19 35 51 56 61 76 77 8 39 40 41 47 70 75 84 85 86
7 9 3 23 30 38 58 63 81 5 34 43 50 53 62 78 82 83
8 9 7 19 35 51 56 61 76 77 5 34 43 50 53 62 78 82 83
8 7 7 19 35 51 56 61 76 77 3 23 30 38 58 63 81
6 4 6 27 28 60 65 90 9 22 52 71
7 6 2 14 37 57 67 73 80 6 27 28 60 65 90
7 6 3 23 30 38 58 63 81 6 27 28 60 65 90
4 10 9 22 52 71 8 39 40 41 47 70 75 84 85 86
4 6 9 22 52 71 1 13 29 36 48 55
8 8 7 19 35 51 56 61 76 77 0 17 18 21 25 44 59 89
11 6 11 16 20 24 26 32 33 46 69 72 87 6 27 28 60 65 90
4 8 9 22 52 71 4 12 15 42 45 66 74 79
4 10 9 22 52 71 8 39 40 41 47 70 75 84 85 86
4 10 9 22 52 71 8 39 40 41 47 70 75 84 85 86
9 8 5 34 43 50 53 62 78 82 83 0 17 18 21 25 44 59 89
8 11 7 19 35 51 56 61 76 77 11 16 20 24 26 32 33 46 69 72 87
7 6 10 31 49 54 64 68 88 6 27 28 60 65 90
9 7 5 34 43 50 53 62 78 82 83 2 14 37 57 67 73 80
7 8 10 31 49 54 64 68 88 0 17 18 21 25 44 59 89
8 4 7 19 35 51 56 61 76 77 9 22 52 71
7 6 2 14 37 57 67 73 80 6 27 28 60 65 90
11 8 11 16 20 24 26 32 33 46 69 72 87 7 19 35 51 56 61 76 77
4 7 9 22 52 71 2 14 37 57 67 73 80
8 10 7 19 35 51 56 61 76 77 8 39 40 41 47 70 75 84 85 86
9 7 5 34 43 50 53 62 78 82 83 3 23 30 38 58 63 81
4 6 9 22 52 71 6 27 28 60 65 90
6 8 1 13 29 36 48 55 7 19 35 51 56 61 76 77
8 4 4 12 15 42 45 66 74 79 9 22 52 71
6 7 1 13 29 36 48 55 2 14 37 57 67 73 80
7 6 3 23 30 38 58 63 81 1 13 29 36 48 55
6 7 6 27 28 60 65 90 10 31 49 54 64 68 88
7 11 10 31 49 54 64 68 88 11 16 20 24 26 32 33 46 69 72 87
11 6 11 16 20 24 26 32 33 46 69 72 87 1 13 29 36 48 55
11 8 11 16 20 24 26 32 33 46 69 72 87 4 12 15 42 45 66 74 79
6 8 6 27 28 60 65 90 4 12 15 42 45 66 74 79
7 7 3 23 30 38 58 63 81 10 31 49 54 64 68 88
7 7 10 31 49 54 64 68 88 3 23 30 38 58 63 81
6 8 6 27 28 60 65 90 4 12 15 42 45 66 74 79
11 9 11 16 20 24 26 32 33 46 69 72 87 5 34 43 50 53 62 78 82 83
6 8 1 13 29 36 48 55 7 19 35 51 56 61 76 77
8 11 4 12 15 42 45 66 74 79 11 16 20 24 26 32 33 46 69 72 87
8 11 4 12 15 42 45 66 74 79 11 16 20 24 26 32 33 46 69 72 87
7 8 10 31 49 54 64 68 88 4 12 15 42 45 66 74 79
4 7 9 22 52 71 10 31 49 54 64 68 88
7 8 10 31 49 54 64 68 88 4 12 15 42 45 66 74 79
7 6 3 23 30 38 58 63 81 1 13 29 36 48 55
9 7 5 34 43 50 53 62 78 82 83 10 31 49 54 64 68 88
9 4 5 34 43 50 53 62 78 82 83 9 22 52 71
10 4 8 39 40 41 47 70 75 84 85 86 9 22 52 71
11 8 11 16 20 24 26 32 33 46 69 72 87 4 12 15 42 45 66 74 79
6 4 6 27 28 60 65 90 9 22 52 71
7 7 10 31 49 54 64 68 88 2 14 37 57 67 73 80
6 11 1 13 29 36 48 55 11 16 20 24 26 32 33 46 69 72 87
9 8 5 34 43 50 53 62 78 82 83 4 12 15 42 45 66 74 79
8 6 0 17 18 21 25 44 59 89 1 13 29 36 48 55
10 8 8 39 40 41 47 70 75 84 85 86 7 19 35 51 56 61 76 77
9 7 5 34 43 50 53 62 78 82 83 2 14 37 57 67 73 80
8 8 7 19 35 51 56 61 76 77 0 17 18 21 25 44 59 89
7 6 3 23 30 38 58 63 81 1 13 29 36 48 55
9 7 5 34 43 50 53 62 78 82 83 3 23 30 38 58 63 81
6 8 6 27 28 60 65 90 0 17 18 21 25 44 59 89
4 11 9 22 52 71 11 16 20 24 26 32 33 46 69 72 87
9 10 5 34 43 50 53 62 78 82 83 8 39 40 41 47 70 75 84 85 86
7 7 10 31 49 54 64 68 88 2 14 37 57 67 73 80
7 6 2 14 37 57 67 73 80 1 13 29 36 48 55
4 6 9 22 52 71 1 13 29 36 48 55
4 8 9 22 52 71 7 19 35 51 56 61 76 77
4 6 9 22 52 71 1 13 29 36 48 55
7 9 10 31 49 54 64 68 88 5 34 43 50 53 62 78 82 83
6 8 1 13 29 36 48 55 0 17 18 21 25 44 59 89
7 8 10 31 49 54 64 68 88 0 17 18 21 25 44 59 89
9 6 5 34 43 50 53 62 78 82 83 1 13 29 36 48 55
11 6 11 16 20 24 26 32 33 46 69 72 87 1 13 29 36 48 55
7 6 10 31 49 54 64 68 88 6 27 28 60 65 90
6 10 6 27 28 60 65 90 8 39 40 41 47 70 75 84 85 86
7 7 2 14 37 57 67 73 80 3 23 30 38 58 63 81
7 11 2 14 37 57 67 73 80 11 16 20 24 26 32 33 46 69 72 87
8 4 4 12 15 42 45 66 74 79 9 22 52 71
7 7 10 31 49 54 64 68 88 3 23 30 38 58 63 81
9 11 5 34 43 50 53 62 78 82 83 11 16 20 24 26 32 33 46 69 72 87
8 10 0 17 18 21 25 44 59 89 8 39 40 41 47 70 75 84 85 86
7 6 10 31 49 54 64 68 88 1 13 29 36 48 55
10 11 8 39 40 41 47 70 75 84 85 86 11 16 20 24 26 32 33 46 69 72 87
10 9 8 39 40 41 47 70 75 84 85 86 5 34 43 50 53 62 78 82 83
7 8 2 14 37 57 67 73 80 7 19 35 51 56 61 76 77
8 9 7 19 35 51 56 61 76 77 5 34 43 50 53 62 78 82 83
8 7 7 19 35 51 56 61 76 77 2 14 37 57 67 73 80
7 8 3 23 30 38 58 63 81 7 19 35 51 56 61 76 77
9 8 5 34 43 50 53 62 78 82 83 4 12 15 42 45 66 74 79
8 7 0 17 18 21 25 44 59 89 10 31 49 54 64 68 88
11 6 11 16 20 24 26 32 33 46 69 72 87 6 27 28 60 65 90
7 8 10 31 49 54 64 68 88 4 12 15 42 45 66 74 79
7 8 3 23 30 38 58 63 81 4 12 15 42 45 66 74 79
7 9 10 31 49 54 64 68 88 5 34 43 50 53 62 78 82 83
8 7 7 19 35 51 56 61 76 77 2 14 37 57 67 73 80
8 11 4 12 15 42 45 66 74 79 11 16 20 24 26 32 33 46 69 72 87
7 6 10 31 49 54 64 68 88 1 13 29 36 48 55
8 11 4 12 15 42 45 66 74 79 11 16 20 24 26 32 33 46 69 72 87
7 6 3 23 30 38 58 63 81 1 13 29 36 48 55
11 10 11 16 20 24 26 32 33 46 69 72 87 8 39 40 41 47 70 75 84 85 86
4 6 9 22 52 71 1 13 29 36 48 55
7 6 3 23 30 38 58 63 81 6 27 28 60 65 90
7 7 2 14 37 57 67 73 80 3 23 30 38 58 63 81
11 7 11 16 20 24 26 32 33 46 69 72 87 3 23 30 38 58 63 81
8 9 7 19 35 51 56 61 76 77 5 34 43 50 53 62 78 82 83
11 8 11 16 20 24 26 32 33 46 69 72 87 4 12 15 42 45 66 74 79
8 9 0 17 18 21 25 44 59 89 5 34 43 50 53 62 78 82 83
7 10 3 23 30 38 58 63 81 8 39 40 41 47 70 75 84 85 86
11 10 11 16 20 24 26 32 33 46 69 72 87 8 39 40 41 47 70 75 84 85 86
11 8 11 16 20 24 26 32 33 46 69 72 87 4 12 15 42 45 66 74 79
10 8 8 39 40 41 47 70 75 84 85 86 0 17 18 21 25 44 59 89
9 4 5 34 43 50 53 62 78 82 83 9 22 52 71
8 7 4 12 15 42 45 66 74 79 10 31 49 54 64 68 88
6 7 1 13 29 36 48 55 2 14 37 57 67 73 80
7 10 3 23 30 38 58 63 81 8 39 40 41 47 70 75 84 85 86
11 8 11 16 20 24 26 32 33 46 69 72 87 7 19 35 51 56 61 76 77
8 9 7 19 35 51 56 61 76 77 5 34 43 50 53 62 78 82 83
9 6 5 34 43 50 53 62 78 82 83 1 13 29 36 48 55
8 7 0 17 18 21 25 44 59 89 10 31 49 54 64 68 88
8 7 7 19 35 51 56 61 76 77 3 23 30 38 58 63 81
9 6 5 34 43 50 53 62 78 82 83 1 13 29 36 48 55
7 6 10 31 49 54 64 68 88 1 13 29 36 48 55
7 4 2 14 37 57 67 73 80 9 22 52 71
6 8 6 27 28 60 65 90 4 12 15 42 45 66 74 79
8 4 4 12 15 42 45 66 74 79 9 22 52 71
9 7 5 34 43 50 53 62 78 82 83 10 31 49 54 64 68 88
6 8 1 13 29 36 48 55 0 17 18 21 25 44 59 89
9 10 5 34 43 50 53 62 78 82 83 8 39 40 41 47 70 75 84 85 86
7 7 3 23 30 38 58 63 81 10 31 49 54 64 68 88
9 7 5 34 43 50 53 62 78 82 83 3 23 30 38 58 63 81
7 6 10 31 49 54 64 68 88 6 27 28 60 65 90
4 7 9 22 52 71 2 14 37 57 67 73 80
10 8 8 39 40 41 47 70 75 84 85 86 0 17 18 21 25 44 59 89
8 7 7 19 35 51 56 61 76 77 10 31 49 54 64 68 88
8 11 0 17 18 21 25 44 59 89 11 16 20 24 26 32 33 46 69 72 87
7 10 3 23 30 38 58 63 81 8 39 40 41 47 70 75 84 85 86
8 8 4 12 15 42 45 66 74 79 0 17 18 21 25 44 59 89
6 9 1 13 29 36 48 55 5 34 43 50 53 62 78 82 83
6 8 6 27 28 60 65 90 0 17 18 21 25 44 59 89
8 8 0 17 18 21 25 44 59 89 4 12 15 42 45 66 74 79
4 8 9 22 52 71 4 12 15 42 45 66 74 79
7 9 3 23 30 38 58 63 81 5 34 43 50 53 62 78 82 83
8 7 0 17 18 21 25 44 59 89 2 14 37 57 67 73 80
6 9 6 27 28 60 65 90 5 34 43 50 53 62 78 82 83
7 10 2 14 37 57 67 73 80 8 39 40 41 47 70 75 84 85 86
11 9 11 16 20 24 26 32 33 46 69 72 87 5 34 43 50 53 62 78 82 83
6 7 6 27 28 60 65 90 3 23 30 38 58 63 81
7 7 10 31 49 54 64 68 88 3 23 30 38 58 63 81
11 10 11 16 20 24 26 32 33 46 69 72 87 8 39 40 41 47 70 75 84 85 86
8 7 0 17 18 21 25 44 59 89 10 31 49 54 64 68 88
11 8 11 16 20 24 26 32 33 46 69 72 87 7 19 35 51 56 61 76 77
11 6 11 16 20 24 26 32 33 46 69 72 87 1 13 29 36 48 55
7 8 2 14 37 57 67 73 80 0 17 18 21 25 44 59 89
7 8 10 31 49 54 64 68 88 7 19 35 51 56 61 76 77
4 9 9 22 52 71 5 34 43 50 53 62 78 82 83
6 7 6 27 28 60 65 90 10 31 49 54 64 68 88
4 6 9 22 52 71 1 13 29 36 48 55
7 8 2 14 37 57 67 73 80 0 17 18 21 25 44 59 89
7 8 2 14 37 57 67 73 80 4 12 15 42 45 66 74 79
7 8 3 23 30 38 58 63 81 4 12 15 42 45 66 74 79
8 6 7 19 35 51 56 61 76 77 6 27 28 60 65 90
7 11 2 14 37 57 67 73 80 11 16 20 24 26 32 33 46 69 72 87
11 4 11 16 20 24 26 32 33 46 69 72 87 9 22 52 71
11 8 11 16 20 24 26 32 33 46 69 72 87 0 17 18 21 25 44 59 89
7 9 10 31 49 54 64 68 88 5 34 43 50 53 62 78 82 83
9 8 5 34 43 50 53 62 78 82 83 7 19 35 51 56 61 76 77
6 7 6 27 28 60 65 90 10 31 49 54 64 68 88
4 6 9 22 52 71 6 27 28 60 65 90
7 9 10 31 49 54 64 68 88 5 34 43 50 53 62 78 82 83
7 10 2 14 37 57 67 73 80 8 39 40 41 47 70 75 84 85 86
7 6 3 23 30 38 58 63 81 6 27 28 60 65 90
9 7 5 34 43 50 53 62 78 82 83 3 23 30 38 58 63 81
7 4 10 31 49 54 64 68 88 9 22 52 71
8 7 0 17 18 21 25 44 59 89 2 14 37 57 67 73 80
8 8 4 12 15 42 45 66 74 79 0 17 18 21 25 44 59 89
8 11 4 12 15 42 45 66 74 79 11 16 20 24 26 32 33 46 69 72 87
8 6 0 17 18 21 25 44 59 89 6 27 28 60 65 90
8 4 0 17 18 21 25 44 59 89 9 22 52 71
4 6 9 22 52 71 6 27 28 60 65 90
8 8 7 19 35 51 56 61 76 77 4 12 15 42 45 66 74 79
8 6 0 17 18 21 25 44 59 89 1 13 29 36 48 55
6 8 6 27 28 60 65 90 4 12 15 42 45 66 74 79
6 7 6 27 28 60 65 90 10 31 49 54 64 68 88
4 10 9 22 52 71 8 39 40 41 47 70 75 84 85 86
7 9 3 23 30 38 58 63 81 5 34 43 50 53 62 78 82 83
10 6 8 39 40 41 47 70 75 84 85 86 6 27 28 60 65 90
11 7 11 16 20 24 26 32 33 46 69 72 87 3 23 30 38 58 63 81
11 7 11 16 20 24 26 32 33 46 69 72 87 2 14 37 57 67 73 80
7 8 3 23 30 38 58 63 81 7 19 35 51 56 61 76 77
6 8 6 27 28 60 65 90 0 17 18 21 25 44 59 89
8 7 0 17 18 21 25 44 59 89 10 31 49 54 64 68 88
4 9 9 22 52 71 5 34 43 50 53 62 78 82 83
4 9 9 22 52 71 5 34 43 50 53 62 78 82 83
7 9 10 31 49 54 64 68 88 5 34 43 50 53 62 78 82 83
10 9 8 39 40 41 47 70 75 84 85 86 5 34 43 50 53 62 78 82 83
11 10 11 16 20 24 26 32 33 46 69 72 87 8 39 40 41 47 70 75 84 85 86
8 10 0 17 18 21 25 44 59 89 8 39 40 41 47 70 75 84 85 86
7 4 2 14 37 57 67 73 80 9 22 52 71
7 8 10 31 49 54 64 68 88 7 19 35 51 56 61 76 77
11 8 11 16 20 24 26 32 33 46 69 72 87 7 19 35 51 56 61 76 77
11 7 11 16 20 24 26 32 33 46 69 72 87 3 23 30 38 58 63 81
6 9 6 27 28 60 65 90 5 34 43 50 53 62 78 82 83
11 4 11 16 20 24 26 32 33 46 69 72 87 9 22 52 71
9 8 5 34 43 50 53 62 78 82 83 7 19 35 51 56 61 76 77
6 7 6 27 28 60 65 90 3 23 30 38 58 63 81
7 10 3 23 30 38 58 63 81 8 39 40 41 47 70 75 84 85 86
7 11 10 31 49 54 64 68 88 11 16 20 24 26 32 33 46 69 72 87
6 8 6 27 28 60 65 90 0 17 18 21 25 44 59 89
11 7 11 16 20 24 26 32 33 46 69 72 87 3 23 30 38 58 63 81
11 10 11 16 20 24 26 32 33 46 69 72 87 8 39 40 41 47 70 75 84 85 86
8 8 7 19 35 51 56 61 76 77 4 12 15 42 45 66 74 79
8 7 0 17 18 21 25 44 59 89 3 23 30 38 58 63 81
4 8 9 22 52 71 4 12 15 42 45 66 74 79
6 9 1 13 29 36 48 55 5 34 43 50 53 62 78 82 83
11 7 11 16 20 24 26 32 33 46 69 72 87 2 14 37 57 67 73 80
7 8 2 14 37 57 67 73 80 7 19 35 51 56 61 76 77
4 11 9 22 52 71 11 16 20 24 26 32 33 46 69 72 87
6 8 1 13 29 36 48 55 4 12 15 42 45 66 74 79
6 6 1 13 29 36 48 55 6 27 28 60 65 90
6 8 6 27 28 60 65 90 4 12 15 42 45 66 74 79
9 11 5 34 43 50 53 62 78 82 83 11 16 20 24 26 32 33 46 69 72 87
7 8 2 14 37 57 67 73 80 4 12 15 42 45 66 74 79
7 7 2 14 37 57 67 73 80 3 23 30 38 58 63 81
9 6 5 34 43 50 53 62 78 82 83 1 13 29 36 48 55
4 7 9 22 52 71 10 31 49 54 64 68 88
11 7 11 16 20 24 26 32 33 46 69 72 87 3 23 30 38 58 63 81
7 8 10 31 49 54 64 68 88 4 12 15 42 45 66 74 79
10 7 8 39 40 41 47 70 75 84 85 86 2 14 37 57 67 73 80
7 10 10 31 49 54 64 68 88 8 39 40 41 47 70 75 84 85 86
7 11 10 31 49 54 64 68 88 11 16 20 24 26 32 33 46 69 72 87
8 6 0 17 18 21 25 44 59 89 1 13 29 36 48 55
7 6 3 23 30 38 58 63 81 1 13 29 36 48 55
7 7 10 31 49 54 64 68 88 3 23 30 38 58 63 81
4 10 9 22 52 71 8 39 40 41 47 70 75 84 85 86
9 7 5 34 43 50 53 62 78 82 83 10 31 49 54 64 68 88
8 10 0 17 18 21 25 44 59 89 8 39 40 41 47 70 75 84 85 86
11 6 11 16 20 24 26 32 33 46 69 72 87 6 27 28 60 65 90
4 7 9 22 52 71 10 31 49 54 64 68 88
8 7 0 17 18 21 25 44 59 89 3 23 30 38 58 63 81
6 7 6 27 28 60 65 90 3 23 30 38 58 63 81
10 4 8 39 40 41 47 70 75 84 85 86 9 22 52 71
9 4 5 34 43 50 53 62 78 82 83 9 22 52 71
7 7 2 14 37 57 67 73 80 10 31 49 54 64 68 88
10 6 8 39 40 41 47 70 75 84 85 86 6 27 28 60 65 90
8 9 4 12 15 42 45 66 74 79 5 34 43 50 53 62 78 82 83
7 6 2 14 37 57 67 73 80 6 27 28 60 65 90
8 11 7 19 35 51 56 61 76 77 11 16 20 24 26 32 33 46 69 72 87
10 7 8 39 40 41 47 70 75 84 85 86 10 31 49 54 64 68 88
8 6 7 19 35 51 56 61 76 77 1 13 29 36 48 55
8 6 0 17 18 21 25 44 59 89 1 13 29 36 48 55
6 9 1 13 29 36 48 55 5 34 43 50 53 62 78 82 83
6 4 1 13 29 36 48 55 9 22 52 71
8 4 0 17 18 21 25 44 59 89 9 22 52 71
7 7 3 23 30 38 58 63 81 2 14 37 57 67 73 80
7 7 10 31 49 54 64 68 88 2 14 37 57 67 73 80
8 7 7 19 35 51 56 61 76 77 3 23 30 38 58 63 81
9 8 5 34 43 50 53 62 78 82 83 7 19 35 51 56 61 76 77
6 10 6 27 28 60 65 90 8 39 40 41 47 70 75 84 85 86
6 7 6 27 28 60 65 90 3 23 30 38 58 63 81
11 10 11 16 20 24 26 32 33 46 69 72 87 8 39 40 41 47 70 75 84 85 86
8 7 7 19 35 51 56 61 76 77 10 31 49 54 64 68 88
8 7 0 17 18 21 25 44 59 89 10 31 49 54 64 68 88
10 9 8 39 40 41 47 70 75 84 85 86 5 34 43 50 53 62 78 82 83
7 10 10 31 49 54 64 68 88 8 39 40 41 47 70 75 84 85 86
7 6 2 14 37 57 67 73 80 6 27 28 60 65 90
4 10 9 22 52 71 8 39 40 41 47 70 75 84 85 86
8 11 4 12 15 42 45 66 74 79 11 16 20 24 26 32 33 46 69 72 87
10 7 8 39 40 41 47 70 75 84 85 86 10 31 49 54 64 68 88
8 8 7 19 35 51 56 61 76 77 0 17 18 21 25 44 59 89
6 7 1 13 29 36 48 55 3 23 30 38 58 63 81
11 7 11 16 20 24 26 32 33 46 69 72 87 10 31 49 54 64 68 88
11 6 11 16 20 24 26 32 33 46 69 72 87 1 13 29 36 48 55
4 6 9 22 52 71 6 27 28 60 65 90
10 9 8 39 40 41 47 70 75 84 85 86 5 34 43 50 53 62 78 82 83
8 6 0 17 18 21 25 44 59 89 6 27 28 60 65 90
7 6 10 31 49 54 64 68 88 6 27 28 60 65 90
8 9 7 19 35 51 56 61 76 77 5 34 43 50 53 62 78 82 83
9 7 5 34 43 50 53 62 78 82 83 10 31 49 54 64 68 88
7 6 10 31 49 54 64 68 88 1 13 29 36 48 55
8 7 0 17 18 21 25 44 59 89 3 23 30 38 58 63 81
7 6 3 23 30 38 58 63 81 6 27 28 60 65 90
8 6 0 17 18 21 25 44 59 89 1 13 29 36 48 55
6 10 1 13 29 36 48 55 8 39 40 41 47 70 75 84 85 86
7 8 2 14 37 57 67 73 80 4 12 15 42 45 66 74 79
6 7 1 13 29 36 48 55 2 14 37 57 67 73 80
6 4 6 27 28 60 65 90 9 22 52 71
11 7 11 16 20 24 26 32 33 46 69 72 87 3 23 30 38 58 63 81
6 4 6 27 28 60 65 90 9 22 52 71
6 6 6 27 28 60 65 90 1 13 29 36 48 55
7 7 2 14 37 57 67 73 80 10 31 49 54 64 68 88
8 10 7 19 35 51 56 61 76 77 8 39 40 41 47 70 75 84 85 86
8 8 7 19 35 51 56 61 76 77 0 17 18 21 25 44 59 89
7 10 3 23 30 38 58 63 81 8 39 40 41 47 70 75 84 85 86
6 7 6 27 28 60 65 90 10 31 49 54 64 68 88
8 6 4 12 15 42 45 66 74 79 6 27 28 60 65 90
11 6 11 16 20 24 26 32 33 46 69 72 87 1 13 29 36 48 55
7 6 3 23 30 38 58 63 81 1 13 29 36 48 55
7 6 2 14 37 57 67 73 80 1 13 29 36 48 55
8 10 0 17 18 21 25 44 59 89 8 39 40 41 47 70 75 84 85 86
6 7 1 13 29 36 48 55 2 14 37 57 67 73 80
8 11 4 12 15 42 45 66 74 79 11 16 20 24 26 32 33 46 69 72 87
9 11 5 34 43 50 53 62 78 82 83 11 16 20 24 26 32 33 46 69 72 87
8 7 7 19 35 51 56 61 76 77 10 31 49 54 64 68 88
8 8 7 19 35 51 56 61 76 77 0 17 18 21 25 44 59 89
6 8 6 27 28 60 65 90 0 17 18 21 25 44 59 89
7 6 10 31 49 54 64 68 88 6 27 28 60 65 90
6 10 6 27 28 60 65 90 8 39 40 41 47 70 75 84 85 86
7 11 10 31 49 54 64 68 88 11 16 20 24 26 32 33 46 69 72 87
7 8 10 31 49 54 64 68 88 4 12 15 42 45 66 74 79
7 7 2 14 37 57 67 73 80 10 31 49 54 64 68 88
9 8 5 34 43 50 53 62 78 82 83 7 19 35 51 56 61 76 77
8 9 4 12 15 42 45 66 74 79 5 34 43 50 53 62 78 82 83
8 6 7 19 35 51 56 61 76 77 6 27 28 60 65 90
10 7 8 39 40 41 47 70 75 84 85 86 2 14 37 57 67 73 80
9 7 5 34 43 50 53 62 78 82 83 10 31 49 54 64 68 88
6 7 6 27 28 60 65 90 10 31 49 54 64 68 88
10 8 8 39 40 41 47 70 75 84 85 86 0 17 18 21 25 44 59 89
8 6 7 19 35 51 56 61 76 77 1 13 29 36 48 55
8 10 4 12 15 42 45 66 74 79 8 39 40 41 47 70 75 84 85 86
8 7 7 19 35 51 56 61 76 77 10 31 49 54 64 68 88
6 4 6 27 28 60 65 90 9 22 52 71
7 4 10 31 49 54 64 68 88 9 22 52 71
6 8 1 13 29 36 48 55 4 12 15 42 45 66 74 79
4 8 9 22 52 71 0 17 18 21 25 44 59 89
8 4 0 17 18 21 25 44 59 89 9 22 52 71
8 8 0 17 18 21 25 44 59 89 4 12 15 42 45 66 74 79
6 7 6 27 28 60 65 90 10 31 49 54 64 68 88
8 8 4 12 15 42 45 66 74 79 0 17 18 21 25 44 59 89
7 10 2 14 37 57 67 73 80 8 39 40 41 47 70 75 84 85 86
6 8 1 13 29 36 48 55 7 19 35 51 56 61 76 77
7 6 3 23 30 38 58 63 81 6 27 28 60 65 90
9 6 5 34 43 50 53 62 78 82 83 6 27 28 60 65 90
8 10 4 12 15 42 45 66 74 79 8 39 40 41 47 70 75 84 85 86
7 7 3 23 30 38 58 63 81 2 14 37 57 67 73 80
7 6 2 14 37 57 67 73 80 1 13 29 36 48 55
7 4 10 31 49 54 64 68 88 9 22 52 71
6 7 6 27 28 60 65 90 3 23 30 38 58 63 81
7 7 2 14 37 57 67 73 80 3 23 30 38 58 63 81
6 6 1 13 29 36 48 55 6 27 28 60 65 90
8 9 0 17 18 21 25 44 59 89 5 34 43 50 53 62 78 82 83
11 6 11 16 20 24 26 32 33 46 69 72 87 1 13 29 36 48 55
8 6 0 17 18 21 25 44 59 89 1 13 29 36 48 55
6 7 1 13 29 36 48 55 2 14 37 57 67 73 80
8 4 0 17 18 21 25 44 59 89 9 22 52 71
7 6 3 23 30 38 58 63 81 1 13 29 36 48 55
6 9 1 13 29 36 48 55 5 34 43 50 53 62 78 82 83
9 8 5 34 43 50 53 62 78 82 83 7 19 35 51 56 61 76 77
10 8 8 39 40 41 47 70 75 84 85 86 7 19 35 51 56 61 76 77
6 8 1 13 29 36 48 55 0 17 18 21 25 44 59 89
8 7 4 12 15 42 45 66 74 79 10 31 49 54 64 68 88
10 6 8 39 40 41 47 70 75 84 85 86 1 13 29 36 48 55
6 8 6 27 28 60 65 90 0 17 18 21 25 44 59 89
6 11 1 13 29 36 48 55 11 16 20 24 26 32 33 46 69 72 87
11 7 11 16 20 24 26 32 33 46 69 72 87 2 14 37 57 67 73 80
8 4 0 17 18 21 25 44 59 89 9 22 52 71
9 4 5 34 43 50 53 62 78 82 83 9 22 52 71
10 8 8 39 40 41 47 70 75 84 85 86 7 19 35 51 56 61 76 77
8 7 4 12 15 42 45 66 74 79 10 31 49 54 64 68 88
6 11 6 27 28 60 65 90 11 16 20 24 26 32 33 46 69 72 87
7 6 10 31 49 54 64 68 88 6 27 28 60 65 90
7 11 2 14 37 57 67 73 80 11 16 20 24 26 32 33 46 69 72 87
7 7 3 23 30 38 58 63 81 10 31 49 54 64 68 88
9 8 5 34 43 50 53 62 78 82 83 7 19 35 51 56 61 76 77
10 7 8 39 40 41 47 70 75 84 85 86 2 14 37 57 67 73 80
7 11 2 14 37 57 67 73 80 11 16 20 24 26 32 33 46 69 72 87
6 6 6 27 28 60 65 90 1 13 29 36 48 55
7 6 10 31 49 54 64 68 88 6 27 28 60 65 90
7 8 10 31 49 54 64 68 88 7 19 35 51 56 61 76 77
7 7 2 14 37 57 67 73 80 3 23 30 38 58 63 81
4 6 9 22 52 71 6 27 28 60 65 90
10 7 8 39 40 41 47 70 75 84 85 86 3 23 30 38 58 63 81
7 10 3 23 30 38 58 63 81 8 39 40 41 47 70 75 84 85 86
10 6 8 39 40 41 47 70 75 84 85 86 1 13 29 36 48 55
6 6 6 27 28 60 65 90 1 13 29 36 48 55
7 7 3 23 30 38 58 63 81 2 14 37 57 67 73 80
6 7 1 13 29 36 48 55 3 23 30 38 58 63 81
7 7 10 31 49 54 64 68 88 2 14 37 57 67 73 80
11 7 11 16 20 24 26 32 33 46 69 72 87 3 23 30 38 58 63 81
11 8 11 16 20 24 26 32 33 46 69 72 87 7 19 35 51 56 61 76 77
7 7 10 31 49 54 64 68 88 3 23 30 38 58 63 81
8 8 0 17 18 21 25 44 59 89 4 12 15 42 45 66 74 79
6 8 6 27 28 60 65 90 4 12 15 42 45 66 74 79
8 7 7 19 35 51 56 61 76 77 3 23 30 38 58 63 81
7 8 3 23 30 38 58 63 81 7 19 35 51 56 61 76 77
11 8 11 16 20 24 26 32 33 46 69 72 87 4 12 15 42 45 66 74 79
6 7 1 13 29 36 48 55 3 23 30 38 58 63 81
8 11 0 17 18 21 25 44 59 89 11 16 20 24 26 32 33 46 69 72 87
6 7 1 13 29 36 48 55 2 14 37 57 67 73 80
9 8 5 34 43 50 53 62 78 82 83 4 12 15 42 45 66 74 79
8 8 4 12 15 42 45 66 74 79 7 19 35 51 56 61 76 77
7 8 2 14 37 57 67 73 80 0 17 18 21 25 44 59 89
4 9 9 22 52 71 5 34 43 50 53 62 78 82 83
7 6 10 31 49 54 64 68 88 1 13 29 36 48 55
8 4 0 17 18 21 25 44 59 89 9 22 52 71
4 8 9 22 52 71 0 17 18 21 25 44 59 89
7 9 10 31 49 54 64 68 88 5 34 43 50 53 62 78 82 83
8 11 4 12 15 42 45 66 74 79 11 16 20 24 26 32 33 46 69 72 87
7 11 3 23 30 38 58 63 81 11 16 20 24 26 32 33 46 69 72 87
9 6 5 34 43 50 53 62 78 82 83 1 13 29 36 48 55
7 7 2 14 37 57 67 73 80 10 31 49 54 64 68 88
7 8 2 14 37 57 67 73 80 7 19 35 51 56 61 76 77
8 8 7 19 35 51 56 61 76 77 0 17 18 21 25 44 59 89
11 4 11 16 20 24 26 32 33 46 69 72 87 9 22 52 71
8 6 0 17 18 21 25 44 59 89 1 13 29 36 48 55
7 8 3 23 30 38 58 63 81 7 19 35 51 56 61 76 77
11 7 11 16 20 24 26 32 33 46 69 72 87 3 23 30 38 58 63 81
7 6 10 31 49 54 64 68 88 6 27 28 60 65 90
9 8 5 34 43 50 53 62 78 82 83 7 19 35 51 56 61 76 77
9 11 5 34 43 50 53 62 78 82 83 11 16 20 24 26 32 33 46 69 72 87
7 4 10 31 49 54 64 68 88 9 22 52 71
8 9 0 17 18 21 25 44 59 89 5 34 43 50 53 62 78 82 83
7 6 3 23 30 38 58 63 81 6 27 28 60 65 90
6 7 1 13 29 36 48 55 10 31 49 54 64 68 88
9 8 5 34 43 50 53 62 78 82 83 0 17 18 21 25 44 59 89
6 7 6 27 28 60 65 90 10 31 49 54 64 68 88
6 8 1 13 29 36 48 55 0 17 18 21 25 44 59 89
4 8 9 22 52 71 4 12 15 42 45 66 74 79
4 7 9 22 52 71 10 31 49 54 64 68 88
6 8 6 27 28 60 65 90 4 12 15 42 45 66 74 79
8 8 4 12 15 42 45 66 74 79 0 17 18 21 25 44 59 89
8 8 0 17 18 21 25 44 59 89 4 12 15 42 45 66 74 79
4 10 9 22 52 71 8 39 40 41 47 70 75 84 85 86
11 8 11 16 20 24 26 32 33 46 69 72 87 0 17 18 21 25 44 59 89
11 7 11 16 20 24 26 32 33 46 69 72 87 10 31 49 54 64 68 88
8 7 4 12 15 42 45 66 74 79 2 14 37 57 67 73 80
9 7 5 34 43 50 53 62 78 82 83 10 31 49 54 64 68 88
7 6 2 14 37 57 67 73 80 6 27 28 60 65 90
6 10 1 13 29 36 48 55 8 39 40 41 47 70 75 84 85 86
11 7 11 16 20 24 26 32 33 46 69 72 87 3 23 30 38 58 63 81
8 11 4 12 15 42 45 66 74 79 11 16 20 24 26 32 33 46 69 72 87
8 9 7 19 35 51 56 61 76 77 5 34 43 50 53 62 78 82 83
9 6 5 34 43 50 53 62 78 82 83 6 27 28 60 65 90
8 6 0 17 18 21 25 44 59 89 1 13 29 36 48 55
11 8 11 16 20 24 26 32 33 46 69 72 87 0 17 18 21 25 44 59 89
11 7 11 16 20 24 26 32 33 46 69 72 87 3 23 30 38 58 63 81
7 9 2 14 37 57 67 73 80 5 34 43 50 53 62 78 82 83
9 7 5 34 43 50 53 62 78 82 83 10 31 49 54 64 68 88
8 7 0 17 18 21 25 44 59 89 10 31 49 54 64 68 88
8 4 4 12 15 42 45 66 74 79 9 22 52 71
10 7 8 39 40 41 47 70 75 84 85 86 10 31 49 54 64 68 88
8 6 4 12 15 42 45 66 74 79 6 27 28 60 65 90
6 8 6 27 28 60 65 90 4 12 15 42 45 66 74 79
6 11 6 27 28 60 65 90 11 16 20 24 26 32 33 46 69 72 87
8 4 4 12 15 42 45 66 74 79 9 22 52 71
11 10 11 16 20 24 26 32 33 46 69 72 87 8 39 40 41 47 70 75 84 85 86
8 8 0 17 18 21 25 44 59 89 7 19 35 51 56 61 76 77
7 8 10 31 49 54 64 68 88 7 19 35 51 56 61 76 77
7 7 3 23 30 38 58 63 81 10 31 49 54 64 68 88
8 6 0 17 18 21 25 44 59 89 6 27 28 60 65 90
7 8 2 14 37 57 67 73 80 4 12 15 42 45 66 74 79
6 8 1 13 29 36 48 55 0 17 18 21 25 44 59 89
6 10 1 13 29 36 48 55 8 39 40 41 47 70 75 84 85 86
6 8 1 13 29 36 48 55 4 12 15 42 45 66 74 79
7 8 3 23 30 38 58 63 81 4 12 15 42 45 66 74 79
11 7 11 16 20 24 26 32 33 46 69 72 87 10 31 49 54 64 68 88
7 8 10 31 49 54 64 68 88 0 17 18 21 25 44 59 89
7 8 10 31 49 54 64 68 88 7 19 35 51 56 61 76 77
6 7 1 13 29 36 48 55 10 31 49 54 64 68 88
7 10 2 14 37 57 67 73 80 8 39 40 41 47 70 75 84 85 86
7 8 2 14 37 57 67 73 80 7 19 35 51 56 61 76 77
8 6 7 19 35 51 56 61 76 77 6 27 28 60 65 90
10 9 8 39 40 41 47 70 75 84 85 86 5 34 43 50 53 62 78 82 83
11 6 11 16 20 24 26 32 33 46 69 72 87 1 13 29 36 48 55
8 6 7 19 35 51 56 61 76 77 1 13 29 36 48 55
7 7 3 23 30 38 58 63 81 2 14 37 57 67 73 80
11 4 11 16 20 24 26 32 33 46 69 72 87 9 22 52 71
9 7 5 34 43 50 53 62 78 82 83 2 14 37 57 67 73 80
6 9 1 13 29 36 48 55 5 34 43 50 53 62 78 82 83
4 10 9 22 52 71 8 39 40 41 47 70 75 84 85 86
7 8 2 14 37 57 67 73 80 7 19 35 51 56 61 76 77
11 8 11 16 20 24 26 32 33 46 69 72 87 0 17 18 21 25 44 59 89
8 7 4 12 15 42 45 66 74 79 3 23 30 38 58 63 81
6 7 1 13 29 36 48 55 3 23 30 38 58 63 81
6 8 6 27 28 60 65 90 7 19 35 51 56 61 76 77
11 10 11 16 20 24 26 32 33 46 69 72 87 8 39 40 41 47 70 75 84 85 86
6 9 6 27 28 60 65 90 5 34 43 50 53 62 78 82 83
6 7 6 27 28 60 65 90 10 31 49 54 64 68 88
9 4 5 34 43 50 53 62 78 82 83 9 22 52 71
7 6 3 23 30 38 58 63 81 6 27 28 60 65 90
9 7 5 34 43 50 53 62 78 82 83 10 31 49 54 64 68 88
7 8 2 14 37 57 67 73 80 7 19 35 51 56 61 76 77
4 8 9 22 52 71 0 17 18 21 25 44 59 89
6 10 1 13 29 36 48 55 8 39 40 41 47 70 75 84 85 86
8 11 4 12 15 42 45 66 74 79 11 16 20 24 26 32 33 46 69 72 87
8 9 7 19 35 51 56 61 76 77 5 34 43 50 53 62 78 82 83
8 11 7 19 35 51 56 61 76 77 11 16 20 24 26 32 33 46 69 72 87
9 8 5 34 43 50 53 62 78 82 83 4 12 15 42 45 66 74 79
11 8 11 16 20 24 26 32 33 46 69 72 87 4 12 15 42 45 66 74 79
4 7 9 22 52 71 2 14 37 57 67 73 80
4 8 9 22 52 71 0 17 18 21 25 44 59 89
11 7 11 16 20 24 26 32 33 46 69 72 87 2 14 37 57 67 73 80
7 7 2 14 37 57 67 73 80 3 23 30 38 58 63 81
4 7 9 22 52 71 10 31 49 54 64 68 88
8 8 7 19 35 51 56 61 76 77 0 17 18 21 25 44 59 89
4 11 9 22 52 71 11 16 20 24 26 32 33 46 69 72 87
8 9 7 19 35 51 56 61 76 77 5 34 43 50 53 62 78 82 83
9 8 5 34 43 50 53 62 78 82 83 0 17 18 21 25 44 59 89
7 10 3 23 30 38 58 63 81 8 39 40 41 47 70 75 84 85 86
11 10 11 16 20 24 26 32 33 46 69 72 87 8 39 40 41 47 70 75 84 85 86
7 9 3 23 30 38 58 63 81 5 34 43 50 53 62 78 82 83
9 10 5 34 43 50 53 62 78 82 83 8 39 40 41 47 70 75 84 85 86
7 8 3 23 30 38 58 63 81 7 19 35 51 56 61 76 77
8 8 4 12 15 42 45 66 74 79 7 19 35 51 56 61 76 77
6 6 1 13 29 36 48 55 6 27 28 60 65 90
9 6 5 34 43 50 53 62 78 82 83 6 27 28 60 65 90
6 11 6 27 28 60 65 90 11 16 20 24 26 32 33 46 69 72 87
10 8 8 39 40 41 47 70 75 84 85 86 7 19 35 51 56 61 76 77
7 7 2 14 37 57 67 73 80 10 31 49 54 64 68 88
9 11 5 34 43 50 53 62 78 82 83 11 16 20 24 26 32 33 46 69 72 87
6 7 6 27 28 60 65 90 3 23 30 38 58 63 81
6 7 1 13 29 36 48 55 3 23 30 38 58 63 81
10 7 8 39 40 41 47 70 75 84 85 86 10 31 49 54 64 68 88
6 8 6 27 28 60 65 90 7 19 35 51 56 61 76 77
8 6 7 19 35 51 56 61 76 77 1 13 29 36 48 55
8 7 4 12 15 42 45 66 74 79 10 31 49 54 64 68 88
10 9 8 39 40 41 47 70 75 84 85 86 5 34 43 50 53 62 78 82 83
6 10 1 13 29 36 48 55 8 39 40 41 47 70 75 84 85 86
11 9 11 16 20 24 26 32 33 46 69 72 87 5 34 43 50 53 62 78 82 83
8 7 4 12 15 42 45 66 74 79 2 14 37 57 67 73 80
6 7 1 13 29 36 48 55 2 14 37 57 67 73 80
11 10 11 16 20 24 26 32 33 46 69 72 87 8 39 40 41 47 70 75 84 85 86
8 6 7 19 35 51 56 61 76 77 1 13 29 36 48 55
7 4 10 31 49 54 64 68 88 9 22 52 71
6 7 1 13 29 36 48 55 10 31 49 54 64 68 88
8 11 4 12 15 42 45 66 74 79 11 16 20 24 26 32 33 46 69 72 87
7 4 10 31 49 54 64 68 88 9 22 52 71
8 6 4 12 15 42 45 66 74 79 6 27 28 60 65 90
8 6 4 12 15 42 45 66 74 79 1 13 29 36 48 55
8 7 0 17 18 21 25 44 59 89 10 31 49 54 64 68 88
8 10 7 19 35 51 56 61 76 77 8 39 40 41 47 70 75 84 85 86
4 6 9 22 52 71 1 13 29 36 48 55
7 8 3 23 30 38 58 63 81 0 17 18 21 25 44 59 89
7 8 3 23 30 38 58 63 81 7 19 35 51 56 61 76 77
6 11 1 13 29 36 48 55 11 16 20 24 26 32 33 46 69 72 87
11 8 11 16 20 24 26 32 33 46 69 72 87 0 17 18 21 25 44 59 89
10 8 8 39 40 41 47 70 75 84 85 86 7 19 35 51 56 61 76 77
6 7 6 27 28 60 65 90 10 31 49 54 64 68 88
11 9 11 16 20 24 26 32 33 46 69 72 87 5 34 43 50 53 62 78 82 83
6 8 6 27 28 60 65 90 4 12 15 42 45 66 74 79
7 6 3 23 30 38 58 63 81 1 13 29 36 48 55
8 11 4 12 15 42 45 66 74 79 11 16 20 24 26 32 33 46 69 72 87
8 7 4 12 15 42 45 66 74 79 2 14 37 57 67 73 80
7 8 10 31 49 54 64 68 88 0 17 18 21 25 44 59 89
9 7 5 34 43 50 53 62 78 82 83 10 31 49 54 64 68 88
4 9 9 22 52 71 5 34 43 50 53 62 78 82 83
9 8 5 34 43 50 53 62 78 82 83 4 12 15 42 45 66 74 79
6 4 6 27 28 60 65 90 9 22 52 71
8 7 0 17 18 21 25 44 59 89 10 31 49 54 64 68 88
7 8 3 23 30 38 58 63 81 4 12 15 42 45 66 74 79
6 8 1 13 29 36 48 55 4 12 15 42 45 66 74 79
8 8 0 17 18 21 25 44 59 89 7 19 35 51 56 61 76 77
7 8 10 31 49 54 64 68 88 4 12 15 42 45 66 74 79
10 8 8 39 40 41 47 70 75 84 85 86 0 17 18 21 25 44 59 89
8 7 4 12 15 42 45 66 74 79 2 14 37 57 67 73 80
11 6 11 16 20 24 26 32 33 46 69 72 87 6 27 28 60 65 90
7 8 3 23 30 38 58 63 81 4 12 15 42 45 66 74 79
6 11 1 13 29 36 48 55 11 16 20 24 26 32 33 46 69 72 87
7 8 10 31 49 54 64 68 88 7 19 35 51 56 61 76 77
6 10 1 13 29 36 48 55 8 39 40 41 47 70 75 84 85 86
7 4 10 31 49 54 64 68 88 9 22 52 71
10 7 8 39 40 41 47 70 75 84 85 86 10 31 49 54 64 68 88
8 7 0 17 18 21 25 44 59 89 3 23 30 38 58 63 81
8 9 0 17 18 21 25 44 59 89 5 34 43 50 53 62 78 82 83
7 6 3 23 30 38 58 63 81 6 27 28 60 65 90
4 11 9 22 52 71 11 16 20 24 26 32 33 46 69 72 87
7 7 3 23 30 38 58 63 81 2 14 37 57 67 73 80
6 8 6 27 28 60 65 90 4 12 15 42 45 66 74 79
8 7 7 19 35 51 56 61 76 77 3 23 30 38 58 63 81
8 9 7 19 35 51 56 61 76 77 5 34 43 50 53 62 78 82 83
8 4 4 12 15 42 45 66 74 79 9 22 52 71
11 4 11 16 20 24 26 32 33 46 69 72 87 9 22 52 71
11 7 11 16 20 24 26 32 33 46 69 72 87 3 23 30 38 58 63 81
7 8 3 23 30 38 58 63 81 0 17 18 21 25 44 59 89
7 9 10 31 49 54 64 68 88 5 34 43 50 53 62 78 82 83
8 11 0 17 18 21 25 44 59 89 11 16 20 24 26 32 33 46 69 72 87
7 9 10 31 49 54 64 68 88 5 34 43 50 53 62 78 82 83
8 6 0 17 18 21 25 44 59 89 6 27 28 60 65 90
8 7 7 19 35 51 56 61 76 77 10 31 49 54 64 68 88
7 8 2 14 37 57 67 73 80 4 12 15 42 45 66 74 79
8 6 4 12 15 42 45 66 74 79 6 27 28 60 65 90
8 7 7 19 35 51 56 61 76 77 2 14 37 57 67 73 80
9 7 5 34 43 50 53 62 78 82 83 2 14 37 57 67 73 80
10 8 8 39 40 41 47 70 75 84 85 86 7 19 35 51 56 61 76 77
7 8 10 31 49 54 64 68 88 4 12 15 42 45 66 74 79
9 10 5 34 43 50 53 62 78 82 83 8 39 40 41 47 70 75 84 85 86
7 9 3 23 30 38 58 63 81 5 34 43 50 53 62 78 82 83
0 1 6 8 3 1 0 5 2 5 11 4 3 0 8 1 0 8 2 10 8 11 5 11 1 3 2 4 5 11 1 11 7 6 9 2 6 11 4 8 7 6 9 7 2 7 5 9 10 4 3 8 3 0 5 9 4 5 8 7 7 2 9 8 1 2 11 11 3 10 6 10 4 10 2 6 4 10 3 7 7 4 9 1 6 5 10 4 3 0 9
