1 1 0 62
1 1 1 14
1 1 38 54
1 1 48 49
1 1 25 55
1 1 59 24
1 1 36 3
1 1 36 48
1 1 63 33
1 1 14 23
1 1 1 47
1 1 11 40
1 1 0 63
1 1 62 8
1 1 15 14
1 1 52 13
1 1 5 48
1 1 37 8
1 1 2 68
1 1 7 18
1 1 65 55
1 1 3 46
1 1 61 16
1 1 15 53
1 1 35 31
1 1 41 62
1 1 10 46
1 1 17 54
1 1 58 12
1 1 43 49
1 1 4 70
1 1 42 24
1 1 19 10
1 1 56 35
1 1 51 54
1 1 61 64
1 1 20 35
1 1 47 40
1 1 18 1
1 1 49 40
1 1 41 32
1 1 61 41
1 1 21 23
1 1 14 37
1 1 32 17
1 1 19 59
1 1 11 26
1 1 38 3
1 1 56 13
1 1 51 29
1 1 12 6
1 1 37 8
1 1 6 4
1 1 3 37
1 1 61 37
1 1 62 4
1 1 52 47
1 1 13 10
1 1 9 7
1 1 0 2
1 1 41 44
1 1 14 47
1 1 51 42
1 1 8 64
1 1 50 16
1 1 36 14
1 1 33 41
1 1 51 34
1 1 65 16
1 1 22 2
1 1 12 40
1 1 19 31
1 1 49 63
1 1 38 62
1 1 29 51
1 1 18 61
1 1 6 5
1 1 2 62
1 1 70 3
1 1 24 3
1 1 30 20
1 1 11 23
1 1 36 52
1 1 35 3
1 1 13 27
1 1 24 47
1 1 17 32
1 1 58 23
1 1 67 37
1 1 19 45
1 1 56 14
1 1 12 11
1 1 29 65
1 1 54 55
1 1 54 36
1 1 34 29
1 1 29 56
1 1 28 29
1 1 48 43
1 1 34 46
8 7 5 8 13 28 29 32 45 67 4 16 18 19 35 42 61
7 8 0 31 50 52 60 62 68 5 8 13 28 29 32 45 67
10 15 3 9 20 23 33 38 48 49 63 70 1 10 12 14 22 24 26 39 41 43 47 51 58 59 69
8 10 5 8 13 28 29 32 45 67 3 9 20 23 33 38 48 49 63 70
9 8 7 11 25 27 34 53 56 64 65 5 8 13 28 29 32 45 67
15 7 1 10 12 14 22 24 26 39 41 43 47 51 58 59 69 4 16 18 19 35 42 61
7 7 6 15 17 30 40 55 57 0 31 50 52 60 62 68
7 8 0 31 50 52 60 62 68 5 8 13 28 29 32 45 67
7 7 0 31 50 52 60 62 68 4 16 18 19 35 42 61
15 7 1 10 12 14 22 24 26 39 41 43 47 51 58 59 69 4 16 18 19 35 42 61
15 8 1 10 12 14 22 24 26 39 41 43 47 51 58 59 69 2 21 36 37 44 46 54 66
10 8 3 9 20 23 33 38 48 49 63 70 2 21 36 37 44 46 54 66
8 7 2 21 36 37 44 46 54 66 0 31 50 52 60 62 68
8 15 2 21 36 37 44 46 54 66 1 10 12 14 22 24 26 39 41 43 47 51 58 59 69
8 10 5 8 13 28 29 32 45 67 3 9 20 23 33 38 48 49 63 70
10 7 3 9 20 23 33 38 48 49 63 70 4 16 18 19 35 42 61
7 8 0 31 50 52 60 62 68 2 21 36 37 44 46 54 66
7 9 6 15 17 30 40 55 57 7 11 25 27 34 53 56 64 65
7 10 0 31 50 52 60 62 68 3 9 20 23 33 38 48 49 63 70
15 8 1 10 12 14 22 24 26 39 41 43 47 51 58 59 69 2 21 36 37 44 46 54 66
8 15 2 21 36 37 44 46 54 66 1 10 12 14 22 24 26 39 41 43 47 51 58 59 69
10 7 3 9 20 23 33 38 48 49 63 70 6 15 17 30 40 55 57
7 7 6 15 17 30 40 55 57 0 31 50 52 60 62 68
7 15 6 15 17 30 40 55 57 1 10 12 14 22 24 26 39 41 43 47 51 58 59 69
8 8 2 21 36 37 44 46 54 66 5 8 13 28 29 32 45 67
7 10 4 16 18 19 35 42 61 3 9 20 23 33 38 48 49 63 70
7 7 6 15 17 30 40 55 57 0 31 50 52 60 62 68
7 7 6 15 17 30 40 55 57 4 16 18 19 35 42 61
15 8 1 10 12 14 22 24 26 39 41 43 47 51 58 59 69 5 8 13 28 29 32 45 67
7 8 4 16 18 19 35 42 61 2 21 36 37 44 46 54 66
8 7 5 8 13 28 29 32 45 67 6 15 17 30 40 55 57
7 7 4 16 18 19 35 42 61 0 31 50 52 60 62 68
7 8 0 31 50 52 60 62 68 5 8 13 28 29 32 45 67
15 8 1 10 12 14 22 24 26 39 41 43 47 51 58 59 69 5 8 13 28 29 32 45 67
7 15 6 15 17 30 40 55 57 1 10 12 14 22 24 26 39 41 43 47 51 58 59 69
7 7 4 16 18 19 35 42 61 0 31 50 52 60 62 68
10 7 3 9 20 23 33 38 48 49 63 70 4 16 18 19 35 42 61
10 7 3 9 20 23 33 38 48 49 63 70 6 15 17 30 40 55 57
8 10 2 21 36 37 44 46 54 66 3 9 20 23 33 38 48 49 63 70
7 8 0 31 50 52 60 62 68 2 21 36 37 44 46 54 66
9 15 7 11 25 27 34 53 56 64 65 1 10 12 14 22 24 26 39 41 43 47 51 58 59 69
10 15 3 9 20 23 33 38 48 49 63 70 1 10 12 14 22 24 26 39 41 43 47 51 58 59 69
8 9 2 21 36 37 44 46 54 66 7 11 25 27 34 53 56 64 65
9 10 7 11 25 27 34 53 56 64 65 3 9 20 23 33 38 48 49 63 70
8 7 2 21 36 37 44 46 54 66 4 16 18 19 35 42 61
7 8 0 31 50 52 60 62 68 5 8 13 28 29 32 45 67
8 8 2 21 36 37 44 46 54 66 5 8 13 28 29 32 45 67
9 10 7 11 25 27 34 53 56 64 65 3 9 20 23 33 38 48 49 63 70
7 8 6 15 17 30 40 55 57 2 21 36 37 44 46 54 66
15 8 1 10 12 14 22 24 26 39 41 43 47 51 58 59 69 5 8 13 28 29 32 45 67
7 15 0 31 50 52 60 62 68 1 10 12 14 22 24 26 39 41 43 47 51 58 59 69
10 8 3 9 20 23 33 38 48 49 63 70 2 21 36 37 44 46 54 66
15 8 1 10 12 14 22 24 26 39 41 43 47 51 58 59 69 5 8 13 28 29 32 45 67
8 9 5 8 13 28 29 32 45 67 7 11 25 27 34 53 56 64 65
7 8 6 15 17 30 40 55 57 2 21 36 37 44 46 54 66
7 10 4 16 18 19 35 42 61 3 9 20 23 33 38 48 49 63 70
7 7 6 15 17 30 40 55 57 0 31 50 52 60 62 68
7 10 4 16 18 19 35 42 61 3 9 20 23 33 38 48 49 63 70
10 9 3 9 20 23 33 38 48 49 63 70 7 11 25 27 34 53 56 64 65
15 7 1 10 12 14 22 24 26 39 41 43 47 51 58 59 69 4 16 18 19 35 42 61
7 7 0 31 50 52 60 62 68 4 16 18 19 35 42 61
10 15 3 9 20 23 33 38 48 49 63 70 1 10 12 14 22 24 26 39 41 43 47 51 58 59 69
10 8 3 9 20 23 33 38 48 49 63 70 2 21 36 37 44 46 54 66
7 15 0 31 50 52 60 62 68 1 10 12 14 22 24 26 39 41 43 47 51 58 59 69
7 15 6 15 17 30 40 55 57 1 10 12 14 22 24 26 39 41 43 47 51 58 59 69
10 7 3 9 20 23 33 38 48 49 63 70 6 15 17 30 40 55 57
8 10 5 8 13 28 29 32 45 67 3 9 20 23 33 38 48 49 63 70
7 9 4 16 18 19 35 42 61 7 11 25 27 34 53 56 64 65
7 7 6 15 17 30 40 55 57 0 31 50 52 60 62 68
7 7 6 15 17 30 40 55 57 0 31 50 52 60 62 68
7 7 6 15 17 30 40 55 57 0 31 50 52 60 62 68
15 8 1 10 12 14 22 24 26 39 41 43 47 51 58 59 69 5 8 13 28 29 32 45 67
8 10 5 8 13 28 29 32 45 67 3 9 20 23 33 38 48 49 63 70
7 9 4 16 18 19 35 42 61 7 11 25 27 34 53 56 64 65
8 10 2 21 36 37 44 46 54 66 3 9 20 23 33 38 48 49 63 70
7 8 0 31 50 52 60 62 68 2 21 36 37 44 46 54 66
15 10 1 10 12 14 22 24 26 39 41 43 47 51 58 59 69 3 9 20 23 33 38 48 49 63 70
9 15 7 11 25 27 34 53 56 64 65 1 10 12 14 22 24 26 39 41 43 47 51 58 59 69
7 8 4 16 18 19 35 42 61 5 8 13 28 29 32 45 67
10 9 3 9 20 23 33 38 48 49 63 70 7 11 25 27 34 53 56 64 65
7 10 6 15 17 30 40 55 57 3 9 20 23 33 38 48 49 63 70
9 8 7 11 25 27 34 53 56 64 65 5 8 13 28 29 32 45 67
8 7 5 8 13 28 29 32 45 67 6 15 17 30 40 55 57
7 8 0 31 50 52 60 62 68 2 21 36 37 44 46 54 66
7 7 6 15 17 30 40 55 57 4 16 18 19 35 42 61
15 8 1 10 12 14 22 24 26 39 41 43 47 51 58 59 69 5 8 13 28 29 32 45 67
8 8 2 21 36 37 44 46 54 66 5 8 13 28 29 32 45 67
8 7 5 8 13 28 29 32 45 67 6 15 17 30 40 55 57
7 8 4 16 18 19 35 42 61 2 21 36 37 44 46 54 66
15 8 1 10 12 14 22 24 26 39 41 43 47 51 58 59 69 5 8 13 28 29 32 45 67
7 8 4 16 18 19 35 42 61 5 8 13 28 29 32 45 67
10 15 3 9 20 23 33 38 48 49 63 70 1 10 12 14 22 24 26 39 41 43 47 51 58 59 69
8 10 2 21 36 37 44 46 54 66 3 9 20 23 33 38 48 49 63 70
8 7 5 8 13 28 29 32 45 67 0 31 50 52 60 62 68
8 7 5 8 13 28 29 32 45 67 6 15 17 30 40 55 57
7 15 6 15 17 30 40 55 57 1 10 12 14 22 24 26 39 41 43 47 51 58 59 69
10 7 3 9 20 23 33 38 48 49 63 70 4 16 18 19 35 42 61
8 7 2 21 36 37 44 46 54 66 4 16 18 19 35 42 61
10 8 3 9 20 23 33 38 48 49 63 70 2 21 36 37 44 46 54 66
7 8 4 16 18 19 35 42 61 5 8 13 28 29 32 45 67
8 7 5 8 13 28 29 32 45 67 6 15 17 30 40 55 57
9 8 7 11 25 27 34 53 56 64 65 5 8 13 28 29 32 45 67
8 9 2 21 36 37 44 46 54 66 7 11 25 27 34 53 56 64 65
7 8 4 16 18 19 35 42 61 2 21 36 37 44 46 54 66
8 9 2 21 36 37 44 46 54 66 7 11 25 27 34 53 56 64 65
7 7 4 16 18 19 35 42 61 0 31 50 52 60 62 68
8 7 5 8 13 28 29 32 45 67 6 15 17 30 40 55 57
8 10 5 8 13 28 29 32 45 67 3 9 20 23 33 38 48 49 63 70
7 8 0 31 50 52 60 62 68 2 21 36 37 44 46 54 66
15 7 1 10 12 14 22 24 26 39 41 43 47 51 58 59 69 4 16 18 19 35 42 61
7 7 0 31 50 52 60 62 68 4 16 18 19 35 42 61
8 7 5 8 13 28 29 32 45 67 4 16 18 19 35 42 61
9 8 7 11 25 27 34 53 56 64 65 5 8 13 28 29 32 45 67
10 9 3 9 20 23 33 38 48 49 63 70 7 11 25 27 34 53 56 64 65
10 9 3 9 20 23 33 38 48 49 63 70 7 11 25 27 34 53 56 64 65
8 7 2 21 36 37 44 46 54 66 0 31 50 52 60 62 68
10 8 3 9 20 23 33 38 48 49 63 70 5 8 13 28 29 32 45 67
10 8 3 9 20 23 33 38 48 49 63 70 2 21 36 37 44 46 54 66
7 7 0 31 50 52 60 62 68 4 16 18 19 35 42 61
8 9 2 21 36 37 44 46 54 66 7 11 25 27 34 53 56 64 65
9 10 7 11 25 27 34 53 56 64 65 3 9 20 23 33 38 48 49 63 70
8 9 2 21 36 37 44 46 54 66 7 11 25 27 34 53 56 64 65
7 8 4 16 18 19 35 42 61 2 21 36 37 44 46 54 66
7 8 4 16 18 19 35 42 61 2 21 36 37 44 46 54 66
15 8 1 10 12 14 22 24 26 39 41 43 47 51 58 59 69 5 8 13 28 29 32 45 67
7 10 6 15 17 30 40 55 57 3 9 20 23 33 38 48 49 63 70
10 7 3 9 20 23 33 38 48 49 63 70 6 15 17 30 40 55 57
8 7 5 8 13 28 29 32 45 67 4 16 18 19 35 42 61
7 15 0 31 50 52 60 62 68 1 10 12 14 22 24 26 39 41 43 47 51 58 59 69
10 8 3 9 20 23 33 38 48 49 63 70 5 8 13 28 29 32 45 67
15 8 1 10 12 14 22 24 26 39 41 43 47 51 58 59 69 2 21 36 37 44 46 54 66
7 7 6 15 17 30 40 55 57 4 16 18 19 35 42 61
8 9 2 21 36 37 44 46 54 66 7 11 25 27 34 53 56 64 65
8 9 2 21 36 37 44 46 54 66 7 11 25 27 34 53 56 64 65
7 8 0 31 50 52 60 62 68 5 8 13 28 29 32 45 67
8 7 2 21 36 37 44 46 54 66 6 15 17 30 40 55 57
8 15 5 8 13 28 29 32 45 67 1 10 12 14 22 24 26 39 41 43 47 51 58 59 69
7 7 6 15 17 30 40 55 57 0 31 50 52 60 62 68
7 8 4 16 18 19 35 42 61 5 8 13 28 29 32 45 67
8 7 5 8 13 28 29 32 45 67 4 16 18 19 35 42 61
9 8 7 11 25 27 34 53 56 64 65 5 8 13 28 29 32 45 67
15 7 1 10 12 14 22 24 26 39 41 43 47 51 58 59 69 0 31 50 52 60 62 68
7 7 0 31 50 52 60 62 68 4 16 18 19 35 42 61
7 9 6 15 17 30 40 55 57 7 11 25 27 34 53 56 64 65
8 8 2 21 36 37 44 46 54 66 5 8 13 28 29 32 45 67
7 8 0 31 50 52 60 62 68 5 8 13 28 29 32 45 67
7 10 6 15 17 30 40 55 57 3 9 20 23 33 38 48 49 63 70
10 7 3 9 20 23 33 38 48 49 63 70 4 16 18 19 35 42 61
10 8 3 9 20 23 33 38 48 49 63 70 5 8 13 28 29 32 45 67
7 8 6 15 17 30 40 55 57 5 8 13 28 29 32 45 67
7 8 6 15 17 30 40 55 57 2 21 36 37 44 46 54 66
15 7 1 10 12 14 22 24 26 39 41 43 47 51 58 59 69 4 16 18 19 35 42 61
10 7 3 9 20 23 33 38 48 49 63 70 4 16 18 19 35 42 61
15 7 1 10 12 14 22 24 26 39 41 43 47 51 58 59 69 6 15 17 30 40 55 57
10 9 3 9 20 23 33 38 48 49 63 70 7 11 25 27 34 53 56 64 65
7 8 0 31 50 52 60 62 68 2 21 36 37 44 46 54 66
8 10 2 21 36 37 44 46 54 66 3 9 20 23 33 38 48 49 63 70
9 10 7 11 25 27 34 53 56 64 65 3 9 20 23 33 38 48 49 63 70
7 8 0 31 50 52 60 62 68 2 21 36 37 44 46 54 66
7 8 0 31 50 52 60 62 68 5 8 13 28 29 32 45 67
7 10 6 15 17 30 40 55 57 3 9 20 23 33 38 48 49 63 70
9 7 7 11 25 27 34 53 56 64 65 4 16 18 19 35 42 61
7 8 6 15 17 30 40 55 57 5 8 13 28 29 32 45 67
9 7 7 11 25 27 34 53 56 64 65 0 31 50 52 60 62 68
8 8 5 8 13 28 29 32 45 67 2 21 36 37 44 46 54 66
8 9 2 21 36 37 44 46 54 66 7 11 25 27 34 53 56 64 65
7 7 6 15 17 30 40 55 57 4 16 18 19 35 42 61
7 10 4 16 18 19 35 42 61 3 9 20 23 33 38 48 49 63 70
10 9 3 9 20 23 33 38 48 49 63 70 7 11 25 27 34 53 56 64 65
15 7 1 10 12 14 22 24 26 39 41 43 47 51 58 59 69 4 16 18 19 35 42 61
7 8 6 15 17 30 40 55 57 5 8 13 28 29 32 45 67
7 7 4 16 18 19 35 42 61 6 15 17 30 40 55 57
8 15 5 8 13 28 29 32 45 67 1 10 12 14 22 24 26 39 41 43 47 51 58 59 69
15 8 1 10 12 14 22 24 26 39 41 43 47 51 58 59 69 5 8 13 28 29 32 45 67
8 15 5 8 13 28 29 32 45 67 1 10 12 14 22 24 26 39 41 43 47 51 58 59 69
15 7 1 10 12 14 22 24 26 39 41 43 47 51 58 59 69 6 15 17 30 40 55 57
9 8 7 11 25 27 34 53 56 64 65 5 8 13 28 29 32 45 67
7 8 0 31 50 52 60 62 68 5 8 13 28 29 32 45 67
10 8 3 9 20 23 33 38 48 49 63 70 5 8 13 28 29 32 45 67
7 15 0 31 50 52 60 62 68 1 10 12 14 22 24 26 39 41 43 47 51 58 59 69
15 7 1 10 12 14 22 24 26 39 41 43 47 51 58 59 69 6 15 17 30 40 55 57
10 15 3 9 20 23 33 38 48 49 63 70 1 10 12 14 22 24 26 39 41 43 47 51 58 59 69
7 8 0 31 50 52 60 62 68 5 8 13 28 29 32 45 67
7 8 6 15 17 30 40 55 57 5 8 13 28 29 32 45 67
8 7 2 21 36 37 44 46 54 66 4 16 18 19 35 42 61
8 7 2 21 36 37 44 46 54 66 6 15 17 30 40 55 57
9 7 7 11 25 27 34 53 56 64 65 6 15 17 30 40 55 57
7 9 6 15 17 30 40 55 57 7 11 25 27 34 53 56 64 65
7 8 6 15 17 30 40 55 57 5 8 13 28 29 32 45 67
7 15 0 31 50 52 60 62 68 1 10 12 14 22 24 26 39 41 43 47 51 58 59 69
10 8 3 9 20 23 33 38 48 49 63 70 5 8 13 28 29 32 45 67
15 9 1 10 12 14 22 24 26 39 41 43 47 51 58 59 69 7 11 25 27 34 53 56 64 65
9 15 7 11 25 27 34 53 56 64 65 1 10 12 14 22 24 26 39 41 43 47 51 58 59 69
15 10 1 10 12 14 22 24 26 39 41 43 47 51 58 59 69 3 9 20 23 33 38 48 49 63 70
8 9 2 21 36 37 44 46 54 66 7 11 25 27 34 53 56 64 65
8 15 5 8 13 28 29 32 45 67 1 10 12 14 22 24 26 39 41 43 47 51 58 59 69
9 7 7 11 25 27 34 53 56 64 65 6 15 17 30 40 55 57
8 7 2 21 36 37 44 46 54 66 4 16 18 19 35 42 61
15 7 1 10 12 14 22 24 26 39 41 43 47 51 58 59 69 0 31 50 52 60 62 68
10 9 3 9 20 23 33 38 48 49 63 70 7 11 25 27 34 53 56 64 65
10 7 3 9 20 23 33 38 48 49 63 70 4 16 18 19 35 42 61
0 1 6 6 7 4 4 5 4 5 5 6 0 3 3 0 3 3 0 6 7 5 2 7 7 5 4 3 3 6 2 3 1 1 0 3 2 7 1 4 0 4 7 4 0 5 4 7 2 6 3 1 5 5 2 2 6 1 7 0 2 1 2 1 6 5 7 4 6 2 2
