1 1 41 28
1 1 64 23
1 1 21 51
1 1 18 71
1 1 10 44
1 1 29 12
1 1 63 34
1 1 40 12
1 1 59 17
1 1 13 37
1 1 47 22
1 1 12 46
1 1 5 65
1 1 18 56
1 1 22 24
1 1 24 5
1 1 53 31
1 1 48 41
1 1 16 5
1 1 62 67
1 1 11 19
1 1 65 59
1 1 28 20
1 1 49 29
1 1 55 2
1 1 31 61
1 1 44 17
1 1 70 71
1 1 17 47
1 1 56 10
1 1 39 20
1 1 11 19
1 1 48 38
1 1 26 64
1 1 60 44
1 1 5 51
1 1 57 12
1 1 53 58
1 1 34 29
1 1 40 21
1 1 20 1
1 1 59 43
1 1 42 10
1 1 25 33
1 1 28 17
1 1 66 18
1 1 70 55
1 1 32 9
1 1 0 61
1 1 60 36
1 1 27 61
1 1 4 33
1 1 60 43
1 1 22 2
1 1 35 57
1 1 6 23
1 1 18 3
1 1 6 68
1 1 46 29
1 1 67 39
1 1 4 50
1 1 62 61
1 1 20 16
1 1 2 15
1 1 68 50
1 1 55 61
1 1 60 53
1 1 0 51
1 1 8 62
1 1 14 1
1 1 50 47
1 1 48 59
1 1 36 29
1 1 41 0
1 1 18 11
1 1 3 66
1 1 36 12
1 1 54 50
1 1 15 30
1 1 10 14
1 1 42 64
1 1 31 63
1 1 54 31
1 1 49 64
1 1 36 21
1 1 6 69
1 1 27 52
1 1 7 10
1 1 27 51
1 1 56 9
1 1 66 6
1 1 44 37
1 1 0 17
1 1 57 62
1 1 18 29
1 1 28 55
1 1 15 52
1 1 32 49
1 1 39 55
1 1 37 48
1 1 25 57
1 1 53 39
1 1 35 69
1 1 13 27
1 1 36 47
1 1 61 31
1 1 54 30
1 1 27 12
1 1 41 67
1 1 48 28
1 1 11 37
1 1 71 45
1 1 27 49
1 1 64 29
1 1 23 21
1 1 46 25
1 1 27 55
1 1 42 59
10 18 0 8 9 13 34 38 39 44 55 57 2 10 11 17 18 21 26 27 28 29 30 58 60 62 63 66 67 69
9 8 4 12 16 20 22 25 48 50 53 5 37 40 45 49 51 65 71
8 10 5 37 40 45 49 51 65 71 0 8 9 13 34 38 39 44 55 57
9 8 1 6 19 23 31 32 35 42 64 5 37 40 45 49 51 65 71
9 9 1 6 19 23 31 32 35 42 64 4 12 16 20 22 25 48 50 53
8 10 5 37 40 45 49 51 65 71 0 8 9 13 34 38 39 44 55 57
18 18 3 7 14 15 24 33 36 41 43 46 47 52 54 56 59 61 68 70 2 10 11 17 18 21 26 27 28 29 30 58 60 62 63 66 67 69
10 18 0 8 9 13 34 38 39 44 55 57 3 7 14 15 24 33 36 41 43 46 47 52 54 56 59 61 68 70
18 9 2 10 11 17 18 21 26 27 28 29 30 58 60 62 63 66 67 69 4 12 16 20 22 25 48 50 53
10 9 0 8 9 13 34 38 39 44 55 57 1 6 19 23 31 32 35 42 64
9 18 1 6 19 23 31 32 35 42 64 2 10 11 17 18 21 26 27 28 29 30 58 60 62 63 66 67 69
18 8 2 10 11 17 18 21 26 27 28 29 30 58 60 62 63 66 67 69 5 37 40 45 49 51 65 71
9 18 4 12 16 20 22 25 48 50 53 2 10 11 17 18 21 26 27 28 29 30 58 60 62 63 66 67 69
18 10 2 10 11 17 18 21 26 27 28 29 30 58 60 62 63 66 67 69 0 8 9 13 34 38 39 44 55 57
18 10 2 10 11 17 18 21 26 27 28 29 30 58 60 62 63 66 67 69 0 8 9 13 34 38 39 44 55 57
8 9 5 37 40 45 49 51 65 71 1 6 19 23 31 32 35 42 64
9 10 4 12 16 20 22 25 48 50 53 0 8 9 13 34 38 39 44 55 57
9 18 4 12 16 20 22 25 48 50 53 2 10 11 17 18 21 26 27 28 29 30 58 60 62 63 66 67 69
8 10 5 37 40 45 49 51 65 71 0 8 9 13 34 38 39 44 55 57
9 8 4 12 16 20 22 25 48 50 53 5 37 40 45 49 51 65 71
10 18 0 8 9 13 34 38 39 44 55 57 3 7 14 15 24 33 36 41 43 46 47 52 54 56 59 61 68 70
8 10 5 37 40 45 49 51 65 71 0 8 9 13 34 38 39 44 55 57
18 9 3 7 14 15 24 33 36 41 43 46 47 52 54 56 59 61 68 70 4 12 16 20 22 25 48 50 53
9 8 1 6 19 23 31 32 35 42 64 5 37 40 45 49 51 65 71
9 18 4 12 16 20 22 25 48 50 53 3 7 14 15 24 33 36 41 43 46 47 52 54 56 59 61 68 70
9 9 1 6 19 23 31 32 35 42 64 4 12 16 20 22 25 48 50 53
8 9 5 37 40 45 49 51 65 71 4 12 16 20 22 25 48 50 53
18 9 2 10 11 17 18 21 26 27 28 29 30 58 60 62 63 66 67 69 4 12 16 20 22 25 48 50 53
9 18 4 12 16 20 22 25 48 50 53 2 10 11 17 18 21 26 27 28 29 30 58 60 62 63 66 67 69
18 18 2 10 11 17 18 21 26 27 28 29 30 58 60 62 63 66 67 69 3 7 14 15 24 33 36 41 43 46 47 52 54 56 59 61 68 70
9 10 4 12 16 20 22 25 48 50 53 0 8 9 13 34 38 39 44 55 57
9 8 1 6 19 23 31 32 35 42 64 5 37 40 45 49 51 65 71
10 9 0 8 9 13 34 38 39 44 55 57 4 12 16 20 22 25 48 50 53
18 8 3 7 14 15 24 33 36 41 43 46 47 52 54 56 59 61 68 70 5 37 40 45 49 51 65 71
9 9 1 6 19 23 31 32 35 42 64 4 12 16 20 22 25 48 50 53
10 18 0 8 9 13 34 38 39 44 55 57 3 7 14 15 24 33 36 41 43 46 47 52 54 56 59 61 68 70
18 18 3 7 14 15 24 33 36 41 43 46 47 52 54 56 59 61 68 70 2 10 11 17 18 21 26 27 28 29 30 58 60 62 63 66 67 69
9 8 4 12 16 20 22 25 48 50 53 5 37 40 45 49 51 65 71
18 9 3 7 14 15 24 33 36 41 43 46 47 52 54 56 59 61 68 70 4 12 16 20 22 25 48 50 53
8 9 5 37 40 45 49 51 65 71 4 12 16 20 22 25 48 50 53
10 8 0 8 9 13 34 38 39 44 55 57 5 37 40 45 49 51 65 71
18 9 3 7 14 15 24 33 36 41 43 46 47 52 54 56 59 61 68 70 1 6 19 23 31 32 35 42 64
18 18 3 7 14 15 24 33 36 41 43 46 47 52 54 56 59 61 68 70 2 10 11 17 18 21 26 27 28 29 30 58 60 62 63 66 67 69
8 18 5 37 40 45 49 51 65 71 2 10 11 17 18 21 26 27 28 29 30 58 60 62 63 66 67 69
10 18 0 8 9 13 34 38 39 44 55 57 2 10 11 17 18 21 26 27 28 29 30 58 60 62 63 66 67 69
10 18 0 8 9 13 34 38 39 44 55 57 2 10 11 17 18 21 26 27 28 29 30 58 60 62 63 66 67 69
8 18 5 37 40 45 49 51 65 71 2 10 11 17 18 21 26 27 28 29 30 58 60 62 63 66 67 69
10 9 0 8 9 13 34 38 39 44 55 57 4 12 16 20 22 25 48 50 53
9 8 4 12 16 20 22 25 48 50 53 5 37 40 45 49 51 65 71
9 9 4 12 16 20 22 25 48 50 53 1 6 19 23 31 32 35 42 64
9 8 4 12 16 20 22 25 48 50 53 5 37 40 45 49 51 65 71
18 8 3 7 14 15 24 33 36 41 43 46 47 52 54 56 59 61 68 70 5 37 40 45 49 51 65 71
9 9 1 6 19 23 31 32 35 42 64 4 12 16 20 22 25 48 50 53
9 18 4 12 16 20 22 25 48 50 53 2 10 11 17 18 21 26 27 28 29 30 58 60 62 63 66 67 69
10 9 0 8 9 13 34 38 39 44 55 57 1 6 19 23 31 32 35 42 64
18 8 2 10 11 17 18 21 26 27 28 29 30 58 60 62 63 66 67 69 5 37 40 45 49 51 65 71
18 10 2 10 11 17 18 21 26 27 28 29 30 58 60 62 63 66 67 69 0 8 9 13 34 38 39 44 55 57
10 8 0 8 9 13 34 38 39 44 55 57 5 37 40 45 49 51 65 71
18 9 3 7 14 15 24 33 36 41 43 46 47 52 54 56 59 61 68 70 4 12 16 20 22 25 48 50 53
8 9 5 37 40 45 49 51 65 71 4 12 16 20 22 25 48 50 53
9 9 4 12 16 20 22 25 48 50 53 1 6 19 23 31 32 35 42 64
18 9 2 10 11 17 18 21 26 27 28 29 30 58 60 62 63 66 67 69 4 12 16 20 22 25 48 50 53
9 10 1 6 19 23 31 32 35 42 64 0 8 9 13 34 38 39 44 55 57
18 9 2 10 11 17 18 21 26 27 28 29 30 58 60 62 63 66 67 69 4 12 16 20 22 25 48 50 53
18 18 3 7 14 15 24 33 36 41 43 46 47 52 54 56 59 61 68 70 2 10 11 17 18 21 26 27 28 29 30 58 60 62 63 66 67 69
8 18 5 37 40 45 49 51 65 71 2 10 11 17 18 21 26 27 28 29 30 58 60 62 63 66 67 69
8 10 5 37 40 45 49 51 65 71 0 8 9 13 34 38 39 44 55 57
18 9 2 10 11 17 18 21 26 27 28 29 30 58 60 62 63 66 67 69 1 6 19 23 31 32 35 42 64
10 9 0 8 9 13 34 38 39 44 55 57 4 12 16 20 22 25 48 50 53
10 18 0 8 9 13 34 38 39 44 55 57 2 10 11 17 18 21 26 27 28 29 30 58 60 62 63 66 67 69
18 10 3 7 14 15 24 33 36 41 43 46 47 52 54 56 59 61 68 70 0 8 9 13 34 38 39 44 55 57
9 10 1 6 19 23 31 32 35 42 64 0 8 9 13 34 38 39 44 55 57
9 18 4 12 16 20 22 25 48 50 53 2 10 11 17 18 21 26 27 28 29 30 58 60 62 63 66 67 69
8 9 5 37 40 45 49 51 65 71 4 12 16 20 22 25 48 50 53
10 9 0 8 9 13 34 38 39 44 55 57 1 6 19 23 31 32 35 42 64
10 9 0 8 9 13 34 38 39 44 55 57 1 6 19 23 31 32 35 42 64
9 8 4 12 16 20 22 25 48 50 53 5 37 40 45 49 51 65 71
10 8 0 8 9 13 34 38 39 44 55 57 5 37 40 45 49 51 65 71
9 8 4 12 16 20 22 25 48 50 53 5 37 40 45 49 51 65 71
9 18 4 12 16 20 22 25 48 50 53 3 7 14 15 24 33 36 41 43 46 47 52 54 56 59 61 68 70
10 9 0 8 9 13 34 38 39 44 55 57 4 12 16 20 22 25 48 50 53
10 9 0 8 9 13 34 38 39 44 55 57 1 6 19 23 31 32 35 42 64
10 8 0 8 9 13 34 38 39 44 55 57 5 37 40 45 49 51 65 71
9 18 1 6 19 23 31 32 35 42 64 3 7 14 15 24 33 36 41 43 46 47 52 54 56 59 61 68 70
9 18 4 12 16 20 22 25 48 50 53 3 7 14 15 24 33 36 41 43 46 47 52 54 56 59 61 68 70
18 9 3 7 14 15 24 33 36 41 43 46 47 52 54 56 59 61 68 70 4 12 16 20 22 25 48 50 53
9 18 1 6 19 23 31 32 35 42 64 2 10 11 17 18 21 26 27 28 29 30 58 60 62 63 66 67 69
18 9 3 7 14 15 24 33 36 41 43 46 47 52 54 56 59 61 68 70 1 6 19 23 31 32 35 42 64
18 18 2 10 11 17 18 21 26 27 28 29 30 58 60 62 63 66 67 69 3 7 14 15 24 33 36 41 43 46 47 52 54 56 59 61 68 70
8 10 5 37 40 45 49 51 65 71 0 8 9 13 34 38 39 44 55 57
9 18 4 12 16 20 22 25 48 50 53 3 7 14 15 24 33 36 41 43 46 47 52 54 56 59 61 68 70
9 8 4 12 16 20 22 25 48 50 53 5 37 40 45 49 51 65 71
18 18 2 10 11 17 18 21 26 27 28 29 30 58 60 62 63 66 67 69 3 7 14 15 24 33 36 41 43 46 47 52 54 56 59 61 68 70
18 8 3 7 14 15 24 33 36 41 43 46 47 52 54 56 59 61 68 70 5 37 40 45 49 51 65 71
18 8 3 7 14 15 24 33 36 41 43 46 47 52 54 56 59 61 68 70 5 37 40 45 49 51 65 71
9 9 1 6 19 23 31 32 35 42 64 4 12 16 20 22 25 48 50 53
8 10 5 37 40 45 49 51 65 71 0 8 9 13 34 38 39 44 55 57
18 8 2 10 11 17 18 21 26 27 28 29 30 58 60 62 63 66 67 69 5 37 40 45 49 51 65 71
8 18 5 37 40 45 49 51 65 71 2 10 11 17 18 21 26 27 28 29 30 58 60 62 63 66 67 69
8 18 5 37 40 45 49 51 65 71 2 10 11 17 18 21 26 27 28 29 30 58 60 62 63 66 67 69
8 10 5 37 40 45 49 51 65 71 0 8 9 13 34 38 39 44 55 57
9 8 1 6 19 23 31 32 35 42 64 5 37 40 45 49 51 65 71
8 18 5 37 40 45 49 51 65 71 3 7 14 15 24 33 36 41 43 46 47 52 54 56 59 61 68 70
18 9 2 10 11 17 18 21 26 27 28 29 30 58 60 62 63 66 67 69 4 12 16 20 22 25 48 50 53
9 18 1 6 19 23 31 32 35 42 64 3 7 14 15 24 33 36 41 43 46 47 52 54 56 59 61 68 70
8 9 5 37 40 45 49 51 65 71 1 6 19 23 31 32 35 42 64
9 10 4 12 16 20 22 25 48 50 53 0 8 9 13 34 38 39 44 55 57
9 9 4 12 16 20 22 25 48 50 53 1 6 19 23 31 32 35 42 64
18 9 2 10 11 17 18 21 26 27 28 29 30 58 60 62 63 66 67 69 4 12 16 20 22 25 48 50 53
18 9 2 10 11 17 18 21 26 27 28 29 30 58 60 62 63 66 67 69 1 6 19 23 31 32 35 42 64
9 10 1 6 19 23 31 32 35 42 64 0 8 9 13 34 38 39 44 55 57
18 9 3 7 14 15 24 33 36 41 43 46 47 52 54 56 59 61 68 70 1 6 19 23 31 32 35 42 64
9 18 4 12 16 20 22 25 48 50 53 2 10 11 17 18 21 26 27 28 29 30 58 60 62 63 66 67 69
9 18 4 12 16 20 22 25 48 50 53 3 7 14 15 24 33 36 41 43 46 47 52 54 56 59 61 68 70
10 9 0 8 9 13 34 38 39 44 55 57 4 12 16 20 22 25 48 50 53
9 18 1 6 19 23 31 32 35 42 64 3 7 14 15 24 33 36 41 43 46 47 52 54 56 59 61 68 70
9 9 1 6 19 23 31 32 35 42 64 4 12 16 20 22 25 48 50 53
10 18 0 8 9 13 34 38 39 44 55 57 3 7 14 15 24 33 36 41 43 46 47 52 54 56 59 61 68 70
18 8 2 10 11 17 18 21 26 27 28 29 30 58 60 62 63 66 67 69 5 37 40 45 49 51 65 71
9 18 4 12 16 20 22 25 48 50 53 3 7 14 15 24 33 36 41 43 46 47 52 54 56 59 61 68 70
9 8 1 6 19 23 31 32 35 42 64 5 37 40 45 49 51 65 71
10 9 0 8 9 13 34 38 39 44 55 57 1 6 19 23 31 32 35 42 64
9 10 1 6 19 23 31 32 35 42 64 0 8 9 13 34 38 39 44 55 57
18 9 2 10 11 17 18 21 26 27 28 29 30 58 60 62 63 66 67 69 1 6 19 23 31 32 35 42 64
9 10 1 6 19 23 31 32 35 42 64 0 8 9 13 34 38 39 44 55 57
8 9 5 37 40 45 49 51 65 71 1 6 19 23 31 32 35 42 64
18 8 2 10 11 17 18 21 26 27 28 29 30 58 60 62 63 66 67 69 5 37 40 45 49 51 65 71
18 9 2 10 11 17 18 21 26 27 28 29 30 58 60 62 63 66 67 69 1 6 19 23 31 32 35 42 64
9 8 4 12 16 20 22 25 48 50 53 5 37 40 45 49 51 65 71
18 10 3 7 14 15 24 33 36 41 43 46 47 52 54 56 59 61 68 70 0 8 9 13 34 38 39 44 55 57
9 18 1 6 19 23 31 32 35 42 64 3 7 14 15 24 33 36 41 43 46 47 52 54 56 59 61 68 70
9 9 1 6 19 23 31 32 35 42 64 4 12 16 20 22 25 48 50 53
18 9 2 10 11 17 18 21 26 27 28 29 30 58 60 62 63 66 67 69 4 12 16 20 22 25 48 50 53
18 8 3 7 14 15 24 33 36 41 43 46 47 52 54 56 59 61 68 70 5 37 40 45 49 51 65 71
8 18 5 37 40 45 49 51 65 71 2 10 11 17 18 21 26 27 28 29 30 58 60 62 63 66 67 69
10 9 0 8 9 13 34 38 39 44 55 57 1 6 19 23 31 32 35 42 64
9 8 4 12 16 20 22 25 48 50 53 5 37 40 45 49 51 65 71
9 18 4 12 16 20 22 25 48 50 53 2 10 11 17 18 21 26 27 28 29 30 58 60 62 63 66 67 69
9 8 4 12 16 20 22 25 48 50 53 5 37 40 45 49 51 65 71
9 10 4 12 16 20 22 25 48 50 53 0 8 9 13 34 38 39 44 55 57
18 18 3 7 14 15 24 33 36 41 43 46 47 52 54 56 59 61 68 70 2 10 11 17 18 21 26 27 28 29 30 58 60 62 63 66 67 69
18 18 3 7 14 15 24 33 36 41 43 46 47 52 54 56 59 61 68 70 2 10 11 17 18 21 26 27 28 29 30 58 60 62 63 66 67 69
9 18 4 12 16 20 22 25 48 50 53 3 7 14 15 24 33 36 41 43 46 47 52 54 56 59 61 68 70
9 9 1 6 19 23 31 32 35 42 64 4 12 16 20 22 25 48 50 53
8 18 5 37 40 45 49 51 65 71 2 10 11 17 18 21 26 27 28 29 30 58 60 62 63 66 67 69
9 9 1 6 19 23 31 32 35 42 64 4 12 16 20 22 25 48 50 53
10 9 0 8 9 13 34 38 39 44 55 57 4 12 16 20 22 25 48 50 53
9 9 4 12 16 20 22 25 48 50 53 1 6 19 23 31 32 35 42 64
18 9 3 7 14 15 24 33 36 41 43 46 47 52 54 56 59 61 68 70 4 12 16 20 22 25 48 50 53
18 10 3 7 14 15 24 33 36 41 43 46 47 52 54 56 59 61 68 70 0 8 9 13 34 38 39 44 55 57
8 10 5 37 40 45 49 51 65 71 0 8 9 13 34 38 39 44 55 57
10 9 0 8 9 13 34 38 39 44 55 57 4 12 16 20 22 25 48 50 53
18 18 2 10 11 17 18 21 26 27 28 29 30 58 60 62 63 66 67 69 3 7 14 15 24 33 36 41 43 46 47 52 54 56 59 61 68 70
18 8 3 7 14 15 24 33 36 41 43 46 47 52 54 56 59 61 68 70 5 37 40 45 49 51 65 71
8 9 5 37 40 45 49 51 65 71 1 6 19 23 31 32 35 42 64
8 18 5 37 40 45 49 51 65 71 3 7 14 15 24 33 36 41 43 46 47 52 54 56 59 61 68 70
10 18 0 8 9 13 34 38 39 44 55 57 3 7 14 15 24 33 36 41 43 46 47 52 54 56 59 61 68 70
10 18 0 8 9 13 34 38 39 44 55 57 3 7 14 15 24 33 36 41 43 46 47 52 54 56 59 61 68 70
9 10 1 6 19 23 31 32 35 42 64 0 8 9 13 34 38 39 44 55 57
18 18 2 10 11 17 18 21 26 27 28 29 30 58 60 62 63 66 67 69 3 7 14 15 24 33 36 41 43 46 47 52 54 56 59 61 68 70
9 9 1 6 19 23 31 32 35 42 64 4 12 16 20 22 25 48 50 53
8 9 5 37 40 45 49 51 65 71 1 6 19 23 31 32 35 42 64
10 18 0 8 9 13 34 38 39 44 55 57 3 7 14 15 24 33 36 41 43 46 47 52 54 56 59 61 68 70
8 9 5 37 40 45 49 51 65 71 1 6 19 23 31 32 35 42 64
9 10 1 6 19 23 31 32 35 42 64 0 8 9 13 34 38 39 44 55 57
10 18 0 8 9 13 34 38 39 44 55 57 3 7 14 15 24 33 36 41 43 46 47 52 54 56 59 61 68 70
9 9 1 6 19 23 31 32 35 42 64 4 12 16 20 22 25 48 50 53
9 8 4 12 16 20 22 25 48 50 53 5 37 40 45 49 51 65 71
10 9 0 8 9 13 34 38 39 44 55 57 1 6 19 23 31 32 35 42 64
10 9 0 8 9 13 34 38 39 44 55 57 1 6 19 23 31 32 35 42 64
10 9 0 8 9 13 34 38 39 44 55 57 1 6 19 23 31 32 35 42 64
10 18 0 8 9 13 34 38 39 44 55 57 2 10 11 17 18 21 26 27 28 29 30 58 60 62 63 66 67 69
18 18 3 7 14 15 24 33 36 41 43 46 47 52 54 56 59 61 68 70 2 10 11 17 18 21 26 27 28 29 30 58 60 62 63 66 67 69
10 18 0 8 9 13 34 38 39 44 55 57 3 7 14 15 24 33 36 41 43 46 47 52 54 56 59 61 68 70
18 9 2 10 11 17 18 21 26 27 28 29 30 58 60 62 63 66 67 69 1 6 19 23 31 32 35 42 64
10 9 0 8 9 13 34 38 39 44 55 57 1 6 19 23 31 32 35 42 64
10 18 0 8 9 13 34 38 39 44 55 57 2 10 11 17 18 21 26 27 28 29 30 58 60 62 63 66 67 69
8 10 5 37 40 45 49 51 65 71 0 8 9 13 34 38 39 44 55 57
9 18 1 6 19 23 31 32 35 42 64 2 10 11 17 18 21 26 27 28 29 30 58 60 62 63 66 67 69
10 18 0 8 9 13 34 38 39 44 55 57 2 10 11 17 18 21 26 27 28 29 30 58 60 62 63 66 67 69
18 10 3 7 14 15 24 33 36 41 43 46 47 52 54 56 59 61 68 70 0 8 9 13 34 38 39 44 55 57
10 18 0 8 9 13 34 38 39 44 55 57 3 7 14 15 24 33 36 41 43 46 47 52 54 56 59 61 68 70
18 18 2 10 11 17 18 21 26 27 28 29 30 58 60 62 63 66 67 69 3 7 14 15 24 33 36 41 43 46 47 52 54 56 59 61 68 70
10 18 0 8 9 13 34 38 39 44 55 57 2 10 11 17 18 21 26 27 28 29 30 58 60 62 63 66 67 69
8 18 5 37 40 45 49 51 65 71 2 10 11 17 18 21 26 27 28 29 30 58 60 62 63 66 67 69
18 8 3 7 14 15 24 33 36 41 43 46 47 52 54 56 59 61 68 70 5 37 40 45 49 51 65 71
18 8 3 7 14 15 24 33 36 41 43 46 47 52 54 56 59 61 68 70 5 37 40 45 49 51 65 71
18 8 3 7 14 15 24 33 36 41 43 46 47 52 54 56 59 61 68 70 5 37 40 45 49 51 65 71
9 18 1 6 19 23 31 32 35 42 64 3 7 14 15 24 33 36 41 43 46 47 52 54 56 59 61 68 70
18 18 2 10 11 17 18 21 26 27 28 29 30 58 60 62 63 66 67 69 3 7 14 15 24 33 36 41 43 46 47 52 54 56 59 61 68 70
8 18 5 37 40 45 49 51 65 71 2 10 11 17 18 21 26 27 28 29 30 58 60 62 63 66 67 69
18 9 3 7 14 15 24 33 36 41 43 46 47 52 54 56 59 61 68 70 1 6 19 23 31 32 35 42 64
18 10 3 7 14 15 24 33 36 41 43 46 47 52 54 56 59 61 68 70 0 8 9 13 34 38 39 44 55 57
18 9 2 10 11 17 18 21 26 27 28 29 30 58 60 62 63 66 67 69 4 12 16 20 22 25 48 50 53
9 10 4 12 16 20 22 25 48 50 53 0 8 9 13 34 38 39 44 55 57
18 8 2 10 11 17 18 21 26 27 28 29 30 58 60 62 63 66 67 69 5 37 40 45 49 51 65 71
9 10 4 12 16 20 22 25 48 50 53 0 8 9 13 34 38 39 44 55 57
18 18 2 10 11 17 18 21 26 27 28 29 30 58 60 62 63 66 67 69 3 7 14 15 24 33 36 41 43 46 47 52 54 56 59 61 68 70
18 18 3 7 14 15 24 33 36 41 43 46 47 52 54 56 59 61 68 70 2 10 11 17 18 21 26 27 28 29 30 58 60 62 63 66 67 69
9 18 1 6 19 23 31 32 35 42 64 2 10 11 17 18 21 26 27 28 29 30 58 60 62 63 66 67 69
10 8 0 8 9 13 34 38 39 44 55 57 5 37 40 45 49 51 65 71
18 9 2 10 11 17 18 21 26 27 28 29 30 58 60 62 63 66 67 69 4 12 16 20 22 25 48 50 53
18 9 3 7 14 15 24 33 36 41 43 46 47 52 54 56 59 61 68 70 1 6 19 23 31 32 35 42 64
10 9 0 8 9 13 34 38 39 44 55 57 4 12 16 20 22 25 48 50 53
10 18 0 8 9 13 34 38 39 44 55 57 3 7 14 15 24 33 36 41 43 46 47 52 54 56 59 61 68 70
9 10 4 12 16 20 22 25 48 50 53 0 8 9 13 34 38 39 44 55 57
9 9 4 12 16 20 22 25 48 50 53 1 6 19 23 31 32 35 42 64
9 18 4 12 16 20 22 25 48 50 53 3 7 14 15 24 33 36 41 43 46 47 52 54 56 59 61 68 70
18 10 2 10 11 17 18 21 26 27 28 29 30 58 60 62 63 66 67 69 0 8 9 13 34 38 39 44 55 57
18 18 3 7 14 15 24 33 36 41 43 46 47 52 54 56 59 61 68 70 2 10 11 17 18 21 26 27 28 29 30 58 60 62 63 66 67 69
9 10 1 6 19 23 31 32 35 42 64 0 8 9 13 34 38 39 44 55 57
10 18 0 8 9 13 34 38 39 44 55 57 3 7 14 15 24 33 36 41 43 46 47 52 54 56 59 61 68 70
8 18 5 37 40 45 49 51 65 71 2 10 11 17 18 21 26 27 28 29 30 58 60 62 63 66 67 69
10 18 0 8 9 13 34 38 39 44 55 57 3 7 14 15 24 33 36 41 43 46 47 52 54 56 59 61 68 70
18 9 2 10 11 17 18 21 26 27 28 29 30 58 60 62 63 66 67 69 4 12 16 20 22 25 48 50 53
18 9 3 7 14 15 24 33 36 41 43 46 47 52 54 56 59 61 68 70 4 12 16 20 22 25 48 50 53
10 9 0 8 9 13 34 38 39 44 55 57 1 6 19 23 31 32 35 42 64
8 18 5 37 40 45 49 51 65 71 3 7 14 15 24 33 36 41 43 46 47 52 54 56 59 61 68 70
9 8 1 6 19 23 31 32 35 42 64 5 37 40 45 49 51 65 71
18 8 3 7 14 15 24 33 36 41 43 46 47 52 54 56 59 61 68 70 5 37 40 45 49 51 65 71
10 18 0 8 9 13 34 38 39 44 55 57 2 10 11 17 18 21 26 27 28 29 30 58 60 62 63 66 67 69
8 18 5 37 40 45 49 51 65 71 2 10 11 17 18 21 26 27 28 29 30 58 60 62 63 66 67 69
10 9 0 8 9 13 34 38 39 44 55 57 1 6 19 23 31 32 35 42 64
8 10 5 37 40 45 49 51 65 71 0 8 9 13 34 38 39 44 55 57
18 9 3 7 14 15 24 33 36 41 43 46 47 52 54 56 59 61 68 70 1 6 19 23 31 32 35 42 64
10 8 0 8 9 13 34 38 39 44 55 57 5 37 40 45 49 51 65 71
10 9 0 8 9 13 34 38 39 44 55 57 1 6 19 23 31 32 35 42 64
18 10 2 10 11 17 18 21 26 27 28 29 30 58 60 62 63 66 67 69 0 8 9 13 34 38 39 44 55 57
9 18 4 12 16 20 22 25 48 50 53 2 10 11 17 18 21 26 27 28 29 30 58 60 62 63 66 67 69
10 9 0 8 9 13 34 38 39 44 55 57 4 12 16 20 22 25 48 50 53
9 9 1 6 19 23 31 32 35 42 64 4 12 16 20 22 25 48 50 53
9 18 4 12 16 20 22 25 48 50 53 2 10 11 17 18 21 26 27 28 29 30 58 60 62 63 66 67 69
18 8 3 7 14 15 24 33 36 41 43 46 47 52 54 56 59 61 68 70 5 37 40 45 49 51 65 71
9 9 4 12 16 20 22 25 48 50 53 1 6 19 23 31 32 35 42 64
10 8 0 8 9 13 34 38 39 44 55 57 5 37 40 45 49 51 65 71
9 10 1 6 19 23 31 32 35 42 64 0 8 9 13 34 38 39 44 55 57
5 3 2 1 0 2 4 4 2 2 4 3 0 4 5 5 4 2 5 5 0 3 0 0 2 2 0 4 1 1 5 0 4 4 3 5 0 1 5 4 2 2 1 3 1 0 1 1 1 5 2 1 0 1 3 4 2 3 2 5 1 5 3 4 2 3 5 3 3 0 4 0
