1 1 60 49
1 1 77 12
1 1 46 38
1 1 55 78
1 1 66 17
1 1 39 31
1 1 53 89
1 1 2 20
1 1 56 78
1 1 53 95
1 1 87 63
1 1 77 40
1 1 62 29
1 1 63 24
1 1 25 71
1 1 14 58
1 1 7 26
1 1 48 60
1 1 13 47
1 1 9 19
1 1 43 26
1 1 17 13
1 1 31 83
1 1 58 14
1 1 42 35
1 1 7 45
1 1 46 44
1 1 14 79
1 1 76 50
1 1 0 11
1 1 7 71
1 1 33 29
1 1 55 56
1 1 23 88
1 1 26 27
1 1 0 14
1 1 22 33
1 1 95 80
1 1 33 10
1 1 3 19
1 1 73 57
1 1 29 84
1 1 28 66
1 1 2 70
1 1 45 12
1 1 79 58
1 1 81 90
1 1 77 88
1 1 13 51
1 1 51 73
1 1 35 4
1 1 22 87
1 1 65 54
1 1 47 42
1 1 66 1
1 1 16 26
1 1 90 54
1 1 62 4
1 1 23 50
1 1 23 8
1 1 3 16
1 1 7 12
1 1 86 53
1 1 12 49
1 1 57 76
1 1 91 46
1 1 36 46
1 1 39 40
1 1 25 72
1 1 68 76
1 1 55 96
1 1 5 94
1 1 75 25
1 1 65 12
1 1 4 81
1 1 69 60
1 1 41 95
1 1 94 87
1 1 23 89
1 1 72 80
1 1 31 9
1 1 87 23
1 1 23 62
1 1 33 86
1 1 4 29
1 1 84 85
1 1 38 44
1 1 76 55
1 1 47 97
1 1 91 22
1 1 81 20
1 1 42 76
1 1 13 17
1 1 23 18
1 1 59 12
1 1 24 18
1 1 65 54
1 1 75 50
1 1 33 56
1 1 23 29
1 1 78 50
1 1 85 59
1 1 21 87
1 1 74 86
1 1 76 3
1 1 7 59
1 1 87 62
1 1 30 84
1 1 6 45
1 1 83 80
1 1 42 53
1 1 72 71
1 1 67 9
1 1 94 85
1 1 75 7
1 1 16 67
1 1 87 93
1 1 2 78
1 1 20 15
1 1 20 29
1 1 38 40
1 1 75 70
1 1 42 89
1 1 32 74
1 1 3 54
1 1 41 37
1 1 79 82
1 1 6 21
1 1 86 92
1 1 85 23
1 1 38 14
1 1 83 86
1 1 15 56
1 1 88 49
1 1 33 8
1 1 96 62
1 1 84 87
1 1 48 71
1 1 63 90
1 1 68 6
1 1 25 51
1 1 2 92
1 1 41 72
1 1 7 62
1 1 29 97
1 1 63 32
1 1 58 15
1 1 47 48
1 1 48 93
1 1 59 3
1 1 29 80
1 1 56 3
1 1 78 75
1 1 67 32
1 1 10 58
1 1 74 5
1 1 26 17
1 1 80 23
1 1 15 22
1 1 31 88
1 1 81 57
1 1 66 90
1 1 6 3
1 1 31 47
1 1 65 14
1 1 22 10
1 1 12 95
1 1 88 29
1 1 75 64
1 1 41 84
1 1 73 4
1 1 60 71
1 1 19 35
1 1 50 57
1 1 38 73
1 1 14 18
1 1 49 18
1 1 95 41
1 1 7 3
1 1 28 70
1 1 75 69
1 1 83 93
1 1 78 95
1 1 37 0
1 1 11 30
1 1 8 12
1 1 51 89
1 1 69 43
1 1 77 25
1 1 40 9
1 1 62 50
1 1 89 16
1 1 76 79
1 1 3 66
1 1 8 58
1 1 29 68
1 1 42 48
1 1 58 67
1 1 13 50
1 1 0 64
1 1 76 48
1 1 78 51
1 1 43 2
1 1 69 94
1 1 87 77
1 1 85 68
1 1 83 53
1 1 26 64
1 1 17 63
1 1 16 19
1 1 61 6
1 1 92 19
1 1 24 18
1 1 69 88
1 1 34 48
1 1 60 50
1 1 72 20
1 1 88 52
1 1 59 16
1 1 86 50
1 1 65 76
1 1 97 22
1 1 53 22
1 1 19 46
1 1 59 47
1 1 4 95
1 1 0 46
1 1 47 71
1 1 85 55
1 1 9 23
1 1 23 26
1 1 78 39
1 1 13 86
1 1 34 54
1 1 60 32
1 1 59 44
1 1 52 28
1 1 80 15
1 1 94 67
1 1 37 78
1 1 41 4
1 1 90 53
1 1 90 41
1 1 73 15
1 1 68 23
1 1 29 56
1 1 4 3
1 1 1 67
1 1 78 27
1 1 31 88
1 1 18 80
1 1 64 16
1 1 6 66
1 1 19 59
1 1 72 9
1 1 65 81
1 1 48 2
1 1 63 92
1 1 68 43
1 1 44 46
1 1 9 46
1 1 37 1
1 1 67 90
1 1 80 61
1 1 63 14
1 1 91 65
1 1 78 1
1 1 68 64
1 1 49 15
1 1 75 3
1 1 81 48
1 1 47 64
1 1 25 11
1 1 66 41
1 1 31 44
1 1 69 44
1 1 79 49
1 1 15 33
1 1 92 40
1 1 75 13
1 1 9 20
1 1 71 39
1 1 3 79
1 1 31 75
1 1 92 91
1 1 57 91
1 1 93 53
1 1 31 73
1 1 7 14
1 1 28 36
1 1 7 23
1 1 15 63
1 1 97 48
1 1 65 28
1 1 18 1
1 1 1 56
1 1 13 34
1 1 85 57
1 1 60 91
1 1 82 52
1 1 76 21
1 1 56 28
1 1 11 23
1 1 82 38
1 1 97 46
1 1 64 31
1 1 46 28
1 1 78 15
1 1 96 61
1 1 28 36
1 1 91 49
1 1 12 71
1 1 10 32
1 1 57 86
1 1 83 82
1 1 65 73
1 1 63 96
1 1 48 59
1 1 85 0
1 1 8 94
1 1 4 68
1 1 64 23
1 1 53 94
1 1 75 25
1 1 46 39
1 1 34 24
1 1 39 2
1 1 46 94
1 1 83 39
1 1 40 25
1 1 81 41
1 1 87 23
1 1 82 21
1 1 4 12
1 1 38 34
1 1 24 55
1 1 81 53
1 1 7 46
1 1 19 85
1 1 11 82
1 1 10 58
1 1 32 58
1 1 24 47
1 1 10 22
1 1 32 1
1 1 58 55
1 1 94 56
1 1 43 54
1 1 87 8
1 1 45 96
1 1 9 56
1 1 60 32
1 1 33 74
1 1 50 0
1 1 94 93
1 1 22 10
1 1 70 40
1 1 42 76
1 1 4 5
1 1 93 73
1 1 57 47
1 1 41 65
1 1 79 50
1 1 73 46
1 1 10 43
1 1 62 0
1 1 90 81
1 1 41 59
1 1 45 50
1 1 53 12
1 1 50 15
1 1 88 92
1 1 95 9
1 1 94 62
1 1 33 40
1 1 39 87
1 1 4 11
1 1 43 3
1 1 16 12
1 1 58 3
1 1 80 96
1 1 32 27
1 1 66 58
1 1 46 79
1 1 32 43
1 1 3 79
1 1 9 47
1 1 57 2
1 1 94 0
1 1 15 64
1 1 94 87
1 1 38 14
1 1 15 56
1 1 22 23
1 1 5 29
1 1 79 73
1 1 23 12
1 1 96 40
1 1 64 6
1 1 32 15
1 1 43 90
1 1 20 12
1 1 93 65
1 1 3 25
1 1 86 8
1 1 83 38
1 1 79 37
1 1 43 49
1 1 66 22
1 1 92 87
1 1 4 76
1 1 26 97
1 1 76 11
1 1 54 51
1 1 76 74
1 1 36 97
1 1 1 52
1 1 80 75
1 1 15 86
1 1 0 28
1 1 14 40
1 1 72 81
1 1 25 30
1 1 25 15
1 1 24 57
1 1 7 17
1 1 27 36
1 1 88 83
1 1 91 55
1 1 13 28
1 1 73 17
1 1 29 15
1 1 7 57
1 1 19 64
1 1 29 35
1 1 4 40
1 1 28 16
1 1 0 64
1 1 55 87
1 1 46 27
1 1 0 5
1 1 17 34
1 1 8 7
1 1 33 83
1 1 6 26
1 1 49 59
1 1 92 50
1 1 80 97
1 1 7 11
1 1 9 19
1 1 91 12
1 1 15 18
1 1 92 17
1 1 73 38
1 1 19 68
1 1 18 61
1 1 0 4
1 1 35 84
1 1 47 34
1 1 12 39
1 1 35 12
1 1 79 18
1 1 86 54
1 1 87 47
1 1 50 70
1 1 92 70
1 1 62 74
1 1 76 56
1 1 0 77
1 1 40 2
1 1 37 38
1 1 67 39
1 1 68 50
1 1 43 68
1 1 13 40
1 1 11 88
1 1 55 12
1 1 70 6
1 1 34 15
1 1 28 50
1 1 47 75
1 1 67 22
1 1 91 12
1 1 76 47
1 1 70 4
1 1 4 96
1 1 67 30
1 1 8 74
1 1 9 40
1 1 66 39
1 1 0 95
1 1 20 32
1 1 14 5
1 1 55 59
1 1 68 49
1 1 39 81
1 1 80 16
1 1 53 32
1 1 66 82
1 1 19 57
1 1 68 76
1 1 16 64
1 1 66 83
1 1 60 42
1 1 44 35
1 1 17 97
1 1 71 4
1 1 59 85
1 1 10 46
1 1 22 14
1 1 15 21
1 1 21 63
7 3 0 19 35 50 65 74 81 6 17 89
6 9 12 23 33 46 52 56 3 31 41 43 58 62 79 82 92
10 13 1 18 28 30 36 37 63 69 83 85 5 16 21 24 45 59 66 75 80 86 88 90 97
3 9 6 17 89 10 25 40 42 68 73 84 91 94
5 9 7 29 48 55 93 11 32 38 49 57 61 67 70 87
10 6 1 18 28 30 36 37 63 69 83 85 9 15 20 26 44 64
6 9 12 23 33 46 52 56 11 32 38 49 57 61 67 70 87
6 9 9 15 20 26 44 64 10 25 40 42 68 73 84 91 94
3 13 2 39 96 5 16 21 24 45 59 66 75 80 86 88 90 97
3 8 2 39 96 8 14 27 34 51 54 71 77
3 10 6 17 89 1 18 28 30 36 37 63 69 83 85
9 9 3 31 41 43 58 62 79 82 92 10 25 40 42 68 73 84 91 94
9 3 10 25 40 42 68 73 84 91 94 2 39 96
10 5 4 13 22 47 53 60 72 76 78 95 7 29 48 55 93
9 5 10 25 40 42 68 73 84 91 94 7 29 48 55 93
10 3 1 18 28 30 36 37 63 69 83 85 2 39 96
10 6 1 18 28 30 36 37 63 69 83 85 9 15 20 26 44 64
7 3 0 19 35 50 65 74 81 2 39 96
9 7 3 31 41 43 58 62 79 82 92 0 19 35 50 65 74 81
9 6 10 25 40 42 68 73 84 91 94 9 15 20 26 44 64
9 7 11 32 38 49 57 61 67 70 87 0 19 35 50 65 74 81
5 10 7 29 48 55 93 4 13 22 47 53 60 72 76 78 95
5 9 7 29 48 55 93 3 31 41 43 58 62 79 82 92
3 9 6 17 89 11 32 38 49 57 61 67 70 87
3 9 6 17 89 11 32 38 49 57 61 67 70 87
9 10 11 32 38 49 57 61 67 70 87 1 18 28 30 36 37 63 69 83 85
8 10 8 14 27 34 51 54 71 77 1 18 28 30 36 37 63 69 83 85
13 9 5 16 21 24 45 59 66 75 80 86 88 90 97 10 25 40 42 68 73 84 91 94
9 3 10 25 40 42 68 73 84 91 94 6 17 89
3 9 6 17 89 11 32 38 49 57 61 67 70 87
10 7 4 13 22 47 53 60 72 76 78 95 0 19 35 50 65 74 81
13 9 5 16 21 24 45 59 66 75 80 86 88 90 97 11 32 38 49 57 61 67 70 87
8 7 8 14 27 34 51 54 71 77 0 19 35 50 65 74 81
9 3 10 25 40 42 68 73 84 91 94 6 17 89
9 5 10 25 40 42 68 73 84 91 94 7 29 48 55 93
10 3 4 13 22 47 53 60 72 76 78 95 6 17 89
9 9 11 32 38 49 57 61 67 70 87 3 31 41 43 58 62 79 82 92
9 6 11 32 38 49 57 61 67 70 87 9 15 20 26 44 64
9 9 11 32 38 49 57 61 67 70 87 10 25 40 42 68 73 84 91 94
9 9 10 25 40 42 68 73 84 91 94 11 32 38 49 57 61 67 70 87
9 13 11 32 38 49 57 61 67 70 87 5 16 21 24 45 59 66 75 80 86 88 90 97
6 9 12 23 33 46 52 56 10 25 40 42 68 73 84 91 94
9 9 3 31 41 43 58 62 79 82 92 10 25 40 42 68 73 84 91 94
8 9 8 14 27 34 51 54 71 77 11 32 38 49 57 61 67 70 87
9 10 10 25 40 42 68 73 84 91 94 1 18 28 30 36 37 63 69 83 85
10 9 4 13 22 47 53 60 72 76 78 95 10 25 40 42 68 73 84 91 94
5 7 7 29 48 55 93 0 19 35 50 65 74 81
13 8 5 16 21 24 45 59 66 75 80 86 88 90 97 8 14 27 34 51 54 71 77
9 10 3 31 41 43 58 62 79 82 92 4 13 22 47 53 60 72 76 78 95
9 6 11 32 38 49 57 61 67 70 87 9 15 20 26 44 64
10 6 4 13 22 47 53 60 72 76 78 95 9 15 20 26 44 64
9 3 10 25 40 42 68 73 84 91 94 6 17 89
9 9 3 31 41 43 58 62 79 82 92 10 25 40 42 68 73 84 91 94
6 9 12 23 33 46 52 56 10 25 40 42 68 73 84 91 94
9 7 11 32 38 49 57 61 67 70 87 0 19 35 50 65 74 81
9 13 11 32 38 49 57 61 67 70 87 5 16 21 24 45 59 66 75 80 86 88 90 97
6 10 9 15 20 26 44 64 4 13 22 47 53 60 72 76 78 95
9 10 11 32 38 49 57 61 67 70 87 1 18 28 30 36 37 63 69 83 85
3 9 6 17 89 3 31 41 43 58 62 79 82 92
6 6 9 15 20 26 44 64 12 23 33 46 52 56
8 10 8 14 27 34 51 54 71 77 1 18 28 30 36 37 63 69 83 85
10 9 1 18 28 30 36 37 63 69 83 85 11 32 38 49 57 61 67 70 87
6 7 12 23 33 46 52 56 0 19 35 50 65 74 81
5 3 7 29 48 55 93 6 17 89
9 6 3 31 41 43 58 62 79 82 92 12 23 33 46 52 56
9 6 11 32 38 49 57 61 67 70 87 12 23 33 46 52 56
6 5 9 15 20 26 44 64 7 29 48 55 93
10 3 1 18 28 30 36 37 63 69 83 85 6 17 89
9 8 11 32 38 49 57 61 67 70 87 8 14 27 34 51 54 71 77
9 13 10 25 40 42 68 73 84 91 94 5 16 21 24 45 59 66 75 80 86 88 90 97
6 5 9 15 20 26 44 64 7 29 48 55 93
8 3 8 14 27 34 51 54 71 77 6 17 89
6 10 12 23 33 46 52 56 1 18 28 30 36 37 63 69 83 85
10 8 4 13 22 47 53 60 72 76 78 95 8 14 27 34 51 54 71 77
6 6 9 15 20 26 44 64 12 23 33 46 52 56
6 7 12 23 33 46 52 56 0 19 35 50 65 74 81
9 3 11 32 38 49 57 61 67 70 87 2 39 96
10 9 1 18 28 30 36 37 63 69 83 85 3 31 41 43 58 62 79 82 92
6 9 12 23 33 46 52 56 10 25 40 42 68 73 84 91 94
7 3 0 19 35 50 65 74 81 6 17 89
6 9 9 15 20 26 44 64 11 32 38 49 57 61 67 70 87
3 6 2 39 96 9 15 20 26 44 64
13 5 5 16 21 24 45 59 66 75 80 86 88 90 97 7 29 48 55 93
9 10 3 31 41 43 58 62 79 82 92 4 13 22 47 53 60 72 76 78 95
13 8 5 16 21 24 45 59 66 75 80 86 88 90 97 8 14 27 34 51 54 71 77
5 10 7 29 48 55 93 1 18 28 30 36 37 63 69 83 85
9 10 3 31 41 43 58 62 79 82 92 1 18 28 30 36 37 63 69 83 85
10 6 1 18 28 30 36 37 63 69 83 85 9 15 20 26 44 64
8 6 8 14 27 34 51 54 71 77 12 23 33 46 52 56
3 5 6 17 89 7 29 48 55 93
10 9 4 13 22 47 53 60 72 76 78 95 3 31 41 43 58 62 79 82 92
6 9 9 15 20 26 44 64 11 32 38 49 57 61 67 70 87
6 8 12 23 33 46 52 56 8 14 27 34 51 54 71 77
6 6 12 23 33 46 52 56 9 15 20 26 44 64
6 10 12 23 33 46 52 56 4 13 22 47 53 60 72 76 78 95
9 13 11 32 38 49 57 61 67 70 87 5 16 21 24 45 59 66 75 80 86 88 90 97
9 10 11 32 38 49 57 61 67 70 87 1 18 28 30 36 37 63 69 83 85
6 6 12 23 33 46 52 56 9 15 20 26 44 64
9 6 3 31 41 43 58 62 79 82 92 9 15 20 26 44 64
6 5 9 15 20 26 44 64 7 29 48 55 93
3 10 6 17 89 1 18 28 30 36 37 63 69 83 85
8 10 8 14 27 34 51 54 71 77 4 13 22 47 53 60 72 76 78 95
9 3 3 31 41 43 58 62 79 82 92 6 17 89
10 3 4 13 22 47 53 60 72 76 78 95 2 39 96
6 13 9 15 20 26 44 64 5 16 21 24 45 59 66 75 80 86 88 90 97
9 5 3 31 41 43 58 62 79 82 92 7 29 48 55 93
10 9 4 13 22 47 53 60 72 76 78 95 10 25 40 42 68 73 84 91 94
3 8 2 39 96 8 14 27 34 51 54 71 77
8 3 8 14 27 34 51 54 71 77 2 39 96
5 10 7 29 48 55 93 1 18 28 30 36 37 63 69 83 85
3 10 6 17 89 1 18 28 30 36 37 63 69 83 85
6 8 9 15 20 26 44 64 8 14 27 34 51 54 71 77
9 6 11 32 38 49 57 61 67 70 87 9 15 20 26 44 64
13 9 5 16 21 24 45 59 66 75 80 86 88 90 97 3 31 41 43 58 62 79 82 92
6 8 12 23 33 46 52 56 8 14 27 34 51 54 71 77
9 3 10 25 40 42 68 73 84 91 94 2 39 96
6 6 12 23 33 46 52 56 9 15 20 26 44 64
6 9 9 15 20 26 44 64 10 25 40 42 68 73 84 91 94
8 3 8 14 27 34 51 54 71 77 2 39 96
9 5 10 25 40 42 68 73 84 91 94 7 29 48 55 93
3 3 6 17 89 2 39 96
3 6 6 17 89 9 15 20 26 44 64
8 10 8 14 27 34 51 54 71 77 1 18 28 30 36 37 63 69 83 85
5 6 7 29 48 55 93 9 15 20 26 44 64
13 10 5 16 21 24 45 59 66 75 80 86 88 90 97 4 13 22 47 53 60 72 76 78 95
7 9 0 19 35 50 65 74 81 11 32 38 49 57 61 67 70 87
7 8 0 19 35 50 65 74 81 8 14 27 34 51 54 71 77
3 10 2 39 96 4 13 22 47 53 60 72 76 78 95
9 13 3 31 41 43 58 62 79 82 92 5 16 21 24 45 59 66 75 80 86 88 90 97
13 7 5 16 21 24 45 59 66 75 80 86 88 90 97 0 19 35 50 65 74 81
3 6 6 17 89 9 15 20 26 44 64
3 3 2 39 96 6 17 89
8 7 8 14 27 34 51 54 71 77 0 19 35 50 65 74 81
6 9 9 15 20 26 44 64 3 31 41 43 58 62 79 82 92
7 6 0 19 35 50 65 74 81 9 15 20 26 44 64
9 5 11 32 38 49 57 61 67 70 87 7 29 48 55 93
13 9 5 16 21 24 45 59 66 75 80 86 88 90 97 11 32 38 49 57 61 67 70 87
6 9 9 15 20 26 44 64 3 31 41 43 58 62 79 82 92
6 13 12 23 33 46 52 56 5 16 21 24 45 59 66 75 80 86 88 90 97
10 7 4 13 22 47 53 60 72 76 78 95 0 19 35 50 65 74 81
6 9 12 23 33 46 52 56 10 25 40 42 68 73 84 91 94
10 9 4 13 22 47 53 60 72 76 78 95 11 32 38 49 57 61 67 70 87
8 6 8 14 27 34 51 54 71 77 9 15 20 26 44 64
3 10 2 39 96 4 13 22 47 53 60 72 76 78 95
6 3 9 15 20 26 44 64 6 17 89
10 7 4 13 22 47 53 60 72 76 78 95 0 19 35 50 65 74 81
6 3 12 23 33 46 52 56 6 17 89
10 6 4 13 22 47 53 60 72 76 78 95 12 23 33 46 52 56
13 10 5 16 21 24 45 59 66 75 80 86 88 90 97 1 18 28 30 36 37 63 69 83 85
7 5 0 19 35 50 65 74 81 7 29 48 55 93
9 3 11 32 38 49 57 61 67 70 87 2 39 96
8 9 8 14 27 34 51 54 71 77 11 32 38 49 57 61 67 70 87
6 9 12 23 33 46 52 56 11 32 38 49 57 61 67 70 87
7 9 0 19 35 50 65 74 81 11 32 38 49 57 61 67 70 87
8 7 8 14 27 34 51 54 71 77 0 19 35 50 65 74 81
3 6 2 39 96 9 15 20 26 44 64
7 9 0 19 35 50 65 74 81 11 32 38 49 57 61 67 70 87
9 10 11 32 38 49 57 61 67 70 87 4 13 22 47 53 60 72 76 78 95
13 10 5 16 21 24 45 59 66 75 80 86 88 90 97 4 13 22 47 53 60 72 76 78 95
3 9 6 17 89 11 32 38 49 57 61 67 70 87
3 9 6 17 89 11 32 38 49 57 61 67 70 87
9 3 11 32 38 49 57 61 67 70 87 2 39 96
13 10 5 16 21 24 45 59 66 75 80 86 88 90 97 4 13 22 47 53 60 72 76 78 95
3 6 2 39 96 12 23 33 46 52 56
8 6 8 14 27 34 51 54 71 77 9 15 20 26 44 64
13 3 5 16 21 24 45 59 66 75 80 86 88 90 97 6 17 89
9 7 10 25 40 42 68 73 84 91 94 0 19 35 50 65 74 81
9 9 10 25 40 42 68 73 84 91 94 3 31 41 43 58 62 79 82 92
9 10 3 31 41 43 58 62 79 82 92 4 13 22 47 53 60 72 76 78 95
9 13 11 32 38 49 57 61 67 70 87 5 16 21 24 45 59 66 75 80 86 88 90 97
3 13 2 39 96 5 16 21 24 45 59 66 75 80 86 88 90 97
10 3 1 18 28 30 36 37 63 69 83 85 6 17 89
13 3 5 16 21 24 45 59 66 75 80 86 88 90 97 6 17 89
8 5 8 14 27 34 51 54 71 77 7 29 48 55 93
6 13 9 15 20 26 44 64 5 16 21 24 45 59 66 75 80 86 88 90 97
10 9 4 13 22 47 53 60 72 76 78 95 10 25 40 42 68 73 84 91 94
9 3 11 32 38 49 57 61 67 70 87 2 39 96
8 10 8 14 27 34 51 54 71 77 4 13 22 47 53 60 72 76 78 95
10 5 1 18 28 30 36 37 63 69 83 85 7 29 48 55 93
6 5 9 15 20 26 44 64 7 29 48 55 93
9 10 11 32 38 49 57 61 67 70 87 1 18 28 30 36 37 63 69 83 85
7 5 0 19 35 50 65 74 81 7 29 48 55 93
3 10 2 39 96 1 18 28 30 36 37 63 69 83 85
9 9 3 31 41 43 58 62 79 82 92 11 32 38 49 57 61 67 70 87
5 13 7 29 48 55 93 5 16 21 24 45 59 66 75 80 86 88 90 97
3 7 2 39 96 0 19 35 50 65 74 81
10 5 1 18 28 30 36 37 63 69 83 85 7 29 48 55 93
9 10 3 31 41 43 58 62 79 82 92 1 18 28 30 36 37 63 69 83 85
13 9 5 16 21 24 45 59 66 75 80 86 88 90 97 11 32 38 49 57 61 67 70 87
6 3 9 15 20 26 44 64 6 17 89
8 6 8 14 27 34 51 54 71 77 9 15 20 26 44 64
13 10 5 16 21 24 45 59 66 75 80 86 88 90 97 1 18 28 30 36 37 63 69 83 85
6 9 12 23 33 46 52 56 11 32 38 49 57 61 67 70 87
9 3 3 31 41 43 58 62 79 82 92 2 39 96
5 3 7 29 48 55 93 2 39 96
3 6 2 39 96 9 15 20 26 44 64
10 9 1 18 28 30 36 37 63 69 83 85 10 25 40 42 68 73 84 91 94
13 9 5 16 21 24 45 59 66 75 80 86 88 90 97 11 32 38 49 57 61 67 70 87
9 8 11 32 38 49 57 61 67 70 87 8 14 27 34 51 54 71 77
9 9 3 31 41 43 58 62 79 82 92 10 25 40 42 68 73 84 91 94
13 9 5 16 21 24 45 59 66 75 80 86 88 90 97 11 32 38 49 57 61 67 70 87
9 10 11 32 38 49 57 61 67 70 87 4 13 22 47 53 60 72 76 78 95
7 6 0 19 35 50 65 74 81 9 15 20 26 44 64
3 10 2 39 96 1 18 28 30 36 37 63 69 83 85
5 9 7 29 48 55 93 11 32 38 49 57 61 67 70 87
9 6 10 25 40 42 68 73 84 91 94 12 23 33 46 52 56
10 3 4 13 22 47 53 60 72 76 78 95 2 39 96
6 6 12 23 33 46 52 56 9 15 20 26 44 64
3 8 2 39 96 8 14 27 34 51 54 71 77
7 10 0 19 35 50 65 74 81 4 13 22 47 53 60 72 76 78 95
10 8 4 13 22 47 53 60 72 76 78 95 8 14 27 34 51 54 71 77
5 9 7 29 48 55 93 3 31 41 43 58 62 79 82 92
9 6 10 25 40 42 68 73 84 91 94 12 23 33 46 52 56
5 9 7 29 48 55 93 10 25 40 42 68 73 84 91 94
10 9 1 18 28 30 36 37 63 69 83 85 10 25 40 42 68 73 84 91 94
7 6 0 19 35 50 65 74 81 12 23 33 46 52 56
6 9 9 15 20 26 44 64 10 25 40 42 68 73 84 91 94
8 6 8 14 27 34 51 54 71 77 9 15 20 26 44 64
10 9 1 18 28 30 36 37 63 69 83 85 10 25 40 42 68 73 84 91 94
6 9 9 15 20 26 44 64 11 32 38 49 57 61 67 70 87
5 9 7 29 48 55 93 10 25 40 42 68 73 84 91 94
9 3 10 25 40 42 68 73 84 91 94 2 39 96
10 9 1 18 28 30 36 37 63 69 83 85 11 32 38 49 57 61 67 70 87
7 6 0 19 35 50 65 74 81 9 15 20 26 44 64
9 7 11 32 38 49 57 61 67 70 87 0 19 35 50 65 74 81
3 10 6 17 89 4 13 22 47 53 60 72 76 78 95
9 3 10 25 40 42 68 73 84 91 94 6 17 89
9 3 11 32 38 49 57 61 67 70 87 2 39 96
9 7 10 25 40 42 68 73 84 91 94 0 19 35 50 65 74 81
10 10 4 13 22 47 53 60 72 76 78 95 1 18 28 30 36 37 63 69 83 85
8 9 8 14 27 34 51 54 71 77 10 25 40 42 68 73 84 91 94
6 9 9 15 20 26 44 64 10 25 40 42 68 73 84 91 94
10 6 1 18 28 30 36 37 63 69 83 85 9 15 20 26 44 64
9 5 3 31 41 43 58 62 79 82 92 7 29 48 55 93
10 7 1 18 28 30 36 37 63 69 83 85 0 19 35 50 65 74 81
6 13 9 15 20 26 44 64 5 16 21 24 45 59 66 75 80 86 88 90 97
8 6 8 14 27 34 51 54 71 77 12 23 33 46 52 56
6 9 9 15 20 26 44 64 3 31 41 43 58 62 79 82 92
9 9 10 25 40 42 68 73 84 91 94 3 31 41 43 58 62 79 82 92
10 9 1 18 28 30 36 37 63 69 83 85 11 32 38 49 57 61 67 70 87
8 10 8 14 27 34 51 54 71 77 1 18 28 30 36 37 63 69 83 85
9 6 10 25 40 42 68 73 84 91 94 12 23 33 46 52 56
7 10 0 19 35 50 65 74 81 4 13 22 47 53 60 72 76 78 95
5 6 7 29 48 55 93 9 15 20 26 44 64
13 6 5 16 21 24 45 59 66 75 80 86 88 90 97 12 23 33 46 52 56
10 3 1 18 28 30 36 37 63 69 83 85 2 39 96
10 13 1 18 28 30 36 37 63 69 83 85 5 16 21 24 45 59 66 75 80 86 88 90 97
8 3 8 14 27 34 51 54 71 77 2 39 96
9 3 10 25 40 42 68 73 84 91 94 2 39 96
7 3 0 19 35 50 65 74 81 2 39 96
9 10 3 31 41 43 58 62 79 82 92 1 18 28 30 36 37 63 69 83 85
8 7 8 14 27 34 51 54 71 77 0 19 35 50 65 74 81
9 13 10 25 40 42 68 73 84 91 94 5 16 21 24 45 59 66 75 80 86 88 90 97
13 9 5 16 21 24 45 59 66 75 80 86 88 90 97 3 31 41 43 58 62 79 82 92
8 3 8 14 27 34 51 54 71 77 6 17 89
9 3 11 32 38 49 57 61 67 70 87 2 39 96
10 5 1 18 28 30 36 37 63 69 83 85 7 29 48 55 93
5 10 7 29 48 55 93 4 13 22 47 53 60 72 76 78 95
9 7 10 25 40 42 68 73 84 91 94 0 19 35 50 65 74 81
9 5 3 31 41 43 58 62 79 82 92 7 29 48 55 93
6 9 12 23 33 46 52 56 10 25 40 42 68 73 84 91 94
13 7 5 16 21 24 45 59 66 75 80 86 88 90 97 0 19 35 50 65 74 81
9 8 11 32 38 49 57 61 67 70 87 8 14 27 34 51 54 71 77
9 13 10 25 40 42 68 73 84 91 94 5 16 21 24 45 59 66 75 80 86 88 90 97
13 3 5 16 21 24 45 59 66 75 80 86 88 90 97 2 39 96
3 3 2 39 96 6 17 89
13 6 5 16 21 24 45 59 66 75 80 86 88 90 97 9 15 20 26 44 64
8 9 8 14 27 34 51 54 71 77 10 25 40 42 68 73 84 91 94
10 10 1 18 28 30 36 37 63 69 83 85 4 13 22 47 53 60 72 76 78 95
7 9 0 19 35 50 65 74 81 10 25 40 42 68 73 84 91 94
10 9 4 13 22 47 53 60 72 76 78 95 11 32 38 49 57 61 67 70 87
6 10 9 15 20 26 44 64 1 18 28 30 36 37 63 69 83 85
6 3 9 15 20 26 44 64 6 17 89
9 6 11 32 38 49 57 61 67 70 87 9 15 20 26 44 64
6 5 9 15 20 26 44 64 7 29 48 55 93
10 8 1 18 28 30 36 37 63 69 83 85 8 14 27 34 51 54 71 77
9 13 11 32 38 49 57 61 67 70 87 5 16 21 24 45 59 66 75 80 86 88 90 97
3 6 6 17 89 9 15 20 26 44 64
9 10 10 25 40 42 68 73 84 91 94 4 13 22 47 53 60 72 76 78 95
13 7 5 16 21 24 45 59 66 75 80 86 88 90 97 0 19 35 50 65 74 81
9 6 10 25 40 42 68 73 84 91 94 12 23 33 46 52 56
9 3 3 31 41 43 58 62 79 82 92 2 39 96
5 3 7 29 48 55 93 6 17 89
10 7 4 13 22 47 53 60 72 76 78 95 0 19 35 50 65 74 81
7 3 0 19 35 50 65 74 81 6 17 89
6 10 9 15 20 26 44 64 1 18 28 30 36 37 63 69 83 85
10 8 1 18 28 30 36 37 63 69 83 85 8 14 27 34 51 54 71 77
10 13 1 18 28 30 36 37 63 69 83 85 5 16 21 24 45 59 66 75 80 86 88 90 97
5 3 7 29 48 55 93 6 17 89
6 10 9 15 20 26 44 64 4 13 22 47 53 60 72 76 78 95
10 9 1 18 28 30 36 37 63 69 83 85 3 31 41 43 58 62 79 82 92
10 10 4 13 22 47 53 60 72 76 78 95 1 18 28 30 36 37 63 69 83 85
3 9 6 17 89 3 31 41 43 58 62 79 82 92
6 8 9 15 20 26 44 64 8 14 27 34 51 54 71 77
3 10 2 39 96 4 13 22 47 53 60 72 76 78 95
3 6 2 39 96 9 15 20 26 44 64
3 3 2 39 96 6 17 89
3 9 2 39 96 3 31 41 43 58 62 79 82 92
6 6 9 15 20 26 44 64 12 23 33 46 52 56
6 7 12 23 33 46 52 56 0 19 35 50 65 74 81
6 5 9 15 20 26 44 64 7 29 48 55 93
9 10 10 25 40 42 68 73 84 91 94 4 13 22 47 53 60 72 76 78 95
3 9 6 17 89 10 25 40 42 68 73 84 91 94
10 9 4 13 22 47 53 60 72 76 78 95 10 25 40 42 68 73 84 91 94
10 9 4 13 22 47 53 60 72 76 78 95 10 25 40 42 68 73 84 91 94
3 9 6 17 89 3 31 41 43 58 62 79 82 92
5 9 7 29 48 55 93 3 31 41 43 58 62 79 82 92
13 9 5 16 21 24 45 59 66 75 80 86 88 90 97 3 31 41 43 58 62 79 82 92
10 5 1 18 28 30 36 37 63 69 83 85 7 29 48 55 93
9 8 10 25 40 42 68 73 84 91 94 8 14 27 34 51 54 71 77
8 5 8 14 27 34 51 54 71 77 7 29 48 55 93
5 6 7 29 48 55 93 9 15 20 26 44 64
3 10 6 17 89 4 13 22 47 53 60 72 76 78 95
6 10 12 23 33 46 52 56 4 13 22 47 53 60 72 76 78 95
9 13 3 31 41 43 58 62 79 82 92 5 16 21 24 45 59 66 75 80 86 88 90 97
9 9 3 31 41 43 58 62 79 82 92 10 25 40 42 68 73 84 91 94
9 6 3 31 41 43 58 62 79 82 92 12 23 33 46 52 56
6 13 12 23 33 46 52 56 5 16 21 24 45 59 66 75 80 86 88 90 97
9 8 11 32 38 49 57 61 67 70 87 8 14 27 34 51 54 71 77
6 8 12 23 33 46 52 56 8 14 27 34 51 54 71 77
7 9 0 19 35 50 65 74 81 3 31 41 43 58 62 79 82 92
9 5 11 32 38 49 57 61 67 70 87 7 29 48 55 93
10 3 1 18 28 30 36 37 63 69 83 85 6 17 89
7 9 0 19 35 50 65 74 81 11 32 38 49 57 61 67 70 87
9 6 3 31 41 43 58 62 79 82 92 9 15 20 26 44 64
9 8 10 25 40 42 68 73 84 91 94 8 14 27 34 51 54 71 77
3 13 2 39 96 5 16 21 24 45 59 66 75 80 86 88 90 97
3 9 2 39 96 3 31 41 43 58 62 79 82 92
9 10 10 25 40 42 68 73 84 91 94 4 13 22 47 53 60 72 76 78 95
5 3 7 29 48 55 93 2 39 96
3 9 2 39 96 10 25 40 42 68 73 84 91 94
3 10 6 17 89 4 13 22 47 53 60 72 76 78 95
3 9 2 39 96 10 25 40 42 68 73 84 91 94
7 3 0 19 35 50 65 74 81 2 39 96
5 9 7 29 48 55 93 3 31 41 43 58 62 79 82 92
9 5 3 31 41 43 58 62 79 82 92 7 29 48 55 93
5 10 7 29 48 55 93 4 13 22 47 53 60 72 76 78 95
13 6 5 16 21 24 45 59 66 75 80 86 88 90 97 12 23 33 46 52 56
8 5 8 14 27 34 51 54 71 77 7 29 48 55 93
9 9 11 32 38 49 57 61 67 70 87 3 31 41 43 58 62 79 82 92
8 9 8 14 27 34 51 54 71 77 3 31 41 43 58 62 79 82 92
10 3 4 13 22 47 53 60 72 76 78 95 6 17 89
10 8 4 13 22 47 53 60 72 76 78 95 8 14 27 34 51 54 71 77
9 6 3 31 41 43 58 62 79 82 92 9 15 20 26 44 64
13 5 5 16 21 24 45 59 66 75 80 86 88 90 97 7 29 48 55 93
10 9 1 18 28 30 36 37 63 69 83 85 11 32 38 49 57 61 67 70 87
3 9 6 17 89 3 31 41 43 58 62 79 82 92
10 3 1 18 28 30 36 37 63 69 83 85 2 39 96
8 9 8 14 27 34 51 54 71 77 11 32 38 49 57 61 67 70 87
8 9 8 14 27 34 51 54 71 77 3 31 41 43 58 62 79 82 92
13 7 5 16 21 24 45 59 66 75 80 86 88 90 97 0 19 35 50 65 74 81
10 7 1 18 28 30 36 37 63 69 83 85 0 19 35 50 65 74 81
9 7 3 31 41 43 58 62 79 82 92 0 19 35 50 65 74 81
9 6 10 25 40 42 68 73 84 91 94 12 23 33 46 52 56
5 9 7 29 48 55 93 3 31 41 43 58 62 79 82 92
3 7 6 17 89 0 19 35 50 65 74 81
7 3 0 19 35 50 65 74 81 6 17 89
9 5 11 32 38 49 57 61 67 70 87 7 29 48 55 93
3 8 2 39 96 8 14 27 34 51 54 71 77
3 9 6 17 89 3 31 41 43 58 62 79 82 92
9 9 11 32 38 49 57 61 67 70 87 10 25 40 42 68 73 84 91 94
5 10 7 29 48 55 93 4 13 22 47 53 60 72 76 78 95
5 9 7 29 48 55 93 10 25 40 42 68 73 84 91 94
10 9 1 18 28 30 36 37 63 69 83 85 3 31 41 43 58 62 79 82 92
7 5 0 19 35 50 65 74 81 7 29 48 55 93
13 6 5 16 21 24 45 59 66 75 80 86 88 90 97 12 23 33 46 52 56
13 5 5 16 21 24 45 59 66 75 80 86 88 90 97 7 29 48 55 93
10 6 4 13 22 47 53 60 72 76 78 95 9 15 20 26 44 64
3 9 6 17 89 11 32 38 49 57 61 67 70 87
5 3 7 29 48 55 93 6 17 89
3 7 6 17 89 0 19 35 50 65 74 81
9 8 3 31 41 43 58 62 79 82 92 8 14 27 34 51 54 71 77
5 9 7 29 48 55 93 3 31 41 43 58 62 79 82 92
3 6 6 17 89 12 23 33 46 52 56
3 8 6 17 89 8 14 27 34 51 54 71 77
3 9 2 39 96 11 32 38 49 57 61 67 70 87
3 9 6 17 89 3 31 41 43 58 62 79 82 92
13 9 5 16 21 24 45 59 66 75 80 86 88 90 97 10 25 40 42 68 73 84 91 94
10 9 1 18 28 30 36 37 63 69 83 85 10 25 40 42 68 73 84 91 94
5 13 7 29 48 55 93 5 16 21 24 45 59 66 75 80 86 88 90 97
5 6 7 29 48 55 93 9 15 20 26 44 64
9 9 11 32 38 49 57 61 67 70 87 10 25 40 42 68 73 84 91 94
6 3 12 23 33 46 52 56 2 39 96
10 8 1 18 28 30 36 37 63 69 83 85 8 14 27 34 51 54 71 77
3 10 2 39 96 4 13 22 47 53 60 72 76 78 95
9 10 11 32 38 49 57 61 67 70 87 1 18 28 30 36 37 63 69 83 85
3 3 6 17 89 2 39 96
10 10 4 13 22 47 53 60 72 76 78 95 1 18 28 30 36 37 63 69 83 85
10 6 4 13 22 47 53 60 72 76 78 95 12 23 33 46 52 56
6 9 12 23 33 46 52 56 3 31 41 43 58 62 79 82 92
6 5 12 23 33 46 52 56 7 29 48 55 93
10 8 1 18 28 30 36 37 63 69 83 85 8 14 27 34 51 54 71 77
10 9 4 13 22 47 53 60 72 76 78 95 10 25 40 42 68 73 84 91 94
9 13 10 25 40 42 68 73 84 91 94 5 16 21 24 45 59 66 75 80 86 88 90 97
10 6 4 13 22 47 53 60 72 76 78 95 9 15 20 26 44 64
6 9 12 23 33 46 52 56 11 32 38 49 57 61 67 70 87
6 5 12 23 33 46 52 56 7 29 48 55 93
9 13 11 32 38 49 57 61 67 70 87 5 16 21 24 45 59 66 75 80 86 88 90 97
5 7 7 29 48 55 93 0 19 35 50 65 74 81
10 8 1 18 28 30 36 37 63 69 83 85 8 14 27 34 51 54 71 77
8 10 8 14 27 34 51 54 71 77 1 18 28 30 36 37 63 69 83 85
6 10 12 23 33 46 52 56 4 13 22 47 53 60 72 76 78 95
10 10 4 13 22 47 53 60 72 76 78 95 1 18 28 30 36 37 63 69 83 85
7 10 0 19 35 50 65 74 81 1 18 28 30 36 37 63 69 83 85
10 8 4 13 22 47 53 60 72 76 78 95 8 14 27 34 51 54 71 77
6 10 12 23 33 46 52 56 4 13 22 47 53 60 72 76 78 95
13 10 5 16 21 24 45 59 66 75 80 86 88 90 97 4 13 22 47 53 60 72 76 78 95
6 10 9 15 20 26 44 64 1 18 28 30 36 37 63 69 83 85
6 9 9 15 20 26 44 64 3 31 41 43 58 62 79 82 92
6 9 9 15 20 26 44 64 10 25 40 42 68 73 84 91 94
3 9 2 39 96 3 31 41 43 58 62 79 82 92
7 6 0 19 35 50 65 74 81 12 23 33 46 52 56
10 3 1 18 28 30 36 37 63 69 83 85 6 17 89
8 6 8 14 27 34 51 54 71 77 9 15 20 26 44 64
3 9 6 17 89 11 32 38 49 57 61 67 70 87
3 8 6 17 89 8 14 27 34 51 54 71 77
10 9 1 18 28 30 36 37 63 69 83 85 11 32 38 49 57 61 67 70 87
3 9 6 17 89 10 25 40 42 68 73 84 91 94
3 5 6 17 89 7 29 48 55 93
9 9 10 25 40 42 68 73 84 91 94 11 32 38 49 57 61 67 70 87
3 8 6 17 89 8 14 27 34 51 54 71 77
7 6 0 19 35 50 65 74 81 12 23 33 46 52 56
6 3 9 15 20 26 44 64 6 17 89
6 3 12 23 33 46 52 56 6 17 89
6 8 9 15 20 26 44 64 8 14 27 34 51 54 71 77
6 9 9 15 20 26 44 64 3 31 41 43 58 62 79 82 92
8 13 8 14 27 34 51 54 71 77 5 16 21 24 45 59 66 75 80 86 88 90 97
5 10 7 29 48 55 93 1 18 28 30 36 37 63 69 83 85
13 10 5 16 21 24 45 59 66 75 80 86 88 90 97 1 18 28 30 36 37 63 69 83 85
9 9 11 32 38 49 57 61 67 70 87 10 25 40 42 68 73 84 91 94
10 5 1 18 28 30 36 37 63 69 83 85 7 29 48 55 93
6 9 9 15 20 26 44 64 10 25 40 42 68 73 84 91 94
3 8 6 17 89 8 14 27 34 51 54 71 77
8 6 8 14 27 34 51 54 71 77 9 15 20 26 44 64
10 10 1 18 28 30 36 37 63 69 83 85 4 13 22 47 53 60 72 76 78 95
8 10 8 14 27 34 51 54 71 77 4 13 22 47 53 60 72 76 78 95
6 3 9 15 20 26 44 64 2 39 96
6 10 9 15 20 26 44 64 4 13 22 47 53 60 72 76 78 95
10 5 4 13 22 47 53 60 72 76 78 95 7 29 48 55 93
9 9 10 25 40 42 68 73 84 91 94 11 32 38 49 57 61 67 70 87
10 9 4 13 22 47 53 60 72 76 78 95 3 31 41 43 58 62 79 82 92
13 3 5 16 21 24 45 59 66 75 80 86 88 90 97 2 39 96
10 3 1 18 28 30 36 37 63 69 83 85 6 17 89
9 3 10 25 40 42 68 73 84 91 94 2 39 96
5 9 7 29 48 55 93 10 25 40 42 68 73 84 91 94
13 9 5 16 21 24 45 59 66 75 80 86 88 90 97 10 25 40 42 68 73 84 91 94
6 7 12 23 33 46 52 56 0 19 35 50 65 74 81
5 7 7 29 48 55 93 0 19 35 50 65 74 81
3 6 2 39 96 9 15 20 26 44 64
3 10 6 17 89 1 18 28 30 36 37 63 69 83 85
10 10 1 18 28 30 36 37 63 69 83 85 4 13 22 47 53 60 72 76 78 95
9 7 3 31 41 43 58 62 79 82 92 0 19 35 50 65 74 81
10 5 4 13 22 47 53 60 72 76 78 95 7 29 48 55 93
9 3 10 25 40 42 68 73 84 91 94 2 39 96
6 3 12 23 33 46 52 56 2 39 96
10 13 1 18 28 30 36 37 63 69 83 85 5 16 21 24 45 59 66 75 80 86 88 90 97
8 9 8 14 27 34 51 54 71 77 11 32 38 49 57 61 67 70 87
5 6 7 29 48 55 93 12 23 33 46 52 56
9 13 11 32 38 49 57 61 67 70 87 5 16 21 24 45 59 66 75 80 86 88 90 97
6 3 12 23 33 46 52 56 2 39 96
13 9 5 16 21 24 45 59 66 75 80 86 88 90 97 11 32 38 49 57 61 67 70 87
9 3 11 32 38 49 57 61 67 70 87 6 17 89
3 9 2 39 96 3 31 41 43 58 62 79 82 92
7 3 0 19 35 50 65 74 81 6 17 89
7 3 0 19 35 50 65 74 81 2 39 96
10 9 1 18 28 30 36 37 63 69 83 85 11 32 38 49 57 61 67 70 87
5 3 7 29 48 55 93 6 17 89
6 13 9 15 20 26 44 64 5 16 21 24 45 59 66 75 80 86 88 90 97
10 3 1 18 28 30 36 37 63 69 83 85 6 17 89
8 6 8 14 27 34 51 54 71 77 12 23 33 46 52 56
6 9 12 23 33 46 52 56 10 25 40 42 68 73 84 91 94
13 6 5 16 21 24 45 59 66 75 80 86 88 90 97 9 15 20 26 44 64
10 9 4 13 22 47 53 60 72 76 78 95 11 32 38 49 57 61 67 70 87
9 6 10 25 40 42 68 73 84 91 94 9 15 20 26 44 64
9 10 3 31 41 43 58 62 79 82 92 4 13 22 47 53 60 72 76 78 95
7 10 0 19 35 50 65 74 81 4 13 22 47 53 60 72 76 78 95
10 5 1 18 28 30 36 37 63 69 83 85 7 29 48 55 93
6 9 12 23 33 46 52 56 11 32 38 49 57 61 67 70 87
7 6 0 19 35 50 65 74 81 12 23 33 46 52 56
5 9 7 29 48 55 93 10 25 40 42 68 73 84 91 94
9 8 3 31 41 43 58 62 79 82 92 8 14 27 34 51 54 71 77
5 9 7 29 48 55 93 10 25 40 42 68 73 84 91 94
9 8 3 31 41 43 58 62 79 82 92 8 14 27 34 51 54 71 77
6 8 12 23 33 46 52 56 8 14 27 34 51 54 71 77
6 8 12 23 33 46 52 56 8 14 27 34 51 54 71 77
3 7 2 39 96 0 19 35 50 65 74 81
5 3 7 29 48 55 93 2 39 96
9 3 10 25 40 42 68 73 84 91 94 6 17 89
3 6 2 39 96 9 15 20 26 44 64
6 10 9 15 20 26 44 64 1 18 28 30 36 37 63 69 83 85
13 6 5 16 21 24 45 59 66 75 80 86 88 90 97 12 23 33 46 52 56
3 9 6 17 89 10 25 40 42 68 73 84 91 94
7 3 0 19 35 50 65 74 81 2 39 96
10 10 4 13 22 47 53 60 72 76 78 95 1 18 28 30 36 37 63 69 83 85
9 9 10 25 40 42 68 73 84 91 94 11 32 38 49 57 61 67 70 87
7 6 0 19 35 50 65 74 81 9 15 20 26 44 64
9 6 3 31 41 43 58 62 79 82 92 12 23 33 46 52 56
9 3 3 31 41 43 58 62 79 82 92 2 39 96
13 3 5 16 21 24 45 59 66 75 80 86 88 90 97 6 17 89
7 13 0 19 35 50 65 74 81 5 16 21 24 45 59 66 75 80 86 88 90 97
10 6 1 18 28 30 36 37 63 69 83 85 12 23 33 46 52 56
10 9 4 13 22 47 53 60 72 76 78 95 11 32 38 49 57 61 67 70 87
6 9 12 23 33 46 52 56 3 31 41 43 58 62 79 82 92
6 6 9 15 20 26 44 64 12 23 33 46 52 56
10 7 4 13 22 47 53 60 72 76 78 95 0 19 35 50 65 74 81
9 10 10 25 40 42 68 73 84 91 94 4 13 22 47 53 60 72 76 78 95
3 10 6 17 89 1 18 28 30 36 37 63 69 83 85
13 9 5 16 21 24 45 59 66 75 80 86 88 90 97 3 31 41 43 58 62 79 82 92
13 5 5 16 21 24 45 59 66 75 80 86 88 90 97 7 29 48 55 93
9 9 3 31 41 43 58 62 79 82 92 11 32 38 49 57 61 67 70 87
8 9 8 14 27 34 51 54 71 77 3 31 41 43 58 62 79 82 92
6 3 12 23 33 46 52 56 6 17 89
6 7 12 23 33 46 52 56 0 19 35 50 65 74 81
6 7 9 15 20 26 44 64 0 19 35 50 65 74 81
7 9 0 19 35 50 65 74 81 10 25 40 42 68 73 84 91 94
3 10 6 17 89 4 13 22 47 53 60 72 76 78 95
7 8 0 19 35 50 65 74 81 8 14 27 34 51 54 71 77
9 8 10 25 40 42 68 73 84 91 94 8 14 27 34 51 54 71 77
6 6 12 23 33 46 52 56 9 15 20 26 44 64
3 3 6 17 89 2 39 96
9 9 3 31 41 43 58 62 79 82 92 10 25 40 42 68 73 84 91 94
3 7 2 39 96 0 19 35 50 65 74 81
6 9 12 23 33 46 52 56 3 31 41 43 58 62 79 82 92
6 7 9 15 20 26 44 64 0 19 35 50 65 74 81
10 8 4 13 22 47 53 60 72 76 78 95 8 14 27 34 51 54 71 77
10 9 4 13 22 47 53 60 72 76 78 95 11 32 38 49 57 61 67 70 87
7 13 0 19 35 50 65 74 81 5 16 21 24 45 59 66 75 80 86 88 90 97
5 6 7 29 48 55 93 9 15 20 26 44 64
13 8 5 16 21 24 45 59 66 75 80 86 88 90 97 8 14 27 34 51 54 71 77
10 9 1 18 28 30 36 37 63 69 83 85 11 32 38 49 57 61 67 70 87
10 8 4 13 22 47 53 60 72 76 78 95 8 14 27 34 51 54 71 77
13 6 5 16 21 24 45 59 66 75 80 86 88 90 97 12 23 33 46 52 56
9 5 11 32 38 49 57 61 67 70 87 7 29 48 55 93
10 6 4 13 22 47 53 60 72 76 78 95 12 23 33 46 52 56
10 5 4 13 22 47 53 60 72 76 78 95 7 29 48 55 93
13 7 5 16 21 24 45 59 66 75 80 86 88 90 97 0 19 35 50 65 74 81
6 3 9 15 20 26 44 64 2 39 96
6 9 12 23 33 46 52 56 3 31 41 43 58 62 79 82 92
6 6 12 23 33 46 52 56 9 15 20 26 44 64
9 13 11 32 38 49 57 61 67 70 87 5 16 21 24 45 59 66 75 80 86 88 90 97
6 5 9 15 20 26 44 64 7 29 48 55 93
7 6 0 19 35 50 65 74 81 9 15 20 26 44 64
7 6 0 19 35 50 65 74 81 12 23 33 46 52 56
9 10 11 32 38 49 57 61 67 70 87 4 13 22 47 53 60 72 76 78 95
9 3 10 25 40 42 68 73 84 91 94 6 17 89
6 10 9 15 20 26 44 64 1 18 28 30 36 37 63 69 83 85
10 8 1 18 28 30 36 37 63 69 83 85 8 14 27 34 51 54 71 77
9 10 3 31 41 43 58 62 79 82 92 1 18 28 30 36 37 63 69 83 85
8 3 8 14 27 34 51 54 71 77 6 17 89
5 9 7 29 48 55 93 10 25 40 42 68 73 84 91 94
6 9 9 15 20 26 44 64 3 31 41 43 58 62 79 82 92
13 7 5 16 21 24 45 59 66 75 80 86 88 90 97 0 19 35 50 65 74 81
6 9 9 15 20 26 44 64 3 31 41 43 58 62 79 82 92
5 9 7 29 48 55 93 11 32 38 49 57 61 67 70 87
8 3 8 14 27 34 51 54 71 77 2 39 96
7 9 0 19 35 50 65 74 81 11 32 38 49 57 61 67 70 87
3 10 2 39 96 1 18 28 30 36 37 63 69 83 85
8 9 8 14 27 34 51 54 71 77 11 32 38 49 57 61 67 70 87
7 9 0 19 35 50 65 74 81 10 25 40 42 68 73 84 91 94
7 10 0 19 35 50 65 74 81 1 18 28 30 36 37 63 69 83 85
3 9 2 39 96 10 25 40 42 68 73 84 91 94
10 3 1 18 28 30 36 37 63 69 83 85 2 39 96
13 3 5 16 21 24 45 59 66 75 80 86 88 90 97 2 39 96
3 6 6 17 89 9 15 20 26 44 64
10 8 4 13 22 47 53 60 72 76 78 95 8 14 27 34 51 54 71 77
6 6 9 15 20 26 44 64 12 23 33 46 52 56
6 9 9 15 20 26 44 64 3 31 41 43 58 62 79 82 92
5 10 7 29 48 55 93 4 13 22 47 53 60 72 76 78 95
10 8 1 18 28 30 36 37 63 69 83 85 8 14 27 34 51 54 71 77
7 6 0 19 35 50 65 74 81 12 23 33 46 52 56
13 9 5 16 21 24 45 59 66 75 80 86 88 90 97 10 25 40 42 68 73 84 91 94
9 5 11 32 38 49 57 61 67 70 87 7 29 48 55 93
10 9 1 18 28 30 36 37 63 69 83 85 11 32 38 49 57 61 67 70 87
10 3 4 13 22 47 53 60 72 76 78 95 6 17 89
6 10 9 15 20 26 44 64 4 13 22 47 53 60 72 76 78 95
9 3 10 25 40 42 68 73 84 91 94 2 39 96
3 10 6 17 89 1 18 28 30 36 37 63 69 83 85
13 3 5 16 21 24 45 59 66 75 80 86 88 90 97 2 39 96
10 9 1 18 28 30 36 37 63 69 83 85 11 32 38 49 57 61 67 70 87
3 10 2 39 96 4 13 22 47 53 60 72 76 78 95
7 3 0 19 35 50 65 74 81 2 39 96
6 10 9 15 20 26 44 64 4 13 22 47 53 60 72 76 78 95
6 7 12 23 33 46 52 56 0 19 35 50 65 74 81
9 7 10 25 40 42 68 73 84 91 94 0 19 35 50 65 74 81
3 9 6 17 89 10 25 40 42 68 73 84 91 94
6 3 9 15 20 26 44 64 6 17 89
6 7 12 23 33 46 52 56 0 19 35 50 65 74 81
9 8 11 32 38 49 57 61 67 70 87 8 14 27 34 51 54 71 77
7 13 0 19 35 50 65 74 81 5 16 21 24 45 59 66 75 80 86 88 90 97
3 10 6 17 89 4 13 22 47 53 60 72 76 78 95
7 10 0 19 35 50 65 74 81 4 13 22 47 53 60 72 76 78 95
3 9 6 17 89 11 32 38 49 57 61 67 70 87
13 3 5 16 21 24 45 59 66 75 80 86 88 90 97 6 17 89
10 5 1 18 28 30 36 37 63 69 83 85 7 29 48 55 93
10 13 1 18 28 30 36 37 63 69 83 85 5 16 21 24 45 59 66 75 80 86 88 90 97
10 7 1 18 28 30 36 37 63 69 83 85 0 19 35 50 65 74 81
10 7 4 13 22 47 53 60 72 76 78 95 0 19 35 50 65 74 81
9 10 10 25 40 42 68 73 84 91 94 1 18 28 30 36 37 63 69 83 85
7 13 0 19 35 50 65 74 81 5 16 21 24 45 59 66 75 80 86 88 90 97
9 10 3 31 41 43 58 62 79 82 92 1 18 28 30 36 37 63 69 83 85
5 9 7 29 48 55 93 10 25 40 42 68 73 84 91 94
9 8 11 32 38 49 57 61 67 70 87 8 14 27 34 51 54 71 77
6 6 9 15 20 26 44 64 12 23 33 46 52 56
6 10 9 15 20 26 44 64 4 13 22 47 53 60 72 76 78 95
8 6 8 14 27 34 51 54 71 77 9 15 20 26 44 64
7 3 0 19 35 50 65 74 81 2 39 96
9 3 11 32 38 49 57 61 67 70 87 6 17 89
7 6 0 19 35 50 65 74 81 12 23 33 46 52 56
6 10 9 15 20 26 44 64 1 18 28 30 36 37 63 69 83 85
6 3 12 23 33 46 52 56 6 17 89
7 13 0 19 35 50 65 74 81 5 16 21 24 45 59 66 75 80 86 88 90 97
6 10 9 15 20 26 44 64 1 18 28 30 36 37 63 69 83 85
3 5 6 17 89 7 29 48 55 93
5 13 7 29 48 55 93 5 16 21 24 45 59 66 75 80 86 88 90 97
10 9 1 18 28 30 36 37 63 69 83 85 10 25 40 42 68 73 84 91 94
3 8 6 17 89 8 14 27 34 51 54 71 77
3 6 2 39 96 12 23 33 46 52 56
7 6 0 19 35 50 65 74 81 12 23 33 46 52 56
10 5 1 18 28 30 36 37 63 69 83 85 7 29 48 55 93
3 9 2 39 96 11 32 38 49 57 61 67 70 87
7 9 0 19 35 50 65 74 81 10 25 40 42 68 73 84 91 94
8 3 8 14 27 34 51 54 71 77 2 39 96
5 6 7 29 48 55 93 9 15 20 26 44 64
10 13 4 13 22 47 53 60 72 76 78 95 5 16 21 24 45 59 66 75 80 86 88 90 97
10 9 1 18 28 30 36 37 63 69 83 85 10 25 40 42 68 73 84 91 94
7 3 0 19 35 50 65 74 81 6 17 89
10 3 1 18 28 30 36 37 63 69 83 85 6 17 89
3 13 6 17 89 5 16 21 24 45 59 66 75 80 86 88 90 97
9 6 11 32 38 49 57 61 67 70 87 9 15 20 26 44 64
9 9 11 32 38 49 57 61 67 70 87 3 31 41 43 58 62 79 82 92
10 7 1 18 28 30 36 37 63 69 83 85 0 19 35 50 65 74 81
5 10 7 29 48 55 93 1 18 28 30 36 37 63 69 83 85
6 9 9 15 20 26 44 64 10 25 40 42 68 73 84 91 94
5 7 7 29 48 55 93 0 19 35 50 65 74 81
3 9 2 39 96 11 32 38 49 57 61 67 70 87
8 9 8 14 27 34 51 54 71 77 3 31 41 43 58 62 79 82 92
3 9 6 17 89 3 31 41 43 58 62 79 82 92
10 5 1 18 28 30 36 37 63 69 83 85 7 29 48 55 93
3 10 6 17 89 4 13 22 47 53 60 72 76 78 95
7 6 0 19 35 50 65 74 81 9 15 20 26 44 64
6 9 12 23 33 46 52 56 3 31 41 43 58 62 79 82 92
9 9 10 25 40 42 68 73 84 91 94 11 32 38 49 57 61 67 70 87
5 9 7 29 48 55 93 11 32 38 49 57 61 67 70 87
5 9 7 29 48 55 93 10 25 40 42 68 73 84 91 94
10 5 1 18 28 30 36 37 63 69 83 85 7 29 48 55 93
8 5 8 14 27 34 51 54 71 77 7 29 48 55 93
13 9 5 16 21 24 45 59 66 75 80 86 88 90 97 10 25 40 42 68 73 84 91 94
13 5 5 16 21 24 45 59 66 75 80 86 88 90 97 7 29 48 55 93
7 6 0 19 35 50 65 74 81 12 23 33 46 52 56
8 7 8 14 27 34 51 54 71 77 0 19 35 50 65 74 81
9 13 10 25 40 42 68 73 84 91 94 5 16 21 24 45 59 66 75 80 86 88 90 97
10 6 4 13 22 47 53 60 72 76 78 95 9 15 20 26 44 64
6 13 9 15 20 26 44 64 5 16 21 24 45 59 66 75 80 86 88 90 97
10 10 4 13 22 47 53 60 72 76 78 95 1 18 28 30 36 37 63 69 83 85
8 3 8 14 27 34 51 54 71 77 6 17 89
10 5 1 18 28 30 36 37 63 69 83 85 7 29 48 55 93
5 9 7 29 48 55 93 10 25 40 42 68 73 84 91 94
6 10 9 15 20 26 44 64 1 18 28 30 36 37 63 69 83 85
10 10 4 13 22 47 53 60 72 76 78 95 1 18 28 30 36 37 63 69 83 85
6 3 9 15 20 26 44 64 2 39 96
10 10 4 13 22 47 53 60 72 76 78 95 1 18 28 30 36 37 63 69 83 85
6 5 12 23 33 46 52 56 7 29 48 55 93
6 10 12 23 33 46 52 56 1 18 28 30 36 37 63 69 83 85
3 3 2 39 96 6 17 89
9 9 11 32 38 49 57 61 67 70 87 10 25 40 42 68 73 84 91 94
7 5 0 19 35 50 65 74 81 7 29 48 55 93
10 6 1 18 28 30 36 37 63 69 83 85 12 23 33 46 52 56
8 13 8 14 27 34 51 54 71 77 5 16 21 24 45 59 66 75 80 86 88 90 97
9 9 3 31 41 43 58 62 79 82 92 11 32 38 49 57 61 67 70 87
9 3 11 32 38 49 57 61 67 70 87 6 17 89
9 3 3 31 41 43 58 62 79 82 92 6 17 89
9 9 11 32 38 49 57 61 67 70 87 10 25 40 42 68 73 84 91 94
7 3 0 19 35 50 65 74 81 2 39 96
9 3 11 32 38 49 57 61 67 70 87 2 39 96
6 3 12 23 33 46 52 56 2 39 96
3 7 2 39 96 0 19 35 50 65 74 81
3 3 6 17 89 2 39 96
5 9 7 29 48 55 93 3 31 41 43 58 62 79 82 92
10 8 1 18 28 30 36 37 63 69 83 85 8 14 27 34 51 54 71 77
3 10 6 17 89 4 13 22 47 53 60 72 76 78 95
6 9 12 23 33 46 52 56 3 31 41 43 58 62 79 82 92
3 6 6 17 89 9 15 20 26 44 64
9 6 11 32 38 49 57 61 67 70 87 12 23 33 46 52 56
6 7 9 15 20 26 44 64 0 19 35 50 65 74 81
7 5 0 19 35 50 65 74 81 7 29 48 55 93
13 7 5 16 21 24 45 59 66 75 80 86 88 90 97 0 19 35 50 65 74 81
13 6 5 16 21 24 45 59 66 75 80 86 88 90 97 12 23 33 46 52 56
9 5 11 32 38 49 57 61 67 70 87 7 29 48 55 93
5 13 7 29 48 55 93 5 16 21 24 45 59 66 75 80 86 88 90 97
10 3 4 13 22 47 53 60 72 76 78 95 6 17 89
9 9 11 32 38 49 57 61 67 70 87 10 25 40 42 68 73 84 91 94
10 8 4 13 22 47 53 60 72 76 78 95 8 14 27 34 51 54 71 77
3 10 6 17 89 4 13 22 47 53 60 72 76 78 95
7 9 0 19 35 50 65 74 81 11 32 38 49 57 61 67 70 87
6 5 9 15 20 26 44 64 7 29 48 55 93
6 13 12 23 33 46 52 56 5 16 21 24 45 59 66 75 80 86 88 90 97
10 9 4 13 22 47 53 60 72 76 78 95 3 31 41 43 58 62 79 82 92
8 6 8 14 27 34 51 54 71 77 9 15 20 26 44 64
13 6 5 16 21 24 45 59 66 75 80 86 88 90 97 9 15 20 26 44 64
10 7 4 13 22 47 53 60 72 76 78 95 0 19 35 50 65 74 81
3 9 6 17 89 10 25 40 42 68 73 84 91 94
3 8 6 17 89 8 14 27 34 51 54 71 77
5 6 7 29 48 55 93 9 15 20 26 44 64
9 6 10 25 40 42 68 73 84 91 94 12 23 33 46 52 56
5 3 7 29 48 55 93 6 17 89
10 7 1 18 28 30 36 37 63 69 83 85 0 19 35 50 65 74 81
6 6 9 15 20 26 44 64 12 23 33 46 52 56
9 10 11 32 38 49 57 61 67 70 87 1 18 28 30 36 37 63 69 83 85
5 6 7 29 48 55 93 9 15 20 26 44 64
8 5 8 14 27 34 51 54 71 77 7 29 48 55 93
10 6 1 18 28 30 36 37 63 69 83 85 12 23 33 46 52 56
3 5 6 17 89 7 29 48 55 93
9 9 11 32 38 49 57 61 67 70 87 10 25 40 42 68 73 84 91 94
3 9 6 17 89 11 32 38 49 57 61 67 70 87
3 6 6 17 89 9 15 20 26 44 64
5 3 7 29 48 55 93 2 39 96
3 7 6 17 89 0 19 35 50 65 74 81
13 10 5 16 21 24 45 59 66 75 80 86 88 90 97 1 18 28 30 36 37 63 69 83 85
6 10 12 23 33 46 52 56 4 13 22 47 53 60 72 76 78 95
9 3 11 32 38 49 57 61 67 70 87 6 17 89
13 5 5 16 21 24 45 59 66 75 80 86 88 90 97 7 29 48 55 93
3 3 2 39 96 6 17 89
3 6 2 39 96 9 15 20 26 44 64
6 9 12 23 33 46 52 56 11 32 38 49 57 61 67 70 87
10 7 4 13 22 47 53 60 72 76 78 95 0 19 35 50 65 74 81
10 10 4 13 22 47 53 60 72 76 78 95 1 18 28 30 36 37 63 69 83 85
9 5 3 31 41 43 58 62 79 82 92 7 29 48 55 93
3 10 2 39 96 1 18 28 30 36 37 63 69 83 85
6 5 12 23 33 46 52 56 7 29 48 55 93
6 3 9 15 20 26 44 64 6 17 89
3 10 2 39 96 4 13 22 47 53 60 72 76 78 95
8 7 8 14 27 34 51 54 71 77 0 19 35 50 65 74 81
7 6 0 19 35 50 65 74 81 12 23 33 46 52 56
6 9 12 23 33 46 52 56 3 31 41 43 58 62 79 82 92
6 8 12 23 33 46 52 56 8 14 27 34 51 54 71 77
7 10 0 19 35 50 65 74 81 4 13 22 47 53 60 72 76 78 95
6 7 9 15 20 26 44 64 0 19 35 50 65 74 81
10 6 4 13 22 47 53 60 72 76 78 95 12 23 33 46 52 56
10 6 4 13 22 47 53 60 72 76 78 95 9 15 20 26 44 64
13 10 5 16 21 24 45 59 66 75 80 86 88 90 97 1 18 28 30 36 37 63 69 83 85
5 7 7 29 48 55 93 0 19 35 50 65 74 81
8 9 8 14 27 34 51 54 71 77 11 32 38 49 57 61 67 70 87
13 8 5 16 21 24 45 59 66 75 80 86 88 90 97 8 14 27 34 51 54 71 77
9 6 10 25 40 42 68 73 84 91 94 9 15 20 26 44 64
3 13 2 39 96 5 16 21 24 45 59 66 75 80 86 88 90 97
9 9 10 25 40 42 68 73 84 91 94 11 32 38 49 57 61 67 70 87
9 7 10 25 40 42 68 73 84 91 94 0 19 35 50 65 74 81
9 10 11 32 38 49 57 61 67 70 87 4 13 22 47 53 60 72 76 78 95
5 3 7 29 48 55 93 2 39 96
6 13 12 23 33 46 52 56 5 16 21 24 45 59 66 75 80 86 88 90 97
13 8 5 16 21 24 45 59 66 75 80 86 88 90 97 8 14 27 34 51 54 71 77
9 6 10 25 40 42 68 73 84 91 94 12 23 33 46 52 56
9 13 3 31 41 43 58 62 79 82 92 5 16 21 24 45 59 66 75 80 86 88 90 97
6 7 12 23 33 46 52 56 0 19 35 50 65 74 81
6 3 9 15 20 26 44 64 6 17 89
9 9 10 25 40 42 68 73 84 91 94 3 31 41 43 58 62 79 82 92
7 8 0 19 35 50 65 74 81 8 14 27 34 51 54 71 77
3 10 2 39 96 1 18 28 30 36 37 63 69 83 85
9 6 11 32 38 49 57 61 67 70 87 9 15 20 26 44 64
10 5 1 18 28 30 36 37 63 69 83 85 7 29 48 55 93
3 9 6 17 89 10 25 40 42 68 73 84 91 94
9 10 3 31 41 43 58 62 79 82 92 1 18 28 30 36 37 63 69 83 85
10 13 1 18 28 30 36 37 63 69 83 85 5 16 21 24 45 59 66 75 80 86 88 90 97
7 13 0 19 35 50 65 74 81 5 16 21 24 45 59 66 75 80 86 88 90 97
9 7 11 32 38 49 57 61 67 70 87 0 19 35 50 65 74 81
9 6 3 31 41 43 58 62 79 82 92 12 23 33 46 52 56
10 13 4 13 22 47 53 60 72 76 78 95 5 16 21 24 45 59 66 75 80 86 88 90 97
9 3 3 31 41 43 58 62 79 82 92 6 17 89
9 6 10 25 40 42 68 73 84 91 94 9 15 20 26 44 64
5 9 7 29 48 55 93 11 32 38 49 57 61 67 70 87
5 3 7 29 48 55 93 6 17 89
7 6 0 19 35 50 65 74 81 9 15 20 26 44 64
9 7 10 25 40 42 68 73 84 91 94 0 19 35 50 65 74 81
10 13 4 13 22 47 53 60 72 76 78 95 5 16 21 24 45 59 66 75 80 86 88 90 97
5 3 7 29 48 55 93 6 17 89
5 7 7 29 48 55 93 0 19 35 50 65 74 81
9 6 11 32 38 49 57 61 67 70 87 12 23 33 46 52 56
5 10 7 29 48 55 93 1 18 28 30 36 37 63 69 83 85
8 6 8 14 27 34 51 54 71 77 9 15 20 26 44 64
7 6 0 19 35 50 65 74 81 9 15 20 26 44 64
3 3 2 39 96 6 17 89
8 7 8 14 27 34 51 54 71 77 0 19 35 50 65 74 81
9 8 10 25 40 42 68 73 84 91 94 8 14 27 34 51 54 71 77
3 9 6 17 89 10 25 40 42 68 73 84 91 94
8 10 8 14 27 34 51 54 71 77 4 13 22 47 53 60 72 76 78 95
9 9 10 25 40 42 68 73 84 91 94 3 31 41 43 58 62 79 82 92
3 9 6 17 89 11 32 38 49 57 61 67 70 87
5 9 7 29 48 55 93 11 32 38 49 57 61 67 70 87
6 10 9 15 20 26 44 64 1 18 28 30 36 37 63 69 83 85
3 8 2 39 96 8 14 27 34 51 54 71 77
7 6 0 19 35 50 65 74 81 12 23 33 46 52 56
6 13 9 15 20 26 44 64 5 16 21 24 45 59 66 75 80 86 88 90 97
9 8 3 31 41 43 58 62 79 82 92 8 14 27 34 51 54 71 77
10 3 1 18 28 30 36 37 63 69 83 85 2 39 96
6 3 9 15 20 26 44 64 2 39 96
9 3 3 31 41 43 58 62 79 82 92 2 39 96
10 3 4 13 22 47 53 60 72 76 78 95 6 17 89
9 9 3 31 41 43 58 62 79 82 92 10 25 40 42 68 73 84 91 94
3 9 2 39 96 3 31 41 43 58 62 79 82 92
13 9 5 16 21 24 45 59 66 75 80 86 88 90 97 10 25 40 42 68 73 84 91 94
3 10 6 17 89 1 18 28 30 36 37 63 69 83 85
10 13 1 18 28 30 36 37 63 69 83 85 5 16 21 24 45 59 66 75 80 86 88 90 97
8 3 8 14 27 34 51 54 71 77 2 39 96
8 9 8 14 27 34 51 54 71 77 3 31 41 43 58 62 79 82 92
9 9 11 32 38 49 57 61 67 70 87 10 25 40 42 68 73 84 91 94
3 3 6 17 89 2 39 96
5 6 7 29 48 55 93 12 23 33 46 52 56
9 5 3 31 41 43 58 62 79 82 92 7 29 48 55 93
6 9 9 15 20 26 44 64 10 25 40 42 68 73 84 91 94
8 9 8 14 27 34 51 54 71 77 10 25 40 42 68 73 84 91 94
7 9 0 19 35 50 65 74 81 11 32 38 49 57 61 67 70 87
7 9 0 19 35 50 65 74 81 3 31 41 43 58 62 79 82 92
10 9 1 18 28 30 36 37 63 69 83 85 11 32 38 49 57 61 67 70 87
7 9 0 19 35 50 65 74 81 3 31 41 43 58 62 79 82 92
6 9 9 15 20 26 44 64 10 25 40 42 68 73 84 91 94
3 10 2 39 96 1 18 28 30 36 37 63 69 83 85
3 3 2 39 96 6 17 89
3 9 2 39 96 11 32 38 49 57 61 67 70 87
10 3 4 13 22 47 53 60 72 76 78 95 2 39 96
3 9 2 39 96 11 32 38 49 57 61 67 70 87
7 13 0 19 35 50 65 74 81 5 16 21 24 45 59 66 75 80 86 88 90 97
9 9 11 32 38 49 57 61 67 70 87 10 25 40 42 68 73 84 91 94
9 9 3 31 41 43 58 62 79 82 92 10 25 40 42 68 73 84 91 94
5 3 7 29 48 55 93 2 39 96
6 8 12 23 33 46 52 56 8 14 27 34 51 54 71 77
10 9 4 13 22 47 53 60 72 76 78 95 3 31 41 43 58 62 79 82 92
10 9 1 18 28 30 36 37 63 69 83 85 10 25 40 42 68 73 84 91 94
7 6 0 19 35 50 65 74 81 12 23 33 46 52 56
3 6 2 39 96 9 15 20 26 44 64
8 9 8 14 27 34 51 54 71 77 3 31 41 43 58 62 79 82 92
5 6 7 29 48 55 93 12 23 33 46 52 56
9 5 3 31 41 43 58 62 79 82 92 7 29 48 55 93
8 13 8 14 27 34 51 54 71 77 5 16 21 24 45 59 66 75 80 86 88 90 97
7 9 0 19 35 50 65 74 81 10 25 40 42 68 73 84 91 94
8 3 8 14 27 34 51 54 71 77 6 17 89
10 9 4 13 22 47 53 60 72 76 78 95 3 31 41 43 58 62 79 82 92
9 10 11 32 38 49 57 61 67 70 87 1 18 28 30 36 37 63 69 83 85
7 8 0 19 35 50 65 74 81 8 14 27 34 51 54 71 77
5 8 7 29 48 55 93 8 14 27 34 51 54 71 77
9 9 10 25 40 42 68 73 84 91 94 11 32 38 49 57 61 67 70 87
9 3 10 25 40 42 68 73 84 91 94 6 17 89
3 6 6 17 89 9 15 20 26 44 64
8 3 8 14 27 34 51 54 71 77 6 17 89
9 9 11 32 38 49 57 61 67 70 87 3 31 41 43 58 62 79 82 92
10 13 1 18 28 30 36 37 63 69 83 85 5 16 21 24 45 59 66 75 80 86 88 90 97
6 3 9 15 20 26 44 64 2 39 96
3 9 6 17 89 3 31 41 43 58 62 79 82 92
10 5 1 18 28 30 36 37 63 69 83 85 7 29 48 55 93
9 13 11 32 38 49 57 61 67 70 87 5 16 21 24 45 59 66 75 80 86 88 90 97
6 8 12 23 33 46 52 56 8 14 27 34 51 54 71 77
8 3 8 14 27 34 51 54 71 77 2 39 96
5 10 7 29 48 55 93 1 18 28 30 36 37 63 69 83 85
9 6 3 31 41 43 58 62 79 82 92 12 23 33 46 52 56
6 5 12 23 33 46 52 56 7 29 48 55 93
6 9 12 23 33 46 52 56 3 31 41 43 58 62 79 82 92
7 9 0 19 35 50 65 74 81 11 32 38 49 57 61 67 70 87
5 3 7 29 48 55 93 2 39 96
3 3 2 39 96 6 17 89
6 10 12 23 33 46 52 56 4 13 22 47 53 60 72 76 78 95
6 3 12 23 33 46 52 56 6 17 89
3 7 6 17 89 0 19 35 50 65 74 81
10 13 1 18 28 30 36 37 63 69 83 85 5 16 21 24 45 59 66 75 80 86 88 90 97
10 3 1 18 28 30 36 37 63 69 83 85 6 17 89
5 9 7 29 48 55 93 11 32 38 49 57 61 67 70 87
10 5 4 13 22 47 53 60 72 76 78 95 7 29 48 55 93
8 13 8 14 27 34 51 54 71 77 5 16 21 24 45 59 66 75 80 86 88 90 97
9 9 3 31 41 43 58 62 79 82 92 10 25 40 42 68 73 84 91 94
3 3 6 17 89 2 39 96
3 9 6 17 89 11 32 38 49 57 61 67 70 87
8 3 8 14 27 34 51 54 71 77 2 39 96
9 10 10 25 40 42 68 73 84 91 94 1 18 28 30 36 37 63 69 83 85
10 9 1 18 28 30 36 37 63 69 83 85 11 32 38 49 57 61 67 70 87
3 10 6 17 89 1 18 28 30 36 37 63 69 83 85
3 5 2 39 96 7 29 48 55 93
10 10 4 13 22 47 53 60 72 76 78 95 1 18 28 30 36 37 63 69 83 85
6 8 9 15 20 26 44 64 8 14 27 34 51 54 71 77
3 10 6 17 89 1 18 28 30 36 37 63 69 83 85
3 6 2 39 96 12 23 33 46 52 56
6 13 12 23 33 46 52 56 5 16 21 24 45 59 66 75 80 86 88 90 97
10 9 1 18 28 30 36 37 63 69 83 85 3 31 41 43 58 62 79 82 92
13 9 5 16 21 24 45 59 66 75 80 86 88 90 97 3 31 41 43 58 62 79 82 92
8 3 8 14 27 34 51 54 71 77 2 39 96
9 13 11 32 38 49 57 61 67 70 87 5 16 21 24 45 59 66 75 80 86 88 90 97
10 7 1 18 28 30 36 37 63 69 83 85 0 19 35 50 65 74 81
10 3 4 13 22 47 53 60 72 76 78 95 2 39 96
9 7 11 32 38 49 57 61 67 70 87 0 19 35 50 65 74 81
7 10 0 19 35 50 65 74 81 1 18 28 30 36 37 63 69 83 85
3 10 6 17 89 1 18 28 30 36 37 63 69 83 85
10 13 1 18 28 30 36 37 63 69 83 85 5 16 21 24 45 59 66 75 80 86 88 90 97
6 6 12 23 33 46 52 56 9 15 20 26 44 64
9 5 11 32 38 49 57 61 67 70 87 7 29 48 55 93
3 10 6 17 89 4 13 22 47 53 60 72 76 78 95
3 3 6 17 89 2 39 96
3 3 2 39 96 6 17 89
13 10 5 16 21 24 45 59 66 75 80 86 88 90 97 1 18 28 30 36 37 63 69 83 85
10 8 1 18 28 30 36 37 63 69 83 85 8 14 27 34 51 54 71 77
10 8 1 18 28 30 36 37 63 69 83 85 8 14 27 34 51 54 71 77
5 13 7 29 48 55 93 5 16 21 24 45 59 66 75 80 86 88 90 97
9 3 11 32 38 49 57 61 67 70 87 6 17 89
10 3 1 18 28 30 36 37 63 69 83 85 2 39 96
9 7 3 31 41 43 58 62 79 82 92 0 19 35 50 65 74 81
5 9 7 29 48 55 93 11 32 38 49 57 61 67 70 87
7 6 0 19 35 50 65 74 81 9 15 20 26 44 64
9 6 11 32 38 49 57 61 67 70 87 12 23 33 46 52 56
13 8 5 16 21 24 45 59 66 75 80 86 88 90 97 8 14 27 34 51 54 71 77
8 9 8 14 27 34 51 54 71 77 10 25 40 42 68 73 84 91 94
10 9 1 18 28 30 36 37 63 69 83 85 11 32 38 49 57 61 67 70 87
10 6 1 18 28 30 36 37 63 69 83 85 9 15 20 26 44 64
10 8 1 18 28 30 36 37 63 69 83 85 8 14 27 34 51 54 71 77
6 9 12 23 33 46 52 56 11 32 38 49 57 61 67 70 87
3 6 2 39 96 9 15 20 26 44 64
9 9 11 32 38 49 57 61 67 70 87 3 31 41 43 58 62 79 82 92
10 7 4 13 22 47 53 60 72 76 78 95 0 19 35 50 65 74 81
10 6 1 18 28 30 36 37 63 69 83 85 12 23 33 46 52 56
8 5 8 14 27 34 51 54 71 77 7 29 48 55 93
10 5 1 18 28 30 36 37 63 69 83 85 7 29 48 55 93
8 10 8 14 27 34 51 54 71 77 1 18 28 30 36 37 63 69 83 85
10 3 4 13 22 47 53 60 72 76 78 95 6 17 89
6 5 12 23 33 46 52 56 7 29 48 55 93
9 9 11 32 38 49 57 61 67 70 87 10 25 40 42 68 73 84 91 94
13 6 5 16 21 24 45 59 66 75 80 86 88 90 97 9 15 20 26 44 64
9 9 11 32 38 49 57 61 67 70 87 3 31 41 43 58 62 79 82 92
3 9 2 39 96 10 25 40 42 68 73 84 91 94
6 10 12 23 33 46 52 56 1 18 28 30 36 37 63 69 83 85
5 6 7 29 48 55 93 9 15 20 26 44 64
7 9 0 19 35 50 65 74 81 11 32 38 49 57 61 67 70 87
9 13 3 31 41 43 58 62 79 82 92 5 16 21 24 45 59 66 75 80 86 88 90 97
7 8 0 19 35 50 65 74 81 8 14 27 34 51 54 71 77
9 3 11 32 38 49 57 61 67 70 87 6 17 89
13 3 5 16 21 24 45 59 66 75 80 86 88 90 97 6 17 89
3 5 2 39 96 7 29 48 55 93
3 9 6 17 89 10 25 40 42 68 73 84 91 94
10 7 1 18 28 30 36 37 63 69 83 85 0 19 35 50 65 74 81
10 9 4 13 22 47 53 60 72 76 78 95 10 25 40 42 68 73 84 91 94
8 3 8 14 27 34 51 54 71 77 2 39 96
8 5 8 14 27 34 51 54 71 77 7 29 48 55 93
10 3 4 13 22 47 53 60 72 76 78 95 2 39 96
3 8 6 17 89 8 14 27 34 51 54 71 77
9 7 11 32 38 49 57 61 67 70 87 0 19 35 50 65 74 81
3 6 2 39 96 9 15 20 26 44 64
7 6 0 19 35 50 65 74 81 9 15 20 26 44 64
10 10 4 13 22 47 53 60 72 76 78 95 1 18 28 30 36 37 63 69 83 85
9 9 3 31 41 43 58 62 79 82 92 11 32 38 49 57 61 67 70 87
10 5 1 18 28 30 36 37 63 69 83 85 7 29 48 55 93
5 8 7 29 48 55 93 8 14 27 34 51 54 71 77
7 10 0 19 35 50 65 74 81 1 18 28 30 36 37 63 69 83 85
5 3 7 29 48 55 93 2 39 96
13 5 5 16 21 24 45 59 66 75 80 86 88 90 97 7 29 48 55 93
6 9 12 23 33 46 52 56 11 32 38 49 57 61 67 70 87
3 10 2 39 96 1 18 28 30 36 37 63 69 83 85
6 13 9 15 20 26 44 64 5 16 21 24 45 59 66 75 80 86 88 90 97
10 9 1 18 28 30 36 37 63 69 83 85 10 25 40 42 68 73 84 91 94
13 7 5 16 21 24 45 59 66 75 80 86 88 90 97 0 19 35 50 65 74 81
7 9 0 19 35 50 65 74 81 10 25 40 42 68 73 84 91 94
13 9 5 16 21 24 45 59 66 75 80 86 88 90 97 11 32 38 49 57 61 67 70 87
8 10 8 14 27 34 51 54 71 77 1 18 28 30 36 37 63 69 83 85
7 8 0 19 35 50 65 74 81 8 14 27 34 51 54 71 77
3 7 6 17 89 0 19 35 50 65 74 81
6 10 9 15 20 26 44 64 1 18 28 30 36 37 63 69 83 85
13 5 5 16 21 24 45 59 66 75 80 86 88 90 97 7 29 48 55 93
10 3 1 18 28 30 36 37 63 69 83 85 6 17 89
9 5 11 32 38 49 57 61 67 70 87 7 29 48 55 93
10 6 1 18 28 30 36 37 63 69 83 85 12 23 33 46 52 56
9 6 11 32 38 49 57 61 67 70 87 9 15 20 26 44 64
3 7 2 39 96 0 19 35 50 65 74 81
3 13 6 17 89 5 16 21 24 45 59 66 75 80 86 88 90 97
6 9 12 23 33 46 52 56 10 25 40 42 68 73 84 91 94
3 5 6 17 89 7 29 48 55 93
3 9 2 39 96 11 32 38 49 57 61 67 70 87
6 9 9 15 20 26 44 64 11 32 38 49 57 61 67 70 87
3 9 2 39 96 3 31 41 43 58 62 79 82 92
3 8 6 17 89 8 14 27 34 51 54 71 77
9 3 3 31 41 43 58 62 79 82 92 2 39 96
10 6 4 13 22 47 53 60 72 76 78 95 12 23 33 46 52 56
3 9 6 17 89 10 25 40 42 68 73 84 91 94
6 8 12 23 33 46 52 56 8 14 27 34 51 54 71 77
13 3 5 16 21 24 45 59 66 75 80 86 88 90 97 6 17 89
10 6 1 18 28 30 36 37 63 69 83 85 12 23 33 46 52 56
8 9 8 14 27 34 51 54 71 77 11 32 38 49 57 61 67 70 87
10 9 1 18 28 30 36 37 63 69 83 85 11 32 38 49 57 61 67 70 87
6 3 12 23 33 46 52 56 6 17 89
9 10 3 31 41 43 58 62 79 82 92 1 18 28 30 36 37 63 69 83 85
6 3 12 23 33 46 52 56 6 17 89
13 9 5 16 21 24 45 59 66 75 80 86 88 90 97 11 32 38 49 57 61 67 70 87
9 7 3 31 41 43 58 62 79 82 92 0 19 35 50 65 74 81
13 3 5 16 21 24 45 59 66 75 80 86 88 90 97 6 17 89
13 10 5 16 21 24 45 59 66 75 80 86 88 90 97 4 13 22 47 53 60 72 76 78 95
3 9 6 17 89 10 25 40 42 68 73 84 91 94
3 13 6 17 89 5 16 21 24 45 59 66 75 80 86 88 90 97
3 7 6 17 89 0 19 35 50 65 74 81
6 3 12 23 33 46 52 56 6 17 89
8 7 8 14 27 34 51 54 71 77 0 19 35 50 65 74 81
3 5 6 17 89 7 29 48 55 93
9 10 11 32 38 49 57 61 67 70 87 4 13 22 47 53 60 72 76 78 95
6 3 9 15 20 26 44 64 6 17 89
3 6 2 39 96 12 23 33 46 52 56
10 10 1 18 28 30 36 37 63 69 83 85 4 13 22 47 53 60 72 76 78 95
10 6 1 18 28 30 36 37 63 69 83 85 9 15 20 26 44 64
8 9 8 14 27 34 51 54 71 77 11 32 38 49 57 61 67 70 87
10 8 1 18 28 30 36 37 63 69 83 85 8 14 27 34 51 54 71 77
9 5 3 31 41 43 58 62 79 82 92 7 29 48 55 93
7 6 0 19 35 50 65 74 81 9 15 20 26 44 64
13 6 5 16 21 24 45 59 66 75 80 86 88 90 97 12 23 33 46 52 56
3 6 2 39 96 12 23 33 46 52 56
5 6 7 29 48 55 93 12 23 33 46 52 56
3 7 2 39 96 0 19 35 50 65 74 81
10 9 1 18 28 30 36 37 63 69 83 85 11 32 38 49 57 61 67 70 87
8 7 8 14 27 34 51 54 71 77 0 19 35 50 65 74 81
9 10 3 31 41 43 58 62 79 82 92 4 13 22 47 53 60 72 76 78 95
6 6 9 15 20 26 44 64 12 23 33 46 52 56
6 9 9 15 20 26 44 64 3 31 41 43 58 62 79 82 92
3 8 2 39 96 8 14 27 34 51 54 71 77
10 7 1 18 28 30 36 37 63 69 83 85 0 19 35 50 65 74 81
9 10 3 31 41 43 58 62 79 82 92 4 13 22 47 53 60 72 76 78 95
7 9 0 19 35 50 65 74 81 3 31 41 43 58 62 79 82 92
6 10 9 15 20 26 44 64 4 13 22 47 53 60 72 76 78 95
8 13 8 14 27 34 51 54 71 77 5 16 21 24 45 59 66 75 80 86 88 90 97
13 3 5 16 21 24 45 59 66 75 80 86 88 90 97 2 39 96
9 6 10 25 40 42 68 73 84 91 94 9 15 20 26 44 64
8 3 8 14 27 34 51 54 71 77 6 17 89
7 13 0 19 35 50 65 74 81 5 16 21 24 45 59 66 75 80 86 88 90 97
6 3 12 23 33 46 52 56 2 39 96
6 5 12 23 33 46 52 56 7 29 48 55 93
9 6 10 25 40 42 68 73 84 91 94 12 23 33 46 52 56
2 3 4 9 8 5 8 2 2 9 6 9 7 2 10 6 11 8 0 5 8 12 1 2 5 11 2 6 11 10 4 1 9 3 3 10 3 7 3 12 5 6 0 1 4 8 4 4 4 12 11 0 1 12 4 3 11 5 6 8 5 0 7 10 8 9 10 10 12 11 7 2 0 6 3 12 9 6 2 12 1 5 10 6 8 7 9 3 1 10 7 0 5 0 7 9 11 1
