1 1 32 5
1 1 36 16
1 1 34 14
1 1 42 7
1 1 37 30
1 1 30 9
1 1 6 39
1 1 39 26
1 1 14 34
1 1 24 3
1 1 21 27
1 1 40 9
1 1 19 4
1 1 30 12
1 1 21 36
1 1 30 19
1 1 17 14
1 1 34 42
1 1 8 42
1 1 39 27
1 1 5 19
1 1 43 0
1 1 37 7
1 1 23 11
1 1 19 27
1 1 28 40
1 1 25 2
1 1 18 9
1 1 9 29
1 1 37 13
1 1 18 26
1 1 37 16
1 1 24 0
1 1 34 19
1 1 8 25
1 1 12 17
1 1 42 37
1 1 21 1
1 1 28 6
1 1 22 33
1 1 18 8
1 1 15 34
1 1 33 19
1 1 18 11
1 1 41 38
1 1 34 14
1 1 26 33
1 1 39 7
1 1 22 41
1 1 37 38
1 1 34 40
1 1 13 12
1 1 23 9
1 1 12 13
1 1 24 9
1 1 36 27
1 1 0 9
1 1 4 15
1 1 12 7
1 1 8 9
1 1 0 15
1 1 44 23
1 1 6 30
1 1 20 10
1 1 10 5
1 1 26 22
1 1 18 16
1 1 8 10
1 1 1 4
1 1 31 20
1 1 33 44
1 1 9 21
1 1 3 18
1 1 21 31
1 1 22 40
1 1 18 30
1 1 40 29
1 1 20 9
1 1 29 11
1 1 11 4
1 1 23 26
1 1 3 7
1 1 1 21
1 1 10 15
1 1 24 23
1 1 21 6
1 1 15 25
1 1 16 13
1 1 16 6
1 1 22 10
1 1 4 14
1 1 32 8
1 1 32 35
1 1 35 14
1 1 17 16
1 1 30 9
1 1 11 19
1 1 9 10
1 1 4 9
1 1 28 7
1 1 12 30
1 1 1 12
1 1 34 44
1 1 24 22
1 1 26 32
1 1 21 1
1 1 26 0
1 1 33 27
1 1 6 7
1 1 6 26
1 1 4 11
1 1 35 39
1 1 7 24
1 1 40 42
1 1 19 27
1 1 40 0
1 1 38 27
1 1 9 27
1 1 31 23
1 1 31 43
1 1 30 11
1 1 17 10
1 1 17 1
1 1 11 7
1 1 15 42
1 1 4 7
1 1 40 26
1 1 23 3
1 1 36 40
1 1 14 7
1 1 7 43
1 1 14 24
1 1 30 7
1 1 41 3
1 1 37 32
1 1 12 23
1 1 17 0
1 1 8 36
1 1 32 33
1 1 21 20
1 1 7 39
1 1 44 35
1 1 12 16
1 1 32 42
1 1 11 33
1 1 14 30
1 1 5 44
1 1 18 35
1 1 5 28
1 1 40 39
1 1 1 31
1 1 0 8
1 1 14 37
1 1 32 11
1 1 7 0
1 1 1 2
1 1 9 23
1 1 34 15
1 1 1 3
1 1 14 8
1 1 4 20
1 1 44 3
1 1 22 2
1 1 42 35
1 1 21 41
1 1 43 3
1 1 39 24
1 1 37 43
1 1 31 37
1 1 30 34
1 1 10 22
1 1 4 33
1 1 40 39
1 1 14 27
1 1 25 3
1 1 40 10
1 1 12 27
1 1 32 14
1 1 22 41
1 1 42 9
1 1 32 36
1 1 21 39
1 1 27 23
1 1 37 21
1 1 14 30
1 1 26 31
1 1 42 12
1 1 32 11
1 1 18 38
1 1 11 0
1 1 21 15
1 1 41 24
1 1 2 23
1 1 0 8
1 1 3 17
1 1 17 16
1 1 23 31
1 1 15 8
1 1 42 21
1 1 11 23
1 1 18 30
1 1 19 35
1 1 17 39
1 1 33 25
1 1 14 44
1 1 18 1
1 1 4 29
1 1 34 3
1 1 7 43
1 1 12 21
1 1 29 10
1 1 41 9
1 1 37 44
1 1 31 13
1 1 29 2
1 1 13 23
1 1 9 35
1 1 10 26
1 1 21 31
1 1 39 28
1 1 1 7
1 1 41 4
1 1 38 28
1 1 9 40
1 1 38 14
1 1 3 43
1 1 6 7
1 1 6 9
1 1 23 43
1 1 39 7
1 1 43 32
1 1 24 8
1 1 44 12
1 1 22 14
1 1 35 41
1 1 17 18
1 1 27 24
1 1 27 6
1 1 12 38
1 1 2 5
1 1 30 7
1 1 40 5
1 1 18 42
1 1 9 17
1 1 17 7
1 1 18 39
1 1 44 5
1 1 18 38
1 1 16 24
1 1 35 37
1 1 19 32
1 1 30 19
1 1 15 38
1 1 5 17
1 1 37 9
1 1 25 15
1 1 41 12
1 1 43 10
1 1 44 17
1 1 7 10
1 1 25 22
1 1 36 34
1 1 29 15
1 1 31 17
1 1 13 14
1 1 36 22
1 1 11 15
1 1 30 19
1 1 40 3
1 1 7 6
1 1 16 15
1 1 44 38
1 1 20 18
1 1 13 2
1 1 0 3
1 1 29 18
1 1 15 13
1 1 21 17
1 1 6 32
1 1 25 39
1 1 14 40
1 1 29 33
1 1 10 39
1 1 2 38
1 1 19 43
1 1 43 28
16 13 0 3 10 11 18 20 21 22 23 24 29 31 36 38 40 42 1 5 9 12 14 16 17 25 27 30 39 41 43
16 16 0 3 10 11 18 20 21 22 23 24 29 31 36 38 40 42 2 4 6 7 8 13 15 19 26 28 32 33 34 35 37 44
16 16 0 3 10 11 18 20 21 22 23 24 29 31 36 38 40 42 2 4 6 7 8 13 15 19 26 28 32 33 34 35 37 44
13 16 1 5 9 12 14 16 17 25 27 30 39 41 43 0 3 10 11 18 20 21 22 23 24 29 31 36 38 40 42
16 13 0 3 10 11 18 20 21 22 23 24 29 31 36 38 40 42 1 5 9 12 14 16 17 25 27 30 39 41 43
16 16 2 4 6 7 8 13 15 19 26 28 32 33 34 35 37 44 0 3 10 11 18 20 21 22 23 24 29 31 36 38 40 42
13 16 1 5 9 12 14 16 17 25 27 30 39 41 43 0 3 10 11 18 20 21 22 23 24 29 31 36 38 40 42
16 16 0 3 10 11 18 20 21 22 23 24 29 31 36 38 40 42 2 4 6 7 8 13 15 19 26 28 32 33 34 35 37 44
13 16 1 5 9 12 14 16 17 25 27 30 39 41 43 2 4 6 7 8 13 15 19 26 28 32 33 34 35 37 44
16 13 0 3 10 11 18 20 21 22 23 24 29 31 36 38 40 42 1 5 9 12 14 16 17 25 27 30 39 41 43
16 13 2 4 6 7 8 13 15 19 26 28 32 33 34 35 37 44 1 5 9 12 14 16 17 25 27 30 39 41 43
16 13 2 4 6 7 8 13 15 19 26 28 32 33 34 35 37 44 1 5 9 12 14 16 17 25 27 30 39 41 43
16 13 0 3 10 11 18 20 21 22 23 24 29 31 36 38 40 42 1 5 9 12 14 16 17 25 27 30 39 41 43
16 16 0 3 10 11 18 20 21 22 23 24 29 31 36 38 40 42 2 4 6 7 8 13 15 19 26 28 32 33 34 35 37 44
16 13 0 3 10 11 18 20 21 22 23 24 29 31 36 38 40 42 1 5 9 12 14 16 17 25 27 30 39 41 43
13 16 1 5 9 12 14 16 17 25 27 30 39 41 43 2 4 6 7 8 13 15 19 26 28 32 33 34 35 37 44
13 16 1 5 9 12 14 16 17 25 27 30 39 41 43 2 4 6 7 8 13 15 19 26 28 32 33 34 35 37 44
16 16 2 4 6 7 8 13 15 19 26 28 32 33 34 35 37 44 0 3 10 11 18 20 21 22 23 24 29 31 36 38 40 42
16 16 0 3 10 11 18 20 21 22 23 24 29 31 36 38 40 42 2 4 6 7 8 13 15 19 26 28 32 33 34 35 37 44
13 16 1 5 9 12 14 16 17 25 27 30 39 41 43 0 3 10 11 18 20 21 22 23 24 29 31 36 38 40 42
16 16 0 3 10 11 18 20 21 22 23 24 29 31 36 38 40 42 2 4 6 7 8 13 15 19 26 28 32 33 34 35 37 44
16 13 0 3 10 11 18 20 21 22 23 24 29 31 36 38 40 42 1 5 9 12 14 16 17 25 27 30 39 41 43
16 16 0 3 10 11 18 20 21 22 23 24 29 31 36 38 40 42 2 4 6 7 8 13 15 19 26 28 32 33 34 35 37 44
16 16 2 4 6 7 8 13 15 19 26 28 32 33 34 35 37 44 0 3 10 11 18 20 21 22 23 24 29 31 36 38 40 42
16 13 0 3 10 11 18 20 21 22 23 24 29 31 36 38 40 42 1 5 9 12 14 16 17 25 27 30 39 41 43
13 16 1 5 9 12 14 16 17 25 27 30 39 41 43 0 3 10 11 18 20 21 22 23 24 29 31 36 38 40 42
16 13 0 3 10 11 18 20 21 22 23 24 29 31 36 38 40 42 1 5 9 12 14 16 17 25 27 30 39 41 43
16 16 2 4 6 7 8 13 15 19 26 28 32 33 34 35 37 44 0 3 10 11 18 20 21 22 23 24 29 31 36 38 40 42
16 13 2 4 6 7 8 13 15 19 26 28 32 33 34 35 37 44 1 5 9 12 14 16 17 25 27 30 39 41 43
16 16 2 4 6 7 8 13 15 19 26 28 32 33 34 35 37 44 0 3 10 11 18 20 21 22 23 24 29 31 36 38 40 42
13 16 1 5 9 12 14 16 17 25 27 30 39 41 43 2 4 6 7 8 13 15 19 26 28 32 33 34 35 37 44
16 13 2 4 6 7 8 13 15 19 26 28 32 33 34 35 37 44 1 5 9 12 14 16 17 25 27 30 39 41 43
13 16 1 5 9 12 14 16 17 25 27 30 39 41 43 0 3 10 11 18 20 21 22 23 24 29 31 36 38 40 42
13 16 1 5 9 12 14 16 17 25 27 30 39 41 43 2 4 6 7 8 13 15 19 26 28 32 33 34 35 37 44
13 16 1 5 9 12 14 16 17 25 27 30 39 41 43 2 4 6 7 8 13 15 19 26 28 32 33 34 35 37 44
16 13 2 4 6 7 8 13 15 19 26 28 32 33 34 35 37 44 1 5 9 12 14 16 17 25 27 30 39 41 43
13 16 1 5 9 12 14 16 17 25 27 30 39 41 43 0 3 10 11 18 20 21 22 23 24 29 31 36 38 40 42
16 16 2 4 6 7 8 13 15 19 26 28 32 33 34 35 37 44 0 3 10 11 18 20 21 22 23 24 29 31 36 38 40 42
13 16 1 5 9 12 14 16 17 25 27 30 39 41 43 0 3 10 11 18 20 21 22 23 24 29 31 36 38 40 42
16 16 0 3 10 11 18 20 21 22 23 24 29 31 36 38 40 42 2 4 6 7 8 13 15 19 26 28 32 33 34 35 37 44
13 16 1 5 9 12 14 16 17 25 27 30 39 41 43 0 3 10 11 18 20 21 22 23 24 29 31 36 38 40 42
16 16 0 3 10 11 18 20 21 22 23 24 29 31 36 38 40 42 2 4 6 7 8 13 15 19 26 28 32 33 34 35 37 44
16 16 2 4 6 7 8 13 15 19 26 28 32 33 34 35 37 44 0 3 10 11 18 20 21 22 23 24 29 31 36 38 40 42
13 16 1 5 9 12 14 16 17 25 27 30 39 41 43 0 3 10 11 18 20 21 22 23 24 29 31 36 38 40 42
16 16 2 4 6 7 8 13 15 19 26 28 32 33 34 35 37 44 0 3 10 11 18 20 21 22 23 24 29 31 36 38 40 42
16 16 0 3 10 11 18 20 21 22 23 24 29 31 36 38 40 42 2 4 6 7 8 13 15 19 26 28 32 33 34 35 37 44
13 16 1 5 9 12 14 16 17 25 27 30 39 41 43 2 4 6 7 8 13 15 19 26 28 32 33 34 35 37 44
16 13 2 4 6 7 8 13 15 19 26 28 32 33 34 35 37 44 1 5 9 12 14 16 17 25 27 30 39 41 43
16 13 2 4 6 7 8 13 15 19 26 28 32 33 34 35 37 44 1 5 9 12 14 16 17 25 27 30 39 41 43
16 13 0 3 10 11 18 20 21 22 23 24 29 31 36 38 40 42 1 5 9 12 14 16 17 25 27 30 39 41 43
16 16 2 4 6 7 8 13 15 19 26 28 32 33 34 35 37 44 0 3 10 11 18 20 21 22 23 24 29 31 36 38 40 42
13 16 1 5 9 12 14 16 17 25 27 30 39 41 43 2 4 6 7 8 13 15 19 26 28 32 33 34 35 37 44
13 16 1 5 9 12 14 16 17 25 27 30 39 41 43 2 4 6 7 8 13 15 19 26 28 32 33 34 35 37 44
13 16 1 5 9 12 14 16 17 25 27 30 39 41 43 2 4 6 7 8 13 15 19 26 28 32 33 34 35 37 44
16 13 2 4 6 7 8 13 15 19 26 28 32 33 34 35 37 44 1 5 9 12 14 16 17 25 27 30 39 41 43
16 16 0 3 10 11 18 20 21 22 23 24 29 31 36 38 40 42 2 4 6 7 8 13 15 19 26 28 32 33 34 35 37 44
16 13 2 4 6 7 8 13 15 19 26 28 32 33 34 35 37 44 1 5 9 12 14 16 17 25 27 30 39 41 43
16 13 0 3 10 11 18 20 21 22 23 24 29 31 36 38 40 42 1 5 9 12 14 16 17 25 27 30 39 41 43
16 16 2 4 6 7 8 13 15 19 26 28 32 33 34 35 37 44 0 3 10 11 18 20 21 22 23 24 29 31 36 38 40 42
13 16 1 5 9 12 14 16 17 25 27 30 39 41 43 0 3 10 11 18 20 21 22 23 24 29 31 36 38 40 42
16 16 2 4 6 7 8 13 15 19 26 28 32 33 34 35 37 44 0 3 10 11 18 20 21 22 23 24 29 31 36 38 40 42
16 13 0 3 10 11 18 20 21 22 23 24 29 31 36 38 40 42 1 5 9 12 14 16 17 25 27 30 39 41 43
16 16 2 4 6 7 8 13 15 19 26 28 32 33 34 35 37 44 0 3 10 11 18 20 21 22 23 24 29 31 36 38 40 42
16 16 0 3 10 11 18 20 21 22 23 24 29 31 36 38 40 42 2 4 6 7 8 13 15 19 26 28 32 33 34 35 37 44
16 13 0 3 10 11 18 20 21 22 23 24 29 31 36 38 40 42 1 5 9 12 14 16 17 25 27 30 39 41 43
16 16 0 3 10 11 18 20 21 22 23 24 29 31 36 38 40 42 2 4 6 7 8 13 15 19 26 28 32 33 34 35 37 44
13 16 1 5 9 12 14 16 17 25 27 30 39 41 43 0 3 10 11 18 20 21 22 23 24 29 31 36 38 40 42
16 16 0 3 10 11 18 20 21 22 23 24 29 31 36 38 40 42 2 4 6 7 8 13 15 19 26 28 32 33 34 35 37 44
16 13 0 3 10 11 18 20 21 22 23 24 29 31 36 38 40 42 1 5 9 12 14 16 17 25 27 30 39 41 43
16 16 2 4 6 7 8 13 15 19 26 28 32 33 34 35 37 44 0 3 10 11 18 20 21 22 23 24 29 31 36 38 40 42
16 13 0 3 10 11 18 20 21 22 23 24 29 31 36 38 40 42 1 5 9 12 14 16 17 25 27 30 39 41 43
16 16 0 3 10 11 18 20 21 22 23 24 29 31 36 38 40 42 2 4 6 7 8 13 15 19 26 28 32 33 34 35 37 44
13 16 1 5 9 12 14 16 17 25 27 30 39 41 43 2 4 6 7 8 13 15 19 26 28 32 33 34 35 37 44
13 16 1 5 9 12 14 16 17 25 27 30 39 41 43 2 4 6 7 8 13 15 19 26 28 32 33 34 35 37 44
16 13 0 3 10 11 18 20 21 22 23 24 29 31 36 38 40 42 1 5 9 12 14 16 17 25 27 30 39 41 43
16 13 2 4 6 7 8 13 15 19 26 28 32 33 34 35 37 44 1 5 9 12 14 16 17 25 27 30 39 41 43
13 16 1 5 9 12 14 16 17 25 27 30 39 41 43 2 4 6 7 8 13 15 19 26 28 32 33 34 35 37 44
16 13 2 4 6 7 8 13 15 19 26 28 32 33 34 35 37 44 1 5 9 12 14 16 17 25 27 30 39 41 43
16 13 0 3 10 11 18 20 21 22 23 24 29 31 36 38 40 42 1 5 9 12 14 16 17 25 27 30 39 41 43
16 16 0 3 10 11 18 20 21 22 23 24 29 31 36 38 40 42 2 4 6 7 8 13 15 19 26 28 32 33 34 35 37 44
13 16 1 5 9 12 14 16 17 25 27 30 39 41 43 0 3 10 11 18 20 21 22 23 24 29 31 36 38 40 42
16 13 0 3 10 11 18 20 21 22 23 24 29 31 36 38 40 42 1 5 9 12 14 16 17 25 27 30 39 41 43
16 13 0 3 10 11 18 20 21 22 23 24 29 31 36 38 40 42 1 5 9 12 14 16 17 25 27 30 39 41 43
13 16 1 5 9 12 14 16 17 25 27 30 39 41 43 2 4 6 7 8 13 15 19 26 28 32 33 34 35 37 44
16 13 0 3 10 11 18 20 21 22 23 24 29 31 36 38 40 42 1 5 9 12 14 16 17 25 27 30 39 41 43
13 16 1 5 9 12 14 16 17 25 27 30 39 41 43 2 4 6 7 8 13 15 19 26 28 32 33 34 35 37 44
16 16 0 3 10 11 18 20 21 22 23 24 29 31 36 38 40 42 2 4 6 7 8 13 15 19 26 28 32 33 34 35 37 44
16 13 0 3 10 11 18 20 21 22 23 24 29 31 36 38 40 42 1 5 9 12 14 16 17 25 27 30 39 41 43
16 16 2 4 6 7 8 13 15 19 26 28 32 33 34 35 37 44 0 3 10 11 18 20 21 22 23 24 29 31 36 38 40 42
13 16 1 5 9 12 14 16 17 25 27 30 39 41 43 2 4 6 7 8 13 15 19 26 28 32 33 34 35 37 44
16 16 2 4 6 7 8 13 15 19 26 28 32 33 34 35 37 44 0 3 10 11 18 20 21 22 23 24 29 31 36 38 40 42
16 16 0 3 10 11 18 20 21 22 23 24 29 31 36 38 40 42 2 4 6 7 8 13 15 19 26 28 32 33 34 35 37 44
16 13 0 3 10 11 18 20 21 22 23 24 29 31 36 38 40 42 1 5 9 12 14 16 17 25 27 30 39 41 43
16 13 2 4 6 7 8 13 15 19 26 28 32 33 34 35 37 44 1 5 9 12 14 16 17 25 27 30 39 41 43
16 13 2 4 6 7 8 13 15 19 26 28 32 33 34 35 37 44 1 5 9 12 14 16 17 25 27 30 39 41 43
16 16 0 3 10 11 18 20 21 22 23 24 29 31 36 38 40 42 2 4 6 7 8 13 15 19 26 28 32 33 34 35 37 44
16 16 2 4 6 7 8 13 15 19 26 28 32 33 34 35 37 44 0 3 10 11 18 20 21 22 23 24 29 31 36 38 40 42
16 16 0 3 10 11 18 20 21 22 23 24 29 31 36 38 40 42 2 4 6 7 8 13 15 19 26 28 32 33 34 35 37 44
16 13 0 3 10 11 18 20 21 22 23 24 29 31 36 38 40 42 1 5 9 12 14 16 17 25 27 30 39 41 43
13 16 1 5 9 12 14 16 17 25 27 30 39 41 43 0 3 10 11 18 20 21 22 23 24 29 31 36 38 40 42
16 16 0 3 10 11 18 20 21 22 23 24 29 31 36 38 40 42 2 4 6 7 8 13 15 19 26 28 32 33 34 35 37 44
13 16 1 5 9 12 14 16 17 25 27 30 39 41 43 0 3 10 11 18 20 21 22 23 24 29 31 36 38 40 42
16 13 0 3 10 11 18 20 21 22 23 24 29 31 36 38 40 42 1 5 9 12 14 16 17 25 27 30 39 41 43
13 16 1 5 9 12 14 16 17 25 27 30 39 41 43 0 3 10 11 18 20 21 22 23 24 29 31 36 38 40 42
13 16 1 5 9 12 14 16 17 25 27 30 39 41 43 0 3 10 11 18 20 21 22 23 24 29 31 36 38 40 42
16 13 0 3 10 11 18 20 21 22 23 24 29 31 36 38 40 42 1 5 9 12 14 16 17 25 27 30 39 41 43
13 16 1 5 9 12 14 16 17 25 27 30 39 41 43 2 4 6 7 8 13 15 19 26 28 32 33 34 35 37 44
13 16 1 5 9 12 14 16 17 25 27 30 39 41 43 2 4 6 7 8 13 15 19 26 28 32 33 34 35 37 44
13 16 1 5 9 12 14 16 17 25 27 30 39 41 43 2 4 6 7 8 13 15 19 26 28 32 33 34 35 37 44
16 13 0 3 10 11 18 20 21 22 23 24 29 31 36 38 40 42 1 5 9 12 14 16 17 25 27 30 39 41 43
13 16 1 5 9 12 14 16 17 25 27 30 39 41 43 2 4 6 7 8 13 15 19 26 28 32 33 34 35 37 44
13 16 1 5 9 12 14 16 17 25 27 30 39 41 43 0 3 10 11 18 20 21 22 23 24 29 31 36 38 40 42
16 13 0 3 10 11 18 20 21 22 23 24 29 31 36 38 40 42 1 5 9 12 14 16 17 25 27 30 39 41 43
16 16 2 4 6 7 8 13 15 19 26 28 32 33 34 35 37 44 0 3 10 11 18 20 21 22 23 24 29 31 36 38 40 42
13 16 1 5 9 12 14 16 17 25 27 30 39 41 43 2 4 6 7 8 13 15 19 26 28 32 33 34 35 37 44
16 13 0 3 10 11 18 20 21 22 23 24 29 31 36 38 40 42 1 5 9 12 14 16 17 25 27 30 39 41 43
16 16 0 3 10 11 18 20 21 22 23 24 29 31 36 38 40 42 2 4 6 7 8 13 15 19 26 28 32 33 34 35 37 44
13 16 1 5 9 12 14 16 17 25 27 30 39 41 43 0 3 10 11 18 20 21 22 23 24 29 31 36 38 40 42
16 16 2 4 6 7 8 13 15 19 26 28 32 33 34 35 37 44 0 3 10 11 18 20 21 22 23 24 29 31 36 38 40 42
16 13 0 3 10 11 18 20 21 22 23 24 29 31 36 38 40 42 1 5 9 12 14 16 17 25 27 30 39 41 43
16 13 0 3 10 11 18 20 21 22 23 24 29 31 36 38 40 42 1 5 9 12 14 16 17 25 27 30 39 41 43
16 13 2 4 6 7 8 13 15 19 26 28 32 33 34 35 37 44 1 5 9 12 14 16 17 25 27 30 39 41 43
13 16 1 5 9 12 14 16 17 25 27 30 39 41 43 0 3 10 11 18 20 21 22 23 24 29 31 36 38 40 42
16 16 2 4 6 7 8 13 15 19 26 28 32 33 34 35 37 44 0 3 10 11 18 20 21 22 23 24 29 31 36 38 40 42
16 16 2 4 6 7 8 13 15 19 26 28 32 33 34 35 37 44 0 3 10 11 18 20 21 22 23 24 29 31 36 38 40 42
13 16 1 5 9 12 14 16 17 25 27 30 39 41 43 2 4 6 7 8 13 15 19 26 28 32 33 34 35 37 44
16 16 0 3 10 11 18 20 21 22 23 24 29 31 36 38 40 42 2 4 6 7 8 13 15 19 26 28 32 33 34 35 37 44
13 16 1 5 9 12 14 16 17 25 27 30 39 41 43 2 4 6 7 8 13 15 19 26 28 32 33 34 35 37 44
16 16 0 3 10 11 18 20 21 22 23 24 29 31 36 38 40 42 2 4 6 7 8 13 15 19 26 28 32 33 34 35 37 44
16 13 2 4 6 7 8 13 15 19 26 28 32 33 34 35 37 44 1 5 9 12 14 16 17 25 27 30 39 41 43
16 16 0 3 10 11 18 20 21 22 23 24 29 31 36 38 40 42 2 4 6 7 8 13 15 19 26 28 32 33 34 35 37 44
13 16 1 5 9 12 14 16 17 25 27 30 39 41 43 0 3 10 11 18 20 21 22 23 24 29 31 36 38 40 42
16 13 2 4 6 7 8 13 15 19 26 28 32 33 34 35 37 44 1 5 9 12 14 16 17 25 27 30 39 41 43
16 13 2 4 6 7 8 13 15 19 26 28 32 33 34 35 37 44 1 5 9 12 14 16 17 25 27 30 39 41 43
13 16 1 5 9 12 14 16 17 25 27 30 39 41 43 2 4 6 7 8 13 15 19 26 28 32 33 34 35 37 44
16 16 2 4 6 7 8 13 15 19 26 28 32 33 34 35 37 44 0 3 10 11 18 20 21 22 23 24 29 31 36 38 40 42
16 13 0 3 10 11 18 20 21 22 23 24 29 31 36 38 40 42 1 5 9 12 14 16 17 25 27 30 39 41 43
16 13 0 3 10 11 18 20 21 22 23 24 29 31 36 38 40 42 1 5 9 12 14 16 17 25 27 30 39 41 43
16 13 0 3 10 11 18 20 21 22 23 24 29 31 36 38 40 42 1 5 9 12 14 16 17 25 27 30 39 41 43
13 16 1 5 9 12 14 16 17 25 27 30 39 41 43 0 3 10 11 18 20 21 22 23 24 29 31 36 38 40 42
16 16 0 3 10 11 18 20 21 22 23 24 29 31 36 38 40 42 2 4 6 7 8 13 15 19 26 28 32 33 34 35 37 44
13 16 1 5 9 12 14 16 17 25 27 30 39 41 43 2 4 6 7 8 13 15 19 26 28 32 33 34 35 37 44
16 16 0 3 10 11 18 20 21 22 23 24 29 31 36 38 40 42 2 4 6 7 8 13 15 19 26 28 32 33 34 35 37 44
16 16 0 3 10 11 18 20 21 22 23 24 29 31 36 38 40 42 2 4 6 7 8 13 15 19 26 28 32 33 34 35 37 44
16 13 0 3 10 11 18 20 21 22 23 24 29 31 36 38 40 42 1 5 9 12 14 16 17 25 27 30 39 41 43
16 13 0 3 10 11 18 20 21 22 23 24 29 31 36 38 40 42 1 5 9 12 14 16 17 25 27 30 39 41 43
13 16 1 5 9 12 14 16 17 25 27 30 39 41 43 0 3 10 11 18 20 21 22 23 24 29 31 36 38 40 42
13 16 1 5 9 12 14 16 17 25 27 30 39 41 43 0 3 10 11 18 20 21 22 23 24 29 31 36 38 40 42
16 13 0 3 10 11 18 20 21 22 23 24 29 31 36 38 40 42 1 5 9 12 14 16 17 25 27 30 39 41 43
16 16 2 4 6 7 8 13 15 19 26 28 32 33 34 35 37 44 0 3 10 11 18 20 21 22 23 24 29 31 36 38 40 42
13 16 1 5 9 12 14 16 17 25 27 30 39 41 43 2 4 6 7 8 13 15 19 26 28 32 33 34 35 37 44
13 16 1 5 9 12 14 16 17 25 27 30 39 41 43 2 4 6 7 8 13 15 19 26 28 32 33 34 35 37 44
13 16 1 5 9 12 14 16 17 25 27 30 39 41 43 2 4 6 7 8 13 15 19 26 28 32 33 34 35 37 44
16 16 2 4 6 7 8 13 15 19 26 28 32 33 34 35 37 44 0 3 10 11 18 20 21 22 23 24 29 31 36 38 40 42
16 13 0 3 10 11 18 20 21 22 23 24 29 31 36 38 40 42 1 5 9 12 14 16 17 25 27 30 39 41 43
16 16 2 4 6 7 8 13 15 19 26 28 32 33 34 35 37 44 0 3 10 11 18 20 21 22 23 24 29 31 36 38 40 42
16 13 2 4 6 7 8 13 15 19 26 28 32 33 34 35 37 44 1 5 9 12 14 16 17 25 27 30 39 41 43
16 13 2 4 6 7 8 13 15 19 26 28 32 33 34 35 37 44 1 5 9 12 14 16 17 25 27 30 39 41 43
16 13 2 4 6 7 8 13 15 19 26 28 32 33 34 35 37 44 1 5 9 12 14 16 17 25 27 30 39 41 43
16 13 0 3 10 11 18 20 21 22 23 24 29 31 36 38 40 42 1 5 9 12 14 16 17 25 27 30 39 41 43
16 13 0 3 10 11 18 20 21 22 23 24 29 31 36 38 40 42 1 5 9 12 14 16 17 25 27 30 39 41 43
13 16 1 5 9 12 14 16 17 25 27 30 39 41 43 0 3 10 11 18 20 21 22 23 24 29 31 36 38 40 42
16 16 0 3 10 11 18 20 21 22 23 24 29 31 36 38 40 42 2 4 6 7 8 13 15 19 26 28 32 33 34 35 37 44
16 16 2 4 6 7 8 13 15 19 26 28 32 33 34 35 37 44 0 3 10 11 18 20 21 22 23 24 29 31 36 38 40 42
13 16 1 5 9 12 14 16 17 25 27 30 39 41 43 0 3 10 11 18 20 21 22 23 24 29 31 36 38 40 42
13 16 1 5 9 12 14 16 17 25 27 30 39 41 43 2 4 6 7 8 13 15 19 26 28 32 33 34 35 37 44
13 16 1 5 9 12 14 16 17 25 27 30 39 41 43 2 4 6 7 8 13 15 19 26 28 32 33 34 35 37 44
16 13 2 4 6 7 8 13 15 19 26 28 32 33 34 35 37 44 1 5 9 12 14 16 17 25 27 30 39 41 43
13 16 1 5 9 12 14 16 17 25 27 30 39 41 43 0 3 10 11 18 20 21 22 23 24 29 31 36 38 40 42
16 13 0 3 10 11 18 20 21 22 23 24 29 31 36 38 40 42 1 5 9 12 14 16 17 25 27 30 39 41 43
13 16 1 5 9 12 14 16 17 25 27 30 39 41 43 2 4 6 7 8 13 15 19 26 28 32 33 34 35 37 44
13 16 1 5 9 12 14 16 17 25 27 30 39 41 43 0 3 10 11 18 20 21 22 23 24 29 31 36 38 40 42
16 16 2 4 6 7 8 13 15 19 26 28 32 33 34 35 37 44 0 3 10 11 18 20 21 22 23 24 29 31 36 38 40 42
16 13 2 4 6 7 8 13 15 19 26 28 32 33 34 35 37 44 1 5 9 12 14 16 17 25 27 30 39 41 43
13 16 1 5 9 12 14 16 17 25 27 30 39 41 43 2 4 6 7 8 13 15 19 26 28 32 33 34 35 37 44
13 16 1 5 9 12 14 16 17 25 27 30 39 41 43 2 4 6 7 8 13 15 19 26 28 32 33 34 35 37 44
13 16 1 5 9 12 14 16 17 25 27 30 39 41 43 2 4 6 7 8 13 15 19 26 28 32 33 34 35 37 44
13 16 1 5 9 12 14 16 17 25 27 30 39 41 43 2 4 6 7 8 13 15 19 26 28 32 33 34 35 37 44
13 16 1 5 9 12 14 16 17 25 27 30 39 41 43 2 4 6 7 8 13 15 19 26 28 32 33 34 35 37 44
13 16 1 5 9 12 14 16 17 25 27 30 39 41 43 0 3 10 11 18 20 21 22 23 24 29 31 36 38 40 42
16 13 2 4 6 7 8 13 15 19 26 28 32 33 34 35 37 44 1 5 9 12 14 16 17 25 27 30 39 41 43
16 13 2 4 6 7 8 13 15 19 26 28 32 33 34 35 37 44 1 5 9 12 14 16 17 25 27 30 39 41 43
16 16 2 4 6 7 8 13 15 19 26 28 32 33 34 35 37 44 0 3 10 11 18 20 21 22 23 24 29 31 36 38 40 42
16 13 0 3 10 11 18 20 21 22 23 24 29 31 36 38 40 42 1 5 9 12 14 16 17 25 27 30 39 41 43
13 16 1 5 9 12 14 16 17 25 27 30 39 41 43 2 4 6 7 8 13 15 19 26 28 32 33 34 35 37 44
16 16 2 4 6 7 8 13 15 19 26 28 32 33 34 35 37 44 0 3 10 11 18 20 21 22 23 24 29 31 36 38 40 42
16 16 0 3 10 11 18 20 21 22 23 24 29 31 36 38 40 42 2 4 6 7 8 13 15 19 26 28 32 33 34 35 37 44
16 13 2 4 6 7 8 13 15 19 26 28 32 33 34 35 37 44 1 5 9 12 14 16 17 25 27 30 39 41 43
16 13 2 4 6 7 8 13 15 19 26 28 32 33 34 35 37 44 1 5 9 12 14 16 17 25 27 30 39 41 43
16 16 2 4 6 7 8 13 15 19 26 28 32 33 34 35 37 44 0 3 10 11 18 20 21 22 23 24 29 31 36 38 40 42
16 13 2 4 6 7 8 13 15 19 26 28 32 33 34 35 37 44 1 5 9 12 14 16 17 25 27 30 39 41 43
16 16 0 3 10 11 18 20 21 22 23 24 29 31 36 38 40 42 2 4 6 7 8 13 15 19 26 28 32 33 34 35 37 44
13 16 1 5 9 12 14 16 17 25 27 30 39 41 43 2 4 6 7 8 13 15 19 26 28 32 33 34 35 37 44
16 13 2 4 6 7 8 13 15 19 26 28 32 33 34 35 37 44 1 5 9 12 14 16 17 25 27 30 39 41 43
16 13 2 4 6 7 8 13 15 19 26 28 32 33 34 35 37 44 1 5 9 12 14 16 17 25 27 30 39 41 43
13 16 1 5 9 12 14 16 17 25 27 30 39 41 43 0 3 10 11 18 20 21 22 23 24 29 31 36 38 40 42
16 16 2 4 6 7 8 13 15 19 26 28 32 33 34 35 37 44 0 3 10 11 18 20 21 22 23 24 29 31 36 38 40 42
16 13 0 3 10 11 18 20 21 22 23 24 29 31 36 38 40 42 1 5 9 12 14 16 17 25 27 30 39 41 43
16 13 0 3 10 11 18 20 21 22 23 24 29 31 36 38 40 42 1 5 9 12 14 16 17 25 27 30 39 41 43
13 16 1 5 9 12 14 16 17 25 27 30 39 41 43 2 4 6 7 8 13 15 19 26 28 32 33 34 35 37 44
13 16 1 5 9 12 14 16 17 25 27 30 39 41 43 0 3 10 11 18 20 21 22 23 24 29 31 36 38 40 42
16 13 2 4 6 7 8 13 15 19 26 28 32 33 34 35 37 44 1 5 9 12 14 16 17 25 27 30 39 41 43
16 16 0 3 10 11 18 20 21 22 23 24 29 31 36 38 40 42 2 4 6 7 8 13 15 19 26 28 32 33 34 35 37 44
16 16 0 3 10 11 18 20 21 22 23 24 29 31 36 38 40 42 2 4 6 7 8 13 15 19 26 28 32 33 34 35 37 44
16 16 2 4 6 7 8 13 15 19 26 28 32 33 34 35 37 44 0 3 10 11 18 20 21 22 23 24 29 31 36 38 40 42
13 16 1 5 9 12 14 16 17 25 27 30 39 41 43 2 4 6 7 8 13 15 19 26 28 32 33 34 35 37 44
13 16 1 5 9 12 14 16 17 25 27 30 39 41 43 0 3 10 11 18 20 21 22 23 24 29 31 36 38 40 42
16 16 0 3 10 11 18 20 21 22 23 24 29 31 36 38 40 42 2 4 6 7 8 13 15 19 26 28 32 33 34 35 37 44
16 16 2 4 6 7 8 13 15 19 26 28 32 33 34 35 37 44 0 3 10 11 18 20 21 22 23 24 29 31 36 38 40 42
16 16 0 3 10 11 18 20 21 22 23 24 29 31 36 38 40 42 2 4 6 7 8 13 15 19 26 28 32 33 34 35 37 44
16 13 2 4 6 7 8 13 15 19 26 28 32 33 34 35 37 44 1 5 9 12 14 16 17 25 27 30 39 41 43
16 13 0 3 10 11 18 20 21 22 23 24 29 31 36 38 40 42 1 5 9 12 14 16 17 25 27 30 39 41 43
13 16 1 5 9 12 14 16 17 25 27 30 39 41 43 0 3 10 11 18 20 21 22 23 24 29 31 36 38 40 42
16 16 2 4 6 7 8 13 15 19 26 28 32 33 34 35 37 44 0 3 10 11 18 20 21 22 23 24 29 31 36 38 40 42
13 16 1 5 9 12 14 16 17 25 27 30 39 41 43 2 4 6 7 8 13 15 19 26 28 32 33 34 35 37 44
16 13 2 4 6 7 8 13 15 19 26 28 32 33 34 35 37 44 1 5 9 12 14 16 17 25 27 30 39 41 43
16 16 0 3 10 11 18 20 21 22 23 24 29 31 36 38 40 42 2 4 6 7 8 13 15 19 26 28 32 33 34 35 37 44
13 16 1 5 9 12 14 16 17 25 27 30 39 41 43 2 4 6 7 8 13 15 19 26 28 32 33 34 35 37 44
16 16 2 4 6 7 8 13 15 19 26 28 32 33 34 35 37 44 0 3 10 11 18 20 21 22 23 24 29 31 36 38 40 42
16 16 0 3 10 11 18 20 21 22 23 24 29 31 36 38 40 42 2 4 6 7 8 13 15 19 26 28 32 33 34 35 37 44
13 16 1 5 9 12 14 16 17 25 27 30 39 41 43 0 3 10 11 18 20 21 22 23 24 29 31 36 38 40 42
16 13 2 4 6 7 8 13 15 19 26 28 32 33 34 35 37 44 1 5 9 12 14 16 17 25 27 30 39 41 43
13 16 1 5 9 12 14 16 17 25 27 30 39 41 43 2 4 6 7 8 13 15 19 26 28 32 33 34 35 37 44
16 16 0 3 10 11 18 20 21 22 23 24 29 31 36 38 40 42 2 4 6 7 8 13 15 19 26 28 32 33 34 35 37 44
13 16 1 5 9 12 14 16 17 25 27 30 39 41 43 2 4 6 7 8 13 15 19 26 28 32 33 34 35 37 44
16 13 0 3 10 11 18 20 21 22 23 24 29 31 36 38 40 42 1 5 9 12 14 16 17 25 27 30 39 41 43
13 16 1 5 9 12 14 16 17 25 27 30 39 41 43 2 4 6 7 8 13 15 19 26 28 32 33 34 35 37 44
13 16 1 5 9 12 14 16 17 25 27 30 39 41 43 2 4 6 7 8 13 15 19 26 28 32 33 34 35 37 44
16 16 0 3 10 11 18 20 21 22 23 24 29 31 36 38 40 42 2 4 6 7 8 13 15 19 26 28 32 33 34 35 37 44
16 13 2 4 6 7 8 13 15 19 26 28 32 33 34 35 37 44 1 5 9 12 14 16 17 25 27 30 39 41 43
16 13 2 4 6 7 8 13 15 19 26 28 32 33 34 35 37 44 1 5 9 12 14 16 17 25 27 30 39 41 43
16 16 0 3 10 11 18 20 21 22 23 24 29 31 36 38 40 42 2 4 6 7 8 13 15 19 26 28 32 33 34 35 37 44
16 16 0 3 10 11 18 20 21 22 23 24 29 31 36 38 40 42 2 4 6 7 8 13 15 19 26 28 32 33 34 35 37 44
13 16 1 5 9 12 14 16 17 25 27 30 39 41 43 2 4 6 7 8 13 15 19 26 28 32 33 34 35 37 44
16 13 0 3 10 11 18 20 21 22 23 24 29 31 36 38 40 42 1 5 9 12 14 16 17 25 27 30 39 41 43
16 16 2 4 6 7 8 13 15 19 26 28 32 33 34 35 37 44 0 3 10 11 18 20 21 22 23 24 29 31 36 38 40 42
13 16 1 5 9 12 14 16 17 25 27 30 39 41 43 0 3 10 11 18 20 21 22 23 24 29 31 36 38 40 42
16 16 2 4 6 7 8 13 15 19 26 28 32 33 34 35 37 44 0 3 10 11 18 20 21 22 23 24 29 31 36 38 40 42
16 16 2 4 6 7 8 13 15 19 26 28 32 33 34 35 37 44 0 3 10 11 18 20 21 22 23 24 29 31 36 38 40 42
16 13 0 3 10 11 18 20 21 22 23 24 29 31 36 38 40 42 1 5 9 12 14 16 17 25 27 30 39 41 43
16 13 0 3 10 11 18 20 21 22 23 24 29 31 36 38 40 42 1 5 9 12 14 16 17 25 27 30 39 41 43
13 16 1 5 9 12 14 16 17 25 27 30 39 41 43 2 4 6 7 8 13 15 19 26 28 32 33 34 35 37 44
16 13 0 3 10 11 18 20 21 22 23 24 29 31 36 38 40 42 1 5 9 12 14 16 17 25 27 30 39 41 43
16 13 2 4 6 7 8 13 15 19 26 28 32 33 34 35 37 44 1 5 9 12 14 16 17 25 27 30 39 41 43
13 16 1 5 9 12 14 16 17 25 27 30 39 41 43 2 4 6 7 8 13 15 19 26 28 32 33 34 35 37 44
16 13 2 4 6 7 8 13 15 19 26 28 32 33 34 35 37 44 1 5 9 12 14 16 17 25 27 30 39 41 43
16 13 2 4 6 7 8 13 15 19 26 28 32 33 34 35 37 44 1 5 9 12 14 16 17 25 27 30 39 41 43
16 16 2 4 6 7 8 13 15 19 26 28 32 33 34 35 37 44 0 3 10 11 18 20 21 22 23 24 29 31 36 38 40 42
16 13 0 3 10 11 18 20 21 22 23 24 29 31 36 38 40 42 1 5 9 12 14 16 17 25 27 30 39 41 43
16 13 0 3 10 11 18 20 21 22 23 24 29 31 36 38 40 42 1 5 9 12 14 16 17 25 27 30 39 41 43
16 13 2 4 6 7 8 13 15 19 26 28 32 33 34 35 37 44 1 5 9 12 14 16 17 25 27 30 39 41 43
16 13 0 3 10 11 18 20 21 22 23 24 29 31 36 38 40 42 1 5 9 12 14 16 17 25 27 30 39 41 43
16 16 2 4 6 7 8 13 15 19 26 28 32 33 34 35 37 44 0 3 10 11 18 20 21 22 23 24 29 31 36 38 40 42
16 13 0 3 10 11 18 20 21 22 23 24 29 31 36 38 40 42 1 5 9 12 14 16 17 25 27 30 39 41 43
16 13 2 4 6 7 8 13 15 19 26 28 32 33 34 35 37 44 1 5 9 12 14 16 17 25 27 30 39 41 43
13 16 1 5 9 12 14 16 17 25 27 30 39 41 43 0 3 10 11 18 20 21 22 23 24 29 31 36 38 40 42
16 16 0 3 10 11 18 20 21 22 23 24 29 31 36 38 40 42 2 4 6 7 8 13 15 19 26 28 32 33 34 35 37 44
13 16 1 5 9 12 14 16 17 25 27 30 39 41 43 2 4 6 7 8 13 15 19 26 28 32 33 34 35 37 44
13 16 1 5 9 12 14 16 17 25 27 30 39 41 43 0 3 10 11 18 20 21 22 23 24 29 31 36 38 40 42
16 16 0 3 10 11 18 20 21 22 23 24 29 31 36 38 40 42 2 4 6 7 8 13 15 19 26 28 32 33 34 35 37 44
16 13 0 3 10 11 18 20 21 22 23 24 29 31 36 38 40 42 1 5 9 12 14 16 17 25 27 30 39 41 43
16 13 0 3 10 11 18 20 21 22 23 24 29 31 36 38 40 42 1 5 9 12 14 16 17 25 27 30 39 41 43
13 16 1 5 9 12 14 16 17 25 27 30 39 41 43 0 3 10 11 18 20 21 22 23 24 29 31 36 38 40 42
13 16 1 5 9 12 14 16 17 25 27 30 39 41 43 0 3 10 11 18 20 21 22 23 24 29 31 36 38 40 42
16 16 0 3 10 11 18 20 21 22 23 24 29 31 36 38 40 42 2 4 6 7 8 13 15 19 26 28 32 33 34 35 37 44
16 13 2 4 6 7 8 13 15 19 26 28 32 33 34 35 37 44 1 5 9 12 14 16 17 25 27 30 39 41 43
16 16 0 3 10 11 18 20 21 22 23 24 29 31 36 38 40 42 2 4 6 7 8 13 15 19 26 28 32 33 34 35 37 44
16 16 0 3 10 11 18 20 21 22 23 24 29 31 36 38 40 42 2 4 6 7 8 13 15 19 26 28 32 33 34 35 37 44
13 16 1 5 9 12 14 16 17 25 27 30 39 41 43 2 4 6 7 8 13 15 19 26 28 32 33 34 35 37 44
16 13 2 4 6 7 8 13 15 19 26 28 32 33 34 35 37 44 1 5 9 12 14 16 17 25 27 30 39 41 43
16 13 2 4 6 7 8 13 15 19 26 28 32 33 34 35 37 44 1 5 9 12 14 16 17 25 27 30 39 41 43
16 13 0 3 10 11 18 20 21 22 23 24 29 31 36 38 40 42 1 5 9 12 14 16 17 25 27 30 39 41 43
13 16 1 5 9 12 14 16 17 25 27 30 39 41 43 2 4 6 7 8 13 15 19 26 28 32 33 34 35 37 44
16 13 0 3 10 11 18 20 21 22 23 24 29 31 36 38 40 42 1 5 9 12 14 16 17 25 27 30 39 41 43
16 16 2 4 6 7 8 13 15 19 26 28 32 33 34 35 37 44 0 3 10 11 18 20 21 22 23 24 29 31 36 38 40 42
16 13 0 3 10 11 18 20 21 22 23 24 29 31 36 38 40 42 1 5 9 12 14 16 17 25 27 30 39 41 43
16 16 0 3 10 11 18 20 21 22 23 24 29 31 36 38 40 42 2 4 6 7 8 13 15 19 26 28 32 33 34 35 37 44
13 16 1 5 9 12 14 16 17 25 27 30 39 41 43 0 3 10 11 18 20 21 22 23 24 29 31 36 38 40 42
16 16 2 4 6 7 8 13 15 19 26 28 32 33 34 35 37 44 0 3 10 11 18 20 21 22 23 24 29 31 36 38 40 42
13 16 1 5 9 12 14 16 17 25 27 30 39 41 43 0 3 10 11 18 20 21 22 23 24 29 31 36 38 40 42
16 13 2 4 6 7 8 13 15 19 26 28 32 33 34 35 37 44 1 5 9 12 14 16 17 25 27 30 39 41 43
16 16 2 4 6 7 8 13 15 19 26 28 32 33 34 35 37 44 0 3 10 11 18 20 21 22 23 24 29 31 36 38 40 42
16 16 2 4 6 7 8 13 15 19 26 28 32 33 34 35 37 44 0 3 10 11 18 20 21 22 23 24 29 31 36 38 40 42
16 16 2 4 6 7 8 13 15 19 26 28 32 33 34 35 37 44 0 3 10 11 18 20 21 22 23 24 29 31 36 38 40 42
16 13 2 4 6 7 8 13 15 19 26 28 32 33 34 35 37 44 1 5 9 12 14 16 17 25 27 30 39 41 43
16 13 2 4 6 7 8 13 15 19 26 28 32 33 34 35 37 44 1 5 9 12 14 16 17 25 27 30 39 41 43
16 13 0 3 10 11 18 20 21 22 23 24 29 31 36 38 40 42 1 5 9 12 14 16 17 25 27 30 39 41 43
16 13 0 3 10 11 18 20 21 22 23 24 29 31 36 38 40 42 1 5 9 12 14 16 17 25 27 30 39 41 43
16 13 0 3 10 11 18 20 21 22 23 24 29 31 36 38 40 42 1 5 9 12 14 16 17 25 27 30 39 41 43
13 16 1 5 9 12 14 16 17 25 27 30 39 41 43 2 4 6 7 8 13 15 19 26 28 32 33 34 35 37 44
16 13 2 4 6 7 8 13 15 19 26 28 32 33 34 35 37 44 1 5 9 12 14 16 17 25 27 30 39 41 43
16 16 0 3 10 11 18 20 21 22 23 24 29 31 36 38 40 42 2 4 6 7 8 13 15 19 26 28 32 33 34 35 37 44
16 16 2 4 6 7 8 13 15 19 26 28 32 33 34 35 37 44 0 3 10 11 18 20 21 22 23 24 29 31 36 38 40 42
16 16 2 4 6 7 8 13 15 19 26 28 32 33 34 35 37 44 0 3 10 11 18 20 21 22 23 24 29 31 36 38 40 42
16 16 2 4 6 7 8 13 15 19 26 28 32 33 34 35 37 44 0 3 10 11 18 20 21 22 23 24 29 31 36 38 40 42
13 16 1 5 9 12 14 16 17 25 27 30 39 41 43 2 4 6 7 8 13 15 19 26 28 32 33 34 35 37 44
16 16 0 3 10 11 18 20 21 22 23 24 29 31 36 38 40 42 2 4 6 7 8 13 15 19 26 28 32 33 34 35 37 44
13 16 1 5 9 12 14 16 17 25 27 30 39 41 43 2 4 6 7 8 13 15 19 26 28 32 33 34 35 37 44
13 16 1 5 9 12 14 16 17 25 27 30 39 41 43 2 4 6 7 8 13 15 19 26 28 32 33 34 35 37 44
16 13 2 4 6 7 8 13 15 19 26 28 32 33 34 35 37 44 1 5 9 12 14 16 17 25 27 30 39 41 43
13 16 1 5 9 12 14 16 17 25 27 30 39 41 43 2 4 6 7 8 13 15 19 26 28 32 33 34 35 37 44
16 16 2 4 6 7 8 13 15 19 26 28 32 33 34 35 37 44 0 3 10 11 18 20 21 22 23 24 29 31 36 38 40 42
13 16 1 5 9 12 14 16 17 25 27 30 39 41 43 2 4 6 7 8 13 15 19 26 28 32 33 34 35 37 44
16 16 2 4 6 7 8 13 15 19 26 28 32 33 34 35 37 44 0 3 10 11 18 20 21 22 23 24 29 31 36 38 40 42
13 16 1 5 9 12 14 16 17 25 27 30 39 41 43 0 3 10 11 18 20 21 22 23 24 29 31 36 38 40 42
13 16 1 5 9 12 14 16 17 25 27 30 39 41 43 0 3 10 11 18 20 21 22 23 24 29 31 36 38 40 42
16 16 0 3 10 11 18 20 21 22 23 24 29 31 36 38 40 42 2 4 6 7 8 13 15 19 26 28 32 33 34 35 37 44
16 16 2 4 6 7 8 13 15 19 26 28 32 33 34 35 37 44 0 3 10 11 18 20 21 22 23 24 29 31 36 38 40 42
16 16 2 4 6 7 8 13 15 19 26 28 32 33 34 35 37 44 0 3 10 11 18 20 21 22 23 24 29 31 36 38 40 42
13 16 1 5 9 12 14 16 17 25 27 30 39 41 43 2 4 6 7 8 13 15 19 26 28 32 33 34 35 37 44
16 16 2 4 6 7 8 13 15 19 26 28 32 33 34 35 37 44 0 3 10 11 18 20 21 22 23 24 29 31 36 38 40 42
13 16 1 5 9 12 14 16 17 25 27 30 39 41 43 0 3 10 11 18 20 21 22 23 24 29 31 36 38 40 42
16 13 2 4 6 7 8 13 15 19 26 28 32 33 34 35 37 44 1 5 9 12 14 16 17 25 27 30 39 41 43
16 16 0 3 10 11 18 20 21 22 23 24 29 31 36 38 40 42 2 4 6 7 8 13 15 19 26 28 32 33 34 35 37 44
16 13 2 4 6 7 8 13 15 19 26 28 32 33 34 35 37 44 1 5 9 12 14 16 17 25 27 30 39 41 43
13 16 1 5 9 12 14 16 17 25 27 30 39 41 43 0 3 10 11 18 20 21 22 23 24 29 31 36 38 40 42
13 16 1 5 9 12 14 16 17 25 27 30 39 41 43 2 4 6 7 8 13 15 19 26 28 32 33 34 35 37 44
13 16 1 5 9 12 14 16 17 25 27 30 39 41 43 2 4 6 7 8 13 15 19 26 28 32 33 34 35 37 44
13 16 1 5 9 12 14 16 17 25 27 30 39 41 43 0 3 10 11 18 20 21 22 23 24 29 31 36 38 40 42
16 16 0 3 10 11 18 20 21 22 23 24 29 31 36 38 40 42 2 4 6 7 8 13 15 19 26 28 32 33 34 35 37 44
13 16 1 5 9 12 14 16 17 25 27 30 39 41 43 2 4 6 7 8 13 15 19 26 28 32 33 34 35 37 44
16 13 0 3 10 11 18 20 21 22 23 24 29 31 36 38 40 42 1 5 9 12 14 16 17 25 27 30 39 41 43
16 16 0 3 10 11 18 20 21 22 23 24 29 31 36 38 40 42 2 4 6 7 8 13 15 19 26 28 32 33 34 35 37 44
13 16 1 5 9 12 14 16 17 25 27 30 39 41 43 0 3 10 11 18 20 21 22 23 24 29 31 36 38 40 42
16 16 0 3 10 11 18 20 21 22 23 24 29 31 36 38 40 42 2 4 6 7 8 13 15 19 26 28 32 33 34 35 37 44
16 16 0 3 10 11 18 20 21 22 23 24 29 31 36 38 40 42 2 4 6 7 8 13 15 19 26 28 32 33 34 35 37 44
16 13 2 4 6 7 8 13 15 19 26 28 32 33 34 35 37 44 1 5 9 12 14 16 17 25 27 30 39 41 43
13 16 1 5 9 12 14 16 17 25 27 30 39 41 43 2 4 6 7 8 13 15 19 26 28 32 33 34 35 37 44
16 16 2 4 6 7 8 13 15 19 26 28 32 33 34 35 37 44 0 3 10 11 18 20 21 22 23 24 29 31 36 38 40 42
16 16 0 3 10 11 18 20 21 22 23 24 29 31 36 38 40 42 2 4 6 7 8 13 15 19 26 28 32 33 34 35 37 44
16 16 0 3 10 11 18 20 21 22 23 24 29 31 36 38 40 42 2 4 6 7 8 13 15 19 26 28 32 33 34 35 37 44
13 16 1 5 9 12 14 16 17 25 27 30 39 41 43 0 3 10 11 18 20 21 22 23 24 29 31 36 38 40 42
16 16 2 4 6 7 8 13 15 19 26 28 32 33 34 35 37 44 0 3 10 11 18 20 21 22 23 24 29 31 36 38 40 42
16 16 0 3 10 11 18 20 21 22 23 24 29 31 36 38 40 42 2 4 6 7 8 13 15 19 26 28 32 33 34 35 37 44
16 16 2 4 6 7 8 13 15 19 26 28 32 33 34 35 37 44 0 3 10 11 18 20 21 22 23 24 29 31 36 38 40 42
16 16 0 3 10 11 18 20 21 22 23 24 29 31 36 38 40 42 2 4 6 7 8 13 15 19 26 28 32 33 34 35 37 44
13 16 1 5 9 12 14 16 17 25 27 30 39 41 43 2 4 6 7 8 13 15 19 26 28 32 33 34 35 37 44
16 16 2 4 6 7 8 13 15 19 26 28 32 33 34 35 37 44 0 3 10 11 18 20 21 22 23 24 29 31 36 38 40 42
16 16 2 4 6 7 8 13 15 19 26 28 32 33 34 35 37 44 0 3 10 11 18 20 21 22 23 24 29 31 36 38 40 42
13 16 1 5 9 12 14 16 17 25 27 30 39 41 43 2 4 6 7 8 13 15 19 26 28 32 33 34 35 37 44
16 16 2 4 6 7 8 13 15 19 26 28 32 33 34 35 37 44 0 3 10 11 18 20 21 22 23 24 29 31 36 38 40 42
16 16 2 4 6 7 8 13 15 19 26 28 32 33 34 35 37 44 0 3 10 11 18 20 21 22 23 24 29 31 36 38 40 42
13 16 1 5 9 12 14 16 17 25 27 30 39 41 43 2 4 6 7 8 13 15 19 26 28 32 33 34 35 37 44
16 13 0 3 10 11 18 20 21 22 23 24 29 31 36 38 40 42 1 5 9 12 14 16 17 25 27 30 39 41 43
13 16 1 5 9 12 14 16 17 25 27 30 39 41 43 0 3 10 11 18 20 21 22 23 24 29 31 36 38 40 42
13 16 1 5 9 12 14 16 17 25 27 30 39 41 43 0 3 10 11 18 20 21 22 23 24 29 31 36 38 40 42
16 16 2 4 6 7 8 13 15 19 26 28 32 33 34 35 37 44 0 3 10 11 18 20 21 22 23 24 29 31 36 38 40 42
16 13 0 3 10 11 18 20 21 22 23 24 29 31 36 38 40 42 1 5 9 12 14 16 17 25 27 30 39 41 43
16 13 0 3 10 11 18 20 21 22 23 24 29 31 36 38 40 42 1 5 9 12 14 16 17 25 27 30 39 41 43
16 16 2 4 6 7 8 13 15 19 26 28 32 33 34 35 37 44 0 3 10 11 18 20 21 22 23 24 29 31 36 38 40 42
13 16 1 5 9 12 14 16 17 25 27 30 39 41 43 2 4 6 7 8 13 15 19 26 28 32 33 34 35 37 44
16 16 2 4 6 7 8 13 15 19 26 28 32 33 34 35 37 44 0 3 10 11 18 20 21 22 23 24 29 31 36 38 40 42
16 16 2 4 6 7 8 13 15 19 26 28 32 33 34 35 37 44 0 3 10 11 18 20 21 22 23 24 29 31 36 38 40 42
16 13 0 3 10 11 18 20 21 22 23 24 29 31 36 38 40 42 1 5 9 12 14 16 17 25 27 30 39 41 43
16 13 0 3 10 11 18 20 21 22 23 24 29 31 36 38 40 42 1 5 9 12 14 16 17 25 27 30 39 41 43
16 16 2 4 6 7 8 13 15 19 26 28 32 33 34 35 37 44 0 3 10 11 18 20 21 22 23 24 29 31 36 38 40 42
16 16 0 3 10 11 18 20 21 22 23 24 29 31 36 38 40 42 2 4 6 7 8 13 15 19 26 28 32 33 34 35 37 44
16 16 2 4 6 7 8 13 15 19 26 28 32 33 34 35 37 44 0 3 10 11 18 20 21 22 23 24 29 31 36 38 40 42
16 13 2 4 6 7 8 13 15 19 26 28 32 33 34 35 37 44 1 5 9 12 14 16 17 25 27 30 39 41 43
16 16 2 4 6 7 8 13 15 19 26 28 32 33 34 35 37 44 0 3 10 11 18 20 21 22 23 24 29 31 36 38 40 42
13 16 1 5 9 12 14 16 17 25 27 30 39 41 43 0 3 10 11 18 20 21 22 23 24 29 31 36 38 40 42
16 16 0 3 10 11 18 20 21 22 23 24 29 31 36 38 40 42 2 4 6 7 8 13 15 19 26 28 32 33 34 35 37 44
16 16 0 3 10 11 18 20 21 22 23 24 29 31 36 38 40 42 2 4 6 7 8 13 15 19 26 28 32 33 34 35 37 44
16 16 0 3 10 11 18 20 21 22 23 24 29 31 36 38 40 42 2 4 6 7 8 13 15 19 26 28 32 33 34 35 37 44
16 13 2 4 6 7 8 13 15 19 26 28 32 33 34 35 37 44 1 5 9 12 14 16 17 25 27 30 39 41 43
16 13 2 4 6 7 8 13 15 19 26 28 32 33 34 35 37 44 1 5 9 12 14 16 17 25 27 30 39 41 43
16 13 2 4 6 7 8 13 15 19 26 28 32 33 34 35 37 44 1 5 9 12 14 16 17 25 27 30 39 41 43
13 16 1 5 9 12 14 16 17 25 27 30 39 41 43 0 3 10 11 18 20 21 22 23 24 29 31 36 38 40 42
16 13 2 4 6 7 8 13 15 19 26 28 32 33 34 35 37 44 1 5 9 12 14 16 17 25 27 30 39 41 43
16 13 0 3 10 11 18 20 21 22 23 24 29 31 36 38 40 42 1 5 9 12 14 16 17 25 27 30 39 41 43
16 13 0 3 10 11 18 20 21 22 23 24 29 31 36 38 40 42 1 5 9 12 14 16 17 25 27 30 39 41 43
16 16 0 3 10 11 18 20 21 22 23 24 29 31 36 38 40 42 2 4 6 7 8 13 15 19 26 28 32 33 34 35 37 44
13 16 1 5 9 12 14 16 17 25 27 30 39 41 43 0 3 10 11 18 20 21 22 23 24 29 31 36 38 40 42
16 13 0 3 10 11 18 20 21 22 23 24 29 31 36 38 40 42 1 5 9 12 14 16 17 25 27 30 39 41 43
16 16 0 3 10 11 18 20 21 22 23 24 29 31 36 38 40 42 2 4 6 7 8 13 15 19 26 28 32 33 34 35 37 44
16 13 2 4 6 7 8 13 15 19 26 28 32 33 34 35 37 44 1 5 9 12 14 16 17 25 27 30 39 41 43
16 13 0 3 10 11 18 20 21 22 23 24 29 31 36 38 40 42 1 5 9 12 14 16 17 25 27 30 39 41 43
13 16 1 5 9 12 14 16 17 25 27 30 39 41 43 2 4 6 7 8 13 15 19 26 28 32 33 34 35 37 44
16 13 0 3 10 11 18 20 21 22 23 24 29 31 36 38 40 42 1 5 9 12 14 16 17 25 27 30 39 41 43
16 16 2 4 6 7 8 13 15 19 26 28 32 33 34 35 37 44 0 3 10 11 18 20 21 22 23 24 29 31 36 38 40 42
13 16 1 5 9 12 14 16 17 25 27 30 39 41 43 0 3 10 11 18 20 21 22 23 24 29 31 36 38 40 42
16 13 2 4 6 7 8 13 15 19 26 28 32 33 34 35 37 44 1 5 9 12 14 16 17 25 27 30 39 41 43
13 16 1 5 9 12 14 16 17 25 27 30 39 41 43 0 3 10 11 18 20 21 22 23 24 29 31 36 38 40 42
13 16 1 5 9 12 14 16 17 25 27 30 39 41 43 0 3 10 11 18 20 21 22 23 24 29 31 36 38 40 42
16 13 2 4 6 7 8 13 15 19 26 28 32 33 34 35 37 44 1 5 9 12 14 16 17 25 27 30 39 41 43
13 16 1 5 9 12 14 16 17 25 27 30 39 41 43 0 3 10 11 18 20 21 22 23 24 29 31 36 38 40 42
13 16 1 5 9 12 14 16 17 25 27 30 39 41 43 2 4 6 7 8 13 15 19 26 28 32 33 34 35 37 44
13 16 1 5 9 12 14 16 17 25 27 30 39 41 43 2 4 6 7 8 13 15 19 26 28 32 33 34 35 37 44
13 16 1 5 9 12 14 16 17 25 27 30 39 41 43 2 4 6 7 8 13 15 19 26 28 32 33 34 35 37 44
16 13 0 3 10 11 18 20 21 22 23 24 29 31 36 38 40 42 1 5 9 12 14 16 17 25 27 30 39 41 43
13 16 1 5 9 12 14 16 17 25 27 30 39 41 43 2 4 6 7 8 13 15 19 26 28 32 33 34 35 37 44
13 16 1 5 9 12 14 16 17 25 27 30 39 41 43 2 4 6 7 8 13 15 19 26 28 32 33 34 35 37 44
13 16 1 5 9 12 14 16 17 25 27 30 39 41 43 0 3 10 11 18 20 21 22 23 24 29 31 36 38 40 42
16 13 2 4 6 7 8 13 15 19 26 28 32 33 34 35 37 44 1 5 9 12 14 16 17 25 27 30 39 41 43
16 16 2 4 6 7 8 13 15 19 26 28 32 33 34 35 37 44 0 3 10 11 18 20 21 22 23 24 29 31 36 38 40 42
16 13 0 3 10 11 18 20 21 22 23 24 29 31 36 38 40 42 1 5 9 12 14 16 17 25 27 30 39 41 43
16 13 2 4 6 7 8 13 15 19 26 28 32 33 34 35 37 44 1 5 9 12 14 16 17 25 27 30 39 41 43
16 13 0 3 10 11 18 20 21 22 23 24 29 31 36 38 40 42 1 5 9 12 14 16 17 25 27 30 39 41 43
13 16 1 5 9 12 14 16 17 25 27 30 39 41 43 0 3 10 11 18 20 21 22 23 24 29 31 36 38 40 42
16 16 0 3 10 11 18 20 21 22 23 24 29 31 36 38 40 42 2 4 6 7 8 13 15 19 26 28 32 33 34 35 37 44
16 13 0 3 10 11 18 20 21 22 23 24 29 31 36 38 40 42 1 5 9 12 14 16 17 25 27 30 39 41 43
16 13 0 3 10 11 18 20 21 22 23 24 29 31 36 38 40 42 1 5 9 12 14 16 17 25 27 30 39 41 43
13 16 1 5 9 12 14 16 17 25 27 30 39 41 43 2 4 6 7 8 13 15 19 26 28 32 33 34 35 37 44
16 16 0 3 10 11 18 20 21 22 23 24 29 31 36 38 40 42 2 4 6 7 8 13 15 19 26 28 32 33 34 35 37 44
13 16 1 5 9 12 14 16 17 25 27 30 39 41 43 0 3 10 11 18 20 21 22 23 24 29 31 36 38 40 42
16 13 0 3 10 11 18 20 21 22 23 24 29 31 36 38 40 42 1 5 9 12 14 16 17 25 27 30 39 41 43
16 16 0 3 10 11 18 20 21 22 23 24 29 31 36 38 40 42 2 4 6 7 8 13 15 19 26 28 32 33 34 35 37 44
13 16 1 5 9 12 14 16 17 25 27 30 39 41 43 2 4 6 7 8 13 15 19 26 28 32 33 34 35 37 44
13 16 1 5 9 12 14 16 17 25 27 30 39 41 43 0 3 10 11 18 20 21 22 23 24 29 31 36 38 40 42
16 13 2 4 6 7 8 13 15 19 26 28 32 33 34 35 37 44 1 5 9 12 14 16 17 25 27 30 39 41 43
16 16 2 4 6 7 8 13 15 19 26 28 32 33 34 35 37 44 0 3 10 11 18 20 21 22 23 24 29 31 36 38 40 42
16 16 0 3 10 11 18 20 21 22 23 24 29 31 36 38 40 42 2 4 6 7 8 13 15 19 26 28 32 33 34 35 37 44
16 16 0 3 10 11 18 20 21 22 23 24 29 31 36 38 40 42 2 4 6 7 8 13 15 19 26 28 32 33 34 35 37 44
16 16 2 4 6 7 8 13 15 19 26 28 32 33 34 35 37 44 0 3 10 11 18 20 21 22 23 24 29 31 36 38 40 42
16 13 0 3 10 11 18 20 21 22 23 24 29 31 36 38 40 42 1 5 9 12 14 16 17 25 27 30 39 41 43
13 16 1 5 9 12 14 16 17 25 27 30 39 41 43 0 3 10 11 18 20 21 22 23 24 29 31 36 38 40 42
16 13 2 4 6 7 8 13 15 19 26 28 32 33 34 35 37 44 1 5 9 12 14 16 17 25 27 30 39 41 43
13 16 1 5 9 12 14 16 17 25 27 30 39 41 43 2 4 6 7 8 13 15 19 26 28 32 33 34 35 37 44
13 16 1 5 9 12 14 16 17 25 27 30 39 41 43 2 4 6 7 8 13 15 19 26 28 32 33 34 35 37 44
13 16 1 5 9 12 14 16 17 25 27 30 39 41 43 0 3 10 11 18 20 21 22 23 24 29 31 36 38 40 42
13 16 1 5 9 12 14 16 17 25 27 30 39 41 43 2 4 6 7 8 13 15 19 26 28 32 33 34 35 37 44
16 13 0 3 10 11 18 20 21 22 23 24 29 31 36 38 40 42 1 5 9 12 14 16 17 25 27 30 39 41 43
13 16 1 5 9 12 14 16 17 25 27 30 39 41 43 2 4 6 7 8 13 15 19 26 28 32 33 34 35 37 44
16 16 2 4 6 7 8 13 15 19 26 28 32 33 34 35 37 44 0 3 10 11 18 20 21 22 23 24 29 31 36 38 40 42
13 16 1 5 9 12 14 16 17 25 27 30 39 41 43 2 4 6 7 8 13 15 19 26 28 32 33 34 35 37 44
13 16 1 5 9 12 14 16 17 25 27 30 39 41 43 2 4 6 7 8 13 15 19 26 28 32 33 34 35 37 44
16 16 2 4 6 7 8 13 15 19 26 28 32 33 34 35 37 44 0 3 10 11 18 20 21 22 23 24 29 31 36 38 40 42
13 16 1 5 9 12 14 16 17 25 27 30 39 41 43 0 3 10 11 18 20 21 22 23 24 29 31 36 38 40 42
13 16 1 5 9 12 14 16 17 25 27 30 39 41 43 2 4 6 7 8 13 15 19 26 28 32 33 34 35 37 44
13 16 1 5 9 12 14 16 17 25 27 30 39 41 43 2 4 6 7 8 13 15 19 26 28 32 33 34 35 37 44
13 16 1 5 9 12 14 16 17 25 27 30 39 41 43 2 4 6 7 8 13 15 19 26 28 32 33 34 35 37 44
13 16 1 5 9 12 14 16 17 25 27 30 39 41 43 0 3 10 11 18 20 21 22 23 24 29 31 36 38 40 42
16 13 0 3 10 11 18 20 21 22 23 24 29 31 36 38 40 42 1 5 9 12 14 16 17 25 27 30 39 41 43
16 13 2 4 6 7 8 13 15 19 26 28 32 33 34 35 37 44 1 5 9 12 14 16 17 25 27 30 39 41 43
13 16 1 5 9 12 14 16 17 25 27 30 39 41 43 2 4 6 7 8 13 15 19 26 28 32 33 34 35 37 44
16 13 0 3 10 11 18 20 21 22 23 24 29 31 36 38 40 42 1 5 9 12 14 16 17 25 27 30 39 41 43
13 16 1 5 9 12 14 16 17 25 27 30 39 41 43 0 3 10 11 18 20 21 22 23 24 29 31 36 38 40 42
13 16 1 5 9 12 14 16 17 25 27 30 39 41 43 0 3 10 11 18 20 21 22 23 24 29 31 36 38 40 42
16 13 2 4 6 7 8 13 15 19 26 28 32 33 34 35 37 44 1 5 9 12 14 16 17 25 27 30 39 41 43
16 13 0 3 10 11 18 20 21 22 23 24 29 31 36 38 40 42 1 5 9 12 14 16 17 25 27 30 39 41 43
16 13 2 4 6 7 8 13 15 19 26 28 32 33 34 35 37 44 1 5 9 12 14 16 17 25 27 30 39 41 43
16 13 2 4 6 7 8 13 15 19 26 28 32 33 34 35 37 44 1 5 9 12 14 16 17 25 27 30 39 41 43
16 16 0 3 10 11 18 20 21 22 23 24 29 31 36 38 40 42 2 4 6 7 8 13 15 19 26 28 32 33 34 35 37 44
13 16 1 5 9 12 14 16 17 25 27 30 39 41 43 0 3 10 11 18 20 21 22 23 24 29 31 36 38 40 42
13 16 1 5 9 12 14 16 17 25 27 30 39 41 43 2 4 6 7 8 13 15 19 26 28 32 33 34 35 37 44
16 16 0 3 10 11 18 20 21 22 23 24 29 31 36 38 40 42 2 4 6 7 8 13 15 19 26 28 32 33 34 35 37 44
16 13 2 4 6 7 8 13 15 19 26 28 32 33 34 35 37 44 1 5 9 12 14 16 17 25 27 30 39 41 43
16 13 0 3 10 11 18 20 21 22 23 24 29 31 36 38 40 42 1 5 9 12 14 16 17 25 27 30 39 41 43
13 16 1 5 9 12 14 16 17 25 27 30 39 41 43 0 3 10 11 18 20 21 22 23 24 29 31 36 38 40 42
16 16 2 4 6 7 8 13 15 19 26 28 32 33 34 35 37 44 0 3 10 11 18 20 21 22 23 24 29 31 36 38 40 42
13 16 1 5 9 12 14 16 17 25 27 30 39 41 43 0 3 10 11 18 20 21 22 23 24 29 31 36 38 40 42
16 16 2 4 6 7 8 13 15 19 26 28 32 33 34 35 37 44 0 3 10 11 18 20 21 22 23 24 29 31 36 38 40 42
16 16 0 3 10 11 18 20 21 22 23 24 29 31 36 38 40 42 2 4 6 7 8 13 15 19 26 28 32 33 34 35 37 44
16 16 0 3 10 11 18 20 21 22 23 24 29 31 36 38 40 42 2 4 6 7 8 13 15 19 26 28 32 33 34 35 37 44
16 13 0 3 10 11 18 20 21 22 23 24 29 31 36 38 40 42 1 5 9 12 14 16 17 25 27 30 39 41 43
13 16 1 5 9 12 14 16 17 25 27 30 39 41 43 0 3 10 11 18 20 21 22 23 24 29 31 36 38 40 42
16 13 0 3 10 11 18 20 21 22 23 24 29 31 36 38 40 42 1 5 9 12 14 16 17 25 27 30 39 41 43
16 16 2 4 6 7 8 13 15 19 26 28 32 33 34 35 37 44 0 3 10 11 18 20 21 22 23 24 29 31 36 38 40 42
13 16 1 5 9 12 14 16 17 25 27 30 39 41 43 0 3 10 11 18 20 21 22 23 24 29 31 36 38 40 42
16 13 0 3 10 11 18 20 21 22 23 24 29 31 36 38 40 42 1 5 9 12 14 16 17 25 27 30 39 41 43
16 16 0 3 10 11 18 20 21 22 23 24 29 31 36 38 40 42 2 4 6 7 8 13 15 19 26 28 32 33 34 35 37 44
13 16 1 5 9 12 14 16 17 25 27 30 39 41 43 0 3 10 11 18 20 21 22 23 24 29 31 36 38 40 42
13 16 1 5 9 12 14 16 17 25 27 30 39 41 43 0 3 10 11 18 20 21 22 23 24 29 31 36 38 40 42
13 16 1 5 9 12 14 16 17 25 27 30 39 41 43 2 4 6 7 8 13 15 19 26 28 32 33 34 35 37 44
16 13 0 3 10 11 18 20 21 22 23 24 29 31 36 38 40 42 1 5 9 12 14 16 17 25 27 30 39 41 43
16 16 0 3 10 11 18 20 21 22 23 24 29 31 36 38 40 42 2 4 6 7 8 13 15 19 26 28 32 33 34 35 37 44
13 16 1 5 9 12 14 16 17 25 27 30 39 41 43 0 3 10 11 18 20 21 22 23 24 29 31 36 38 40 42
16 16 0 3 10 11 18 20 21 22 23 24 29 31 36 38 40 42 2 4 6 7 8 13 15 19 26 28 32 33 34 35 37 44
13 16 1 5 9 12 14 16 17 25 27 30 39 41 43 0 3 10 11 18 20 21 22 23 24 29 31 36 38 40 42
13 16 1 5 9 12 14 16 17 25 27 30 39 41 43 2 4 6 7 8 13 15 19 26 28 32 33 34 35 37 44
16 13 0 3 10 11 18 20 21 22 23 24 29 31 36 38 40 42 1 5 9 12 14 16 17 25 27 30 39 41 43
13 16 1 5 9 12 14 16 17 25 27 30 39 41 43 2 4 6 7 8 13 15 19 26 28 32 33 34 35 37 44
16 16 2 4 6 7 8 13 15 19 26 28 32 33 34 35 37 44 0 3 10 11 18 20 21 22 23 24 29 31 36 38 40 42
16 16 0 3 10 11 18 20 21 22 23 24 29 31 36 38 40 42 2 4 6 7 8 13 15 19 26 28 32 33 34 35 37 44
16 13 0 3 10 11 18 20 21 22 23 24 29 31 36 38 40 42 1 5 9 12 14 16 17 25 27 30 39 41 43
16 16 2 4 6 7 8 13 15 19 26 28 32 33 34 35 37 44 0 3 10 11 18 20 21 22 23 24 29 31 36 38 40 42
13 16 1 5 9 12 14 16 17 25 27 30 39 41 43 0 3 10 11 18 20 21 22 23 24 29 31 36 38 40 42
13 16 1 5 9 12 14 16 17 25 27 30 39 41 43 2 4 6 7 8 13 15 19 26 28 32 33 34 35 37 44
16 16 0 3 10 11 18 20 21 22 23 24 29 31 36 38 40 42 2 4 6 7 8 13 15 19 26 28 32 33 34 35 37 44
16 16 0 3 10 11 18 20 21 22 23 24 29 31 36 38 40 42 2 4 6 7 8 13 15 19 26 28 32 33 34 35 37 44
13 16 1 5 9 12 14 16 17 25 27 30 39 41 43 0 3 10 11 18 20 21 22 23 24 29 31 36 38 40 42
16 13 2 4 6 7 8 13 15 19 26 28 32 33 34 35 37 44 1 5 9 12 14 16 17 25 27 30 39 41 43
16 16 0 3 10 11 18 20 21 22 23 24 29 31 36 38 40 42 2 4 6 7 8 13 15 19 26 28 32 33 34 35 37 44
13 16 1 5 9 12 14 16 17 25 27 30 39 41 43 2 4 6 7 8 13 15 19 26 28 32 33 34 35 37 44
16 13 2 4 6 7 8 13 15 19 26 28 32 33 34 35 37 44 1 5 9 12 14 16 17 25 27 30 39 41 43
16 13 0 3 10 11 18 20 21 22 23 24 29 31 36 38 40 42 1 5 9 12 14 16 17 25 27 30 39 41 43
16 13 0 3 10 11 18 20 21 22 23 24 29 31 36 38 40 42 1 5 9 12 14 16 17 25 27 30 39 41 43
13 16 1 5 9 12 14 16 17 25 27 30 39 41 43 0 3 10 11 18 20 21 22 23 24 29 31 36 38 40 42
16 13 0 3 10 11 18 20 21 22 23 24 29 31 36 38 40 42 1 5 9 12 14 16 17 25 27 30 39 41 43
16 16 2 4 6 7 8 13 15 19 26 28 32 33 34 35 37 44 0 3 10 11 18 20 21 22 23 24 29 31 36 38 40 42
13 16 1 5 9 12 14 16 17 25 27 30 39 41 43 0 3 10 11 18 20 21 22 23 24 29 31 36 38 40 42
16 13 0 3 10 11 18 20 21 22 23 24 29 31 36 38 40 42 1 5 9 12 14 16 17 25 27 30 39 41 43
16 16 2 4 6 7 8 13 15 19 26 28 32 33 34 35 37 44 0 3 10 11 18 20 21 22 23 24 29 31 36 38 40 42
13 16 1 5 9 12 14 16 17 25 27 30 39 41 43 0 3 10 11 18 20 21 22 23 24 29 31 36 38 40 42
16 13 0 3 10 11 18 20 21 22 23 24 29 31 36 38 40 42 1 5 9 12 14 16 17 25 27 30 39 41 43
16 13 0 3 10 11 18 20 21 22 23 24 29 31 36 38 40 42 1 5 9 12 14 16 17 25 27 30 39 41 43
16 16 2 4 6 7 8 13 15 19 26 28 32 33 34 35 37 44 0 3 10 11 18 20 21 22 23 24 29 31 36 38 40 42
13 16 1 5 9 12 14 16 17 25 27 30 39 41 43 0 3 10 11 18 20 21 22 23 24 29 31 36 38 40 42
13 16 1 5 9 12 14 16 17 25 27 30 39 41 43 0 3 10 11 18 20 21 22 23 24 29 31 36 38 40 42
16 13 2 4 6 7 8 13 15 19 26 28 32 33 34 35 37 44 1 5 9 12 14 16 17 25 27 30 39 41 43
13 16 1 5 9 12 14 16 17 25 27 30 39 41 43 0 3 10 11 18 20 21 22 23 24 29 31 36 38 40 42
16 13 2 4 6 7 8 13 15 19 26 28 32 33 34 35 37 44 1 5 9 12 14 16 17 25 27 30 39 41 43
16 16 2 4 6 7 8 13 15 19 26 28 32 33 34 35 37 44 0 3 10 11 18 20 21 22 23 24 29 31 36 38 40 42
13 16 1 5 9 12 14 16 17 25 27 30 39 41 43 0 3 10 11 18 20 21 22 23 24 29 31 36 38 40 42
13 16 1 5 9 12 14 16 17 25 27 30 39 41 43 2 4 6 7 8 13 15 19 26 28 32 33 34 35 37 44
16 16 2 4 6 7 8 13 15 19 26 28 32 33 34 35 37 44 0 3 10 11 18 20 21 22 23 24 29 31 36 38 40 42
16 13 0 3 10 11 18 20 21 22 23 24 29 31 36 38 40 42 1 5 9 12 14 16 17 25 27 30 39 41 43
16 13 0 3 10 11 18 20 21 22 23 24 29 31 36 38 40 42 1 5 9 12 14 16 17 25 27 30 39 41 43
16 13 0 3 10 11 18 20 21 22 23 24 29 31 36 38 40 42 1 5 9 12 14 16 17 25 27 30 39 41 43
13 16 1 5 9 12 14 16 17 25 27 30 39 41 43 0 3 10 11 18 20 21 22 23 24 29 31 36 38 40 42
16 16 2 4 6 7 8 13 15 19 26 28 32 33 34 35 37 44 0 3 10 11 18 20 21 22 23 24 29 31 36 38 40 42
16 16 2 4 6 7 8 13 15 19 26 28 32 33 34 35 37 44 0 3 10 11 18 20 21 22 23 24 29 31 36 38 40 42
13 16 1 5 9 12 14 16 17 25 27 30 39 41 43 0 3 10 11 18 20 21 22 23 24 29 31 36 38 40 42
16 13 2 4 6 7 8 13 15 19 26 28 32 33 34 35 37 44 1 5 9 12 14 16 17 25 27 30 39 41 43
16 13 2 4 6 7 8 13 15 19 26 28 32 33 34 35 37 44 1 5 9 12 14 16 17 25 27 30 39 41 43
16 13 2 4 6 7 8 13 15 19 26 28 32 33 34 35 37 44 1 5 9 12 14 16 17 25 27 30 39 41 43
16 13 0 3 10 11 18 20 21 22 23 24 29 31 36 38 40 42 1 5 9 12 14 16 17 25 27 30 39 41 43
13 16 1 5 9 12 14 16 17 25 27 30 39 41 43 0 3 10 11 18 20 21 22 23 24 29 31 36 38 40 42
16 16 2 4 6 7 8 13 15 19 26 28 32 33 34 35 37 44 0 3 10 11 18 20 21 22 23 24 29 31 36 38 40 42
16 13 0 3 10 11 18 20 21 22 23 24 29 31 36 38 40 42 1 5 9 12 14 16 17 25 27 30 39 41 43
16 13 0 3 10 11 18 20 21 22 23 24 29 31 36 38 40 42 1 5 9 12 14 16 17 25 27 30 39 41 43
13 16 1 5 9 12 14 16 17 25 27 30 39 41 43 0 3 10 11 18 20 21 22 23 24 29 31 36 38 40 42
16 13 0 3 10 11 18 20 21 22 23 24 29 31 36 38 40 42 1 5 9 12 14 16 17 25 27 30 39 41 43
16 16 2 4 6 7 8 13 15 19 26 28 32 33 34 35 37 44 0 3 10 11 18 20 21 22 23 24 29 31 36 38 40 42
13 16 1 5 9 12 14 16 17 25 27 30 39 41 43 0 3 10 11 18 20 21 22 23 24 29 31 36 38 40 42
16 16 2 4 6 7 8 13 15 19 26 28 32 33 34 35 37 44 0 3 10 11 18 20 21 22 23 24 29 31 36 38 40 42
16 16 0 3 10 11 18 20 21 22 23 24 29 31 36 38 40 42 2 4 6 7 8 13 15 19 26 28 32 33 34 35 37 44
16 16 2 4 6 7 8 13 15 19 26 28 32 33 34 35 37 44 0 3 10 11 18 20 21 22 23 24 29 31 36 38 40 42
13 16 1 5 9 12 14 16 17 25 27 30 39 41 43 0 3 10 11 18 20 21 22 23 24 29 31 36 38 40 42
16 16 0 3 10 11 18 20 21 22 23 24 29 31 36 38 40 42 2 4 6 7 8 13 15 19 26 28 32 33 34 35 37 44
13 16 1 5 9 12 14 16 17 25 27 30 39 41 43 0 3 10 11 18 20 21 22 23 24 29 31 36 38 40 42
16 16 0 3 10 11 18 20 21 22 23 24 29 31 36 38 40 42 2 4 6 7 8 13 15 19 26 28 32 33 34 35 37 44
16 13 0 3 10 11 18 20 21 22 23 24 29 31 36 38 40 42 1 5 9 12 14 16 17 25 27 30 39 41 43
16 16 0 3 10 11 18 20 21 22 23 24 29 31 36 38 40 42 2 4 6 7 8 13 15 19 26 28 32 33 34 35 37 44
16 16 2 4 6 7 8 13 15 19 26 28 32 33 34 35 37 44 0 3 10 11 18 20 21 22 23 24 29 31 36 38 40 42
16 13 0 3 10 11 18 20 21 22 23 24 29 31 36 38 40 42 1 5 9 12 14 16 17 25 27 30 39 41 43
16 13 2 4 6 7 8 13 15 19 26 28 32 33 34 35 37 44 1 5 9 12 14 16 17 25 27 30 39 41 43
16 13 0 3 10 11 18 20 21 22 23 24 29 31 36 38 40 42 1 5 9 12 14 16 17 25 27 30 39 41 43
16 13 2 4 6 7 8 13 15 19 26 28 32 33 34 35 37 44 1 5 9 12 14 16 17 25 27 30 39 41 43
16 16 2 4 6 7 8 13 15 19 26 28 32 33 34 35 37 44 0 3 10 11 18 20 21 22 23 24 29 31 36 38 40 42
13 16 1 5 9 12 14 16 17 25 27 30 39 41 43 2 4 6 7 8 13 15 19 26 28 32 33 34 35 37 44
16 16 0 3 10 11 18 20 21 22 23 24 29 31 36 38 40 42 2 4 6 7 8 13 15 19 26 28 32 33 34 35 37 44
16 16 0 3 10 11 18 20 21 22 23 24 29 31 36 38 40 42 2 4 6 7 8 13 15 19 26 28 32 33 34 35 37 44
16 16 0 3 10 11 18 20 21 22 23 24 29 31 36 38 40 42 2 4 6 7 8 13 15 19 26 28 32 33 34 35 37 44
13 16 1 5 9 12 14 16 17 25 27 30 39 41 43 0 3 10 11 18 20 21 22 23 24 29 31 36 38 40 42
16 13 0 3 10 11 18 20 21 22 23 24 29 31 36 38 40 42 1 5 9 12 14 16 17 25 27 30 39 41 43
16 16 0 3 10 11 18 20 21 22 23 24 29 31 36 38 40 42 2 4 6 7 8 13 15 19 26 28 32 33 34 35 37 44
16 16 0 3 10 11 18 20 21 22 23 24 29 31 36 38 40 42 2 4 6 7 8 13 15 19 26 28 32 33 34 35 37 44
16 13 0 3 10 11 18 20 21 22 23 24 29 31 36 38 40 42 1 5 9 12 14 16 17 25 27 30 39 41 43
16 13 2 4 6 7 8 13 15 19 26 28 32 33 34 35 37 44 1 5 9 12 14 16 17 25 27 30 39 41 43
16 13 2 4 6 7 8 13 15 19 26 28 32 33 34 35 37 44 1 5 9 12 14 16 17 25 27 30 39 41 43
16 13 0 3 10 11 18 20 21 22 23 24 29 31 36 38 40 42 1 5 9 12 14 16 17 25 27 30 39 41 43
16 13 0 3 10 11 18 20 21 22 23 24 29 31 36 38 40 42 1 5 9 12 14 16 17 25 27 30 39 41 43
16 16 0 3 10 11 18 20 21 22 23 24 29 31 36 38 40 42 2 4 6 7 8 13 15 19 26 28 32 33 34 35 37 44
16 16 2 4 6 7 8 13 15 19 26 28 32 33 34 35 37 44 0 3 10 11 18 20 21 22 23 24 29 31 36 38 40 42
16 13 0 3 10 11 18 20 21 22 23 24 29 31 36 38 40 42 1 5 9 12 14 16 17 25 27 30 39 41 43
16 13 2 4 6 7 8 13 15 19 26 28 32 33 34 35 37 44 1 5 9 12 14 16 17 25 27 30 39 41 43
16 13 2 4 6 7 8 13 15 19 26 28 32 33 34 35 37 44 1 5 9 12 14 16 17 25 27 30 39 41 43
16 13 2 4 6 7 8 13 15 19 26 28 32 33 34 35 37 44 1 5 9 12 14 16 17 25 27 30 39 41 43
16 16 0 3 10 11 18 20 21 22 23 24 29 31 36 38 40 42 2 4 6 7 8 13 15 19 26 28 32 33 34 35 37 44
13 16 1 5 9 12 14 16 17 25 27 30 39 41 43 0 3 10 11 18 20 21 22 23 24 29 31 36 38 40 42
16 13 0 3 10 11 18 20 21 22 23 24 29 31 36 38 40 42 1 5 9 12 14 16 17 25 27 30 39 41 43
16 13 2 4 6 7 8 13 15 19 26 28 32 33 34 35 37 44 1 5 9 12 14 16 17 25 27 30 39 41 43
16 16 0 3 10 11 18 20 21 22 23 24 29 31 36 38 40 42 2 4 6 7 8 13 15 19 26 28 32 33 34 35 37 44
16 16 2 4 6 7 8 13 15 19 26 28 32 33 34 35 37 44 0 3 10 11 18 20 21 22 23 24 29 31 36 38 40 42
16 13 2 4 6 7 8 13 15 19 26 28 32 33 34 35 37 44 1 5 9 12 14 16 17 25 27 30 39 41 43
13 16 1 5 9 12 14 16 17 25 27 30 39 41 43 0 3 10 11 18 20 21 22 23 24 29 31 36 38 40 42
16 16 2 4 6 7 8 13 15 19 26 28 32 33 34 35 37 44 0 3 10 11 18 20 21 22 23 24 29 31 36 38 40 42
16 16 2 4 6 7 8 13 15 19 26 28 32 33 34 35 37 44 0 3 10 11 18 20 21 22 23 24 29 31 36 38 40 42
13 16 1 5 9 12 14 16 17 25 27 30 39 41 43 2 4 6 7 8 13 15 19 26 28 32 33 34 35 37 44
13 16 1 5 9 12 14 16 17 25 27 30 39 41 43 2 4 6 7 8 13 15 19 26 28 32 33 34 35 37 44
16 16 0 3 10 11 18 20 21 22 23 24 29 31 36 38 40 42 2 4 6 7 8 13 15 19 26 28 32 33 34 35 37 44
16 16 2 4 6 7 8 13 15 19 26 28 32 33 34 35 37 44 0 3 10 11 18 20 21 22 23 24 29 31 36 38 40 42
16 16 2 4 6 7 8 13 15 19 26 28 32 33 34 35 37 44 0 3 10 11 18 20 21 22 23 24 29 31 36 38 40 42
2 0 0 0 1 1 0 0 2 2 1 0 2 1 0 2 1 2 1 0 0 0 1 2 1 1 2 1 1 0 0 0 2 1 2 1 2 0 1 0 0 2 2 2 1
