1 1 27 21
1 1 17 71
1 1 35 39
1 1 6 56
1 1 6 56
1 1 15 10
1 1 27 33
1 1 49 1
1 1 64 23
1 1 52 36
1 1 74 26
1 1 67 75
1 1 73 48
1 1 2 62
1 1 29 38
1 1 26 14
1 1 49 18
1 1 29 22
1 1 74 53
1 1 37 22
1 1 63 4
1 1 11 31
1 1 84 19
1 1 65 36
1 1 70 84
1 1 44 79
1 1 42 69
1 1 54 80
1 1 22 57
1 1 39 89
1 1 5 75
1 1 48 40
1 1 30 51
1 1 38 19
1 1 42 14
1 1 39 61
1 1 45 80
1 1 81 60
1 1 30 19
1 1 45 70
1 1 9 88
1 1 88 32
1 1 45 86
1 1 6 37
1 1 21 91
1 1 6 16
1 1 72 10
1 1 58 32
1 1 31 45
1 1 89 9
1 1 11 16
1 1 30 49
1 1 21 3
1 1 64 56
1 1 30 22
1 1 4 26
1 1 49 8
1 1 78 8
1 1 34 59
1 1 65 88
1 1 1 3
1 1 47 70
1 1 49 69
1 1 73 53
1 1 29 21
1 1 38 86
1 1 19 42
1 1 64 85
1 1 27 6
1 1 56 11
1 1 4 24
1 1 55 25
1 1 18 63
1 1 59 53
1 1 20 91
1 1 16 48
1 1 17 30
1 1 70 0
1 1 35 15
1 1 91 21
1 1 65 48
1 1 13 29
1 1 53 55
1 1 62 73
1 1 4 2
1 1 30 17
1 1 69 44
1 1 71 14
1 1 21 35
1 1 84 75
1 1 13 85
1 1 62 20
1 1 13 32
1 1 68 13
1 1 61 54
1 1 55 24
1 1 35 26
1 1 58 69
1 1 29 67
1 1 24 8
1 1 92 19
1 1 49 13
1 1 91 4
1 1 61 33
1 1 26 85
1 1 70 69
1 1 33 8
1 1 13 61
1 1 31 92
1 1 72 87
1 1 52 78
1 1 92 68
1 1 84 87
1 1 52 20
1 1 16 60
1 1 2 31
1 1 46 44
1 1 18 27
1 1 63 35
1 1 84 21
1 1 23 20
1 1 43 38
1 1 1 39
1 1 66 48
1 1 64 11
1 1 14 80
1 1 58 12
1 1 30 21
1 1 54 83
1 1 69 75
1 1 83 76
1 1 70 1
1 1 75 77
1 1 89 55
1 1 26 80
1 1 58 59
1 1 77 55
1 1 54 0
1 1 45 2
1 1 50 38
1 1 0 15
1 1 28 33
1 1 83 91
1 1 7 73
1 1 62 82
1 1 47 42
1 1 56 23
1 1 16 14
1 1 87 29
1 1 81 70
1 1 56 79
1 1 50 35
1 1 30 46
1 1 34 4
1 1 70 34
1 1 57 41
1 1 62 11
1 1 43 62
10 8 6 18 19 28 32 41 51 65 78 90 8 36 42 57 60 61 83 86
10 7 6 18 19 28 32 41 51 65 78 90 2 37 53 58 64 66 84
8 10 8 36 42 57 60 61 83 86 6 18 19 28 32 41 51 65 78 90
11 11 0 13 49 50 55 59 72 80 81 89 92 3 15 21 23 29 38 45 68 85 88 91
5 10 9 16 63 74 75 6 18 19 28 32 41 51 65 78 90
5 5 9 16 63 74 75 11 30 35 76 79
7 5 7 14 17 25 43 77 87 9 16 63 74 75
11 5 0 13 49 50 55 59 72 80 81 89 92 9 16 63 74 75
11 7 3 15 21 23 29 38 45 68 85 88 91 7 14 17 25 43 77 87
6 11 1 24 27 33 56 73 3 15 21 23 29 38 45 68 85 88 91
5 6 9 16 63 74 75 5 12 34 69 70 71
7 10 7 14 17 25 43 77 87 6 18 19 28 32 41 51 65 78 90
6 11 4 39 40 46 48 52 3 15 21 23 29 38 45 68 85 88 91
11 7 0 13 49 50 55 59 72 80 81 89 92 7 14 17 25 43 77 87
6 11 1 24 27 33 56 73 10 20 22 26 31 44 47 54 62 67 82
8 11 8 36 42 57 60 61 83 86 3 15 21 23 29 38 45 68 85 88 91
7 11 2 37 53 58 64 66 84 0 13 49 50 55 59 72 80 81 89 92
6 10 5 12 34 69 70 71 6 18 19 28 32 41 51 65 78 90
7 5 7 14 17 25 43 77 87 11 30 35 76 79
7 11 7 14 17 25 43 77 87 3 15 21 23 29 38 45 68 85 88 91
11 8 0 13 49 50 55 59 72 80 81 89 92 8 36 42 57 60 61 83 86
6 7 5 12 34 69 70 71 2 37 53 58 64 66 84
11 10 3 15 21 23 29 38 45 68 85 88 91 6 18 19 28 32 41 51 65 78 90
5 8 11 30 35 76 79 8 36 42 57 60 61 83 86
11 6 0 13 49 50 55 59 72 80 81 89 92 5 12 34 69 70 71
11 5 0 13 49 50 55 59 72 80 81 89 92 9 16 63 74 75
6 6 4 39 40 46 48 52 5 12 34 69 70 71
7 6 2 37 53 58 64 66 84 1 24 27 33 56 73
5 5 11 30 35 76 79 9 16 63 74 75
7 11 2 37 53 58 64 66 84 0 13 49 50 55 59 72 80 81 89 92
6 11 4 39 40 46 48 52 0 13 49 50 55 59 72 80 81 89 92
6 11 1 24 27 33 56 73 0 13 49 50 55 59 72 80 81 89 92
7 6 2 37 53 58 64 66 84 5 12 34 69 70 71
5 10 9 16 63 74 75 6 18 19 28 32 41 51 65 78 90
5 6 11 30 35 76 79 1 24 27 33 56 73
6 5 5 12 34 69 70 71 11 30 35 76 79
11 5 10 20 22 26 31 44 47 54 62 67 82 9 16 63 74 75
11 5 0 13 49 50 55 59 72 80 81 89 92 11 30 35 76 79
11 5 3 15 21 23 29 38 45 68 85 88 91 9 16 63 74 75
8 11 8 36 42 57 60 61 83 86 0 13 49 50 55 59 72 80 81 89 92
5 11 9 16 63 74 75 3 15 21 23 29 38 45 68 85 88 91
7 5 2 37 53 58 64 66 84 11 30 35 76 79
10 6 6 18 19 28 32 41 51 65 78 90 4 39 40 46 48 52
8 11 8 36 42 57 60 61 83 86 0 13 49 50 55 59 72 80 81 89 92
7 10 2 37 53 58 64 66 84 6 18 19 28 32 41 51 65 78 90
6 5 4 39 40 46 48 52 9 16 63 74 75
10 11 6 18 19 28 32 41 51 65 78 90 10 20 22 26 31 44 47 54 62 67 82
6 6 5 12 34 69 70 71 4 39 40 46 48 52
5 11 11 30 35 76 79 0 13 49 50 55 59 72 80 81 89 92
5 7 11 30 35 76 79 2 37 53 58 64 66 84
11 11 3 15 21 23 29 38 45 68 85 88 91 0 13 49 50 55 59 72 80 81 89 92
11 6 3 15 21 23 29 38 45 68 85 88 91 5 12 34 69 70 71
7 5 7 14 17 25 43 77 87 9 16 63 74 75
7 5 2 37 53 58 64 66 84 11 30 35 76 79
6 7 1 24 27 33 56 73 2 37 53 58 64 66 84
7 5 7 14 17 25 43 77 87 11 30 35 76 79
6 7 4 39 40 46 48 52 7 14 17 25 43 77 87
5 6 11 30 35 76 79 1 24 27 33 56 73
7 11 2 37 53 58 64 66 84 0 13 49 50 55 59 72 80 81 89 92
6 11 4 39 40 46 48 52 3 15 21 23 29 38 45 68 85 88 91
6 11 1 24 27 33 56 73 0 13 49 50 55 59 72 80 81 89 92
6 11 1 24 27 33 56 73 3 15 21 23 29 38 45 68 85 88 91
11 5 3 15 21 23 29 38 45 68 85 88 91 11 30 35 76 79
5 11 11 30 35 76 79 0 13 49 50 55 59 72 80 81 89 92
6 6 1 24 27 33 56 73 5 12 34 69 70 71
8 5 8 36 42 57 60 61 83 86 11 30 35 76 79
7 10 7 14 17 25 43 77 87 6 18 19 28 32 41 51 65 78 90
10 7 6 18 19 28 32 41 51 65 78 90 7 14 17 25 43 77 87
5 8 11 30 35 76 79 8 36 42 57 60 61 83 86
6 6 4 39 40 46 48 52 1 24 27 33 56 73
7 6 7 14 17 25 43 77 87 4 39 40 46 48 52
11 5 10 20 22 26 31 44 47 54 62 67 82 11 30 35 76 79
8 11 8 36 42 57 60 61 83 86 0 13 49 50 55 59 72 80 81 89 92
5 6 11 30 35 76 79 1 24 27 33 56 73
8 11 8 36 42 57 60 61 83 86 3 15 21 23 29 38 45 68 85 88 91
7 10 7 14 17 25 43 77 87 6 18 19 28 32 41 51 65 78 90
6 7 5 12 34 69 70 71 7 14 17 25 43 77 87
6 6 4 39 40 46 48 52 1 24 27 33 56 73
6 11 4 39 40 46 48 52 3 15 21 23 29 38 45 68 85 88 91
7 5 7 14 17 25 43 77 87 11 30 35 76 79
8 11 8 36 42 57 60 61 83 86 3 15 21 23 29 38 45 68 85 88 91
11 7 3 15 21 23 29 38 45 68 85 88 91 2 37 53 58 64 66 84
7 10 7 14 17 25 43 77 87 6 18 19 28 32 41 51 65 78 90
11 8 3 15 21 23 29 38 45 68 85 88 91 8 36 42 57 60 61 83 86
6 8 4 39 40 46 48 52 8 36 42 57 60 61 83 86
11 7 3 15 21 23 29 38 45 68 85 88 91 2 37 53 58 64 66 84
11 6 3 15 21 23 29 38 45 68 85 88 91 4 39 40 46 48 52
7 11 2 37 53 58 64 66 84 0 13 49 50 55 59 72 80 81 89 92
6 7 1 24 27 33 56 73 2 37 53 58 64 66 84
6 8 1 24 27 33 56 73 8 36 42 57 60 61 83 86
5 11 9 16 63 74 75 10 20 22 26 31 44 47 54 62 67 82
10 5 6 18 19 28 32 41 51 65 78 90 9 16 63 74 75
11 6 10 20 22 26 31 44 47 54 62 67 82 1 24 27 33 56 73
6 8 1 24 27 33 56 73 8 36 42 57 60 61 83 86
10 5 6 18 19 28 32 41 51 65 78 90 11 30 35 76 79
11 5 0 13 49 50 55 59 72 80 81 89 92 11 30 35 76 79
7 11 7 14 17 25 43 77 87 10 20 22 26 31 44 47 54 62 67 82
11 5 0 13 49 50 55 59 72 80 81 89 92 11 30 35 76 79
7 11 7 14 17 25 43 77 87 0 13 49 50 55 59 72 80 81 89 92
6 11 5 12 34 69 70 71 3 15 21 23 29 38 45 68 85 88 91
5 7 11 30 35 76 79 7 14 17 25 43 77 87
5 11 9 16 63 74 75 3 15 21 23 29 38 45 68 85 88 91
5 6 11 30 35 76 79 4 39 40 46 48 52
5 11 9 16 63 74 75 10 20 22 26 31 44 47 54 62 67 82
7 6 7 14 17 25 43 77 87 1 24 27 33 56 73
10 5 6 18 19 28 32 41 51 65 78 90 11 30 35 76 79
5 8 11 30 35 76 79 8 36 42 57 60 61 83 86
6 11 1 24 27 33 56 73 10 20 22 26 31 44 47 54 62 67 82
7 6 2 37 53 58 64 66 84 1 24 27 33 56 73
7 11 2 37 53 58 64 66 84 0 13 49 50 55 59 72 80 81 89 92
10 5 6 18 19 28 32 41 51 65 78 90 9 16 63 74 75
11 6 3 15 21 23 29 38 45 68 85 88 91 4 39 40 46 48 52
7 5 7 14 17 25 43 77 87 9 16 63 74 75
5 5 9 16 63 74 75 11 30 35 76 79
11 7 0 13 49 50 55 59 72 80 81 89 92 2 37 53 58 64 66 84
11 5 0 13 49 50 55 59 72 80 81 89 92 11 30 35 76 79
11 5 3 15 21 23 29 38 45 68 85 88 91 11 30 35 76 79
6 7 4 39 40 46 48 52 7 14 17 25 43 77 87
6 6 4 39 40 46 48 52 1 24 27 33 56 73
8 6 8 36 42 57 60 61 83 86 1 24 27 33 56 73
8 6 8 36 42 57 60 61 83 86 5 12 34 69 70 71
8 10 8 36 42 57 60 61 83 86 6 18 19 28 32 41 51 65 78 90
5 6 11 30 35 76 79 1 24 27 33 56 73
11 11 10 20 22 26 31 44 47 54 62 67 82 0 13 49 50 55 59 72 80 81 89 92
6 6 5 12 34 69 70 71 4 39 40 46 48 52
11 5 10 20 22 26 31 44 47 54 62 67 82 9 16 63 74 75
6 5 4 39 40 46 48 52 11 30 35 76 79
7 6 7 14 17 25 43 77 87 5 12 34 69 70 71
10 5 6 18 19 28 32 41 51 65 78 90 9 16 63 74 75
6 5 4 39 40 46 48 52 9 16 63 74 75
7 5 2 37 53 58 64 66 84 11 30 35 76 79
7 7 2 37 53 58 64 66 84 7 14 17 25 43 77 87
6 10 1 24 27 33 56 73 6 18 19 28 32 41 51 65 78 90
6 11 5 12 34 69 70 71 10 20 22 26 31 44 47 54 62 67 82
6 7 5 12 34 69 70 71 2 37 53 58 64 66 84
10 8 6 18 19 28 32 41 51 65 78 90 8 36 42 57 60 61 83 86
11 7 0 13 49 50 55 59 72 80 81 89 92 2 37 53 58 64 66 84
6 6 4 39 40 46 48 52 5 12 34 69 70 71
8 6 8 36 42 57 60 61 83 86 4 39 40 46 48 52
11 7 3 15 21 23 29 38 45 68 85 88 91 2 37 53 58 64 66 84
11 11 10 20 22 26 31 44 47 54 62 67 82 3 15 21 23 29 38 45 68 85 88 91
10 6 6 18 19 28 32 41 51 65 78 90 1 24 27 33 56 73
6 10 5 12 34 69 70 71 6 18 19 28 32 41 51 65 78 90
7 8 7 14 17 25 43 77 87 8 36 42 57 60 61 83 86
6 7 4 39 40 46 48 52 2 37 53 58 64 66 84
11 10 3 15 21 23 29 38 45 68 85 88 91 6 18 19 28 32 41 51 65 78 90
11 6 0 13 49 50 55 59 72 80 81 89 92 5 12 34 69 70 71
5 5 9 16 63 74 75 11 30 35 76 79
6 5 5 12 34 69 70 71 9 16 63 74 75
6 5 5 12 34 69 70 71 11 30 35 76 79
5 8 9 16 63 74 75 8 36 42 57 60 61 83 86
5 11 9 16 63 74 75 3 15 21 23 29 38 45 68 85 88 91
5 6 9 16 63 74 75 4 39 40 46 48 52
6 8 5 12 34 69 70 71 8 36 42 57 60 61 83 86
11 5 3 15 21 23 29 38 45 68 85 88 91 11 30 35 76 79
11 11 10 20 22 26 31 44 47 54 62 67 82 3 15 21 23 29 38 45 68 85 88 91
11 5 10 20 22 26 31 44 47 54 62 67 82 11 30 35 76 79
8 7 8 36 42 57 60 61 83 86 2 37 53 58 64 66 84
11 7 0 13 49 50 55 59 72 80 81 89 92 2 37 53 58 64 66 84
5 7 11 30 35 76 79 2 37 53 58 64 66 84
5 6 11 30 35 76 79 5 12 34 69 70 71
6 5 5 12 34 69 70 71 11 30 35 76 79
8 10 8 36 42 57 60 61 83 86 6 18 19 28 32 41 51 65 78 90
11 5 10 20 22 26 31 44 47 54 62 67 82 9 16 63 74 75
8 11 8 36 42 57 60 61 83 86 0 13 49 50 55 59 72 80 81 89 92
6 7 5 12 34 69 70 71 2 37 53 58 64 66 84
5 7 11 30 35 76 79 7 14 17 25 43 77 87
6 6 1 24 27 33 56 73 5 12 34 69 70 71
8 5 8 36 42 57 60 61 83 86 11 30 35 76 79
11 7 3 15 21 23 29 38 45 68 85 88 91 2 37 53 58 64 66 84
11 8 10 20 22 26 31 44 47 54 62 67 82 8 36 42 57 60 61 83 86
11 10 10 20 22 26 31 44 47 54 62 67 82 6 18 19 28 32 41 51 65 78 90
6 10 5 12 34 69 70 71 6 18 19 28 32 41 51 65 78 90
6 11 1 24 27 33 56 73 3 15 21 23 29 38 45 68 85 88 91
6 11 5 12 34 69 70 71 3 15 21 23 29 38 45 68 85 88 91
5 11 11 30 35 76 79 10 20 22 26 31 44 47 54 62 67 82
5 6 11 30 35 76 79 4 39 40 46 48 52
8 6 8 36 42 57 60 61 83 86 4 39 40 46 48 52
8 5 8 36 42 57 60 61 83 86 11 30 35 76 79
10 6 6 18 19 28 32 41 51 65 78 90 4 39 40 46 48 52
5 7 9 16 63 74 75 2 37 53 58 64 66 84
7 11 2 37 53 58 64 66 84 0 13 49 50 55 59 72 80 81 89 92
10 7 6 18 19 28 32 41 51 65 78 90 2 37 53 58 64 66 84
7 6 7 14 17 25 43 77 87 5 12 34 69 70 71
6 11 4 39 40 46 48 52 0 13 49 50 55 59 72 80 81 89 92
11 11 0 13 49 50 55 59 72 80 81 89 92 10 20 22 26 31 44 47 54 62 67 82
11 11 3 15 21 23 29 38 45 68 85 88 91 10 20 22 26 31 44 47 54 62 67 82
5 10 9 16 63 74 75 6 18 19 28 32 41 51 65 78 90
11 7 0 13 49 50 55 59 72 80 81 89 92 7 14 17 25 43 77 87
11 6 0 13 49 50 55 59 72 80 81 89 92 5 12 34 69 70 71
5 11 11 30 35 76 79 0 13 49 50 55 59 72 80 81 89 92
6 7 4 39 40 46 48 52 2 37 53 58 64 66 84
6 7 4 39 40 46 48 52 2 37 53 58 64 66 84
6 6 4 39 40 46 48 52 5 12 34 69 70 71
11 6 10 20 22 26 31 44 47 54 62 67 82 1 24 27 33 56 73
7 11 7 14 17 25 43 77 87 0 13 49 50 55 59 72 80 81 89 92
5 6 11 30 35 76 79 1 24 27 33 56 73
5 11 9 16 63 74 75 0 13 49 50 55 59 72 80 81 89 92
6 7 4 39 40 46 48 52 2 37 53 58 64 66 84
6 6 4 39 40 46 48 52 5 12 34 69 70 71
5 11 9 16 63 74 75 10 20 22 26 31 44 47 54 62 67 82
5 6 9 16 63 74 75 4 39 40 46 48 52
8 10 8 36 42 57 60 61 83 86 6 18 19 28 32 41 51 65 78 90
7 5 7 14 17 25 43 77 87 9 16 63 74 75
11 8 0 13 49 50 55 59 72 80 81 89 92 8 36 42 57 60 61 83 86
7 7 2 37 53 58 64 66 84 7 14 17 25 43 77 87
5 7 11 30 35 76 79 7 14 17 25 43 77 87
6 8 5 12 34 69 70 71 8 36 42 57 60 61 83 86
8 10 8 36 42 57 60 61 83 86 6 18 19 28 32 41 51 65 78 90
6 7 1 24 27 33 56 73 7 14 17 25 43 77 87
10 7 6 18 19 28 32 41 51 65 78 90 2 37 53 58 64 66 84
8 10 8 36 42 57 60 61 83 86 6 18 19 28 32 41 51 65 78 90
11 6 0 13 49 50 55 59 72 80 81 89 92 5 12 34 69 70 71
7 6 7 14 17 25 43 77 87 1 24 27 33 56 73
11 6 0 13 49 50 55 59 72 80 81 89 92 5 12 34 69 70 71
5 10 11 30 35 76 79 6 18 19 28 32 41 51 65 78 90
11 11 3 15 21 23 29 38 45 68 85 88 91 10 20 22 26 31 44 47 54 62 67 82
6 6 4 39 40 46 48 52 1 24 27 33 56 73
6 8 1 24 27 33 56 73 8 36 42 57 60 61 83 86
10 8 6 18 19 28 32 41 51 65 78 90 8 36 42 57 60 61 83 86
6 11 4 39 40 46 48 52 10 20 22 26 31 44 47 54 62 67 82
6 6 1 24 27 33 56 73 4 39 40 46 48 52
8 6 8 36 42 57 60 61 83 86 5 12 34 69 70 71
11 8 3 15 21 23 29 38 45 68 85 88 91 8 36 42 57 60 61 83 86
6 8 4 39 40 46 48 52 8 36 42 57 60 61 83 86
11 10 0 13 49 50 55 59 72 80 81 89 92 6 18 19 28 32 41 51 65 78 90
10 11 6 18 19 28 32 41 51 65 78 90 0 13 49 50 55 59 72 80 81 89 92
11 6 0 13 49 50 55 59 72 80 81 89 92 4 39 40 46 48 52
11 6 0 13 49 50 55 59 72 80 81 89 92 5 12 34 69 70 71
7 8 2 37 53 58 64 66 84 8 36 42 57 60 61 83 86
6 5 1 24 27 33 56 73 9 16 63 74 75
7 5 2 37 53 58 64 66 84 11 30 35 76 79
6 6 4 39 40 46 48 52 5 12 34 69 70 71
11 6 10 20 22 26 31 44 47 54 62 67 82 5 12 34 69 70 71
6 5 5 12 34 69 70 71 11 30 35 76 79
11 5 0 13 49 50 55 59 72 80 81 89 92 11 30 35 76 79
11 10 0 13 49 50 55 59 72 80 81 89 92 6 18 19 28 32 41 51 65 78 90
11 6 3 15 21 23 29 38 45 68 85 88 91 5 12 34 69 70 71
11 7 0 13 49 50 55 59 72 80 81 89 92 7 14 17 25 43 77 87
6 11 4 39 40 46 48 52 10 20 22 26 31 44 47 54 62 67 82
11 7 3 15 21 23 29 38 45 68 85 88 91 2 37 53 58 64 66 84
6 5 5 12 34 69 70 71 9 16 63 74 75
6 11 1 24 27 33 56 73 10 20 22 26 31 44 47 54 62 67 82
6 5 5 12 34 69 70 71 11 30 35 76 79
7 7 7 14 17 25 43 77 87 2 37 53 58 64 66 84
5 8 11 30 35 76 79 8 36 42 57 60 61 83 86
7 11 7 14 17 25 43 77 87 0 13 49 50 55 59 72 80 81 89 92
7 11 2 37 53 58 64 66 84 0 13 49 50 55 59 72 80 81 89 92
6 11 5 12 34 69 70 71 10 20 22 26 31 44 47 54 62 67 82
5 11 11 30 35 76 79 3 15 21 23 29 38 45 68 85 88 91
11 5 0 13 49 50 55 59 72 80 81 89 92 9 16 63 74 75
6 8 4 39 40 46 48 52 8 36 42 57 60 61 83 86
7 8 7 14 17 25 43 77 87 8 36 42 57 60 61 83 86
6 7 4 39 40 46 48 52 2 37 53 58 64 66 84
6 7 5 12 34 69 70 71 7 14 17 25 43 77 87
10 6 6 18 19 28 32 41 51 65 78 90 4 39 40 46 48 52
11 6 3 15 21 23 29 38 45 68 85 88 91 5 12 34 69 70 71
5 5 9 16 63 74 75 11 30 35 76 79
11 8 0 13 49 50 55 59 72 80 81 89 92 8 36 42 57 60 61 83 86
11 10 10 20 22 26 31 44 47 54 62 67 82 6 18 19 28 32 41 51 65 78 90
11 7 3 15 21 23 29 38 45 68 85 88 91 7 14 17 25 43 77 87
7 5 7 14 17 25 43 77 87 11 30 35 76 79
11 11 0 13 49 50 55 59 72 80 81 89 92 10 20 22 26 31 44 47 54 62 67 82
11 11 10 20 22 26 31 44 47 54 62 67 82 0 13 49 50 55 59 72 80 81 89 92
7 8 2 37 53 58 64 66 84 8 36 42 57 60 61 83 86
11 6 3 15 21 23 29 38 45 68 85 88 91 5 12 34 69 70 71
6 8 5 12 34 69 70 71 8 36 42 57 60 61 83 86
5 11 9 16 63 74 75 10 20 22 26 31 44 47 54 62 67 82
6 6 1 24 27 33 56 73 4 39 40 46 48 52
11 7 0 13 49 50 55 59 72 80 81 89 92 2 37 53 58 64 66 84
11 7 3 15 21 23 29 38 45 68 85 88 91 2 37 53 58 64 66 84
8 5 8 36 42 57 60 61 83 86 9 16 63 74 75
6 5 5 12 34 69 70 71 11 30 35 76 79
6 6 1 24 27 33 56 73 4 39 40 46 48 52
5 5 9 16 63 74 75 11 30 35 76 79
11 11 3 15 21 23 29 38 45 68 85 88 91 0 13 49 50 55 59 72 80 81 89 92
6 5 4 39 40 46 48 52 9 16 63 74 75
7 8 2 37 53 58 64 66 84 8 36 42 57 60 61 83 86
11 8 10 20 22 26 31 44 47 54 62 67 82 8 36 42 57 60 61 83 86
6 10 5 12 34 69 70 71 6 18 19 28 32 41 51 65 78 90
10 5 6 18 19 28 32 41 51 65 78 90 9 16 63 74 75
11 5 10 20 22 26 31 44 47 54 62 67 82 9 16 63 74 75
5 10 11 30 35 76 79 6 18 19 28 32 41 51 65 78 90
8 10 8 36 42 57 60 61 83 86 6 18 19 28 32 41 51 65 78 90
10 7 6 18 19 28 32 41 51 65 78 90 2 37 53 58 64 66 84
10 6 6 18 19 28 32 41 51 65 78 90 4 39 40 46 48 52
7 7 2 37 53 58 64 66 84 7 14 17 25 43 77 87
6 11 5 12 34 69 70 71 3 15 21 23 29 38 45 68 85 88 91
11 5 3 15 21 23 29 38 45 68 85 88 91 9 16 63 74 75
6 6 4 39 40 46 48 52 5 12 34 69 70 71
6 11 1 24 27 33 56 73 10 20 22 26 31 44 47 54 62 67 82
5 11 11 30 35 76 79 10 20 22 26 31 44 47 54 62 67 82
8 6 8 36 42 57 60 61 83 86 4 39 40 46 48 52
7 5 7 14 17 25 43 77 87 9 16 63 74 75
6 5 1 24 27 33 56 73 11 30 35 76 79
7 6 7 14 17 25 43 77 87 1 24 27 33 56 73
11 6 10 20 22 26 31 44 47 54 62 67 82 5 12 34 69 70 71
6 7 1 24 27 33 56 73 2 37 53 58 64 66 84
10 7 6 18 19 28 32 41 51 65 78 90 7 14 17 25 43 77 87
6 5 5 12 34 69 70 71 9 16 63 74 75
11 5 0 13 49 50 55 59 72 80 81 89 92 9 16 63 74 75
6 11 1 24 27 33 56 73 3 15 21 23 29 38 45 68 85 88 91
10 6 6 18 19 28 32 41 51 65 78 90 1 24 27 33 56 73
5 7 9 16 63 74 75 7 14 17 25 43 77 87
8 7 8 36 42 57 60 61 83 86 7 14 17 25 43 77 87
11 6 0 13 49 50 55 59 72 80 81 89 92 5 12 34 69 70 71
11 7 10 20 22 26 31 44 47 54 62 67 82 7 14 17 25 43 77 87
5 10 9 16 63 74 75 6 18 19 28 32 41 51 65 78 90
11 10 3 15 21 23 29 38 45 68 85 88 91 6 18 19 28 32 41 51 65 78 90
7 6 7 14 17 25 43 77 87 1 24 27 33 56 73
5 6 9 16 63 74 75 4 39 40 46 48 52
10 6 6 18 19 28 32 41 51 65 78 90 4 39 40 46 48 52
5 11 11 30 35 76 79 3 15 21 23 29 38 45 68 85 88 91
11 7 0 13 49 50 55 59 72 80 81 89 92 7 14 17 25 43 77 87
8 5 8 36 42 57 60 61 83 86 9 16 63 74 75
10 6 6 18 19 28 32 41 51 65 78 90 4 39 40 46 48 52
6 11 1 24 27 33 56 73 3 15 21 23 29 38 45 68 85 88 91
6 8 4 39 40 46 48 52 8 36 42 57 60 61 83 86
5 7 5 1 0 4 3 2 6 7 4 8 3 11 11 7 6 4 6 11 10 7 8 2 5 1 3 11 11 2 0 7 1 8 9 1 0 1 5 8 0 6 4 2 5 11 7 0 9 9 7 6 2 4 1 0 9 0 10 11 11 8 5 8 3 9 11 10 2 8 10 10 3 10 8 2 6 3 6 6 3 2 7 2 4 4 3 10 5 9 9 5 4
