1 1 31 4
1 1 15 1
1 1 9 6
1 1 10 56
1 1 2 50
1 1 9 33
1 1 13 15
1 1 33 0
1 1 13 43
1 1 6 33
1 1 50 36
1 1 39 35
1 1 59 49
1 1 60 46
1 1 36 37
1 1 31 24
1 1 43 47
1 1 53 26
1 1 19 28
1 1 19 46
1 1 4 41
1 1 34 39
1 1 59 6
1 1 47 23
1 1 43 51
1 1 43 3
1 1 39 53
1 1 51 57
1 1 17 18
1 1 7 51
1 1 58 53
1 1 2 53
1 1 24 20
1 1 56 28
1 1 3 15
1 1 35 42
1 1 56 19
1 1 9 33
1 1 57 27
1 1 56 3
1 1 27 37
1 1 20 47
1 1 2 28
1 1 59 20
1 1 49 35
1 1 12 15
1 1 16 11
1 1 49 21
1 1 21 8
1 1 30 21
1 1 53 43
1 1 40 9
1 1 43 53
1 1 54 37
1 1 9 26
1 1 36 9
1 1 59 15
1 1 20 32
1 1 24 11
1 1 27 11
15 7 3 5 6 16 17 19 23 26 32 39 44 48 52 54 60 2 7 10 20 49 50 59
17 15 4 9 14 18 22 24 27 28 29 33 35 37 42 45 47 51 55 3 5 6 16 17 19 23 26 32 39 44 48 52 54 60
15 17 3 5 6 16 17 19 23 26 32 39 44 48 52 54 60 4 9 14 18 22 24 27 28 29 33 35 37 42 45 47 51 55
15 7 3 5 6 16 17 19 23 26 32 39 44 48 52 54 60 2 7 10 20 49 50 59
14 15 1 11 12 25 30 31 36 38 40 41 43 46 53 57 3 5 6 16 17 19 23 26 32 39 44 48 52 54 60
8 17 0 8 13 15 21 34 56 58 4 9 14 18 22 24 27 28 29 33 35 37 42 45 47 51 55
8 15 0 8 13 15 21 34 56 58 3 5 6 16 17 19 23 26 32 39 44 48 52 54 60
8 7 0 8 13 15 21 34 56 58 2 7 10 20 49 50 59
7 8 2 7 10 20 49 50 59 0 8 13 15 21 34 56 58
14 15 1 11 12 25 30 31 36 38 40 41 43 46 53 57 3 5 6 16 17 19 23 26 32 39 44 48 52 54 60
14 15 1 11 12 25 30 31 36 38 40 41 43 46 53 57 3 5 6 16 17 19 23 26 32 39 44 48 52 54 60
17 15 4 9 14 18 22 24 27 28 29 33 35 37 42 45 47 51 55 3 5 6 16 17 19 23 26 32 39 44 48 52 54 60
8 15 0 8 13 15 21 34 56 58 3 5 6 16 17 19 23 26 32 39 44 48 52 54 60
17 7 4 9 14 18 22 24 27 28 29 33 35 37 42 45 47 51 55 2 7 10 20 49 50 59
15 8 3 5 6 16 17 19 23 26 32 39 44 48 52 54 60 0 8 13 15 21 34 56 58
7 17 2 7 10 20 49 50 59 4 9 14 18 22 24 27 28 29 33 35 37 42 45 47 51 55
15 14 3 5 6 16 17 19 23 26 32 39 44 48 52 54 60 1 11 12 25 30 31 36 38 40 41 43 46 53 57
14 7 1 11 12 25 30 31 36 38 40 41 43 46 53 57 2 7 10 20 49 50 59
7 15 2 7 10 20 49 50 59 3 5 6 16 17 19 23 26 32 39 44 48 52 54 60
17 8 4 9 14 18 22 24 27 28 29 33 35 37 42 45 47 51 55 0 8 13 15 21 34 56 58
14 17 1 11 12 25 30 31 36 38 40 41 43 46 53 57 4 9 14 18 22 24 27 28 29 33 35 37 42 45 47 51 55
17 8 4 9 14 18 22 24 27 28 29 33 35 37 42 45 47 51 55 0 8 13 15 21 34 56 58
14 15 1 11 12 25 30 31 36 38 40 41 43 46 53 57 3 5 6 16 17 19 23 26 32 39 44 48 52 54 60
17 14 4 9 14 18 22 24 27 28 29 33 35 37 42 45 47 51 55 1 11 12 25 30 31 36 38 40 41 43 46 53 57
14 8 1 11 12 25 30 31 36 38 40 41 43 46 53 57 0 8 13 15 21 34 56 58
8 7 0 8 13 15 21 34 56 58 2 7 10 20 49 50 59
7 14 2 7 10 20 49 50 59 1 11 12 25 30 31 36 38 40 41 43 46 53 57
17 14 4 9 14 18 22 24 27 28 29 33 35 37 42 45 47 51 55 1 11 12 25 30 31 36 38 40 41 43 46 53 57
7 17 2 7 10 20 49 50 59 4 9 14 18 22 24 27 28 29 33 35 37 42 45 47 51 55
8 15 0 8 13 15 21 34 56 58 3 5 6 16 17 19 23 26 32 39 44 48 52 54 60
14 7 1 11 12 25 30 31 36 38 40 41 43 46 53 57 2 7 10 20 49 50 59
17 8 4 9 14 18 22 24 27 28 29 33 35 37 42 45 47 51 55 0 8 13 15 21 34 56 58
14 8 1 11 12 25 30 31 36 38 40 41 43 46 53 57 0 8 13 15 21 34 56 58
8 17 0 8 13 15 21 34 56 58 4 9 14 18 22 24 27 28 29 33 35 37 42 45 47 51 55
15 17 3 5 6 16 17 19 23 26 32 39 44 48 52 54 60 4 9 14 18 22 24 27 28 29 33 35 37 42 45 47 51 55
14 8 1 11 12 25 30 31 36 38 40 41 43 46 53 57 0 8 13 15 21 34 56 58
14 7 1 11 12 25 30 31 36 38 40 41 43 46 53 57 2 7 10 20 49 50 59
15 8 3 5 6 16 17 19 23 26 32 39 44 48 52 54 60 0 8 13 15 21 34 56 58
14 7 1 11 12 25 30 31 36 38 40 41 43 46 53 57 2 7 10 20 49 50 59
7 17 2 7 10 20 49 50 59 4 9 14 18 22 24 27 28 29 33 35 37 42 45 47 51 55
17 7 4 9 14 18 22 24 27 28 29 33 35 37 42 45 47 51 55 2 7 10 20 49 50 59
7 14 2 7 10 20 49 50 59 1 11 12 25 30 31 36 38 40 41 43 46 53 57
14 15 1 11 12 25 30 31 36 38 40 41 43 46 53 57 3 5 6 16 17 19 23 26 32 39 44 48 52 54 60
17 14 4 9 14 18 22 24 27 28 29 33 35 37 42 45 47 51 55 1 11 12 25 30 31 36 38 40 41 43 46 53 57
15 14 3 5 6 16 17 19 23 26 32 39 44 48 52 54 60 1 11 12 25 30 31 36 38 40 41 43 46 53 57
15 8 3 5 6 16 17 19 23 26 32 39 44 48 52 54 60 0 8 13 15 21 34 56 58
17 8 4 9 14 18 22 24 27 28 29 33 35 37 42 45 47 51 55 0 8 13 15 21 34 56 58
15 8 3 5 6 16 17 19 23 26 32 39 44 48 52 54 60 0 8 13 15 21 34 56 58
15 17 3 5 6 16 17 19 23 26 32 39 44 48 52 54 60 4 9 14 18 22 24 27 28 29 33 35 37 42 45 47 51 55
7 17 2 7 10 20 49 50 59 4 9 14 18 22 24 27 28 29 33 35 37 42 45 47 51 55
8 15 0 8 13 15 21 34 56 58 3 5 6 16 17 19 23 26 32 39 44 48 52 54 60
7 17 2 7 10 20 49 50 59 4 9 14 18 22 24 27 28 29 33 35 37 42 45 47 51 55
8 17 0 8 13 15 21 34 56 58 4 9 14 18 22 24 27 28 29 33 35 37 42 45 47 51 55
7 15 2 7 10 20 49 50 59 3 5 6 16 17 19 23 26 32 39 44 48 52 54 60
8 17 0 8 13 15 21 34 56 58 4 9 14 18 22 24 27 28 29 33 35 37 42 45 47 51 55
8 15 0 8 13 15 21 34 56 58 3 5 6 16 17 19 23 26 32 39 44 48 52 54 60
15 14 3 5 6 16 17 19 23 26 32 39 44 48 52 54 60 1 11 12 25 30 31 36 38 40 41 43 46 53 57
8 14 0 8 13 15 21 34 56 58 1 11 12 25 30 31 36 38 40 41 43 46 53 57
17 8 4 9 14 18 22 24 27 28 29 33 35 37 42 45 47 51 55 0 8 13 15 21 34 56 58
17 14 4 9 14 18 22 24 27 28 29 33 35 37 42 45 47 51 55 1 11 12 25 30 31 36 38 40 41 43 46 53 57
17 8 4 9 14 18 22 24 27 28 29 33 35 37 42 45 47 51 55 0 8 13 15 21 34 56 58
17 7 4 9 14 18 22 24 27 28 29 33 35 37 42 45 47 51 55 2 7 10 20 49 50 59
17 7 4 9 14 18 22 24 27 28 29 33 35 37 42 45 47 51 55 2 7 10 20 49 50 59
14 15 1 11 12 25 30 31 36 38 40 41 43 46 53 57 3 5 6 16 17 19 23 26 32 39 44 48 52 54 60
8 7 0 8 13 15 21 34 56 58 2 7 10 20 49 50 59
14 7 1 11 12 25 30 31 36 38 40 41 43 46 53 57 2 7 10 20 49 50 59
8 7 0 8 13 15 21 34 56 58 2 7 10 20 49 50 59
15 7 3 5 6 16 17 19 23 26 32 39 44 48 52 54 60 2 7 10 20 49 50 59
15 8 3 5 6 16 17 19 23 26 32 39 44 48 52 54 60 0 8 13 15 21 34 56 58
8 17 0 8 13 15 21 34 56 58 4 9 14 18 22 24 27 28 29 33 35 37 42 45 47 51 55
17 14 4 9 14 18 22 24 27 28 29 33 35 37 42 45 47 51 55 1 11 12 25 30 31 36 38 40 41 43 46 53 57
14 8 1 11 12 25 30 31 36 38 40 41 43 46 53 57 0 8 13 15 21 34 56 58
15 7 3 5 6 16 17 19 23 26 32 39 44 48 52 54 60 2 7 10 20 49 50 59
17 7 4 9 14 18 22 24 27 28 29 33 35 37 42 45 47 51 55 2 7 10 20 49 50 59
17 15 4 9 14 18 22 24 27 28 29 33 35 37 42 45 47 51 55 3 5 6 16 17 19 23 26 32 39 44 48 52 54 60
8 15 0 8 13 15 21 34 56 58 3 5 6 16 17 19 23 26 32 39 44 48 52 54 60
15 17 3 5 6 16 17 19 23 26 32 39 44 48 52 54 60 4 9 14 18 22 24 27 28 29 33 35 37 42 45 47 51 55
8 7 0 8 13 15 21 34 56 58 2 7 10 20 49 50 59
7 8 2 7 10 20 49 50 59 0 8 13 15 21 34 56 58
14 17 1 11 12 25 30 31 36 38 40 41 43 46 53 57 4 9 14 18 22 24 27 28 29 33 35 37 42 45 47 51 55
17 14 4 9 14 18 22 24 27 28 29 33 35 37 42 45 47 51 55 1 11 12 25 30 31 36 38 40 41 43 46 53 57
7 15 2 7 10 20 49 50 59 3 5 6 16 17 19 23 26 32 39 44 48 52 54 60
7 17 2 7 10 20 49 50 59 4 9 14 18 22 24 27 28 29 33 35 37 42 45 47 51 55
7 8 2 7 10 20 49 50 59 0 8 13 15 21 34 56 58
8 15 0 8 13 15 21 34 56 58 3 5 6 16 17 19 23 26 32 39 44 48 52 54 60
8 14 0 8 13 15 21 34 56 58 1 11 12 25 30 31 36 38 40 41 43 46 53 57
14 8 1 11 12 25 30 31 36 38 40 41 43 46 53 57 0 8 13 15 21 34 56 58
8 15 0 8 13 15 21 34 56 58 3 5 6 16 17 19 23 26 32 39 44 48 52 54 60
7 15 2 7 10 20 49 50 59 3 5 6 16 17 19 23 26 32 39 44 48 52 54 60
7 8 2 7 10 20 49 50 59 0 8 13 15 21 34 56 58
8 7 0 8 13 15 21 34 56 58 2 7 10 20 49 50 59
17 15 4 9 14 18 22 24 27 28 29 33 35 37 42 45 47 51 55 3 5 6 16 17 19 23 26 32 39 44 48 52 54 60
14 8 1 11 12 25 30 31 36 38 40 41 43 46 53 57 0 8 13 15 21 34 56 58
17 7 4 9 14 18 22 24 27 28 29 33 35 37 42 45 47 51 55 2 7 10 20 49 50 59
8 15 0 8 13 15 21 34 56 58 3 5 6 16 17 19 23 26 32 39 44 48 52 54 60
17 7 4 9 14 18 22 24 27 28 29 33 35 37 42 45 47 51 55 2 7 10 20 49 50 59
8 7 0 8 13 15 21 34 56 58 2 7 10 20 49 50 59
7 8 2 7 10 20 49 50 59 0 8 13 15 21 34 56 58
7 17 2 7 10 20 49 50 59 4 9 14 18 22 24 27 28 29 33 35 37 42 45 47 51 55
15 17 3 5 6 16 17 19 23 26 32 39 44 48 52 54 60 4 9 14 18 22 24 27 28 29 33 35 37 42 45 47 51 55
17 15 4 9 14 18 22 24 27 28 29 33 35 37 42 45 47 51 55 3 5 6 16 17 19 23 26 32 39 44 48 52 54 60
8 7 0 8 13 15 21 34 56 58 2 7 10 20 49 50 59
1 2 2 0 2 4 0 0 3 3 2 3 1 4 4 1 4 3 0 1 0 1 2 3 2 3 1 2 3 2 4 1 1 0 3 4 1 0 4 0 4 2 4 0 3 3 2 4 2 1 3 0 3 0 4 2 3 1 4 0 1
