1 1 26 34
1 1 18 23
1 1 14 34
1 1 6 36
1 1 21 24
1 1 25 31
1 1 10 25
1 1 8 21
1 1 37 20
1 1 24 7
1 1 35 4
1 1 11 35
1 1 18 36
1 1 18 28
1 1 30 9
1 1 6 30
1 1 12 25
1 1 20 34
1 1 15 31
1 1 3 4
1 1 11 12
1 1 3 11
1 1 17 8
1 1 2 34
1 1 35 22
1 1 14 37
1 1 23 9
1 1 18 8
1 1 11 16
1 1 16 38
1 1 27 16
1 1 18 5
1 1 28 26
1 1 35 24
1 1 18 36
1 1 19 38
1 1 32 17
1 1 12 13
1 1 23 14
1 1 28 30
1 1 20 37
1 1 36 17
1 1 4 6
1 1 32 20
1 1 15 18
1 1 27 30
1 1 22 21
1 1 29 36
1 1 14 21
1 1 15 12
1 1 31 12
1 1 30 12
1 1 24 8
1 1 13 32
1 1 18 6
1 1 37 10
1 1 33 24
1 1 1 36
1 1 14 28
1 1 38 12
1 1 13 28
1 1 16 23
1 1 36 29
1 1 8 5
1 1 3 38
1 1 33 16
1 1 16 26
1 1 18 2
1 1 8 36
1 1 36 8
1 1 12 16
1 1 23 17
1 1 20 4
1 1 7 18
1 1 5 36
1 1 37 22
1 1 19 15
1 1 32 35
1 1 38 37
1 1 20 24
1 1 38 11
1 1 0 36
1 1 5 27
1 1 4 7
1 1 37 13
1 1 22 21
1 1 4 15
1 1 18 24
1 1 14 13
1 1 24 12
1 1 6 33
1 1 18 12
1 1 23 21
1 1 13 0
1 1 24 19
1 1 1 25
1 1 38 11
1 1 11 0
1 1 8 30
1 1 38 6
1 1 19 8
1 1 2 1
1 1 2 0
1 1 28 16
1 1 14 4
1 1 15 4
1 1 32 17
1 1 5 36
1 1 18 34
1 1 34 9
5 6 1 12 24 31 37 4 11 14 17 21 25
5 6 1 12 24 31 37 4 11 14 17 21 25
6 6 0 13 26 30 35 36 2 7 18 22 32 38
6 8 4 11 14 17 21 25 5 9 16 20 27 28 29 34
6 8 0 13 26 30 35 36 5 9 16 20 27 28 29 34
8 8 5 9 16 20 27 28 29 34 3 6 8 10 15 19 23 33
5 6 1 12 24 31 37 2 7 18 22 32 38
6 8 0 13 26 30 35 36 3 6 8 10 15 19 23 33
5 6 1 12 24 31 37 0 13 26 30 35 36
5 6 1 12 24 31 37 0 13 26 30 35 36
6 6 0 13 26 30 35 36 2 7 18 22 32 38
8 6 3 6 8 10 15 19 23 33 4 11 14 17 21 25
6 5 0 13 26 30 35 36 1 12 24 31 37
6 8 4 11 14 17 21 25 3 6 8 10 15 19 23 33
8 8 5 9 16 20 27 28 29 34 3 6 8 10 15 19 23 33
8 8 5 9 16 20 27 28 29 34 3 6 8 10 15 19 23 33
5 8 1 12 24 31 37 5 9 16 20 27 28 29 34
8 6 5 9 16 20 27 28 29 34 2 7 18 22 32 38
8 8 3 6 8 10 15 19 23 33 5 9 16 20 27 28 29 34
5 8 1 12 24 31 37 5 9 16 20 27 28 29 34
8 6 3 6 8 10 15 19 23 33 4 11 14 17 21 25
5 8 1 12 24 31 37 3 6 8 10 15 19 23 33
8 6 3 6 8 10 15 19 23 33 2 7 18 22 32 38
8 5 5 9 16 20 27 28 29 34 1 12 24 31 37
8 5 5 9 16 20 27 28 29 34 1 12 24 31 37
8 6 5 9 16 20 27 28 29 34 0 13 26 30 35 36
6 8 4 11 14 17 21 25 3 6 8 10 15 19 23 33
6 6 4 11 14 17 21 25 0 13 26 30 35 36
8 6 5 9 16 20 27 28 29 34 0 13 26 30 35 36
6 8 4 11 14 17 21 25 5 9 16 20 27 28 29 34
6 5 4 11 14 17 21 25 1 12 24 31 37
8 6 3 6 8 10 15 19 23 33 2 7 18 22 32 38
5 6 1 12 24 31 37 4 11 14 17 21 25
8 6 5 9 16 20 27 28 29 34 0 13 26 30 35 36
5 6 1 12 24 31 37 4 11 14 17 21 25
5 6 1 12 24 31 37 4 11 14 17 21 25
8 5 3 6 8 10 15 19 23 33 1 12 24 31 37
6 8 0 13 26 30 35 36 3 6 8 10 15 19 23 33
6 8 4 11 14 17 21 25 3 6 8 10 15 19 23 33
8 6 3 6 8 10 15 19 23 33 0 13 26 30 35 36
8 6 5 9 16 20 27 28 29 34 2 7 18 22 32 38
5 6 1 12 24 31 37 0 13 26 30 35 36
6 6 4 11 14 17 21 25 2 7 18 22 32 38
5 6 1 12 24 31 37 0 13 26 30 35 36
6 6 0 13 26 30 35 36 2 7 18 22 32 38
6 8 4 11 14 17 21 25 3 6 8 10 15 19 23 33
6 6 0 13 26 30 35 36 4 11 14 17 21 25
8 8 3 6 8 10 15 19 23 33 5 9 16 20 27 28 29 34
8 5 5 9 16 20 27 28 29 34 1 12 24 31 37
6 8 0 13 26 30 35 36 5 9 16 20 27 28 29 34
8 5 3 6 8 10 15 19 23 33 1 12 24 31 37
6 6 2 7 18 22 32 38 0 13 26 30 35 36
6 6 0 13 26 30 35 36 4 11 14 17 21 25
6 6 0 13 26 30 35 36 2 7 18 22 32 38
6 6 2 7 18 22 32 38 4 11 14 17 21 25
5 6 1 12 24 31 37 2 7 18 22 32 38
8 6 3 6 8 10 15 19 23 33 0 13 26 30 35 36
8 5 3 6 8 10 15 19 23 33 1 12 24 31 37
8 6 5 9 16 20 27 28 29 34 4 11 14 17 21 25
6 5 0 13 26 30 35 36 1 12 24 31 37
6 5 4 11 14 17 21 25 1 12 24 31 37
5 8 1 12 24 31 37 5 9 16 20 27 28 29 34
6 8 4 11 14 17 21 25 3 6 8 10 15 19 23 33
8 6 3 6 8 10 15 19 23 33 0 13 26 30 35 36
8 6 5 9 16 20 27 28 29 34 4 11 14 17 21 25
8 8 3 6 8 10 15 19 23 33 5 9 16 20 27 28 29 34
8 5 5 9 16 20 27 28 29 34 1 12 24 31 37
6 6 4 11 14 17 21 25 2 7 18 22 32 38
6 5 4 11 14 17 21 25 1 12 24 31 37
5 8 1 12 24 31 37 5 9 16 20 27 28 29 34
5 8 1 12 24 31 37 3 6 8 10 15 19 23 33
6 6 4 11 14 17 21 25 2 7 18 22 32 38
6 8 2 7 18 22 32 38 5 9 16 20 27 28 29 34
5 6 1 12 24 31 37 2 7 18 22 32 38
8 8 5 9 16 20 27 28 29 34 3 6 8 10 15 19 23 33
8 5 5 9 16 20 27 28 29 34 1 12 24 31 37
5 6 1 12 24 31 37 4 11 14 17 21 25
8 6 3 6 8 10 15 19 23 33 2 7 18 22 32 38
6 8 4 11 14 17 21 25 5 9 16 20 27 28 29 34
5 8 1 12 24 31 37 3 6 8 10 15 19 23 33
5 8 1 12 24 31 37 5 9 16 20 27 28 29 34
5 6 1 12 24 31 37 0 13 26 30 35 36
6 8 4 11 14 17 21 25 3 6 8 10 15 19 23 33
8 8 3 6 8 10 15 19 23 33 5 9 16 20 27 28 29 34
6 8 0 13 26 30 35 36 5 9 16 20 27 28 29 34
6 8 0 13 26 30 35 36 3 6 8 10 15 19 23 33
6 6 2 7 18 22 32 38 4 11 14 17 21 25
6 6 4 11 14 17 21 25 0 13 26 30 35 36
8 5 5 9 16 20 27 28 29 34 1 12 24 31 37
6 5 4 11 14 17 21 25 1 12 24 31 37
6 6 4 11 14 17 21 25 0 13 26 30 35 36
8 6 5 9 16 20 27 28 29 34 2 7 18 22 32 38
6 6 0 13 26 30 35 36 4 11 14 17 21 25
6 8 4 11 14 17 21 25 3 6 8 10 15 19 23 33
5 8 1 12 24 31 37 3 6 8 10 15 19 23 33
5 8 1 12 24 31 37 5 9 16 20 27 28 29 34
6 6 4 11 14 17 21 25 2 7 18 22 32 38
5 8 1 12 24 31 37 5 9 16 20 27 28 29 34
6 6 4 11 14 17 21 25 2 7 18 22 32 38
8 6 3 6 8 10 15 19 23 33 0 13 26 30 35 36
6 8 4 11 14 17 21 25 3 6 8 10 15 19 23 33
8 5 3 6 8 10 15 19 23 33 1 12 24 31 37
6 8 4 11 14 17 21 25 5 9 16 20 27 28 29 34
6 5 2 7 18 22 32 38 1 12 24 31 37
6 6 2 7 18 22 32 38 0 13 26 30 35 36
5 6 1 12 24 31 37 4 11 14 17 21 25
8 5 5 9 16 20 27 28 29 34 1 12 24 31 37
5 6 1 12 24 31 37 2 7 18 22 32 38
6 6 4 11 14 17 21 25 0 13 26 30 35 36
6 8 2 7 18 22 32 38 5 9 16 20 27 28 29 34
8 8 5 9 16 20 27 28 29 34 3 6 8 10 15 19 23 33
6 8 4 11 14 17 21 25 3 6 8 10 15 19 23 33
8 6 5 9 16 20 27 28 29 34 4 11 14 17 21 25
6 5 4 11 14 17 21 25 1 12 24 31 37
8 6 5 9 16 20 27 28 29 34 0 13 26 30 35 36
6 8 0 13 26 30 35 36 3 6 8 10 15 19 23 33
5 8 1 12 24 31 37 5 9 16 20 27 28 29 34
8 6 5 9 16 20 27 28 29 34 4 11 14 17 21 25
5 6 1 12 24 31 37 2 7 18 22 32 38
6 6 4 11 14 17 21 25 0 13 26 30 35 36
5 6 1 12 24 31 37 4 11 14 17 21 25
6 6 4 11 14 17 21 25 0 13 26 30 35 36
6 6 4 11 14 17 21 25 0 13 26 30 35 36
6 6 2 7 18 22 32 38 0 13 26 30 35 36
5 6 1 12 24 31 37 0 13 26 30 35 36
6 8 4 11 14 17 21 25 5 9 16 20 27 28 29 34
6 5 4 11 14 17 21 25 1 12 24 31 37
6 8 4 11 14 17 21 25 5 9 16 20 27 28 29 34
5 8 1 12 24 31 37 5 9 16 20 27 28 29 34
6 8 4 11 14 17 21 25 5 9 16 20 27 28 29 34
6 8 2 7 18 22 32 38 5 9 16 20 27 28 29 34
6 5 0 13 26 30 35 36 1 12 24 31 37
5 6 1 12 24 31 37 2 7 18 22 32 38
8 6 5 9 16 20 27 28 29 34 0 13 26 30 35 36
6 8 0 13 26 30 35 36 3 6 8 10 15 19 23 33
5 8 1 12 24 31 37 5 9 16 20 27 28 29 34
6 8 4 11 14 17 21 25 3 6 8 10 15 19 23 33
6 8 4 11 14 17 21 25 3 6 8 10 15 19 23 33
6 8 4 11 14 17 21 25 3 6 8 10 15 19 23 33
5 6 1 12 24 31 37 2 7 18 22 32 38
8 8 3 6 8 10 15 19 23 33 5 9 16 20 27 28 29 34
8 6 3 6 8 10 15 19 23 33 0 13 26 30 35 36
6 5 0 13 26 30 35 36 1 12 24 31 37
6 8 0 13 26 30 35 36 5 9 16 20 27 28 29 34
6 8 0 13 26 30 35 36 3 6 8 10 15 19 23 33
6 6 4 11 14 17 21 25 0 13 26 30 35 36
6 6 0 13 26 30 35 36 2 7 18 22 32 38
8 6 5 9 16 20 27 28 29 34 4 11 14 17 21 25
5 6 1 12 24 31 37 0 13 26 30 35 36
8 6 5 9 16 20 27 28 29 34 0 13 26 30 35 36
5 6 1 12 24 31 37 2 7 18 22 32 38
8 6 3 6 8 10 15 19 23 33 2 7 18 22 32 38
5 8 1 12 24 31 37 5 9 16 20 27 28 29 34
6 5 0 13 26 30 35 36 1 12 24 31 37
5 6 1 12 24 31 37 2 7 18 22 32 38
5 8 1 12 24 31 37 5 9 16 20 27 28 29 34
5 6 1 12 24 31 37 2 7 18 22 32 38
6 8 0 13 26 30 35 36 3 6 8 10 15 19 23 33
8 6 5 9 16 20 27 28 29 34 0 13 26 30 35 36
6 8 4 11 14 17 21 25 3 6 8 10 15 19 23 33
6 8 2 7 18 22 32 38 5 9 16 20 27 28 29 34
6 8 4 11 14 17 21 25 3 6 8 10 15 19 23 33
8 6 5 9 16 20 27 28 29 34 0 13 26 30 35 36
6 8 2 7 18 22 32 38 3 6 8 10 15 19 23 33
8 5 5 9 16 20 27 28 29 34 1 12 24 31 37
6 8 2 7 18 22 32 38 5 9 16 20 27 28 29 34
6 5 0 13 26 30 35 36 1 12 24 31 37
5 6 1 12 24 31 37 4 11 14 17 21 25
6 8 2 7 18 22 32 38 5 9 16 20 27 28 29 34
8 6 3 6 8 10 15 19 23 33 2 7 18 22 32 38
8 8 5 9 16 20 27 28 29 34 3 6 8 10 15 19 23 33
6 8 0 13 26 30 35 36 5 9 16 20 27 28 29 34
6 5 4 11 14 17 21 25 1 12 24 31 37
6 8 4 11 14 17 21 25 5 9 16 20 27 28 29 34
6 8 2 7 18 22 32 38 3 6 8 10 15 19 23 33
8 6 3 6 8 10 15 19 23 33 0 13 26 30 35 36
8 5 5 9 16 20 27 28 29 34 1 12 24 31 37
6 5 4 11 14 17 21 25 1 12 24 31 37
8 6 3 6 8 10 15 19 23 33 2 7 18 22 32 38
8 5 3 6 8 10 15 19 23 33 1 12 24 31 37
5 6 1 12 24 31 37 4 11 14 17 21 25
6 6 0 13 26 30 35 36 4 11 14 17 21 25
6 8 4 11 14 17 21 25 5 9 16 20 27 28 29 34
6 8 2 7 18 22 32 38 3 6 8 10 15 19 23 33
6 6 0 13 26 30 35 36 2 7 18 22 32 38
6 8 0 13 26 30 35 36 5 9 16 20 27 28 29 34
6 6 4 11 14 17 21 25 2 7 18 22 32 38
6 6 2 7 18 22 32 38 0 13 26 30 35 36
8 6 5 9 16 20 27 28 29 34 4 11 14 17 21 25
8 6 5 9 16 20 27 28 29 34 0 13 26 30 35 36
8 6 5 9 16 20 27 28 29 34 0 13 26 30 35 36
8 8 5 9 16 20 27 28 29 34 3 6 8 10 15 19 23 33
5 8 1 12 24 31 37 3 6 8 10 15 19 23 33
6 8 2 7 18 22 32 38 5 9 16 20 27 28 29 34
8 6 3 6 8 10 15 19 23 33 0 13 26 30 35 36
8 8 5 9 16 20 27 28 29 34 3 6 8 10 15 19 23 33
8 5 3 6 8 10 15 19 23 33 1 12 24 31 37
6 5 4 11 14 17 21 25 1 12 24 31 37
5 6 1 12 24 31 37 2 7 18 22 32 38
6 6 2 7 18 22 32 38 0 13 26 30 35 36
8 6 5 9 16 20 27 28 29 34 4 11 14 17 21 25
5 6 1 12 24 31 37 2 7 18 22 32 38
8 6 5 9 16 20 27 28 29 34 2 7 18 22 32 38
6 8 4 11 14 17 21 25 3 6 8 10 15 19 23 33
8 8 5 9 16 20 27 28 29 34 3 6 8 10 15 19 23 33
6 6 2 7 18 22 32 38 4 11 14 17 21 25
6 6 2 7 18 22 32 38 4 11 14 17 21 25
5 6 1 12 24 31 37 2 7 18 22 32 38
6 6 4 11 14 17 21 25 0 13 26 30 35 36
8 5 5 9 16 20 27 28 29 34 1 12 24 31 37
6 6 4 11 14 17 21 25 0 13 26 30 35 36
6 8 4 11 14 17 21 25 5 9 16 20 27 28 29 34
6 5 0 13 26 30 35 36 1 12 24 31 37
8 5 3 6 8 10 15 19 23 33 1 12 24 31 37
5 6 1 12 24 31 37 4 11 14 17 21 25
8 5 3 6 8 10 15 19 23 33 1 12 24 31 37
8 8 5 9 16 20 27 28 29 34 3 6 8 10 15 19 23 33
6 6 4 11 14 17 21 25 2 7 18 22 32 38
6 5 4 11 14 17 21 25 1 12 24 31 37
6 8 4 11 14 17 21 25 5 9 16 20 27 28 29 34
6 8 2 7 18 22 32 38 3 6 8 10 15 19 23 33
4 5 1 0 3 0 4 3 4 3 2 0 5 4 5 3 3 2 5 2 2 1 2 1 2 1 4 4 3 3 0 5 1 4 5 5 1 0 5
