1 1 21 46
1 1 16 18
1 1 34 28
1 1 29 35
1 1 53 5
1 1 42 16
1 1 10 9
1 1 50 43
1 1 12 48
1 1 47 39
1 1 14 52
1 1 19 6
1 1 46 48
1 1 56 29
1 1 32 0
1 1 3 4
1 1 15 20
1 1 47 48
1 1 51 20
1 1 13 44
1 1 47 1
1 1 53 5
1 1 29 47
1 1 12 54
1 1 7 0
1 1 36 1
1 1 12 40
1 1 30 37
1 1 17 35
1 1 25 3
1 1 6 56
1 1 24 28
1 1 45 40
1 1 25 42
1 1 3 0
1 1 22 20
1 1 22 42
1 1 1 32
1 1 1 51
1 1 44 45
1 1 55 30
1 1 31 52
1 1 21 26
1 1 27 0
1 1 52 48
1 1 0 55
1 1 51 45
1 1 29 35
1 1 3 27
1 1 56 54
1 1 29 54
1 1 24 56
1 1 39 8
1 1 48 34
1 1 32 0
1 1 12 47
1 1 23 39
1 1 56 28
1 1 15 34
1 1 36 31
1 1 7 30
1 1 40 10
1 1 0 54
1 1 6 45
1 1 9 29
1 1 34 16
1 1 28 6
1 1 22 40
1 1 38 52
1 1 42 48
1 1 6 18
1 1 29 40
1 1 32 21
1 1 45 9
1 1 21 30
1 1 20 32
1 1 17 19
1 1 44 29
1 1 11 35
1 1 53 36
1 1 39 31
1 1 11 44
1 1 6 26
1 1 10 35
1 1 27 53
1 1 37 5
1 1 17 52
1 1 52 11
1 1 6 10
1 1 4 26
1 1 8 55
1 1 41 15
1 1 31 6
1 1 36 54
1 1 16 46
1 1 56 2
1 1 33 16
1 1 13 3
1 1 25 14
1 1 52 48
1 1 45 7
1 1 5 46
1 1 41 47
1 1 21 33
1 1 4 11
1 1 39 5
1 1 13 6
1 1 16 47
1 1 53 50
1 1 45 43
1 1 30 31
1 1 24 55
1 1 49 55
1 1 30 0
1 1 29 43
1 1 49 51
1 1 9 42
1 1 20 6
1 1 5 30
1 1 19 28
1 1 46 10
1 1 14 17
1 1 22 26
1 1 35 3
1 1 8 13
1 1 16 54
1 1 0 15
1 1 4 14
1 1 45 28
1 1 14 6
1 1 50 6
1 1 30 8
7 5 4 25 29 32 34 37 50 0 26 39 44 55
16 9 2 6 8 10 14 16 18 19 24 27 28 40 41 45 51 54 1 11 12 33 35 38 42 43 46
16 9 2 6 8 10 14 16 18 19 24 27 28 40 41 45 51 54 1 11 12 33 35 38 42 43 46
9 5 1 11 12 33 35 38 42 43 46 0 26 39 44 55
9 11 1 11 12 33 35 38 42 43 46 5 7 13 17 30 36 47 48 49 53 56
9 11 3 9 15 20 21 22 23 31 52 5 7 13 17 30 36 47 48 49 53 56
16 7 2 6 8 10 14 16 18 19 24 27 28 40 41 45 51 54 4 25 29 32 34 37 50
11 9 5 7 13 17 30 36 47 48 49 53 56 1 11 12 33 35 38 42 43 46
7 11 4 25 29 32 34 37 50 5 7 13 17 30 36 47 48 49 53 56
9 9 3 9 15 20 21 22 23 31 52 1 11 12 33 35 38 42 43 46
7 9 4 25 29 32 34 37 50 1 11 12 33 35 38 42 43 46
7 9 4 25 29 32 34 37 50 3 9 15 20 21 22 23 31 52
9 9 1 11 12 33 35 38 42 43 46 3 9 15 20 21 22 23 31 52
9 11 1 11 12 33 35 38 42 43 46 5 7 13 17 30 36 47 48 49 53 56
7 9 4 25 29 32 34 37 50 3 9 15 20 21 22 23 31 52
7 11 4 25 29 32 34 37 50 5 7 13 17 30 36 47 48 49 53 56
9 16 1 11 12 33 35 38 42 43 46 2 6 8 10 14 16 18 19 24 27 28 40 41 45 51 54
16 5 2 6 8 10 14 16 18 19 24 27 28 40 41 45 51 54 0 26 39 44 55
9 16 3 9 15 20 21 22 23 31 52 2 6 8 10 14 16 18 19 24 27 28 40 41 45 51 54
5 9 0 26 39 44 55 1 11 12 33 35 38 42 43 46
5 11 0 26 39 44 55 5 7 13 17 30 36 47 48 49 53 56
16 9 2 6 8 10 14 16 18 19 24 27 28 40 41 45 51 54 3 9 15 20 21 22 23 31 52
7 9 4 25 29 32 34 37 50 3 9 15 20 21 22 23 31 52
5 16 0 26 39 44 55 2 6 8 10 14 16 18 19 24 27 28 40 41 45 51 54
11 5 5 7 13 17 30 36 47 48 49 53 56 0 26 39 44 55
7 16 4 25 29 32 34 37 50 2 6 8 10 14 16 18 19 24 27 28 40 41 45 51 54
11 16 5 7 13 17 30 36 47 48 49 53 56 2 6 8 10 14 16 18 19 24 27 28 40 41 45 51 54
9 16 3 9 15 20 21 22 23 31 52 2 6 8 10 14 16 18 19 24 27 28 40 41 45 51 54
11 9 5 7 13 17 30 36 47 48 49 53 56 1 11 12 33 35 38 42 43 46
7 16 4 25 29 32 34 37 50 2 6 8 10 14 16 18 19 24 27 28 40 41 45 51 54
16 11 2 6 8 10 14 16 18 19 24 27 28 40 41 45 51 54 5 7 13 17 30 36 47 48 49 53 56
9 7 1 11 12 33 35 38 42 43 46 4 25 29 32 34 37 50
16 9 2 6 8 10 14 16 18 19 24 27 28 40 41 45 51 54 3 9 15 20 21 22 23 31 52
11 9 5 7 13 17 30 36 47 48 49 53 56 1 11 12 33 35 38 42 43 46
5 9 0 26 39 44 55 1 11 12 33 35 38 42 43 46
9 9 3 9 15 20 21 22 23 31 52 1 11 12 33 35 38 42 43 46
9 5 3 9 15 20 21 22 23 31 52 0 26 39 44 55
9 5 3 9 15 20 21 22 23 31 52 0 26 39 44 55
5 9 0 26 39 44 55 1 11 12 33 35 38 42 43 46
7 5 4 25 29 32 34 37 50 0 26 39 44 55
16 9 2 6 8 10 14 16 18 19 24 27 28 40 41 45 51 54 3 9 15 20 21 22 23 31 52
9 9 1 11 12 33 35 38 42 43 46 3 9 15 20 21 22 23 31 52
16 11 2 6 8 10 14 16 18 19 24 27 28 40 41 45 51 54 5 7 13 17 30 36 47 48 49 53 56
11 5 5 7 13 17 30 36 47 48 49 53 56 0 26 39 44 55
11 5 5 7 13 17 30 36 47 48 49 53 56 0 26 39 44 55
9 16 1 11 12 33 35 38 42 43 46 2 6 8 10 14 16 18 19 24 27 28 40 41 45 51 54
5 7 0 26 39 44 55 4 25 29 32 34 37 50
16 9 2 6 8 10 14 16 18 19 24 27 28 40 41 45 51 54 1 11 12 33 35 38 42 43 46
16 9 2 6 8 10 14 16 18 19 24 27 28 40 41 45 51 54 3 9 15 20 21 22 23 31 52
9 5 1 11 12 33 35 38 42 43 46 0 26 39 44 55
7 11 4 25 29 32 34 37 50 5 7 13 17 30 36 47 48 49 53 56
5 9 0 26 39 44 55 1 11 12 33 35 38 42 43 46
16 11 2 6 8 10 14 16 18 19 24 27 28 40 41 45 51 54 5 7 13 17 30 36 47 48 49 53 56
7 5 4 25 29 32 34 37 50 0 26 39 44 55
16 9 2 6 8 10 14 16 18 19 24 27 28 40 41 45 51 54 1 11 12 33 35 38 42 43 46
9 7 1 11 12 33 35 38 42 43 46 4 25 29 32 34 37 50
5 9 0 26 39 44 55 3 9 15 20 21 22 23 31 52
11 7 5 7 13 17 30 36 47 48 49 53 56 4 25 29 32 34 37 50
5 11 0 26 39 44 55 5 7 13 17 30 36 47 48 49 53 56
11 5 5 7 13 17 30 36 47 48 49 53 56 0 26 39 44 55
9 7 3 9 15 20 21 22 23 31 52 4 25 29 32 34 37 50
7 5 4 25 29 32 34 37 50 0 26 39 44 55
16 9 2 6 8 10 14 16 18 19 24 27 28 40 41 45 51 54 1 11 12 33 35 38 42 43 46
11 9 5 7 13 17 30 36 47 48 49 53 56 3 9 15 20 21 22 23 31 52
16 11 2 6 8 10 14 16 18 19 24 27 28 40 41 45 51 54 5 7 13 17 30 36 47 48 49 53 56
16 9 2 6 8 10 14 16 18 19 24 27 28 40 41 45 51 54 1 11 12 33 35 38 42 43 46
11 16 5 7 13 17 30 36 47 48 49 53 56 2 6 8 10 14 16 18 19 24 27 28 40 41 45 51 54
7 11 4 25 29 32 34 37 50 5 7 13 17 30 36 47 48 49 53 56
16 11 2 6 8 10 14 16 18 19 24 27 28 40 41 45 51 54 5 7 13 17 30 36 47 48 49 53 56
16 11 2 6 8 10 14 16 18 19 24 27 28 40 41 45 51 54 5 7 13 17 30 36 47 48 49 53 56
9 11 1 11 12 33 35 38 42 43 46 5 7 13 17 30 36 47 48 49 53 56
16 11 2 6 8 10 14 16 18 19 24 27 28 40 41 45 51 54 5 7 13 17 30 36 47 48 49 53 56
9 16 1 11 12 33 35 38 42 43 46 2 6 8 10 14 16 18 19 24 27 28 40 41 45 51 54
16 11 2 6 8 10 14 16 18 19 24 27 28 40 41 45 51 54 5 7 13 17 30 36 47 48 49 53 56
16 11 2 6 8 10 14 16 18 19 24 27 28 40 41 45 51 54 5 7 13 17 30 36 47 48 49 53 56
16 7 2 6 8 10 14 16 18 19 24 27 28 40 41 45 51 54 4 25 29 32 34 37 50
9 5 1 11 12 33 35 38 42 43 46 0 26 39 44 55
9 16 3 9 15 20 21 22 23 31 52 2 6 8 10 14 16 18 19 24 27 28 40 41 45 51 54
5 16 0 26 39 44 55 2 6 8 10 14 16 18 19 24 27 28 40 41 45 51 54
5 7 0 26 39 44 55 4 25 29 32 34 37 50
16 11 2 6 8 10 14 16 18 19 24 27 28 40 41 45 51 54 5 7 13 17 30 36 47 48 49 53 56
5 16 0 26 39 44 55 2 6 8 10 14 16 18 19 24 27 28 40 41 45 51 54
7 16 4 25 29 32 34 37 50 2 6 8 10 14 16 18 19 24 27 28 40 41 45 51 54
5 9 0 26 39 44 55 3 9 15 20 21 22 23 31 52
9 16 3 9 15 20 21 22 23 31 52 2 6 8 10 14 16 18 19 24 27 28 40 41 45 51 54
9 16 1 11 12 33 35 38 42 43 46 2 6 8 10 14 16 18 19 24 27 28 40 41 45 51 54
16 5 2 6 8 10 14 16 18 19 24 27 28 40 41 45 51 54 0 26 39 44 55
9 11 1 11 12 33 35 38 42 43 46 5 7 13 17 30 36 47 48 49 53 56
11 7 5 7 13 17 30 36 47 48 49 53 56 4 25 29 32 34 37 50
9 7 1 11 12 33 35 38 42 43 46 4 25 29 32 34 37 50
9 7 3 9 15 20 21 22 23 31 52 4 25 29 32 34 37 50
7 5 4 25 29 32 34 37 50 0 26 39 44 55
5 11 0 26 39 44 55 5 7 13 17 30 36 47 48 49 53 56
9 7 1 11 12 33 35 38 42 43 46 4 25 29 32 34 37 50
9 11 3 9 15 20 21 22 23 31 52 5 7 13 17 30 36 47 48 49 53 56
9 5 3 9 15 20 21 22 23 31 52 0 26 39 44 55
7 9 4 25 29 32 34 37 50 1 11 12 33 35 38 42 43 46
16 11 2 6 8 10 14 16 18 19 24 27 28 40 41 45 51 54 5 7 13 17 30 36 47 48 49 53 56
9 9 1 11 12 33 35 38 42 43 46 3 9 15 20 21 22 23 31 52
7 16 4 25 29 32 34 37 50 2 6 8 10 14 16 18 19 24 27 28 40 41 45 51 54
16 7 2 6 8 10 14 16 18 19 24 27 28 40 41 45 51 54 4 25 29 32 34 37 50
16 9 2 6 8 10 14 16 18 19 24 27 28 40 41 45 51 54 3 9 15 20 21 22 23 31 52
5 7 0 26 39 44 55 4 25 29 32 34 37 50
9 16 3 9 15 20 21 22 23 31 52 2 6 8 10 14 16 18 19 24 27 28 40 41 45 51 54
9 9 1 11 12 33 35 38 42 43 46 3 9 15 20 21 22 23 31 52
9 11 1 11 12 33 35 38 42 43 46 5 7 13 17 30 36 47 48 49 53 56
11 16 5 7 13 17 30 36 47 48 49 53 56 2 6 8 10 14 16 18 19 24 27 28 40 41 45 51 54
7 9 4 25 29 32 34 37 50 3 9 15 20 21 22 23 31 52
11 5 5 7 13 17 30 36 47 48 49 53 56 0 26 39 44 55
9 9 3 9 15 20 21 22 23 31 52 1 11 12 33 35 38 42 43 46
7 11 4 25 29 32 34 37 50 5 7 13 17 30 36 47 48 49 53 56
9 11 3 9 15 20 21 22 23 31 52 5 7 13 17 30 36 47 48 49 53 56
11 9 5 7 13 17 30 36 47 48 49 53 56 1 11 12 33 35 38 42 43 46
5 9 0 26 39 44 55 1 11 12 33 35 38 42 43 46
7 11 4 25 29 32 34 37 50 5 7 13 17 30 36 47 48 49 53 56
9 9 3 9 15 20 21 22 23 31 52 1 11 12 33 35 38 42 43 46
7 16 4 25 29 32 34 37 50 2 6 8 10 14 16 18 19 24 27 28 40 41 45 51 54
9 11 3 9 15 20 21 22 23 31 52 5 7 13 17 30 36 47 48 49 53 56
7 9 4 25 29 32 34 37 50 3 9 15 20 21 22 23 31 52
7 9 4 25 29 32 34 37 50 3 9 15 20 21 22 23 31 52
9 5 3 9 15 20 21 22 23 31 52 0 26 39 44 55
9 5 3 9 15 20 21 22 23 31 52 0 26 39 44 55
5 9 0 26 39 44 55 1 11 12 33 35 38 42 43 46
11 7 5 7 13 17 30 36 47 48 49 53 56 4 25 29 32 34 37 50
9 5 3 9 15 20 21 22 23 31 52 0 26 39 44 55
5 7 0 26 39 44 55 4 25 29 32 34 37 50
5 16 0 26 39 44 55 2 6 8 10 14 16 18 19 24 27 28 40 41 45 51 54
16 11 2 6 8 10 14 16 18 19 24 27 28 40 41 45 51 54 5 7 13 17 30 36 47 48 49 53 56
7 9 4 25 29 32 34 37 50 1 11 12 33 35 38 42 43 46
11 16 5 7 13 17 30 36 47 48 49 53 56 2 6 8 10 14 16 18 19 24 27 28 40 41 45 51 54
5 11 0 26 39 44 55 5 7 13 17 30 36 47 48 49 53 56
7 5 4 25 29 32 34 37 50 0 26 39 44 55
9 11 1 11 12 33 35 38 42 43 46 5 7 13 17 30 36 47 48 49 53 56
9 11 3 9 15 20 21 22 23 31 52 5 7 13 17 30 36 47 48 49 53 56
16 5 2 6 8 10 14 16 18 19 24 27 28 40 41 45 51 54 0 26 39 44 55
5 9 0 26 39 44 55 3 9 15 20 21 22 23 31 52
9 16 3 9 15 20 21 22 23 31 52 2 6 8 10 14 16 18 19 24 27 28 40 41 45 51 54
5 9 0 26 39 44 55 1 11 12 33 35 38 42 43 46
16 9 2 6 8 10 14 16 18 19 24 27 28 40 41 45 51 54 3 9 15 20 21 22 23 31 52
7 11 4 25 29 32 34 37 50 5 7 13 17 30 36 47 48 49 53 56
9 16 1 11 12 33 35 38 42 43 46 2 6 8 10 14 16 18 19 24 27 28 40 41 45 51 54
9 11 1 11 12 33 35 38 42 43 46 5 7 13 17 30 36 47 48 49 53 56
5 9 0 26 39 44 55 3 9 15 20 21 22 23 31 52
11 9 5 7 13 17 30 36 47 48 49 53 56 3 9 15 20 21 22 23 31 52
7 11 4 25 29 32 34 37 50 5 7 13 17 30 36 47 48 49 53 56
9 11 3 9 15 20 21 22 23 31 52 5 7 13 17 30 36 47 48 49 53 56
7 9 4 25 29 32 34 37 50 3 9 15 20 21 22 23 31 52
7 16 4 25 29 32 34 37 50 2 6 8 10 14 16 18 19 24 27 28 40 41 45 51 54
7 5 4 25 29 32 34 37 50 0 26 39 44 55
7 5 4 25 29 32 34 37 50 0 26 39 44 55
9 5 1 11 12 33 35 38 42 43 46 0 26 39 44 55
9 7 3 9 15 20 21 22 23 31 52 4 25 29 32 34 37 50
5 9 0 26 39 44 55 1 11 12 33 35 38 42 43 46
9 7 3 9 15 20 21 22 23 31 52 4 25 29 32 34 37 50
7 11 4 25 29 32 34 37 50 5 7 13 17 30 36 47 48 49 53 56
5 11 0 26 39 44 55 5 7 13 17 30 36 47 48 49 53 56
11 5 5 7 13 17 30 36 47 48 49 53 56 0 26 39 44 55
11 16 5 7 13 17 30 36 47 48 49 53 56 2 6 8 10 14 16 18 19 24 27 28 40 41 45 51 54
11 7 5 7 13 17 30 36 47 48 49 53 56 4 25 29 32 34 37 50
5 9 0 26 39 44 55 3 9 15 20 21 22 23 31 52
9 5 3 9 15 20 21 22 23 31 52 0 26 39 44 55
7 11 4 25 29 32 34 37 50 5 7 13 17 30 36 47 48 49 53 56
7 9 4 25 29 32 34 37 50 3 9 15 20 21 22 23 31 52
9 16 3 9 15 20 21 22 23 31 52 2 6 8 10 14 16 18 19 24 27 28 40 41 45 51 54
16 9 2 6 8 10 14 16 18 19 24 27 28 40 41 45 51 54 3 9 15 20 21 22 23 31 52
9 9 3 9 15 20 21 22 23 31 52 1 11 12 33 35 38 42 43 46
16 7 2 6 8 10 14 16 18 19 24 27 28 40 41 45 51 54 4 25 29 32 34 37 50
5 9 0 26 39 44 55 1 11 12 33 35 38 42 43 46
5 9 0 26 39 44 55 3 9 15 20 21 22 23 31 52
11 7 5 7 13 17 30 36 47 48 49 53 56 4 25 29 32 34 37 50
9 5 1 11 12 33 35 38 42 43 46 0 26 39 44 55
11 16 5 7 13 17 30 36 47 48 49 53 56 2 6 8 10 14 16 18 19 24 27 28 40 41 45 51 54
7 9 4 25 29 32 34 37 50 1 11 12 33 35 38 42 43 46
9 5 3 9 15 20 21 22 23 31 52 0 26 39 44 55
9 11 1 11 12 33 35 38 42 43 46 5 7 13 17 30 36 47 48 49 53 56
9 11 3 9 15 20 21 22 23 31 52 5 7 13 17 30 36 47 48 49 53 56
5 7 0 26 39 44 55 4 25 29 32 34 37 50
9 7 3 9 15 20 21 22 23 31 52 4 25 29 32 34 37 50
9 7 3 9 15 20 21 22 23 31 52 4 25 29 32 34 37 50
7 16 4 25 29 32 34 37 50 2 6 8 10 14 16 18 19 24 27 28 40 41 45 51 54
9 16 1 11 12 33 35 38 42 43 46 2 6 8 10 14 16 18 19 24 27 28 40 41 45 51 54
9 7 3 9 15 20 21 22 23 31 52 4 25 29 32 34 37 50
7 16 4 25 29 32 34 37 50 2 6 8 10 14 16 18 19 24 27 28 40 41 45 51 54
11 16 5 7 13 17 30 36 47 48 49 53 56 2 6 8 10 14 16 18 19 24 27 28 40 41 45 51 54
9 9 1 11 12 33 35 38 42 43 46 3 9 15 20 21 22 23 31 52
9 5 3 9 15 20 21 22 23 31 52 0 26 39 44 55
5 7 0 26 39 44 55 4 25 29 32 34 37 50
9 16 3 9 15 20 21 22 23 31 52 2 6 8 10 14 16 18 19 24 27 28 40 41 45 51 54
11 16 5 7 13 17 30 36 47 48 49 53 56 2 6 8 10 14 16 18 19 24 27 28 40 41 45 51 54
7 9 4 25 29 32 34 37 50 1 11 12 33 35 38 42 43 46
11 9 5 7 13 17 30 36 47 48 49 53 56 1 11 12 33 35 38 42 43 46
7 16 4 25 29 32 34 37 50 2 6 8 10 14 16 18 19 24 27 28 40 41 45 51 54
7 9 4 25 29 32 34 37 50 1 11 12 33 35 38 42 43 46
7 9 4 25 29 32 34 37 50 1 11 12 33 35 38 42 43 46
7 11 4 25 29 32 34 37 50 5 7 13 17 30 36 47 48 49 53 56
5 16 0 26 39 44 55 2 6 8 10 14 16 18 19 24 27 28 40 41 45 51 54
16 7 2 6 8 10 14 16 18 19 24 27 28 40 41 45 51 54 4 25 29 32 34 37 50
5 9 0 26 39 44 55 1 11 12 33 35 38 42 43 46
7 5 4 25 29 32 34 37 50 0 26 39 44 55
9 16 1 11 12 33 35 38 42 43 46 2 6 8 10 14 16 18 19 24 27 28 40 41 45 51 54
9 9 1 11 12 33 35 38 42 43 46 3 9 15 20 21 22 23 31 52
9 5 3 9 15 20 21 22 23 31 52 0 26 39 44 55
9 7 1 11 12 33 35 38 42 43 46 4 25 29 32 34 37 50
7 16 4 25 29 32 34 37 50 2 6 8 10 14 16 18 19 24 27 28 40 41 45 51 54
16 9 2 6 8 10 14 16 18 19 24 27 28 40 41 45 51 54 3 9 15 20 21 22 23 31 52
9 5 1 11 12 33 35 38 42 43 46 0 26 39 44 55
9 7 1 11 12 33 35 38 42 43 46 4 25 29 32 34 37 50
16 9 2 6 8 10 14 16 18 19 24 27 28 40 41 45 51 54 3 9 15 20 21 22 23 31 52
9 11 1 11 12 33 35 38 42 43 46 5 7 13 17 30 36 47 48 49 53 56
5 7 0 26 39 44 55 4 25 29 32 34 37 50
11 7 5 7 13 17 30 36 47 48 49 53 56 4 25 29 32 34 37 50
7 5 4 25 29 32 34 37 50 0 26 39 44 55
7 9 4 25 29 32 34 37 50 1 11 12 33 35 38 42 43 46
9 5 1 11 12 33 35 38 42 43 46 0 26 39 44 55
9 16 1 11 12 33 35 38 42 43 46 2 6 8 10 14 16 18 19 24 27 28 40 41 45 51 54
7 9 4 25 29 32 34 37 50 1 11 12 33 35 38 42 43 46
7 5 4 25 29 32 34 37 50 0 26 39 44 55
7 9 4 25 29 32 34 37 50 3 9 15 20 21 22 23 31 52
9 7 1 11 12 33 35 38 42 43 46 4 25 29 32 34 37 50
7 5 4 25 29 32 34 37 50 0 26 39 44 55
7 16 4 25 29 32 34 37 50 2 6 8 10 14 16 18 19 24 27 28 40 41 45 51 54
11 9 5 7 13 17 30 36 47 48 49 53 56 1 11 12 33 35 38 42 43 46
16 9 2 6 8 10 14 16 18 19 24 27 28 40 41 45 51 54 1 11 12 33 35 38 42 43 46
7 5 4 25 29 32 34 37 50 0 26 39 44 55
11 7 5 7 13 17 30 36 47 48 49 53 56 4 25 29 32 34 37 50
9 16 1 11 12 33 35 38 42 43 46 2 6 8 10 14 16 18 19 24 27 28 40 41 45 51 54
11 16 5 7 13 17 30 36 47 48 49 53 56 2 6 8 10 14 16 18 19 24 27 28 40 41 45 51 54
5 11 0 26 39 44 55 5 7 13 17 30 36 47 48 49 53 56
11 9 5 7 13 17 30 36 47 48 49 53 56 1 11 12 33 35 38 42 43 46
7 9 4 25 29 32 34 37 50 1 11 12 33 35 38 42 43 46
11 7 5 7 13 17 30 36 47 48 49 53 56 4 25 29 32 34 37 50
9 16 3 9 15 20 21 22 23 31 52 2 6 8 10 14 16 18 19 24 27 28 40 41 45 51 54
9 9 1 11 12 33 35 38 42 43 46 3 9 15 20 21 22 23 31 52
5 11 0 26 39 44 55 5 7 13 17 30 36 47 48 49 53 56
9 7 1 11 12 33 35 38 42 43 46 4 25 29 32 34 37 50
11 9 5 7 13 17 30 36 47 48 49 53 56 3 9 15 20 21 22 23 31 52
9 9 3 9 15 20 21 22 23 31 52 1 11 12 33 35 38 42 43 46
16 9 2 6 8 10 14 16 18 19 24 27 28 40 41 45 51 54 3 9 15 20 21 22 23 31 52
11 5 5 7 13 17 30 36 47 48 49 53 56 0 26 39 44 55
9 11 1 11 12 33 35 38 42 43 46 5 7 13 17 30 36 47 48 49 53 56
11 16 5 7 13 17 30 36 47 48 49 53 56 2 6 8 10 14 16 18 19 24 27 28 40 41 45 51 54
16 7 2 6 8 10 14 16 18 19 24 27 28 40 41 45 51 54 4 25 29 32 34 37 50
11 16 5 7 13 17 30 36 47 48 49 53 56 2 6 8 10 14 16 18 19 24 27 28 40 41 45 51 54
7 16 4 25 29 32 34 37 50 2 6 8 10 14 16 18 19 24 27 28 40 41 45 51 54
9 5 1 11 12 33 35 38 42 43 46 0 26 39 44 55
16 9 2 6 8 10 14 16 18 19 24 27 28 40 41 45 51 54 3 9 15 20 21 22 23 31 52
9 9 3 9 15 20 21 22 23 31 52 1 11 12 33 35 38 42 43 46
9 16 3 9 15 20 21 22 23 31 52 2 6 8 10 14 16 18 19 24 27 28 40 41 45 51 54
11 7 5 7 13 17 30 36 47 48 49 53 56 4 25 29 32 34 37 50
5 16 0 26 39 44 55 2 6 8 10 14 16 18 19 24 27 28 40 41 45 51 54
9 9 1 11 12 33 35 38 42 43 46 3 9 15 20 21 22 23 31 52
9 7 3 9 15 20 21 22 23 31 52 4 25 29 32 34 37 50
7 5 4 25 29 32 34 37 50 0 26 39 44 55
9 9 3 9 15 20 21 22 23 31 52 1 11 12 33 35 38 42 43 46
5 9 0 26 39 44 55 3 9 15 20 21 22 23 31 52
11 5 5 7 13 17 30 36 47 48 49 53 56 0 26 39 44 55
11 16 5 7 13 17 30 36 47 48 49 53 56 2 6 8 10 14 16 18 19 24 27 28 40 41 45 51 54
9 11 1 11 12 33 35 38 42 43 46 5 7 13 17 30 36 47 48 49 53 56
5 11 0 26 39 44 55 5 7 13 17 30 36 47 48 49 53 56
11 9 5 7 13 17 30 36 47 48 49 53 56 3 9 15 20 21 22 23 31 52
11 7 5 7 13 17 30 36 47 48 49 53 56 4 25 29 32 34 37 50
5 9 0 26 39 44 55 3 9 15 20 21 22 23 31 52
16 9 2 6 8 10 14 16 18 19 24 27 28 40 41 45 51 54 1 11 12 33 35 38 42 43 46
16 7 2 6 8 10 14 16 18 19 24 27 28 40 41 45 51 54 4 25 29 32 34 37 50
0 0 2 4 3 3 4 0 1 1 4 1 5 4 5 5 3 5 4 5 1 0 4 0 2 3 1 1 3 2 1 3 2 4 1 2 5 0 2 4 0 1 5 5 3 4 2 3 4 5 3 3 0 2 2 1 0
