1 1 17 18
1 1 7 56
1 1 19 69
1 1 0 37
1 1 39 20
1 1 36 45
1 1 44 14
1 1 38 49
1 1 7 43
1 1 22 62
1 1 20 3
1 1 55 50
1 1 55 40
1 1 49 39
1 1 39 66
1 1 33 56
1 1 28 13
1 1 3 27
1 1 1 47
1 1 57 46
1 1 64 69
1 1 56 24
1 1 17 21
1 1 67 41
1 1 46 60
1 1 13 56
1 1 29 10
1 1 21 8
1 1 0 64
1 1 51 4
1 1 45 60
1 1 14 68
1 1 29 5
1 1 3 26
1 1 8 69
1 1 37 36
1 1 15 14
1 1 9 64
1 1 18 52
1 1 7 50
1 1 54 0
1 1 41 26
1 1 35 38
1 1 32 26
1 1 56 31
1 1 34 11
1 1 1 68
1 1 9 42
1 1 20 18
1 1 28 58
1 1 50 69
1 1 52 38
1 1 15 48
1 1 17 24
1 1 15 67
1 1 49 45
1 1 24 18
1 1 16 29
1 1 50 62
1 1 37 51
1 1 67 54
1 1 6 26
1 1 18 51
1 1 30 44
1 1 9 56
1 1 55 25
1 1 63 55
1 1 4 32
1 1 11 30
1 1 67 57
1 1 29 56
1 1 53 2
1 1 14 51
1 1 25 66
1 1 48 30
1 1 0 60
1 1 52 47
1 1 40 66
1 1 39 34
1 1 30 42
1 1 44 13
1 1 39 48
1 1 18 47
1 1 31 26
1 1 69 15
1 1 29 32
1 1 48 36
1 1 43 41
1 1 6 69
1 1 31 42
1 1 22 14
1 1 63 1
1 1 14 32
1 1 50 60
1 1 53 40
1 1 23 47
1 1 28 19
1 1 53 43
1 1 6 32
1 1 57 55
1 1 51 53
1 1 15 34
1 1 51 11
1 1 8 36
1 1 40 31
1 1 45 16
1 1 10 40
1 1 39 15
1 1 33 67
1 1 37 16
1 1 0 31
1 1 57 63
1 1 58 15
1 1 66 24
1 1 63 48
1 1 16 12
1 1 22 18
1 1 1 21
1 1 6 51
1 1 35 10
1 1 44 18
1 1 25 56
1 1 14 0
1 1 23 69
1 1 66 30
1 1 8 37
1 1 19 9
1 1 67 2
1 1 16 37
1 1 30 5
1 1 7 41
1 1 2 46
1 1 64 21
1 1 50 61
1 1 69 27
1 1 32 64
1 1 66 3
1 1 14 36
1 1 53 46
1 1 18 32
1 1 52 9
1 1 16 52
1 1 18 37
1 1 62 50
1 1 29 23
1 1 20 12
1 1 48 65
1 1 64 61
1 1 69 3
1 1 33 10
1 1 9 45
1 1 16 67
1 1 18 25
1 1 15 12
1 1 0 3
1 1 39 57
1 1 44 8
1 1 16 3
1 1 27 18
1 1 28 30
1 1 41 26
1 1 12 6
1 1 9 27
1 1 42 67
1 1 0 47
1 1 53 19
1 1 65 21
1 1 3 40
1 1 5 4
1 1 2 10
1 1 24 22
1 1 62 38
1 1 20 17
1 1 45 60
1 1 8 3
1 1 3 62
1 1 59 65
1 1 61 7
1 1 3 1
1 1 58 59
1 1 9 18
1 1 18 21
1 1 63 66
1 1 4 68
1 1 6 52
1 1 17 30
1 1 4 60
1 1 51 50
1 1 6 52
1 1 50 0
1 1 32 28
1 1 67 28
1 1 68 60
1 1 54 43
1 1 30 66
1 1 30 64
1 1 64 26
1 1 43 57
1 1 19 24
1 1 22 36
1 1 20 42
1 1 36 65
1 1 16 19
1 1 54 25
1 1 8 17
1 1 16 10
1 1 62 52
1 1 1 48
1 1 48 62
1 1 13 14
1 1 42 22
1 1 64 18
1 1 28 8
1 1 32 68
1 1 46 0
1 1 15 8
1 1 25 27
1 1 53 10
1 1 67 32
1 1 54 5
1 1 29 7
1 1 9 54
1 1 33 2
1 1 20 51
1 1 23 14
1 1 67 52
1 1 51 32
1 1 36 14
1 1 39 9
1 1 53 37
1 1 37 38
1 1 28 48
1 1 47 32
1 1 24 59
1 1 25 51
1 1 6 41
1 1 19 51
1 1 8 41
1 1 37 43
1 1 51 53
1 1 19 20
1 1 45 30
1 1 27 47
1 1 68 65
1 1 4 58
1 1 60 7
1 1 8 2
1 1 66 55
1 1 14 30
1 1 4 18
1 1 38 10
1 1 2 0
1 1 10 42
1 1 15 39
1 1 60 67
1 1 37 30
1 1 13 29
1 1 61 3
1 1 7 38
1 1 10 33
1 1 65 10
1 1 27 63
1 1 57 53
1 1 29 26
1 1 19 27
1 1 9 26
1 1 40 51
1 1 15 69
1 1 32 29
1 1 69 21
1 1 22 5
1 1 25 6
1 1 56 54
1 1 11 42
1 1 32 6
1 1 47 52
1 1 50 17
1 1 58 10
1 1 8 2
1 1 25 14
1 1 36 9
1 1 61 25
1 1 9 17
1 1 48 34
1 1 31 65
1 1 53 44
1 1 61 19
1 1 26 12
1 1 14 11
1 1 69 12
1 1 26 14
1 1 27 5
1 1 0 6
1 1 49 64
1 1 57 58
1 1 25 20
1 1 15 39
1 1 17 42
1 1 35 33
1 1 45 29
1 1 44 34
1 1 32 36
1 1 62 49
1 1 49 37
1 1 28 30
1 1 63 4
1 1 25 38
1 1 12 13
1 1 3 38
1 1 7 28
1 1 62 40
1 1 16 59
1 1 60 24
1 1 9 46
1 1 66 0
1 1 48 56
1 1 12 52
1 1 19 17
1 1 62 34
1 1 44 37
1 1 63 11
1 1 52 46
1 1 63 64
1 1 3 7
1 1 50 10
1 1 48 45
1 1 9 48
1 1 68 30
1 1 5 59
1 1 0 22
1 1 11 6
1 1 58 37
1 1 39 3
1 1 38 16
1 1 26 27
1 1 47 59
1 1 32 36
1 1 56 7
1 1 8 22
1 1 53 20
1 1 58 23
1 1 7 58
1 1 34 42
1 1 68 19
1 1 64 59
1 1 45 32
1 1 61 31
1 1 8 59
1 1 42 46
1 1 62 27
1 1 47 36
1 1 42 60
1 1 0 29
1 1 57 66
1 1 45 18
1 1 14 40
1 1 57 38
1 1 0 15
1 1 58 26
1 1 3 43
1 1 29 11
1 1 54 66
1 1 61 42
1 1 52 51
1 1 48 30
1 1 61 10
1 1 57 34
1 1 64 7
1 1 68 47
1 1 57 9
1 1 17 0
1 1 41 20
1 1 19 47
1 1 28 57
1 1 3 5
1 1 28 3
1 1 12 36
1 1 13 7
1 1 8 55
1 1 67 47
1 1 54 40
1 1 59 20
1 1 52 28
1 1 61 36
1 1 62 11
1 1 60 64
1 1 3 48
1 1 44 55
1 1 55 28
1 1 6 0
1 1 58 67
1 1 47 7
1 1 41 23
1 1 39 54
1 1 32 14
1 1 44 26
1 1 61 13
1 1 23 37
1 1 64 49
1 1 53 10
1 1 55 21
1 1 64 22
1 1 50 22
1 1 5 10
1 1 48 31
1 1 14 3
1 1 41 39
1 1 5 2
1 1 64 22
1 1 42 29
1 1 45 37
1 1 55 14
1 1 20 12
1 1 35 0
1 1 46 17
1 1 59 54
1 1 5 28
1 1 14 56
1 1 47 30
1 1 3 32
1 1 66 68
1 1 38 39
1 1 14 3
1 1 48 36
1 1 33 45
1 1 11 7
1 1 67 64
1 1 60 12
1 1 0 46
1 1 17 50
1 1 62 24
1 1 53 31
1 1 63 2
1 1 13 7
1 1 19 30
1 1 14 44
1 1 33 38
1 1 52 18
1 1 65 55
1 1 67 46
1 1 6 23
1 1 32 49
1 1 50 43
1 1 69 34
1 1 69 67
1 1 59 31
1 1 56 3
1 1 15 58
1 1 62 34
1 1 3 52
1 1 27 18
1 1 28 51
1 1 13 55
1 1 64 41
1 1 28 1
1 1 60 21
1 1 40 28
1 1 60 11
1 1 24 60
1 1 57 42
1 1 22 58
1 1 39 54
1 1 63 40
1 1 24 33
1 1 18 20
1 1 68 55
1 1 4 18
1 1 68 66
1 1 57 53
1 1 35 62
1 1 8 40
1 1 1 39
1 1 29 33
1 1 16 0
1 1 27 40
1 1 12 63
1 1 11 25
1 1 52 13
1 1 55 57
1 1 58 17
1 1 18 49
1 1 6 26
1 1 43 52
1 1 55 33
1 1 50 25
1 1 41 35
1 1 63 8
1 1 60 55
1 1 22 11
1 1 54 41
1 1 55 39
1 1 38 68
1 1 26 32
1 1 60 3
1 1 67 28
1 1 69 42
1 1 25 42
1 1 4 10
1 1 47 2
1 1 61 24
1 1 15 48
1 1 24 25
1 1 59 57
1 1 55 5
1 1 52 13
1 1 41 25
1 1 5 41
1 1 8 69
1 1 32 55
1 1 17 62
1 1 46 57
1 1 35 42
1 1 10 0
1 1 29 18
1 1 32 0
1 1 49 36
1 1 6 69
1 1 13 60
1 1 19 15
1 1 27 50
1 1 18 1
1 1 33 64
1 1 39 42
1 1 32 27
1 1 21 45
1 1 47 42
1 1 19 53
1 1 69 29
1 1 21 41
1 1 31 51
1 1 10 41
1 1 17 29
1 1 0 60
1 1 50 58
1 1 12 21
1 1 20 56
1 1 3 19
1 1 42 43
1 1 45 3
1 1 51 58
1 1 42 19
1 1 6 26
1 1 56 17
1 1 24 56
1 1 2 65
1 1 40 12
1 1 7 2
1 1 12 36
1 1 65 24
1 1 9 36
1 1 0 42
1 1 15 55
1 1 33 26
1 1 51 33
1 1 45 48
1 1 24 54
1 1 12 33
1 1 61 37
1 1 54 44
1 1 16 68
1 1 58 26
1 1 20 46
1 1 19 11
1 1 14 41
1 1 28 46
1 1 4 21
1 1 0 40
1 1 10 23
1 1 55 25
1 1 30 1
1 1 62 44
1 1 23 54
1 1 68 9
1 1 33 0
1 1 6 20
1 1 53 22
1 1 16 54
1 1 22 5
1 1 11 44
1 1 3 59
1 1 10 25
1 1 5 54
1 1 39 3
1 1 61 49
1 1 58 32
1 1 53 50
1 1 25 68
1 1 35 61
1 1 12 5
1 1 65 4
1 1 42 49
1 1 16 35
1 1 20 61
1 1 64 46
1 1 4 42
1 1 18 64
1 1 63 36
1 1 12 63
1 1 33 18
1 1 48 64
1 1 47 34
1 1 31 52
1 1 61 58
1 1 53 31
1 1 62 13
1 1 10 57
1 1 35 27
1 1 38 31
1 1 28 47
1 1 37 68
1 1 68 3
1 1 40 55
1 1 26 54
1 1 52 47
1 1 14 9
1 1 3 51
1 1 52 25
1 1 24 38
1 1 53 63
1 1 16 64
1 1 51 59
1 1 52 4
1 1 51 47
1 1 57 58
1 1 57 60
1 1 9 51
1 1 21 4
1 1 44 43
1 1 62 28
1 1 36 1
1 1 61 30
1 1 41 62
1 1 39 3
1 1 2 3
1 1 44 3
1 1 46 58
1 1 41 16
1 1 47 28
1 1 8 46
1 1 64 63
1 1 2 61
1 1 16 56
1 1 20 67
1 1 42 16
1 1 65 21
1 1 48 28
1 1 55 31
1 1 35 42
1 1 49 8
1 1 38 67
1 1 42 63
1 1 59 0
1 1 44 25
1 1 30 11
1 1 63 57
1 1 42 31
1 1 56 19
1 1 35 1
1 1 42 29
1 1 4 21
1 1 56 0
1 1 29 65
1 1 13 29
1 1 21 10
1 1 39 14
1 1 42 4
1 1 13 65
1 1 56 47
1 1 9 17
1 1 2 45
1 1 15 40
1 1 10 24
1 1 5 1
1 1 46 41
1 1 54 26
1 1 50 23
1 1 30 33
1 1 45 2
1 1 66 45
1 1 49 68
1 1 50 2
1 1 8 16
1 1 66 58
1 1 22 10
1 1 19 55
1 1 10 11
1 1 4 0
1 1 27 55
1 1 61 40
1 1 22 61
1 1 7 30
1 1 10 14
1 1 24 19
1 1 22 1
1 1 45 14
1 1 1 48
1 1 9 5
1 1 27 14
1 1 22 14
1 1 45 18
8 6 4 13 17 27 36 41 44 56 7 22 26 34 43 61
8 10 8 14 25 37 45 46 48 64 5 12 16 18 23 47 52 54 67 69
6 4 7 22 26 34 43 61 3 24 35 59
8 6 8 14 25 37 45 46 48 64 2 39 51 62 63 66
8 6 8 14 25 37 45 46 48 64 2 39 51 62 63 66
4 6 3 24 35 59 9 20 28 49 55 65
6 8 2 39 51 62 63 66 8 14 25 37 45 46 48 64
10 4 5 12 16 18 23 47 52 54 67 69 3 24 35 59
6 10 9 20 28 49 55 65 5 12 16 18 23 47 52 54 67 69
4 3 0 29 32 53 1 30 33
6 10 9 20 28 49 55 65 5 12 16 18 23 47 52 54 67 69
6 4 7 22 26 34 43 61 3 24 35 59
6 6 9 20 28 49 55 65 2 39 51 62 63 66
3 8 1 30 33 4 13 17 27 36 41 44 56
3 4 1 30 33 0 29 32 53
4 4 3 24 35 59 0 29 32 53
6 4 2 39 51 62 63 66 3 24 35 59
4 8 0 29 32 53 8 14 25 37 45 46 48 64
10 4 5 12 16 18 23 47 52 54 67 69 3 24 35 59
3 8 1 30 33 4 13 17 27 36 41 44 56
4 3 0 29 32 53 1 30 33
7 6 10 15 38 50 57 58 60 2 39 51 62 63 66
10 6 5 12 16 18 23 47 52 54 67 69 9 20 28 49 55 65
4 10 0 29 32 53 5 12 16 18 23 47 52 54 67 69
7 8 10 15 38 50 57 58 60 4 13 17 27 36 41 44 56
6 8 9 20 28 49 55 65 8 14 25 37 45 46 48 64
6 8 2 39 51 62 63 66 4 13 17 27 36 41 44 56
8 8 8 14 25 37 45 46 48 64 6 11 19 21 31 40 42 68
6 6 2 39 51 62 63 66 7 22 26 34 43 61
6 3 7 22 26 34 43 61 1 30 33
4 8 0 29 32 53 8 14 25 37 45 46 48 64
4 6 0 29 32 53 7 22 26 34 43 61
6 8 9 20 28 49 55 65 4 13 17 27 36 41 44 56
8 6 8 14 25 37 45 46 48 64 9 20 28 49 55 65
8 4 8 14 25 37 45 46 48 64 0 29 32 53
10 6 5 12 16 18 23 47 52 54 67 69 2 39 51 62 63 66
8 6 8 14 25 37 45 46 48 64 9 20 28 49 55 65
4 6 0 29 32 53 9 20 28 49 55 65
8 6 6 11 19 21 31 40 42 68 9 20 28 49 55 65
6 6 7 22 26 34 43 61 9 20 28 49 55 65
7 6 10 15 38 50 57 58 60 2 39 51 62 63 66
6 7 2 39 51 62 63 66 10 15 38 50 57 58 60
4 4 3 24 35 59 0 29 32 53
4 8 0 29 32 53 8 14 25 37 45 46 48 64
7 4 10 15 38 50 57 58 60 0 29 32 53
6 6 9 20 28 49 55 65 7 22 26 34 43 61
6 6 7 22 26 34 43 61 9 20 28 49 55 65
3 8 1 30 33 4 13 17 27 36 41 44 56
8 6 4 13 17 27 36 41 44 56 2 39 51 62 63 66
4 7 0 29 32 53 10 15 38 50 57 58 60
8 8 8 14 25 37 45 46 48 64 6 11 19 21 31 40 42 68
8 6 6 11 19 21 31 40 42 68 9 20 28 49 55 65
6 6 7 22 26 34 43 61 9 20 28 49 55 65
4 8 0 29 32 53 6 11 19 21 31 40 42 68
8 6 6 11 19 21 31 40 42 68 2 39 51 62 63 66
8 6 6 11 19 21 31 40 42 68 7 22 26 34 43 61
8 4 6 11 19 21 31 40 42 68 3 24 35 59
8 4 6 11 19 21 31 40 42 68 0 29 32 53
8 4 4 13 17 27 36 41 44 56 0 29 32 53
4 6 0 29 32 53 2 39 51 62 63 66
6 8 2 39 51 62 63 66 6 11 19 21 31 40 42 68
3 4 1 30 33 0 29 32 53
8 3 8 14 25 37 45 46 48 64 1 30 33
3 6 1 30 33 2 39 51 62 63 66
3 8 1 30 33 4 13 17 27 36 41 44 56
4 8 3 24 35 59 4 13 17 27 36 41 44 56
10 7 5 12 16 18 23 47 52 54 67 69 10 15 38 50 57 58 60
10 6 5 12 16 18 23 47 52 54 67 69 7 22 26 34 43 61
3 8 1 30 33 4 13 17 27 36 41 44 56
8 8 6 11 19 21 31 40 42 68 8 14 25 37 45 46 48 64
6 4 7 22 26 34 43 61 0 29 32 53
8 6 4 13 17 27 36 41 44 56 2 39 51 62 63 66
6 3 7 22 26 34 43 61 1 30 33
10 6 5 12 16 18 23 47 52 54 67 69 2 39 51 62 63 66
4 6 3 24 35 59 7 22 26 34 43 61
6 8 2 39 51 62 63 66 8 14 25 37 45 46 48 64
6 8 9 20 28 49 55 65 8 14 25 37 45 46 48 64
4 6 0 29 32 53 7 22 26 34 43 61
8 10 8 14 25 37 45 46 48 64 5 12 16 18 23 47 52 54 67 69
6 6 9 20 28 49 55 65 7 22 26 34 43 61
7 8 10 15 38 50 57 58 60 6 11 19 21 31 40 42 68
6 3 9 20 28 49 55 65 1 30 33
8 4 4 13 17 27 36 41 44 56 3 24 35 59
6 8 7 22 26 34 43 61 8 14 25 37 45 46 48 64
6 7 7 22 26 34 43 61 10 15 38 50 57 58 60
8 4 6 11 19 21 31 40 42 68 0 29 32 53
4 7 0 29 32 53 10 15 38 50 57 58 60
7 8 10 15 38 50 57 58 60 4 13 17 27 36 41 44 56
6 7 7 22 26 34 43 61 10 15 38 50 57 58 60
8 6 4 13 17 27 36 41 44 56 7 22 26 34 43 61
4 4 0 29 32 53 3 24 35 59
10 8 5 12 16 18 23 47 52 54 67 69 6 11 19 21 31 40 42 68
6 8 2 39 51 62 63 66 8 14 25 37 45 46 48 64
3 6 1 30 33 2 39 51 62 63 66
8 4 6 11 19 21 31 40 42 68 0 29 32 53
3 8 1 30 33 6 11 19 21 31 40 42 68
6 4 9 20 28 49 55 65 3 24 35 59
4 6 3 24 35 59 9 20 28 49 55 65
10 4 5 12 16 18 23 47 52 54 67 69 0 29 32 53
7 6 10 15 38 50 57 58 60 7 22 26 34 43 61
4 6 0 29 32 53 2 39 51 62 63 66
8 8 4 13 17 27 36 41 44 56 8 14 25 37 45 46 48 64
8 4 8 14 25 37 45 46 48 64 0 29 32 53
8 7 8 14 25 37 45 46 48 64 10 15 38 50 57 58 60
4 8 3 24 35 59 8 14 25 37 45 46 48 64
8 6 6 11 19 21 31 40 42 68 2 39 51 62 63 66
7 4 10 15 38 50 57 58 60 3 24 35 59
8 7 6 11 19 21 31 40 42 68 10 15 38 50 57 58 60
8 10 4 13 17 27 36 41 44 56 5 12 16 18 23 47 52 54 67 69
10 7 5 12 16 18 23 47 52 54 67 69 10 15 38 50 57 58 60
8 6 4 13 17 27 36 41 44 56 9 20 28 49 55 65
6 3 7 22 26 34 43 61 1 30 33
4 4 0 29 32 53 3 24 35 59
6 4 7 22 26 34 43 61 3 24 35 59
7 10 10 15 38 50 57 58 60 5 12 16 18 23 47 52 54 67 69
3 6 1 30 33 2 39 51 62 63 66
8 4 6 11 19 21 31 40 42 68 3 24 35 59
4 4 0 29 32 53 3 24 35 59
7 8 10 15 38 50 57 58 60 6 11 19 21 31 40 42 68
8 7 6 11 19 21 31 40 42 68 10 15 38 50 57 58 60
8 7 8 14 25 37 45 46 48 64 10 15 38 50 57 58 60
4 6 0 29 32 53 7 22 26 34 43 61
8 6 6 11 19 21 31 40 42 68 7 22 26 34 43 61
6 8 7 22 26 34 43 61 6 11 19 21 31 40 42 68
6 4 9 20 28 49 55 65 3 24 35 59
6 6 2 39 51 62 63 66 9 20 28 49 55 65
4 10 3 24 35 59 5 12 16 18 23 47 52 54 67 69
4 6 3 24 35 59 9 20 28 49 55 65
8 6 8 14 25 37 45 46 48 64 9 20 28 49 55 65
7 8 10 15 38 50 57 58 60 6 11 19 21 31 40 42 68
6 6 9 20 28 49 55 65 7 22 26 34 43 61
8 7 6 11 19 21 31 40 42 68 10 15 38 50 57 58 60
6 10 2 39 51 62 63 66 5 12 16 18 23 47 52 54 67 69
6 6 7 22 26 34 43 61 2 39 51 62 63 66
4 6 0 29 32 53 2 39 51 62 63 66
8 4 4 13 17 27 36 41 44 56 0 29 32 53
4 4 3 24 35 59 0 29 32 53
10 4 5 12 16 18 23 47 52 54 67 69 3 24 35 59
7 6 10 15 38 50 57 58 60 2 39 51 62 63 66
8 6 6 11 19 21 31 40 42 68 9 20 28 49 55 65
3 10 1 30 33 5 12 16 18 23 47 52 54 67 69
4 6 0 29 32 53 7 22 26 34 43 61
3 10 1 30 33 5 12 16 18 23 47 52 54 67 69
6 6 2 39 51 62 63 66 7 22 26 34 43 61
4 8 3 24 35 59 6 11 19 21 31 40 42 68
6 8 9 20 28 49 55 65 4 13 17 27 36 41 44 56
6 8 7 22 26 34 43 61 6 11 19 21 31 40 42 68
10 8 5 12 16 18 23 47 52 54 67 69 6 11 19 21 31 40 42 68
10 6 5 12 16 18 23 47 52 54 67 69 2 39 51 62 63 66
4 3 3 24 35 59 1 30 33
8 3 4 13 17 27 36 41 44 56 1 30 33
6 6 2 39 51 62 63 66 9 20 28 49 55 65
6 8 7 22 26 34 43 61 4 13 17 27 36 41 44 56
4 6 3 24 35 59 9 20 28 49 55 65
4 8 3 24 35 59 8 14 25 37 45 46 48 64
6 4 2 39 51 62 63 66 0 29 32 53
4 10 0 29 32 53 5 12 16 18 23 47 52 54 67 69
6 3 9 20 28 49 55 65 1 30 33
10 6 5 12 16 18 23 47 52 54 67 69 9 20 28 49 55 65
4 6 0 29 32 53 2 39 51 62 63 66
6 4 7 22 26 34 43 61 3 24 35 59
6 10 9 20 28 49 55 65 5 12 16 18 23 47 52 54 67 69
8 8 8 14 25 37 45 46 48 64 6 11 19 21 31 40 42 68
4 8 3 24 35 59 8 14 25 37 45 46 48 64
7 8 10 15 38 50 57 58 60 8 14 25 37 45 46 48 64
10 4 5 12 16 18 23 47 52 54 67 69 3 24 35 59
8 8 8 14 25 37 45 46 48 64 4 13 17 27 36 41 44 56
3 10 1 30 33 5 12 16 18 23 47 52 54 67 69
6 8 9 20 28 49 55 65 8 14 25 37 45 46 48 64
8 7 6 11 19 21 31 40 42 68 10 15 38 50 57 58 60
8 4 6 11 19 21 31 40 42 68 0 29 32 53
8 4 8 14 25 37 45 46 48 64 3 24 35 59
3 6 1 30 33 9 20 28 49 55 65
8 6 4 13 17 27 36 41 44 56 7 22 26 34 43 61
6 7 9 20 28 49 55 65 10 15 38 50 57 58 60
8 8 8 14 25 37 45 46 48 64 4 13 17 27 36 41 44 56
6 10 2 39 51 62 63 66 5 12 16 18 23 47 52 54 67 69
8 4 4 13 17 27 36 41 44 56 3 24 35 59
4 3 3 24 35 59 1 30 33
4 7 3 24 35 59 10 15 38 50 57 58 60
6 8 7 22 26 34 43 61 4 13 17 27 36 41 44 56
6 4 2 39 51 62 63 66 0 29 32 53
8 8 6 11 19 21 31 40 42 68 8 14 25 37 45 46 48 64
7 8 10 15 38 50 57 58 60 4 13 17 27 36 41 44 56
10 6 5 12 16 18 23 47 52 54 67 69 9 20 28 49 55 65
8 6 4 13 17 27 36 41 44 56 9 20 28 49 55 65
6 4 7 22 26 34 43 61 3 24 35 59
6 3 2 39 51 62 63 66 1 30 33
4 6 0 29 32 53 7 22 26 34 43 61
4 8 0 29 32 53 6 11 19 21 31 40 42 68
8 6 4 13 17 27 36 41 44 56 2 39 51 62 63 66
3 8 1 30 33 4 13 17 27 36 41 44 56
4 8 3 24 35 59 8 14 25 37 45 46 48 64
8 4 8 14 25 37 45 46 48 64 0 29 32 53
6 6 7 22 26 34 43 61 2 39 51 62 63 66
3 8 1 30 33 8 14 25 37 45 46 48 64
8 6 4 13 17 27 36 41 44 56 2 39 51 62 63 66
8 7 8 14 25 37 45 46 48 64 10 15 38 50 57 58 60
6 6 9 20 28 49 55 65 7 22 26 34 43 61
7 10 10 15 38 50 57 58 60 5 12 16 18 23 47 52 54 67 69
4 7 0 29 32 53 10 15 38 50 57 58 60
6 8 7 22 26 34 43 61 8 14 25 37 45 46 48 64
6 4 9 20 28 49 55 65 3 24 35 59
4 3 0 29 32 53 1 30 33
8 6 6 11 19 21 31 40 42 68 2 39 51 62 63 66
6 3 2 39 51 62 63 66 1 30 33
6 8 7 22 26 34 43 61 4 13 17 27 36 41 44 56
7 6 10 15 38 50 57 58 60 7 22 26 34 43 61
10 8 5 12 16 18 23 47 52 54 67 69 8 14 25 37 45 46 48 64
4 8 0 29 32 53 6 11 19 21 31 40 42 68
4 8 3 24 35 59 4 13 17 27 36 41 44 56
6 4 2 39 51 62 63 66 3 24 35 59
6 6 2 39 51 62 63 66 7 22 26 34 43 61
8 7 8 14 25 37 45 46 48 64 10 15 38 50 57 58 60
6 4 7 22 26 34 43 61 3 24 35 59
7 4 10 15 38 50 57 58 60 3 24 35 59
7 6 10 15 38 50 57 58 60 9 20 28 49 55 65
4 6 3 24 35 59 2 39 51 62 63 66
8 6 6 11 19 21 31 40 42 68 9 20 28 49 55 65
8 6 8 14 25 37 45 46 48 64 9 20 28 49 55 65
6 10 9 20 28 49 55 65 5 12 16 18 23 47 52 54 67 69
10 6 5 12 16 18 23 47 52 54 67 69 7 22 26 34 43 61
6 7 2 39 51 62 63 66 10 15 38 50 57 58 60
6 4 9 20 28 49 55 65 0 29 32 53
3 8 1 30 33 8 14 25 37 45 46 48 64
10 6 5 12 16 18 23 47 52 54 67 69 7 22 26 34 43 61
8 6 4 13 17 27 36 41 44 56 2 39 51 62 63 66
6 4 9 20 28 49 55 65 3 24 35 59
4 7 0 29 32 53 10 15 38 50 57 58 60
8 4 8 14 25 37 45 46 48 64 3 24 35 59
6 6 7 22 26 34 43 61 2 39 51 62 63 66
10 4 5 12 16 18 23 47 52 54 67 69 0 29 32 53
8 8 4 13 17 27 36 41 44 56 8 14 25 37 45 46 48 64
6 10 9 20 28 49 55 65 5 12 16 18 23 47 52 54 67 69
4 3 3 24 35 59 1 30 33
8 6 8 14 25 37 45 46 48 64 9 20 28 49 55 65
6 7 2 39 51 62 63 66 10 15 38 50 57 58 60
10 7 5 12 16 18 23 47 52 54 67 69 10 15 38 50 57 58 60
7 8 10 15 38 50 57 58 60 4 13 17 27 36 41 44 56
3 8 1 30 33 6 11 19 21 31 40 42 68
6 7 2 39 51 62 63 66 10 15 38 50 57 58 60
8 3 6 11 19 21 31 40 42 68 1 30 33
6 8 9 20 28 49 55 65 6 11 19 21 31 40 42 68
10 6 5 12 16 18 23 47 52 54 67 69 2 39 51 62 63 66
4 8 0 29 32 53 4 13 17 27 36 41 44 56
3 8 1 30 33 8 14 25 37 45 46 48 64
3 6 1 30 33 9 20 28 49 55 65
4 4 3 24 35 59 0 29 32 53
6 6 9 20 28 49 55 65 2 39 51 62 63 66
6 7 7 22 26 34 43 61 10 15 38 50 57 58 60
4 8 3 24 35 59 8 14 25 37 45 46 48 64
3 6 1 30 33 7 22 26 34 43 61
4 7 0 29 32 53 10 15 38 50 57 58 60
8 6 6 11 19 21 31 40 42 68 9 20 28 49 55 65
3 6 1 30 33 9 20 28 49 55 65
4 6 0 29 32 53 7 22 26 34 43 61
6 4 2 39 51 62 63 66 0 29 32 53
6 6 7 22 26 34 43 61 9 20 28 49 55 65
4 10 0 29 32 53 5 12 16 18 23 47 52 54 67 69
8 4 8 14 25 37 45 46 48 64 0 29 32 53
6 8 7 22 26 34 43 61 4 13 17 27 36 41 44 56
10 8 5 12 16 18 23 47 52 54 67 69 6 11 19 21 31 40 42 68
10 8 5 12 16 18 23 47 52 54 67 69 8 14 25 37 45 46 48 64
10 6 5 12 16 18 23 47 52 54 67 69 2 39 51 62 63 66
8 4 6 11 19 21 31 40 42 68 0 29 32 53
7 4 10 15 38 50 57 58 60 3 24 35 59
4 3 3 24 35 59 1 30 33
4 3 0 29 32 53 1 30 33
8 6 8 14 25 37 45 46 48 64 2 39 51 62 63 66
10 4 5 12 16 18 23 47 52 54 67 69 3 24 35 59
8 3 4 13 17 27 36 41 44 56 1 30 33
10 7 5 12 16 18 23 47 52 54 67 69 10 15 38 50 57 58 60
8 4 6 11 19 21 31 40 42 68 0 29 32 53
6 8 2 39 51 62 63 66 4 13 17 27 36 41 44 56
4 6 3 24 35 59 9 20 28 49 55 65
4 8 0 29 32 53 8 14 25 37 45 46 48 64
10 7 5 12 16 18 23 47 52 54 67 69 10 15 38 50 57 58 60
4 6 0 29 32 53 2 39 51 62 63 66
4 4 3 24 35 59 0 29 32 53
8 4 8 14 25 37 45 46 48 64 0 29 32 53
8 10 8 14 25 37 45 46 48 64 5 12 16 18 23 47 52 54 67 69
6 8 9 20 28 49 55 65 6 11 19 21 31 40 42 68
4 8 3 24 35 59 6 11 19 21 31 40 42 68
6 6 7 22 26 34 43 61 9 20 28 49 55 65
7 3 10 15 38 50 57 58 60 1 30 33
3 6 1 30 33 7 22 26 34 43 61
8 10 6 11 19 21 31 40 42 68 5 12 16 18 23 47 52 54 67 69
10 6 5 12 16 18 23 47 52 54 67 69 9 20 28 49 55 65
8 6 4 13 17 27 36 41 44 56 9 20 28 49 55 65
6 6 7 22 26 34 43 61 2 39 51 62 63 66
3 6 1 30 33 2 39 51 62 63 66
8 6 6 11 19 21 31 40 42 68 9 20 28 49 55 65
8 8 8 14 25 37 45 46 48 64 6 11 19 21 31 40 42 68
8 4 4 13 17 27 36 41 44 56 0 29 32 53
4 8 3 24 35 59 4 13 17 27 36 41 44 56
8 6 8 14 25 37 45 46 48 64 2 39 51 62 63 66
6 4 9 20 28 49 55 65 3 24 35 59
6 8 2 39 51 62 63 66 8 14 25 37 45 46 48 64
4 8 3 24 35 59 6 11 19 21 31 40 42 68
3 8 1 30 33 6 11 19 21 31 40 42 68
6 8 7 22 26 34 43 61 4 13 17 27 36 41 44 56
3 8 1 30 33 8 14 25 37 45 46 48 64
6 4 7 22 26 34 43 61 0 29 32 53
8 7 8 14 25 37 45 46 48 64 10 15 38 50 57 58 60
8 10 8 14 25 37 45 46 48 64 5 12 16 18 23 47 52 54 67 69
4 6 0 29 32 53 2 39 51 62 63 66
8 6 4 13 17 27 36 41 44 56 2 39 51 62 63 66
8 8 6 11 19 21 31 40 42 68 8 14 25 37 45 46 48 64
4 6 0 29 32 53 2 39 51 62 63 66
8 8 4 13 17 27 36 41 44 56 8 14 25 37 45 46 48 64
6 7 7 22 26 34 43 61 10 15 38 50 57 58 60
8 6 8 14 25 37 45 46 48 64 2 39 51 62 63 66
7 6 10 15 38 50 57 58 60 7 22 26 34 43 61
6 6 9 20 28 49 55 65 7 22 26 34 43 61
6 8 2 39 51 62 63 66 6 11 19 21 31 40 42 68
6 3 7 22 26 34 43 61 1 30 33
8 4 4 13 17 27 36 41 44 56 3 24 35 59
8 7 6 11 19 21 31 40 42 68 10 15 38 50 57 58 60
4 6 3 24 35 59 9 20 28 49 55 65
8 6 6 11 19 21 31 40 42 68 2 39 51 62 63 66
3 8 1 30 33 4 13 17 27 36 41 44 56
4 8 0 29 32 53 6 11 19 21 31 40 42 68
10 6 5 12 16 18 23 47 52 54 67 69 2 39 51 62 63 66
6 4 7 22 26 34 43 61 3 24 35 59
6 3 7 22 26 34 43 61 1 30 33
7 6 10 15 38 50 57 58 60 9 20 28 49 55 65
7 8 10 15 38 50 57 58 60 4 13 17 27 36 41 44 56
3 8 1 30 33 4 13 17 27 36 41 44 56
6 7 2 39 51 62 63 66 10 15 38 50 57 58 60
8 6 6 11 19 21 31 40 42 68 7 22 26 34 43 61
8 10 8 14 25 37 45 46 48 64 5 12 16 18 23 47 52 54 67 69
8 10 8 14 25 37 45 46 48 64 5 12 16 18 23 47 52 54 67 69
8 3 4 13 17 27 36 41 44 56 1 30 33
4 4 0 29 32 53 3 24 35 59
10 6 5 12 16 18 23 47 52 54 67 69 7 22 26 34 43 61
6 8 7 22 26 34 43 61 4 13 17 27 36 41 44 56
3 4 1 30 33 3 24 35 59
6 7 7 22 26 34 43 61 10 15 38 50 57 58 60
10 8 5 12 16 18 23 47 52 54 67 69 6 11 19 21 31 40 42 68
3 6 1 30 33 2 39 51 62 63 66
8 3 8 14 25 37 45 46 48 64 1 30 33
10 3 5 12 16 18 23 47 52 54 67 69 1 30 33
4 7 3 24 35 59 10 15 38 50 57 58 60
10 8 5 12 16 18 23 47 52 54 67 69 6 11 19 21 31 40 42 68
4 8 0 29 32 53 6 11 19 21 31 40 42 68
7 8 10 15 38 50 57 58 60 6 11 19 21 31 40 42 68
6 8 2 39 51 62 63 66 6 11 19 21 31 40 42 68
7 6 10 15 38 50 57 58 60 9 20 28 49 55 65
6 3 9 20 28 49 55 65 1 30 33
6 4 2 39 51 62 63 66 0 29 32 53
7 6 10 15 38 50 57 58 60 7 22 26 34 43 61
8 6 4 13 17 27 36 41 44 56 9 20 28 49 55 65
4 4 0 29 32 53 3 24 35 59
8 8 8 14 25 37 45 46 48 64 4 13 17 27 36 41 44 56
6 3 2 39 51 62 63 66 1 30 33
6 8 2 39 51 62 63 66 8 14 25 37 45 46 48 64
8 6 8 14 25 37 45 46 48 64 7 22 26 34 43 61
6 4 2 39 51 62 63 66 3 24 35 59
6 4 9 20 28 49 55 65 3 24 35 59
4 3 3 24 35 59 1 30 33
6 6 2 39 51 62 63 66 7 22 26 34 43 61
6 6 2 39 51 62 63 66 9 20 28 49 55 65
6 10 7 22 26 34 43 61 5 12 16 18 23 47 52 54 67 69
6 8 7 22 26 34 43 61 6 11 19 21 31 40 42 68
7 8 10 15 38 50 57 58 60 8 14 25 37 45 46 48 64
8 7 8 14 25 37 45 46 48 64 10 15 38 50 57 58 60
10 6 5 12 16 18 23 47 52 54 67 69 2 39 51 62 63 66
4 8 0 29 32 53 4 13 17 27 36 41 44 56
4 8 3 24 35 59 8 14 25 37 45 46 48 64
4 4 3 24 35 59 0 29 32 53
10 6 5 12 16 18 23 47 52 54 67 69 2 39 51 62 63 66
8 10 6 11 19 21 31 40 42 68 5 12 16 18 23 47 52 54 67 69
8 3 8 14 25 37 45 46 48 64 1 30 33
6 4 9 20 28 49 55 65 3 24 35 59
4 7 3 24 35 59 10 15 38 50 57 58 60
8 7 8 14 25 37 45 46 48 64 10 15 38 50 57 58 60
6 4 7 22 26 34 43 61 3 24 35 59
10 4 5 12 16 18 23 47 52 54 67 69 3 24 35 59
3 10 1 30 33 5 12 16 18 23 47 52 54 67 69
3 10 1 30 33 5 12 16 18 23 47 52 54 67 69
8 8 4 13 17 27 36 41 44 56 8 14 25 37 45 46 48 64
6 4 7 22 26 34 43 61 3 24 35 59
8 6 6 11 19 21 31 40 42 68 2 39 51 62 63 66
4 6 0 29 32 53 7 22 26 34 43 61
8 8 8 14 25 37 45 46 48 64 6 11 19 21 31 40 42 68
8 3 6 11 19 21 31 40 42 68 1 30 33
6 8 2 39 51 62 63 66 4 13 17 27 36 41 44 56
3 6 1 30 33 7 22 26 34 43 61
6 8 9 20 28 49 55 65 6 11 19 21 31 40 42 68
10 7 5 12 16 18 23 47 52 54 67 69 10 15 38 50 57 58 60
6 4 9 20 28 49 55 65 3 24 35 59
3 6 1 30 33 2 39 51 62 63 66
4 8 3 24 35 59 6 11 19 21 31 40 42 68
8 8 6 11 19 21 31 40 42 68 4 13 17 27 36 41 44 56
6 8 7 22 26 34 43 61 8 14 25 37 45 46 48 64
8 7 8 14 25 37 45 46 48 64 10 15 38 50 57 58 60
6 8 2 39 51 62 63 66 6 11 19 21 31 40 42 68
6 6 7 22 26 34 43 61 9 20 28 49 55 65
8 10 8 14 25 37 45 46 48 64 5 12 16 18 23 47 52 54 67 69
8 8 6 11 19 21 31 40 42 68 8 14 25 37 45 46 48 64
4 10 0 29 32 53 5 12 16 18 23 47 52 54 67 69
8 6 8 14 25 37 45 46 48 64 7 22 26 34 43 61
6 8 9 20 28 49 55 65 8 14 25 37 45 46 48 64
8 6 6 11 19 21 31 40 42 68 7 22 26 34 43 61
4 10 3 24 35 59 5 12 16 18 23 47 52 54 67 69
6 8 7 22 26 34 43 61 6 11 19 21 31 40 42 68
6 8 7 22 26 34 43 61 4 13 17 27 36 41 44 56
10 7 5 12 16 18 23 47 52 54 67 69 10 15 38 50 57 58 60
6 6 2 39 51 62 63 66 7 22 26 34 43 61
6 8 2 39 51 62 63 66 4 13 17 27 36 41 44 56
4 7 0 29 32 53 10 15 38 50 57 58 60
6 4 7 22 26 34 43 61 0 29 32 53
7 8 10 15 38 50 57 58 60 8 14 25 37 45 46 48 64
8 4 6 11 19 21 31 40 42 68 3 24 35 59
7 8 10 15 38 50 57 58 60 6 11 19 21 31 40 42 68
10 8 5 12 16 18 23 47 52 54 67 69 6 11 19 21 31 40 42 68
7 3 10 15 38 50 57 58 60 1 30 33
7 4 10 15 38 50 57 58 60 3 24 35 59
4 6 3 24 35 59 7 22 26 34 43 61
8 6 6 11 19 21 31 40 42 68 2 39 51 62 63 66
10 3 5 12 16 18 23 47 52 54 67 69 1 30 33
10 6 5 12 16 18 23 47 52 54 67 69 7 22 26 34 43 61
10 8 5 12 16 18 23 47 52 54 67 69 6 11 19 21 31 40 42 68
6 8 2 39 51 62 63 66 8 14 25 37 45 46 48 64
4 8 3 24 35 59 4 13 17 27 36 41 44 56
10 6 5 12 16 18 23 47 52 54 67 69 9 20 28 49 55 65
3 8 1 30 33 8 14 25 37 45 46 48 64
8 6 6 11 19 21 31 40 42 68 2 39 51 62 63 66
6 10 2 39 51 62 63 66 5 12 16 18 23 47 52 54 67 69
6 6 7 22 26 34 43 61 2 39 51 62 63 66
4 8 0 29 32 53 8 14 25 37 45 46 48 64
6 8 9 20 28 49 55 65 8 14 25 37 45 46 48 64
4 6 0 29 32 53 7 22 26 34 43 61
8 8 6 11 19 21 31 40 42 68 8 14 25 37 45 46 48 64
6 4 2 39 51 62 63 66 0 29 32 53
3 4 1 30 33 0 29 32 53
3 6 1 30 33 7 22 26 34 43 61
6 8 7 22 26 34 43 61 6 11 19 21 31 40 42 68
3 6 1 30 33 9 20 28 49 55 65
7 4 10 15 38 50 57 58 60 0 29 32 53
8 3 4 13 17 27 36 41 44 56 1 30 33
4 7 0 29 32 53 10 15 38 50 57 58 60
6 10 2 39 51 62 63 66 5 12 16 18 23 47 52 54 67 69
6 8 9 20 28 49 55 65 6 11 19 21 31 40 42 68
7 6 10 15 38 50 57 58 60 2 39 51 62 63 66
6 6 7 22 26 34 43 61 2 39 51 62 63 66
10 6 5 12 16 18 23 47 52 54 67 69 2 39 51 62 63 66
4 10 0 29 32 53 5 12 16 18 23 47 52 54 67 69
8 6 8 14 25 37 45 46 48 64 9 20 28 49 55 65
8 4 6 11 19 21 31 40 42 68 0 29 32 53
4 6 3 24 35 59 7 22 26 34 43 61
6 6 2 39 51 62 63 66 7 22 26 34 43 61
7 4 10 15 38 50 57 58 60 0 29 32 53
8 6 8 14 25 37 45 46 48 64 9 20 28 49 55 65
10 7 5 12 16 18 23 47 52 54 67 69 10 15 38 50 57 58 60
6 8 7 22 26 34 43 61 4 13 17 27 36 41 44 56
6 6 2 39 51 62 63 66 9 20 28 49 55 65
6 3 2 39 51 62 63 66 1 30 33
10 6 5 12 16 18 23 47 52 54 67 69 7 22 26 34 43 61
7 6 10 15 38 50 57 58 60 7 22 26 34 43 61
4 10 3 24 35 59 5 12 16 18 23 47 52 54 67 69
4 6 3 24 35 59 2 39 51 62 63 66
3 6 1 30 33 9 20 28 49 55 65
10 4 5 12 16 18 23 47 52 54 67 69 3 24 35 59
6 8 9 20 28 49 55 65 4 13 17 27 36 41 44 56
7 8 10 15 38 50 57 58 60 8 14 25 37 45 46 48 64
7 6 10 15 38 50 57 58 60 2 39 51 62 63 66
8 10 6 11 19 21 31 40 42 68 5 12 16 18 23 47 52 54 67 69
6 10 2 39 51 62 63 66 5 12 16 18 23 47 52 54 67 69
8 3 6 11 19 21 31 40 42 68 1 30 33
4 4 3 24 35 59 0 29 32 53
8 6 8 14 25 37 45 46 48 64 2 39 51 62 63 66
8 4 6 11 19 21 31 40 42 68 0 29 32 53
6 8 2 39 51 62 63 66 4 13 17 27 36 41 44 56
7 6 10 15 38 50 57 58 60 2 39 51 62 63 66
10 4 5 12 16 18 23 47 52 54 67 69 3 24 35 59
8 6 8 14 25 37 45 46 48 64 7 22 26 34 43 61
6 8 9 20 28 49 55 65 8 14 25 37 45 46 48 64
8 4 6 11 19 21 31 40 42 68 0 29 32 53
8 7 8 14 25 37 45 46 48 64 10 15 38 50 57 58 60
8 8 4 13 17 27 36 41 44 56 6 11 19 21 31 40 42 68
6 8 9 20 28 49 55 65 8 14 25 37 45 46 48 64
4 6 0 29 32 53 2 39 51 62 63 66
4 10 3 24 35 59 5 12 16 18 23 47 52 54 67 69
8 10 6 11 19 21 31 40 42 68 5 12 16 18 23 47 52 54 67 69
3 6 1 30 33 7 22 26 34 43 61
6 4 7 22 26 34 43 61 3 24 35 59
7 3 10 15 38 50 57 58 60 1 30 33
6 8 2 39 51 62 63 66 8 14 25 37 45 46 48 64
3 10 1 30 33 5 12 16 18 23 47 52 54 67 69
3 8 1 30 33 8 14 25 37 45 46 48 64
4 8 3 24 35 59 6 11 19 21 31 40 42 68
4 6 0 29 32 53 9 20 28 49 55 65
8 10 4 13 17 27 36 41 44 56 5 12 16 18 23 47 52 54 67 69
8 10 8 14 25 37 45 46 48 64 5 12 16 18 23 47 52 54 67 69
8 10 8 14 25 37 45 46 48 64 5 12 16 18 23 47 52 54 67 69
6 8 9 20 28 49 55 65 4 13 17 27 36 41 44 56
6 4 9 20 28 49 55 65 0 29 32 53
8 4 6 11 19 21 31 40 42 68 3 24 35 59
6 8 2 39 51 62 63 66 8 14 25 37 45 46 48 64
7 6 10 15 38 50 57 58 60 7 22 26 34 43 61
3 6 1 30 33 9 20 28 49 55 65
8 6 4 13 17 27 36 41 44 56 9 20 28 49 55 65
8 6 6 11 19 21 31 40 42 68 2 39 51 62 63 66
8 7 4 13 17 27 36 41 44 56 10 15 38 50 57 58 60
7 4 10 15 38 50 57 58 60 3 24 35 59
6 8 9 20 28 49 55 65 6 11 19 21 31 40 42 68
8 8 6 11 19 21 31 40 42 68 4 13 17 27 36 41 44 56
8 6 4 13 17 27 36 41 44 56 9 20 28 49 55 65
7 8 10 15 38 50 57 58 60 6 11 19 21 31 40 42 68
6 7 9 20 28 49 55 65 10 15 38 50 57 58 60
3 7 1 30 33 10 15 38 50 57 58 60
10 8 5 12 16 18 23 47 52 54 67 69 6 11 19 21 31 40 42 68
8 6 4 13 17 27 36 41 44 56 7 22 26 34 43 61
6 8 7 22 26 34 43 61 4 13 17 27 36 41 44 56
6 6 7 22 26 34 43 61 2 39 51 62 63 66
6 6 2 39 51 62 63 66 7 22 26 34 43 61
8 8 4 13 17 27 36 41 44 56 6 11 19 21 31 40 42 68
3 6 1 30 33 2 39 51 62 63 66
8 8 4 13 17 27 36 41 44 56 8 14 25 37 45 46 48 64
6 6 2 39 51 62 63 66 9 20 28 49 55 65
6 8 2 39 51 62 63 66 6 11 19 21 31 40 42 68
10 6 5 12 16 18 23 47 52 54 67 69 9 20 28 49 55 65
6 8 7 22 26 34 43 61 6 11 19 21 31 40 42 68
8 6 4 13 17 27 36 41 44 56 7 22 26 34 43 61
8 4 8 14 25 37 45 46 48 64 0 29 32 53
6 8 7 22 26 34 43 61 6 11 19 21 31 40 42 68
3 6 1 30 33 9 20 28 49 55 65
4 8 0 29 32 53 8 14 25 37 45 46 48 64
8 8 6 11 19 21 31 40 42 68 4 13 17 27 36 41 44 56
7 3 10 15 38 50 57 58 60 1 30 33
8 10 6 11 19 21 31 40 42 68 5 12 16 18 23 47 52 54 67 69
4 6 0 29 32 53 7 22 26 34 43 61
4 4 3 24 35 59 0 29 32 53
6 8 7 22 26 34 43 61 4 13 17 27 36 41 44 56
6 8 9 20 28 49 55 65 4 13 17 27 36 41 44 56
8 6 6 11 19 21 31 40 42 68 7 22 26 34 43 61
6 6 9 20 28 49 55 65 2 39 51 62 63 66
8 8 8 14 25 37 45 46 48 64 4 13 17 27 36 41 44 56
6 3 7 22 26 34 43 61 1 30 33
4 8 3 24 35 59 6 11 19 21 31 40 42 68
4 6 3 24 35 59 9 20 28 49 55 65
8 8 8 14 25 37 45 46 48 64 4 13 17 27 36 41 44 56
7 8 10 15 38 50 57 58 60 6 11 19 21 31 40 42 68
10 6 5 12 16 18 23 47 52 54 67 69 9 20 28 49 55 65
6 8 9 20 28 49 55 65 8 14 25 37 45 46 48 64
4 7 0 29 32 53 10 15 38 50 57 58 60
10 8 5 12 16 18 23 47 52 54 67 69 6 11 19 21 31 40 42 68
4 4 3 24 35 59 0 29 32 53
8 7 8 14 25 37 45 46 48 64 10 15 38 50 57 58 60
8 3 8 14 25 37 45 46 48 64 1 30 33
4 3 0 29 32 53 1 30 33
7 4 10 15 38 50 57 58 60 3 24 35 59
3 8 1 30 33 4 13 17 27 36 41 44 56
8 6 4 13 17 27 36 41 44 56 7 22 26 34 43 61
3 8 1 30 33 4 13 17 27 36 41 44 56
4 8 3 24 35 59 4 13 17 27 36 41 44 56
10 6 5 12 16 18 23 47 52 54 67 69 9 20 28 49 55 65
6 6 9 20 28 49 55 65 2 39 51 62 63 66
4 8 3 24 35 59 4 13 17 27 36 41 44 56
6 3 9 20 28 49 55 65 1 30 33
6 6 9 20 28 49 55 65 7 22 26 34 43 61
6 3 9 20 28 49 55 65 1 30 33
7 8 10 15 38 50 57 58 60 4 13 17 27 36 41 44 56
7 6 10 15 38 50 57 58 60 9 20 28 49 55 65
10 8 5 12 16 18 23 47 52 54 67 69 8 14 25 37 45 46 48 64
4 6 3 24 35 59 2 39 51 62 63 66
6 7 2 39 51 62 63 66 10 15 38 50 57 58 60
6 6 2 39 51 62 63 66 7 22 26 34 43 61
7 6 10 15 38 50 57 58 60 7 22 26 34 43 61
7 4 10 15 38 50 57 58 60 0 29 32 53
3 10 1 30 33 5 12 16 18 23 47 52 54 67 69
4 3 0 29 32 53 1 30 33
6 8 9 20 28 49 55 65 8 14 25 37 45 46 48 64
4 8 3 24 35 59 4 13 17 27 36 41 44 56
4 6 3 24 35 59 2 39 51 62 63 66
6 6 9 20 28 49 55 65 7 22 26 34 43 61
6 4 2 39 51 62 63 66 0 29 32 53
4 4 0 29 32 53 3 24 35 59
4 8 0 29 32 53 8 14 25 37 45 46 48 64
10 6 5 12 16 18 23 47 52 54 67 69 2 39 51 62 63 66
4 8 0 29 32 53 4 13 17 27 36 41 44 56
4 8 3 24 35 59 8 14 25 37 45 46 48 64
10 8 5 12 16 18 23 47 52 54 67 69 8 14 25 37 45 46 48 64
8 3 6 11 19 21 31 40 42 68 1 30 33
3 4 1 30 33 3 24 35 59
6 7 7 22 26 34 43 61 10 15 38 50 57 58 60
8 4 4 13 17 27 36 41 44 56 3 24 35 59
8 3 8 14 25 37 45 46 48 64 1 30 33
6 10 2 39 51 62 63 66 5 12 16 18 23 47 52 54 67 69
4 6 3 24 35 59 2 39 51 62 63 66
3 8 1 30 33 4 13 17 27 36 41 44 56
8 10 4 13 17 27 36 41 44 56 5 12 16 18 23 47 52 54 67 69
8 4 8 14 25 37 45 46 48 64 3 24 35 59
6 8 2 39 51 62 63 66 6 11 19 21 31 40 42 68
8 4 8 14 25 37 45 46 48 64 0 29 32 53
8 4 4 13 17 27 36 41 44 56 3 24 35 59
7 6 10 15 38 50 57 58 60 2 39 51 62 63 66
4 8 0 29 32 53 8 14 25 37 45 46 48 64
8 6 4 13 17 27 36 41 44 56 7 22 26 34 43 61
8 4 6 11 19 21 31 40 42 68 3 24 35 59
4 10 0 29 32 53 5 12 16 18 23 47 52 54 67 69
8 8 4 13 17 27 36 41 44 56 6 11 19 21 31 40 42 68
4 6 0 29 32 53 2 39 51 62 63 66
6 8 7 22 26 34 43 61 8 14 25 37 45 46 48 64
10 7 5 12 16 18 23 47 52 54 67 69 10 15 38 50 57 58 60
6 7 2 39 51 62 63 66 10 15 38 50 57 58 60
4 6 0 29 32 53 7 22 26 34 43 61
6 7 7 22 26 34 43 61 10 15 38 50 57 58 60
7 8 10 15 38 50 57 58 60 6 11 19 21 31 40 42 68
7 8 10 15 38 50 57 58 60 4 13 17 27 36 41 44 56
8 7 8 14 25 37 45 46 48 64 10 15 38 50 57 58 60
6 8 7 22 26 34 43 61 4 13 17 27 36 41 44 56
4 10 3 24 35 59 5 12 16 18 23 47 52 54 67 69
7 6 10 15 38 50 57 58 60 2 39 51 62 63 66
4 6 0 29 32 53 7 22 26 34 43 61
6 6 9 20 28 49 55 65 2 39 51 62 63 66
8 4 4 13 17 27 36 41 44 56 0 29 32 53
6 8 7 22 26 34 43 61 6 11 19 21 31 40 42 68
6 4 7 22 26 34 43 61 3 24 35 59
4 8 0 29 32 53 6 11 19 21 31 40 42 68
6 6 2 39 51 62 63 66 9 20 28 49 55 65
6 10 7 22 26 34 43 61 5 12 16 18 23 47 52 54 67 69
4 6 0 29 32 53 2 39 51 62 63 66
10 8 5 12 16 18 23 47 52 54 67 69 4 13 17 27 36 41 44 56
6 8 9 20 28 49 55 65 8 14 25 37 45 46 48 64
7 6 10 15 38 50 57 58 60 9 20 28 49 55 65
3 8 1 30 33 8 14 25 37 45 46 48 64
6 8 9 20 28 49 55 65 4 13 17 27 36 41 44 56
7 6 10 15 38 50 57 58 60 9 20 28 49 55 65
8 3 8 14 25 37 45 46 48 64 1 30 33
6 8 2 39 51 62 63 66 8 14 25 37 45 46 48 64
8 7 4 13 17 27 36 41 44 56 10 15 38 50 57 58 60
8 3 4 13 17 27 36 41 44 56 1 30 33
4 4 0 29 32 53 3 24 35 59
8 6 8 14 25 37 45 46 48 64 9 20 28 49 55 65
10 7 5 12 16 18 23 47 52 54 67 69 10 15 38 50 57 58 60
6 10 2 39 51 62 63 66 5 12 16 18 23 47 52 54 67 69
6 10 9 20 28 49 55 65 5 12 16 18 23 47 52 54 67 69
7 6 10 15 38 50 57 58 60 7 22 26 34 43 61
3 8 1 30 33 8 14 25 37 45 46 48 64
6 3 7 22 26 34 43 61 1 30 33
4 10 0 29 32 53 5 12 16 18 23 47 52 54 67 69
8 6 6 11 19 21 31 40 42 68 9 20 28 49 55 65
6 6 9 20 28 49 55 65 7 22 26 34 43 61
4 6 3 24 35 59 9 20 28 49 55 65
10 8 5 12 16 18 23 47 52 54 67 69 6 11 19 21 31 40 42 68
6 10 2 39 51 62 63 66 5 12 16 18 23 47 52 54 67 69
7 8 10 15 38 50 57 58 60 8 14 25 37 45 46 48 64
10 8 5 12 16 18 23 47 52 54 67 69 4 13 17 27 36 41 44 56
3 6 1 30 33 2 39 51 62 63 66
6 8 2 39 51 62 63 66 8 14 25 37 45 46 48 64
8 4 8 14 25 37 45 46 48 64 0 29 32 53
6 6 9 20 28 49 55 65 7 22 26 34 43 61
6 8 7 22 26 34 43 61 8 14 25 37 45 46 48 64
4 4 3 24 35 59 0 29 32 53
7 8 10 15 38 50 57 58 60 4 13 17 27 36 41 44 56
6 4 9 20 28 49 55 65 3 24 35 59
6 6 7 22 26 34 43 61 9 20 28 49 55 65
4 8 0 29 32 53 6 11 19 21 31 40 42 68
6 7 7 22 26 34 43 61 10 15 38 50 57 58 60
3 8 1 30 33 4 13 17 27 36 41 44 56
10 4 5 12 16 18 23 47 52 54 67 69 3 24 35 59
6 7 7 22 26 34 43 61 10 15 38 50 57 58 60
3 7 1 30 33 10 15 38 50 57 58 60
4 10 0 29 32 53 5 12 16 18 23 47 52 54 67 69
6 8 7 22 26 34 43 61 8 14 25 37 45 46 48 64
4 8 3 24 35 59 8 14 25 37 45 46 48 64
6 6 7 22 26 34 43 61 9 20 28 49 55 65
4 3 3 24 35 59 1 30 33
8 3 8 14 25 37 45 46 48 64 1 30 33
8 8 6 11 19 21 31 40 42 68 8 14 25 37 45 46 48 64
4 6 0 29 32 53 2 39 51 62 63 66
6 3 9 20 28 49 55 65 1 30 33
8 6 6 11 19 21 31 40 42 68 9 20 28 49 55 65
4 4 0 29 32 53 3 24 35 59
6 8 7 22 26 34 43 61 8 14 25 37 45 46 48 64
6 10 2 39 51 62 63 66 5 12 16 18 23 47 52 54 67 69
3 6 1 30 33 2 39 51 62 63 66
6 3 7 22 26 34 43 61 1 30 33
6 8 7 22 26 34 43 61 4 13 17 27 36 41 44 56
8 4 6 11 19 21 31 40 42 68 0 29 32 53
6 8 7 22 26 34 43 61 4 13 17 27 36 41 44 56
6 8 9 20 28 49 55 65 8 14 25 37 45 46 48 64
6 10 7 22 26 34 43 61 5 12 16 18 23 47 52 54 67 69
10 6 5 12 16 18 23 47 52 54 67 69 2 39 51 62 63 66
6 8 9 20 28 49 55 65 8 14 25 37 45 46 48 64
8 3 4 13 17 27 36 41 44 56 1 30 33
10 4 5 12 16 18 23 47 52 54 67 69 0 29 32 53
8 6 8 14 25 37 45 46 48 64 9 20 28 49 55 65
4 8 3 24 35 59 6 11 19 21 31 40 42 68
8 4 6 11 19 21 31 40 42 68 0 29 32 53
6 8 2 39 51 62 63 66 8 14 25 37 45 46 48 64
10 6 5 12 16 18 23 47 52 54 67 69 9 20 28 49 55 65
7 8 10 15 38 50 57 58 60 8 14 25 37 45 46 48 64
3 4 1 30 33 0 29 32 53
6 10 2 39 51 62 63 66 5 12 16 18 23 47 52 54 67 69
4 8 0 29 32 53 4 13 17 27 36 41 44 56
6 4 7 22 26 34 43 61 3 24 35 59
10 8 5 12 16 18 23 47 52 54 67 69 8 14 25 37 45 46 48 64
6 8 2 39 51 62 63 66 4 13 17 27 36 41 44 56
4 6 0 29 32 53 2 39 51 62 63 66
7 8 10 15 38 50 57 58 60 8 14 25 37 45 46 48 64
6 10 9 20 28 49 55 65 5 12 16 18 23 47 52 54 67 69
6 7 7 22 26 34 43 61 10 15 38 50 57 58 60
10 4 5 12 16 18 23 47 52 54 67 69 3 24 35 59
4 6 0 29 32 53 9 20 28 49 55 65
7 6 10 15 38 50 57 58 60 7 22 26 34 43 61
8 3 8 14 25 37 45 46 48 64 1 30 33
8 10 4 13 17 27 36 41 44 56 5 12 16 18 23 47 52 54 67 69
8 8 4 13 17 27 36 41 44 56 6 11 19 21 31 40 42 68
8 4 8 14 25 37 45 46 48 64 0 29 32 53
8 8 8 14 25 37 45 46 48 64 4 13 17 27 36 41 44 56
8 8 6 11 19 21 31 40 42 68 4 13 17 27 36 41 44 56
8 6 6 11 19 21 31 40 42 68 9 20 28 49 55 65
4 8 3 24 35 59 6 11 19 21 31 40 42 68
4 6 3 24 35 59 9 20 28 49 55 65
4 3 0 29 32 53 1 30 33
4 10 0 29 32 53 5 12 16 18 23 47 52 54 67 69
6 8 9 20 28 49 55 65 8 14 25 37 45 46 48 64
8 6 4 13 17 27 36 41 44 56 2 39 51 62 63 66
8 6 8 14 25 37 45 46 48 64 2 39 51 62 63 66
8 3 8 14 25 37 45 46 48 64 1 30 33
8 3 4 13 17 27 36 41 44 56 1 30 33
8 4 8 14 25 37 45 46 48 64 3 24 35 59
8 7 4 13 17 27 36 41 44 56 10 15 38 50 57 58 60
3 4 1 30 33 3 24 35 59
3 6 1 30 33 2 39 51 62 63 66
8 6 6 11 19 21 31 40 42 68 2 39 51 62 63 66
4 3 0 29 32 53 1 30 33
6 6 9 20 28 49 55 65 7 22 26 34 43 61
6 8 7 22 26 34 43 61 4 13 17 27 36 41 44 56
4 3 0 29 32 53 1 30 33
8 6 8 14 25 37 45 46 48 64 9 20 28 49 55 65
6 4 2 39 51 62 63 66 0 29 32 53
8 4 4 13 17 27 36 41 44 56 0 29 32 53
3 4 1 30 33 3 24 35 59
10 7 5 12 16 18 23 47 52 54 67 69 10 15 38 50 57 58 60
7 8 10 15 38 50 57 58 60 6 11 19 21 31 40 42 68
8 6 4 13 17 27 36 41 44 56 2 39 51 62 63 66
4 4 3 24 35 59 0 29 32 53
3 10 1 30 33 5 12 16 18 23 47 52 54 67 69
8 8 6 11 19 21 31 40 42 68 4 13 17 27 36 41 44 56
8 8 8 14 25 37 45 46 48 64 4 13 17 27 36 41 44 56
10 6 5 12 16 18 23 47 52 54 67 69 2 39 51 62 63 66
7 8 10 15 38 50 57 58 60 4 13 17 27 36 41 44 56
4 6 0 29 32 53 7 22 26 34 43 61
6 4 9 20 28 49 55 65 3 24 35 59
8 4 4 13 17 27 36 41 44 56 0 29 32 53
7 6 10 15 38 50 57 58 60 2 39 51 62 63 66
4 7 0 29 32 53 10 15 38 50 57 58 60
8 10 8 14 25 37 45 46 48 64 5 12 16 18 23 47 52 54 67 69
4 8 3 24 35 59 8 14 25 37 45 46 48 64
4 6 3 24 35 59 7 22 26 34 43 61
3 8 1 30 33 4 13 17 27 36 41 44 56
10 4 5 12 16 18 23 47 52 54 67 69 3 24 35 59
3 8 1 30 33 8 14 25 37 45 46 48 64
6 4 7 22 26 34 43 61 0 29 32 53
8 6 6 11 19 21 31 40 42 68 9 20 28 49 55 65
6 4 7 22 26 34 43 61 0 29 32 53
6 6 9 20 28 49 55 65 7 22 26 34 43 61
4 3 0 29 32 53 1 30 33
4 6 3 24 35 59 9 20 28 49 55 65
8 8 6 11 19 21 31 40 42 68 4 13 17 27 36 41 44 56
4 6 3 24 35 59 9 20 28 49 55 65
6 3 2 39 51 62 63 66 1 30 33
8 6 8 14 25 37 45 46 48 64 9 20 28 49 55 65
6 8 7 22 26 34 43 61 6 11 19 21 31 40 42 68
3 7 1 30 33 10 15 38 50 57 58 60
6 3 9 20 28 49 55 65 1 30 33
10 3 5 12 16 18 23 47 52 54 67 69 1 30 33
6 3 7 22 26 34 43 61 1 30 33
6 7 7 22 26 34 43 61 10 15 38 50 57 58 60
8 8 6 11 19 21 31 40 42 68 4 13 17 27 36 41 44 56
6 7 2 39 51 62 63 66 10 15 38 50 57 58 60
8 6 6 11 19 21 31 40 42 68 7 22 26 34 43 61
8 4 8 14 25 37 45 46 48 64 3 24 35 59
8 4 8 14 25 37 45 46 48 64 3 24 35 59
4 4 3 24 35 59 0 29 32 53
8 7 6 11 19 21 31 40 42 68 10 15 38 50 57 58 60
4 4 0 29 32 53 3 24 35 59
7 6 10 15 38 50 57 58 60 2 39 51 62 63 66
8 3 8 14 25 37 45 46 48 64 1 30 33
3 8 1 30 33 4 13 17 27 36 41 44 56
3 8 1 30 33 6 11 19 21 31 40 42 68
6 4 2 39 51 62 63 66 0 29 32 53
4 6 0 29 32 53 7 22 26 34 43 61
8 10 4 13 17 27 36 41 44 56 5 12 16 18 23 47 52 54 67 69
4 6 0 29 32 53 7 22 26 34 43 61
10 4 5 12 16 18 23 47 52 54 67 69 3 24 35 59
8 10 8 14 25 37 45 46 48 64 5 12 16 18 23 47 52 54 67 69
6 4 7 22 26 34 43 61 3 24 35 59
6 6 9 20 28 49 55 65 2 39 51 62 63 66
4 6 3 24 35 59 9 20 28 49 55 65
10 3 5 12 16 18 23 47 52 54 67 69 1 30 33
7 8 10 15 38 50 57 58 60 6 11 19 21 31 40 42 68
3 8 1 30 33 6 11 19 21 31 40 42 68
8 6 4 13 17 27 36 41 44 56 9 20 28 49 55 65
4 3 3 24 35 59 1 30 33
8 4 6 11 19 21 31 40 42 68 0 29 32 53
4 10 0 29 32 53 5 12 16 18 23 47 52 54 67 69
4 6 0 29 32 53 9 20 28 49 55 65
8 6 6 11 19 21 31 40 42 68 2 39 51 62 63 66
8 6 4 13 17 27 36 41 44 56 7 22 26 34 43 61
4 7 0 29 32 53 10 15 38 50 57 58 60
4 4 0 29 32 53 3 24 35 59
6 8 9 20 28 49 55 65 4 13 17 27 36 41 44 56
8 6 6 11 19 21 31 40 42 68 9 20 28 49 55 65
4 7 3 24 35 59 10 15 38 50 57 58 60
10 3 5 12 16 18 23 47 52 54 67 69 1 30 33
3 8 1 30 33 6 11 19 21 31 40 42 68
3 6 1 30 33 9 20 28 49 55 65
4 10 3 24 35 59 5 12 16 18 23 47 52 54 67 69
8 8 8 14 25 37 45 46 48 64 4 13 17 27 36 41 44 56
6 4 9 20 28 49 55 65 3 24 35 59
6 10 2 39 51 62 63 66 5 12 16 18 23 47 52 54 67 69
4 4 3 24 35 59 0 29 32 53
6 10 9 20 28 49 55 65 5 12 16 18 23 47 52 54 67 69
4 8 0 29 32 53 4 13 17 27 36 41 44 56
3 6 1 30 33 7 22 26 34 43 61
8 8 4 13 17 27 36 41 44 56 6 11 19 21 31 40 42 68
6 8 7 22 26 34 43 61 8 14 25 37 45 46 48 64
3 6 1 30 33 9 20 28 49 55 65
10 8 5 12 16 18 23 47 52 54 67 69 8 14 25 37 45 46 48 64
6 3 2 39 51 62 63 66 1 30 33
6 3 9 20 28 49 55 65 1 30 33
8 4 4 13 17 27 36 41 44 56 0 29 32 53
3 6 1 30 33 7 22 26 34 43 61
6 6 2 39 51 62 63 66 7 22 26 34 43 61
8 4 4 13 17 27 36 41 44 56 0 29 32 53
8 6 4 13 17 27 36 41 44 56 7 22 26 34 43 61
6 4 2 39 51 62 63 66 0 29 32 53
7 8 10 15 38 50 57 58 60 6 11 19 21 31 40 42 68
4 10 0 29 32 53 5 12 16 18 23 47 52 54 67 69
10 6 5 12 16 18 23 47 52 54 67 69 7 22 26 34 43 61
10 3 5 12 16 18 23 47 52 54 67 69 1 30 33
6 8 2 39 51 62 63 66 6 11 19 21 31 40 42 68
6 10 2 39 51 62 63 66 5 12 16 18 23 47 52 54 67 69
8 10 8 14 25 37 45 46 48 64 5 12 16 18 23 47 52 54 67 69
3 6 1 30 33 2 39 51 62 63 66
6 6 9 20 28 49 55 65 2 39 51 62 63 66
8 6 4 13 17 27 36 41 44 56 2 39 51 62 63 66
4 6 0 29 32 53 7 22 26 34 43 61
8 8 6 11 19 21 31 40 42 68 8 14 25 37 45 46 48 64
8 8 4 13 17 27 36 41 44 56 8 14 25 37 45 46 48 64
3 6 1 30 33 7 22 26 34 43 61
7 6 10 15 38 50 57 58 60 2 39 51 62 63 66
4 8 0 29 32 53 6 11 19 21 31 40 42 68
3 8 1 30 33 8 14 25 37 45 46 48 64
10 8 5 12 16 18 23 47 52 54 67 69 4 13 17 27 36 41 44 56
10 3 5 12 16 18 23 47 52 54 67 69 1 30 33
8 6 6 11 19 21 31 40 42 68 7 22 26 34 43 61
4 4 3 24 35 59 0 29 32 53
8 4 6 11 19 21 31 40 42 68 0 29 32 53
6 8 2 39 51 62 63 66 4 13 17 27 36 41 44 56
6 10 9 20 28 49 55 65 5 12 16 18 23 47 52 54 67 69
4 10 0 29 32 53 5 12 16 18 23 47 52 54 67 69
8 8 6 11 19 21 31 40 42 68 4 13 17 27 36 41 44 56
8 6 6 11 19 21 31 40 42 68 9 20 28 49 55 65
8 7 4 13 17 27 36 41 44 56 10 15 38 50 57 58 60
8 3 4 13 17 27 36 41 44 56 1 30 33
3 4 1 30 33 3 24 35 59
8 7 4 13 17 27 36 41 44 56 10 15 38 50 57 58 60
3 6 1 30 33 7 22 26 34 43 61
3 6 1 30 33 9 20 28 49 55 65
3 6 1 30 33 2 39 51 62 63 66
3 8 1 30 33 4 13 17 27 36 41 44 56
6 8 7 22 26 34 43 61 8 14 25 37 45 46 48 64
6 3 7 22 26 34 43 61 1 30 33
4 8 3 24 35 59 6 11 19 21 31 40 42 68
10 8 5 12 16 18 23 47 52 54 67 69 8 14 25 37 45 46 48 64
6 6 7 22 26 34 43 61 9 20 28 49 55 65
10 6 5 12 16 18 23 47 52 54 67 69 2 39 51 62 63 66
8 6 8 14 25 37 45 46 48 64 9 20 28 49 55 65
3 7 1 30 33 10 15 38 50 57 58 60
4 6 3 24 35 59 2 39 51 62 63 66
8 4 4 13 17 27 36 41 44 56 0 29 32 53
6 6 7 22 26 34 43 61 2 39 51 62 63 66
6 4 9 20 28 49 55 65 3 24 35 59
6 4 7 22 26 34 43 61 3 24 35 59
7 10 10 15 38 50 57 58 60 5 12 16 18 23 47 52 54 67 69
6 3 2 39 51 62 63 66 1 30 33
8 10 4 13 17 27 36 41 44 56 5 12 16 18 23 47 52 54 67 69
4 6 3 24 35 59 2 39 51 62 63 66
4 6 0 29 32 53 7 22 26 34 43 61
6 4 2 39 51 62 63 66 0 29 32 53
6 8 7 22 26 34 43 61 4 13 17 27 36 41 44 56
8 8 4 13 17 27 36 41 44 56 8 14 25 37 45 46 48 64
6 4 2 39 51 62 63 66 3 24 35 59
6 4 9 20 28 49 55 65 3 24 35 59
7 6 10 15 38 50 57 58 60 7 22 26 34 43 61
10 6 5 12 16 18 23 47 52 54 67 69 9 20 28 49 55 65
7 6 10 15 38 50 57 58 60 7 22 26 34 43 61
6 8 9 20 28 49 55 65 4 13 17 27 36 41 44 56
6 6 9 20 28 49 55 65 2 39 51 62 63 66
8 6 8 14 25 37 45 46 48 64 7 22 26 34 43 61
3 6 1 30 33 7 22 26 34 43 61
6 8 9 20 28 49 55 65 6 11 19 21 31 40 42 68
8 10 6 11 19 21 31 40 42 68 5 12 16 18 23 47 52 54 67 69
7 6 10 15 38 50 57 58 60 9 20 28 49 55 65
8 6 4 13 17 27 36 41 44 56 7 22 26 34 43 61
10 3 5 12 16 18 23 47 52 54 67 69 1 30 33
6 10 9 20 28 49 55 65 5 12 16 18 23 47 52 54 67 69
4 10 3 24 35 59 5 12 16 18 23 47 52 54 67 69
10 7 5 12 16 18 23 47 52 54 67 69 10 15 38 50 57 58 60
7 6 10 15 38 50 57 58 60 7 22 26 34 43 61
4 4 3 24 35 59 0 29 32 53
6 8 7 22 26 34 43 61 6 11 19 21 31 40 42 68
4 6 0 29 32 53 9 20 28 49 55 65
6 8 9 20 28 49 55 65 8 14 25 37 45 46 48 64
3 6 1 30 33 7 22 26 34 43 61
8 10 4 13 17 27 36 41 44 56 5 12 16 18 23 47 52 54 67 69
6 7 2 39 51 62 63 66 10 15 38 50 57 58 60
4 8 3 24 35 59 6 11 19 21 31 40 42 68
8 4 6 11 19 21 31 40 42 68 3 24 35 59
8 8 4 13 17 27 36 41 44 56 6 11 19 21 31 40 42 68
8 8 8 14 25 37 45 46 48 64 6 11 19 21 31 40 42 68
8 10 8 14 25 37 45 46 48 64 5 12 16 18 23 47 52 54 67 69
10 6 5 12 16 18 23 47 52 54 67 69 7 22 26 34 43 61
6 3 7 22 26 34 43 61 1 30 33
4 6 0 29 32 53 9 20 28 49 55 65
3 6 1 30 33 7 22 26 34 43 61
6 8 7 22 26 34 43 61 8 14 25 37 45 46 48 64
10 6 5 12 16 18 23 47 52 54 67 69 7 22 26 34 43 61
10 8 5 12 16 18 23 47 52 54 67 69 8 14 25 37 45 46 48 64
6 4 7 22 26 34 43 61 0 29 32 53
6 4 9 20 28 49 55 65 0 29 32 53
3 8 1 30 33 8 14 25 37 45 46 48 64
4 7 3 24 35 59 10 15 38 50 57 58 60
6 6 9 20 28 49 55 65 2 39 51 62 63 66
6 8 9 20 28 49 55 65 8 14 25 37 45 46 48 64
7 3 10 15 38 50 57 58 60 1 30 33
6 3 7 22 26 34 43 61 1 30 33
6 7 9 20 28 49 55 65 10 15 38 50 57 58 60
3 7 1 30 33 10 15 38 50 57 58 60
10 6 5 12 16 18 23 47 52 54 67 69 9 20 28 49 55 65
8 3 4 13 17 27 36 41 44 56 1 30 33
6 4 2 39 51 62 63 66 0 29 32 53
3 4 1 30 33 0 29 32 53
4 6 0 29 32 53 2 39 51 62 63 66
4 6 3 24 35 59 7 22 26 34 43 61
4 7 3 24 35 59 10 15 38 50 57 58 60
4 10 0 29 32 53 5 12 16 18 23 47 52 54 67 69
8 4 8 14 25 37 45 46 48 64 0 29 32 53
7 8 10 15 38 50 57 58 60 4 13 17 27 36 41 44 56
6 4 7 22 26 34 43 61 0 29 32 53
8 6 4 13 17 27 36 41 44 56 7 22 26 34 43 61
4 6 0 29 32 53 7 22 26 34 43 61
8 4 6 11 19 21 31 40 42 68 0 29 32 53
4 10 3 24 35 59 5 12 16 18 23 47 52 54 67 69
6 4 7 22 26 34 43 61 0 29 32 53
4 3 3 24 35 59 1 30 33
8 4 8 14 25 37 45 46 48 64 0 29 32 53
6 6 7 22 26 34 43 61 2 39 51 62 63 66
6 4 2 39 51 62 63 66 3 24 35 59
6 10 2 39 51 62 63 66 5 12 16 18 23 47 52 54 67 69
3 8 1 30 33 4 13 17 27 36 41 44 56
6 4 2 39 51 62 63 66 3 24 35 59
6 6 7 22 26 34 43 61 9 20 28 49 55 65
8 6 8 14 25 37 45 46 48 64 2 39 51 62 63 66
8 4 4 13 17 27 36 41 44 56 3 24 35 59
10 6 5 12 16 18 23 47 52 54 67 69 9 20 28 49 55 65
6 4 2 39 51 62 63 66 0 29 32 53
8 4 4 13 17 27 36 41 44 56 0 29 32 53
6 3 2 39 51 62 63 66 1 30 33
4 7 3 24 35 59 10 15 38 50 57 58 60
10 6 5 12 16 18 23 47 52 54 67 69 9 20 28 49 55 65
8 7 4 13 17 27 36 41 44 56 10 15 38 50 57 58 60
7 6 10 15 38 50 57 58 60 7 22 26 34 43 61
4 6 3 24 35 59 7 22 26 34 43 61
6 7 2 39 51 62 63 66 10 15 38 50 57 58 60
8 7 8 14 25 37 45 46 48 64 10 15 38 50 57 58 60
6 4 2 39 51 62 63 66 3 24 35 59
4 6 3 24 35 59 9 20 28 49 55 65
8 4 8 14 25 37 45 46 48 64 3 24 35 59
6 6 9 20 28 49 55 65 2 39 51 62 63 66
6 8 7 22 26 34 43 61 4 13 17 27 36 41 44 56
7 8 10 15 38 50 57 58 60 8 14 25 37 45 46 48 64
4 3 0 29 32 53 1 30 33
4 6 0 29 32 53 7 22 26 34 43 61
6 3 2 39 51 62 63 66 1 30 33
6 4 2 39 51 62 63 66 3 24 35 59
3 6 1 30 33 9 20 28 49 55 65
10 3 5 12 16 18 23 47 52 54 67 69 1 30 33
3 6 1 30 33 7 22 26 34 43 61
3 10 1 30 33 5 12 16 18 23 47 52 54 67 69
6 10 2 39 51 62 63 66 5 12 16 18 23 47 52 54 67 69
8 4 4 13 17 27 36 41 44 56 3 24 35 59
8 8 4 13 17 27 36 41 44 56 8 14 25 37 45 46 48 64
8 6 4 13 17 27 36 41 44 56 2 39 51 62 63 66
8 4 4 13 17 27 36 41 44 56 0 29 32 53
4 8 3 24 35 59 6 11 19 21 31 40 42 68
10 8 5 12 16 18 23 47 52 54 67 69 8 14 25 37 45 46 48 64
10 8 5 12 16 18 23 47 52 54 67 69 8 14 25 37 45 46 48 64
10 3 5 12 16 18 23 47 52 54 67 69 1 30 33
6 10 7 22 26 34 43 61 5 12 16 18 23 47 52 54 67 69
3 8 1 30 33 4 13 17 27 36 41 44 56
6 3 7 22 26 34 43 61 1 30 33
6 8 7 22 26 34 43 61 4 13 17 27 36 41 44 56
8 4 8 14 25 37 45 46 48 64 3 24 35 59
8 6 4 13 17 27 36 41 44 56 7 22 26 34 43 61
3 8 1 30 33 6 11 19 21 31 40 42 68
8 6 6 11 19 21 31 40 42 68 9 20 28 49 55 65
7 6 10 15 38 50 57 58 60 2 39 51 62 63 66
6 4 9 20 28 49 55 65 3 24 35 59
8 8 8 14 25 37 45 46 48 64 6 11 19 21 31 40 42 68
8 3 4 13 17 27 36 41 44 56 1 30 33
7 8 10 15 38 50 57 58 60 4 13 17 27 36 41 44 56
6 10 2 39 51 62 63 66 5 12 16 18 23 47 52 54 67 69
10 4 5 12 16 18 23 47 52 54 67 69 3 24 35 59
4 7 0 29 32 53 10 15 38 50 57 58 60
8 8 6 11 19 21 31 40 42 68 4 13 17 27 36 41 44 56
4 7 3 24 35 59 10 15 38 50 57 58 60
6 8 9 20 28 49 55 65 6 11 19 21 31 40 42 68
8 10 6 11 19 21 31 40 42 68 5 12 16 18 23 47 52 54 67 69
8 7 8 14 25 37 45 46 48 64 10 15 38 50 57 58 60
8 6 6 11 19 21 31 40 42 68 9 20 28 49 55 65
6 10 7 22 26 34 43 61 5 12 16 18 23 47 52 54 67 69
8 6 4 13 17 27 36 41 44 56 9 20 28 49 55 65
6 7 7 22 26 34 43 61 10 15 38 50 57 58 60
7 4 10 15 38 50 57 58 60 0 29 32 53
8 4 4 13 17 27 36 41 44 56 0 29 32 53
6 6 7 22 26 34 43 61 9 20 28 49 55 65
4 6 3 24 35 59 9 20 28 49 55 65
8 3 8 14 25 37 45 46 48 64 1 30 33
7 6 10 15 38 50 57 58 60 7 22 26 34 43 61
7 8 10 15 38 50 57 58 60 4 13 17 27 36 41 44 56
3 6 1 30 33 7 22 26 34 43 61
8 4 6 11 19 21 31 40 42 68 0 29 32 53
4 10 3 24 35 59 5 12 16 18 23 47 52 54 67 69
3 6 1 30 33 7 22 26 34 43 61
4 7 0 29 32 53 10 15 38 50 57 58 60
4 6 3 24 35 59 7 22 26 34 43 61
8 6 4 13 17 27 36 41 44 56 9 20 28 49 55 65
4 6 3 24 35 59 7 22 26 34 43 61
8 8 8 14 25 37 45 46 48 64 4 13 17 27 36 41 44 56
4 8 3 24 35 59 8 14 25 37 45 46 48 64
6 8 2 39 51 62 63 66 4 13 17 27 36 41 44 56
3 4 1 30 33 3 24 35 59
6 6 9 20 28 49 55 65 2 39 51 62 63 66
4 4 0 29 32 53 3 24 35 59
7 8 10 15 38 50 57 58 60 6 11 19 21 31 40 42 68
8 4 6 11 19 21 31 40 42 68 3 24 35 59
7 3 10 15 38 50 57 58 60 1 30 33
3 8 1 30 33 8 14 25 37 45 46 48 64
7 4 10 15 38 50 57 58 60 0 29 32 53
3 8 1 30 33 6 11 19 21 31 40 42 68
10 3 5 12 16 18 23 47 52 54 67 69 1 30 33
8 4 4 13 17 27 36 41 44 56 3 24 35 59
6 6 2 39 51 62 63 66 9 20 28 49 55 65
6 8 9 20 28 49 55 65 6 11 19 21 31 40 42 68
6 8 7 22 26 34 43 61 6 11 19 21 31 40 42 68
10 7 5 12 16 18 23 47 52 54 67 69 10 15 38 50 57 58 60
10 3 5 12 16 18 23 47 52 54 67 69 1 30 33
6 7 9 20 28 49 55 65 10 15 38 50 57 58 60
4 8 3 24 35 59 8 14 25 37 45 46 48 64
7 10 10 15 38 50 57 58 60 5 12 16 18 23 47 52 54 67 69
8 6 4 13 17 27 36 41 44 56 7 22 26 34 43 61
8 8 4 13 17 27 36 41 44 56 8 14 25 37 45 46 48 64
4 8 0 29 32 53 6 11 19 21 31 40 42 68
4 4 0 29 32 53 3 24 35 59
6 8 7 22 26 34 43 61 8 14 25 37 45 46 48 64
8 6 8 14 25 37 45 46 48 64 7 22 26 34 43 61
6 6 2 39 51 62 63 66 7 22 26 34 43 61
6 6 9 20 28 49 55 65 2 39 51 62 63 66
8 4 8 14 25 37 45 46 48 64 3 24 35 59
7 3 10 15 38 50 57 58 60 1 30 33
8 7 8 14 25 37 45 46 48 64 10 15 38 50 57 58 60
8 10 6 11 19 21 31 40 42 68 5 12 16 18 23 47 52 54 67 69
4 8 3 24 35 59 6 11 19 21 31 40 42 68
4 8 0 29 32 53 4 13 17 27 36 41 44 56
4 4 3 24 35 59 0 29 32 53
4 4 3 24 35 59 0 29 32 53
8 4 8 14 25 37 45 46 48 64 3 24 35 59
4 8 0 29 32 53 6 11 19 21 31 40 42 68
8 7 4 13 17 27 36 41 44 56 10 15 38 50 57 58 60
8 3 6 11 19 21 31 40 42 68 1 30 33
8 6 8 14 25 37 45 46 48 64 2 39 51 62 63 66
3 4 1 30 33 3 24 35 59
4 7 0 29 32 53 10 15 38 50 57 58 60
4 6 3 24 35 59 2 39 51 62 63 66
8 3 8 14 25 37 45 46 48 64 1 30 33
7 6 10 15 38 50 57 58 60 9 20 28 49 55 65
8 4 6 11 19 21 31 40 42 68 3 24 35 59
6 8 2 39 51 62 63 66 8 14 25 37 45 46 48 64
7 8 10 15 38 50 57 58 60 8 14 25 37 45 46 48 64
4 8 0 29 32 53 6 11 19 21 31 40 42 68
4 4 3 24 35 59 0 29 32 53
7 3 10 15 38 50 57 58 60 1 30 33
7 10 10 15 38 50 57 58 60 5 12 16 18 23 47 52 54 67 69
7 8 10 15 38 50 57 58 60 6 11 19 21 31 40 42 68
10 4 5 12 16 18 23 47 52 54 67 69 0 29 32 53
7 6 10 15 38 50 57 58 60 7 22 26 34 43 61
8 6 8 14 25 37 45 46 48 64 2 39 51 62 63 66
8 4 6 11 19 21 31 40 42 68 3 24 35 59
6 4 9 20 28 49 55 65 0 29 32 53
4 6 3 24 35 59 7 22 26 34 43 61
8 4 6 11 19 21 31 40 42 68 0 29 32 53
6 3 2 39 51 62 63 66 1 30 33
8 6 4 13 17 27 36 41 44 56 2 39 51 62 63 66
7 3 10 15 38 50 57 58 60 1 30 33
4 6 0 29 32 53 2 39 51 62 63 66
10 7 5 12 16 18 23 47 52 54 67 69 10 15 38 50 57 58 60
6 8 7 22 26 34 43 61 4 13 17 27 36 41 44 56
6 6 9 20 28 49 55 65 7 22 26 34 43 61
8 6 6 11 19 21 31 40 42 68 7 22 26 34 43 61
8 8 8 14 25 37 45 46 48 64 4 13 17 27 36 41 44 56
4 6 3 24 35 59 9 20 28 49 55 65
8 6 8 14 25 37 45 46 48 64 7 22 26 34 43 61
8 8 6 11 19 21 31 40 42 68 4 13 17 27 36 41 44 56
6 6 7 22 26 34 43 61 2 39 51 62 63 66
4 6 0 29 32 53 2 39 51 62 63 66
10 4 5 12 16 18 23 47 52 54 67 69 0 29 32 53
4 6 3 24 35 59 2 39 51 62 63 66
6 3 9 20 28 49 55 65 1 30 33
10 8 5 12 16 18 23 47 52 54 67 69 8 14 25 37 45 46 48 64
4 6 3 24 35 59 9 20 28 49 55 65
6 4 2 39 51 62 63 66 0 29 32 53
6 7 2 39 51 62 63 66 10 15 38 50 57 58 60
6 7 9 20 28 49 55 65 10 15 38 50 57 58 60
10 6 5 12 16 18 23 47 52 54 67 69 7 22 26 34 43 61
4 4 0 29 32 53 3 24 35 59
4 8 0 29 32 53 8 14 25 37 45 46 48 64
8 3 4 13 17 27 36 41 44 56 1 30 33
4 4 0 29 32 53 3 24 35 59
8 4 4 13 17 27 36 41 44 56 0 29 32 53
10 8 5 12 16 18 23 47 52 54 67 69 6 11 19 21 31 40 42 68
6 8 9 20 28 49 55 65 6 11 19 21 31 40 42 68
6 6 2 39 51 62 63 66 7 22 26 34 43 61
8 7 4 13 17 27 36 41 44 56 10 15 38 50 57 58 60
4 8 0 29 32 53 4 13 17 27 36 41 44 56
8 7 8 14 25 37 45 46 48 64 10 15 38 50 57 58 60
8 6 4 13 17 27 36 41 44 56 9 20 28 49 55 65
6 7 2 39 51 62 63 66 10 15 38 50 57 58 60
8 6 6 11 19 21 31 40 42 68 9 20 28 49 55 65
8 6 8 14 25 37 45 46 48 64 2 39 51 62 63 66
6 8 2 39 51 62 63 66 6 11 19 21 31 40 42 68
3 6 1 30 33 9 20 28 49 55 65
8 6 6 11 19 21 31 40 42 68 9 20 28 49 55 65
3 4 1 30 33 0 29 32 53
3 4 1 30 33 3 24 35 59
7 4 10 15 38 50 57 58 60 3 24 35 59
7 8 10 15 38 50 57 58 60 6 11 19 21 31 40 42 68
8 7 6 11 19 21 31 40 42 68 10 15 38 50 57 58 60
10 4 5 12 16 18 23 47 52 54 67 69 0 29 32 53
8 6 8 14 25 37 45 46 48 64 9 20 28 49 55 65
4 10 0 29 32 53 5 12 16 18 23 47 52 54 67 69
10 8 5 12 16 18 23 47 52 54 67 69 6 11 19 21 31 40 42 68
3 4 1 30 33 0 29 32 53
6 10 9 20 28 49 55 65 5 12 16 18 23 47 52 54 67 69
8 10 4 13 17 27 36 41 44 56 5 12 16 18 23 47 52 54 67 69
4 8 3 24 35 59 6 11 19 21 31 40 42 68
8 8 8 14 25 37 45 46 48 64 6 11 19 21 31 40 42 68
8 4 8 14 25 37 45 46 48 64 0 29 32 53
7 8 10 15 38 50 57 58 60 8 14 25 37 45 46 48 64
6 6 9 20 28 49 55 65 7 22 26 34 43 61
6 4 7 22 26 34 43 61 0 29 32 53
6 8 7 22 26 34 43 61 8 14 25 37 45 46 48 64
6 8 2 39 51 62 63 66 4 13 17 27 36 41 44 56
7 10 10 15 38 50 57 58 60 5 12 16 18 23 47 52 54 67 69
6 6 9 20 28 49 55 65 2 39 51 62 63 66
4 7 0 29 32 53 10 15 38 50 57 58 60
8 6 4 13 17 27 36 41 44 56 9 20 28 49 55 65
10 4 5 12 16 18 23 47 52 54 67 69 0 29 32 53
4 8 0 29 32 53 4 13 17 27 36 41 44 56
8 3 6 11 19 21 31 40 42 68 1 30 33
10 8 5 12 16 18 23 47 52 54 67 69 6 11 19 21 31 40 42 68
6 8 2 39 51 62 63 66 8 14 25 37 45 46 48 64
4 4 0 29 32 53 3 24 35 59
6 8 7 22 26 34 43 61 6 11 19 21 31 40 42 68
6 7 2 39 51 62 63 66 10 15 38 50 57 58 60
3 6 1 30 33 9 20 28 49 55 65
7 6 10 15 38 50 57 58 60 7 22 26 34 43 61
4 7 0 29 32 53 10 15 38 50 57 58 60
6 7 9 20 28 49 55 65 10 15 38 50 57 58 60
6 8 2 39 51 62 63 66 4 13 17 27 36 41 44 56
6 6 9 20 28 49 55 65 2 39 51 62 63 66
8 7 4 13 17 27 36 41 44 56 10 15 38 50 57 58 60
6 8 9 20 28 49 55 65 6 11 19 21 31 40 42 68
4 4 0 29 32 53 3 24 35 59
6 3 9 20 28 49 55 65 1 30 33
8 6 4 13 17 27 36 41 44 56 2 39 51 62 63 66
8 4 8 14 25 37 45 46 48 64 3 24 35 59
4 6 0 29 32 53 7 22 26 34 43 61
6 4 9 20 28 49 55 65 3 24 35 59
10 3 5 12 16 18 23 47 52 54 67 69 1 30 33
8 4 8 14 25 37 45 46 48 64 3 24 35 59
10 8 5 12 16 18 23 47 52 54 67 69 8 14 25 37 45 46 48 64
10 4 5 12 16 18 23 47 52 54 67 69 3 24 35 59
10 4 5 12 16 18 23 47 52 54 67 69 0 29 32 53
4 8 0 29 32 53 8 14 25 37 45 46 48 64
3 7 1 30 33 10 15 38 50 57 58 60
8 8 4 13 17 27 36 41 44 56 8 14 25 37 45 46 48 64
8 10 4 13 17 27 36 41 44 56 5 12 16 18 23 47 52 54 67 69
3 8 1 30 33 8 14 25 37 45 46 48 64
8 8 6 11 19 21 31 40 42 68 4 13 17 27 36 41 44 56
3 6 1 30 33 2 39 51 62 63 66
8 8 4 13 17 27 36 41 44 56 8 14 25 37 45 46 48 64
4 4 0 29 32 53 3 24 35 59
8 8 8 14 25 37 45 46 48 64 4 13 17 27 36 41 44 56
3 7 1 30 33 10 15 38 50 57 58 60
6 6 2 39 51 62 63 66 7 22 26 34 43 61
4 3 3 24 35 59 1 30 33
7 8 10 15 38 50 57 58 60 8 14 25 37 45 46 48 64
8 3 4 13 17 27 36 41 44 56 1 30 33
4 4 0 29 32 53 3 24 35 59
10 3 5 12 16 18 23 47 52 54 67 69 1 30 33
8 3 4 13 17 27 36 41 44 56 1 30 33
6 4 2 39 51 62 63 66 0 29 32 53
8 3 8 14 25 37 45 46 48 64 1 30 33
8 6 8 14 25 37 45 46 48 64 2 39 51 62 63 66
8 6 8 14 25 37 45 46 48 64 9 20 28 49 55 65
3 6 1 30 33 9 20 28 49 55 65
4 8 0 29 32 53 8 14 25 37 45 46 48 64
8 7 6 11 19 21 31 40 42 68 10 15 38 50 57 58 60
10 4 5 12 16 18 23 47 52 54 67 69 3 24 35 59
3 10 1 30 33 5 12 16 18 23 47 52 54 67 69
4 4 3 24 35 59 0 29 32 53
3 6 1 30 33 2 39 51 62 63 66
10 4 5 12 16 18 23 47 52 54 67 69 0 29 32 53
8 4 4 13 17 27 36 41 44 56 3 24 35 59
8 6 6 11 19 21 31 40 42 68 2 39 51 62 63 66
6 6 9 20 28 49 55 65 2 39 51 62 63 66
8 8 8 14 25 37 45 46 48 64 6 11 19 21 31 40 42 68
8 8 8 14 25 37 45 46 48 64 4 13 17 27 36 41 44 56
10 8 5 12 16 18 23 47 52 54 67 69 4 13 17 27 36 41 44 56
6 4 7 22 26 34 43 61 0 29 32 53
6 8 9 20 28 49 55 65 4 13 17 27 36 41 44 56
6 10 2 39 51 62 63 66 5 12 16 18 23 47 52 54 67 69
3 7 1 30 33 10 15 38 50 57 58 60
6 6 2 39 51 62 63 66 9 20 28 49 55 65
4 8 3 24 35 59 4 13 17 27 36 41 44 56
6 8 7 22 26 34 43 61 6 11 19 21 31 40 42 68
6 8 9 20 28 49 55 65 4 13 17 27 36 41 44 56
8 4 4 13 17 27 36 41 44 56 0 29 32 53
8 8 8 14 25 37 45 46 48 64 4 13 17 27 36 41 44 56
10 6 5 12 16 18 23 47 52 54 67 69 7 22 26 34 43 61
4 10 3 24 35 59 5 12 16 18 23 47 52 54 67 69
6 10 7 22 26 34 43 61 5 12 16 18 23 47 52 54 67 69
4 8 0 29 32 53 8 14 25 37 45 46 48 64
8 4 6 11 19 21 31 40 42 68 0 29 32 53
4 8 3 24 35 59 8 14 25 37 45 46 48 64
4 6 3 24 35 59 9 20 28 49 55 65
6 4 7 22 26 34 43 61 3 24 35 59
4 8 0 29 32 53 4 13 17 27 36 41 44 56
4 4 0 29 32 53 3 24 35 59
6 6 7 22 26 34 43 61 2 39 51 62 63 66
4 4 0 29 32 53 3 24 35 59
8 10 6 11 19 21 31 40 42 68 5 12 16 18 23 47 52 54 67 69
6 4 7 22 26 34 43 61 3 24 35 59
6 6 2 39 51 62 63 66 7 22 26 34 43 61
8 7 4 13 17 27 36 41 44 56 10 15 38 50 57 58 60
6 3 9 20 28 49 55 65 1 30 33
3 10 1 30 33 5 12 16 18 23 47 52 54 67 69
6 6 9 20 28 49 55 65 2 39 51 62 63 66
3 8 1 30 33 8 14 25 37 45 46 48 64
3 8 1 30 33 8 14 25 37 45 46 48 64
4 3 3 24 35 59 1 30 33
8 8 6 11 19 21 31 40 42 68 4 13 17 27 36 41 44 56
8 3 8 14 25 37 45 46 48 64 1 30 33
3 8 1 30 33 4 13 17 27 36 41 44 56
8 10 6 11 19 21 31 40 42 68 5 12 16 18 23 47 52 54 67 69
6 7 9 20 28 49 55 65 10 15 38 50 57 58 60
4 4 0 29 32 53 3 24 35 59
6 10 9 20 28 49 55 65 5 12 16 18 23 47 52 54 67 69
6 10 7 22 26 34 43 61 5 12 16 18 23 47 52 54 67 69
7 4 10 15 38 50 57 58 60 3 24 35 59
6 6 9 20 28 49 55 65 7 22 26 34 43 61
10 8 5 12 16 18 23 47 52 54 67 69 8 14 25 37 45 46 48 64
6 6 7 22 26 34 43 61 2 39 51 62 63 66
8 4 6 11 19 21 31 40 42 68 3 24 35 59
10 8 5 12 16 18 23 47 52 54 67 69 8 14 25 37 45 46 48 64
6 6 2 39 51 62 63 66 9 20 28 49 55 65
8 8 8 14 25 37 45 46 48 64 6 11 19 21 31 40 42 68
3 8 1 30 33 8 14 25 37 45 46 48 64
8 6 6 11 19 21 31 40 42 68 7 22 26 34 43 61
6 6 9 20 28 49 55 65 7 22 26 34 43 61
6 10 2 39 51 62 63 66 5 12 16 18 23 47 52 54 67 69
10 6 5 12 16 18 23 47 52 54 67 69 2 39 51 62 63 66
8 10 8 14 25 37 45 46 48 64 5 12 16 18 23 47 52 54 67 69
6 8 7 22 26 34 43 61 4 13 17 27 36 41 44 56
4 10 0 29 32 53 5 12 16 18 23 47 52 54 67 69
8 6 6 11 19 21 31 40 42 68 7 22 26 34 43 61
4 3 3 24 35 59 1 30 33
8 6 6 11 19 21 31 40 42 68 7 22 26 34 43 61
3 8 1 30 33 4 13 17 27 36 41 44 56
4 6 3 24 35 59 9 20 28 49 55 65
8 6 8 14 25 37 45 46 48 64 9 20 28 49 55 65
8 7 6 11 19 21 31 40 42 68 10 15 38 50 57 58 60
3 6 1 30 33 9 20 28 49 55 65
7 8 10 15 38 50 57 58 60 6 11 19 21 31 40 42 68
8 6 6 11 19 21 31 40 42 68 9 20 28 49 55 65
8 8 8 14 25 37 45 46 48 64 4 13 17 27 36 41 44 56
10 6 5 12 16 18 23 47 52 54 67 69 2 39 51 62 63 66
8 6 6 11 19 21 31 40 42 68 2 39 51 62 63 66
10 8 5 12 16 18 23 47 52 54 67 69 6 11 19 21 31 40 42 68
4 8 3 24 35 59 8 14 25 37 45 46 48 64
4 8 3 24 35 59 4 13 17 27 36 41 44 56
6 8 7 22 26 34 43 61 4 13 17 27 36 41 44 56
6 6 9 20 28 49 55 65 7 22 26 34 43 61
8 6 8 14 25 37 45 46 48 64 7 22 26 34 43 61
7 6 10 15 38 50 57 58 60 9 20 28 49 55 65
8 4 8 14 25 37 45 46 48 64 3 24 35 59
4 3 3 24 35 59 1 30 33
8 6 6 11 19 21 31 40 42 68 9 20 28 49 55 65
8 10 6 11 19 21 31 40 42 68 5 12 16 18 23 47 52 54 67 69
4 8 3 24 35 59 6 11 19 21 31 40 42 68
8 8 4 13 17 27 36 41 44 56 6 11 19 21 31 40 42 68
6 4 2 39 51 62 63 66 0 29 32 53
8 6 4 13 17 27 36 41 44 56 9 20 28 49 55 65
6 8 9 20 28 49 55 65 8 14 25 37 45 46 48 64
8 4 4 13 17 27 36 41 44 56 3 24 35 59
7 3 10 15 38 50 57 58 60 1 30 33
6 10 9 20 28 49 55 65 5 12 16 18 23 47 52 54 67 69
6 8 2 39 51 62 63 66 6 11 19 21 31 40 42 68
6 6 9 20 28 49 55 65 2 39 51 62 63 66
6 3 2 39 51 62 63 66 1 30 33
3 10 1 30 33 5 12 16 18 23 47 52 54 67 69
4 6 0 29 32 53 9 20 28 49 55 65
6 10 9 20 28 49 55 65 5 12 16 18 23 47 52 54 67 69
4 6 3 24 35 59 9 20 28 49 55 65
8 4 8 14 25 37 45 46 48 64 0 29 32 53
8 7 4 13 17 27 36 41 44 56 10 15 38 50 57 58 60
4 4 3 24 35 59 0 29 32 53
8 10 6 11 19 21 31 40 42 68 5 12 16 18 23 47 52 54 67 69
3 8 1 30 33 4 13 17 27 36 41 44 56
8 4 8 14 25 37 45 46 48 64 3 24 35 59
3 6 1 30 33 2 39 51 62 63 66
6 10 2 39 51 62 63 66 5 12 16 18 23 47 52 54 67 69
8 4 8 14 25 37 45 46 48 64 0 29 32 53
10 8 5 12 16 18 23 47 52 54 67 69 8 14 25 37 45 46 48 64
4 8 3 24 35 59 4 13 17 27 36 41 44 56
4 10 3 24 35 59 5 12 16 18 23 47 52 54 67 69
6 4 7 22 26 34 43 61 0 29 32 53
6 4 9 20 28 49 55 65 3 24 35 59
4 6 0 29 32 53 7 22 26 34 43 61
6 8 7 22 26 34 43 61 4 13 17 27 36 41 44 56
6 4 2 39 51 62 63 66 0 29 32 53
6 10 2 39 51 62 63 66 5 12 16 18 23 47 52 54 67 69
3 8 1 30 33 6 11 19 21 31 40 42 68
6 8 2 39 51 62 63 66 4 13 17 27 36 41 44 56
3 6 1 30 33 7 22 26 34 43 61
8 4 8 14 25 37 45 46 48 64 0 29 32 53
4 8 3 24 35 59 4 13 17 27 36 41 44 56
4 6 3 24 35 59 2 39 51 62 63 66
6 6 7 22 26 34 43 61 2 39 51 62 63 66
4 4 3 24 35 59 0 29 32 53
4 10 3 24 35 59 5 12 16 18 23 47 52 54 67 69
8 6 4 13 17 27 36 41 44 56 2 39 51 62 63 66
3 4 1 30 33 3 24 35 59
4 8 0 29 32 53 6 11 19 21 31 40 42 68
6 10 2 39 51 62 63 66 5 12 16 18 23 47 52 54 67 69
4 4 0 29 32 53 3 24 35 59
7 8 10 15 38 50 57 58 60 4 13 17 27 36 41 44 56
6 4 7 22 26 34 43 61 3 24 35 59
8 4 8 14 25 37 45 46 48 64 0 29 32 53
8 8 6 11 19 21 31 40 42 68 8 14 25 37 45 46 48 64
6 10 7 22 26 34 43 61 5 12 16 18 23 47 52 54 67 69
8 6 6 11 19 21 31 40 42 68 2 39 51 62 63 66
6 10 9 20 28 49 55 65 5 12 16 18 23 47 52 54 67 69
3 4 1 30 33 3 24 35 59
10 7 5 12 16 18 23 47 52 54 67 69 10 15 38 50 57 58 60
3 8 1 30 33 8 14 25 37 45 46 48 64
10 6 5 12 16 18 23 47 52 54 67 69 9 20 28 49 55 65
8 3 8 14 25 37 45 46 48 64 1 30 33
4 8 0 29 32 53 6 11 19 21 31 40 42 68
6 8 7 22 26 34 43 61 8 14 25 37 45 46 48 64
6 6 7 22 26 34 43 61 2 39 51 62 63 66
8 10 4 13 17 27 36 41 44 56 5 12 16 18 23 47 52 54 67 69
6 4 9 20 28 49 55 65 3 24 35 59
8 6 4 13 17 27 36 41 44 56 2 39 51 62 63 66
6 10 7 22 26 34 43 61 5 12 16 18 23 47 52 54 67 69
10 8 5 12 16 18 23 47 52 54 67 69 4 13 17 27 36 41 44 56
6 8 9 20 28 49 55 65 8 14 25 37 45 46 48 64
8 4 4 13 17 27 36 41 44 56 3 24 35 59
6 7 9 20 28 49 55 65 10 15 38 50 57 58 60
4 6 0 29 32 53 7 22 26 34 43 61
3 4 1 30 33 0 29 32 53
8 4 4 13 17 27 36 41 44 56 3 24 35 59
6 4 2 39 51 62 63 66 3 24 35 59
6 4 9 20 28 49 55 65 3 24 35 59
8 3 8 14 25 37 45 46 48 64 1 30 33
6 8 9 20 28 49 55 65 6 11 19 21 31 40 42 68
8 4 6 11 19 21 31 40 42 68 0 29 32 53
8 7 8 14 25 37 45 46 48 64 10 15 38 50 57 58 60
6 6 9 20 28 49 55 65 2 39 51 62 63 66
4 8 0 29 32 53 8 14 25 37 45 46 48 64
4 4 0 29 32 53 3 24 35 59
10 8 5 12 16 18 23 47 52 54 67 69 4 13 17 27 36 41 44 56
6 8 2 39 51 62 63 66 6 11 19 21 31 40 42 68
8 4 4 13 17 27 36 41 44 56 3 24 35 59
8 6 4 13 17 27 36 41 44 56 2 39 51 62 63 66
8 6 8 14 25 37 45 46 48 64 9 20 28 49 55 65
7 4 10 15 38 50 57 58 60 3 24 35 59
8 7 8 14 25 37 45 46 48 64 10 15 38 50 57 58 60
8 8 8 14 25 37 45 46 48 64 6 11 19 21 31 40 42 68
7 8 10 15 38 50 57 58 60 8 14 25 37 45 46 48 64
6 6 7 22 26 34 43 61 9 20 28 49 55 65
6 4 9 20 28 49 55 65 3 24 35 59
8 7 4 13 17 27 36 41 44 56 10 15 38 50 57 58 60
4 8 3 24 35 59 8 14 25 37 45 46 48 64
1 4 0 10 6 2 0 7 5 3 5 8 6 1 8 6 1 9 10 2 0 3 2 8 3 1 10 7 2 6 8 8 4 9 1 4 4 2 3 10 6 7 10 6 9 3 3 6 1 5 7 9 8 7 5 9 7 0 10 0 8 4 5 9 2 5 2 4 1 10
