1 1 11 1
1 1 15 56
1 1 97 56
1 1 73 35
1 1 58 3
1 1 51 85
1 1 19 41
1 1 37 68
1 1 39 53
1 1 24 12
1 1 86 70
1 1 56 43
1 1 37 52
1 1 65 29
1 1 33 6
1 1 37 36
1 1 43 92
1 1 80 40
1 1 82 12
1 1 12 80
1 1 68 36
1 1 38 28
1 1 52 84
1 1 29 90
1 1 71 42
1 1 80 33
1 1 77 76
1 1 85 22
1 1 67 49
1 1 94 29
1 1 22 55
1 1 62 39
1 1 77 97
1 1 14 63
1 1 44 74
1 1 94 51
1 1 41 50
1 1 99 48
1 1 89 1
1 1 36 96
1 1 96 52
1 1 32 57
1 1 72 47
1 1 10 82
1 1 90 64
1 1 86 33
1 1 91 75
1 1 45 18
1 1 14 89
1 1 48 42
1 1 2 61
1 1 39 32
1 1 48 41
1 1 49 71
1 1 37 39
1 1 26 91
1 1 92 44
1 1 85 74
1 1 91 37
1 1 71 38
1 1 98 32
1 1 96 15
1 1 57 59
1 1 61 49
1 1 61 69
1 1 73 6
1 1 40 3
1 1 36 50
1 1 72 2
1 1 60 72
1 1 59 95
1 1 14 69
1 1 24 34
1 1 77 17
1 1 85 17
1 1 27 41
1 1 39 60
1 1 41 69
1 1 33 51
1 1 90 6
1 1 56 18
1 1 93 0
1 1 49 37
1 1 0 90
1 1 70 42
1 1 39 6
1 1 63 84
1 1 32 57
1 1 86 48
1 1 11 2
1 1 43 76
1 1 17 51
1 1 97 43
1 1 75 52
1 1 89 19
1 1 88 70
1 1 60 32
1 1 41 1
1 1 77 39
1 1 40 86
1 1 95 26
1 1 66 54
1 1 90 88
1 1 23 31
1 1 74 35
1 1 35 82
1 1 21 59
1 1 43 22
1 1 3 41
1 1 99 58
1 1 3 64
1 1 88 86
1 1 49 6
1 1 92 94
1 1 8 31
1 1 20 10
1 1 53 7
1 1 65 79
1 1 88 74
1 1 7 61
1 1 79 81
1 1 29 18
1 1 35 32
1 1 61 47
1 1 99 34
1 1 64 60
1 1 23 94
1 1 32 78
1 1 84 43
1 1 85 41
1 1 23 94
1 1 33 25
1 1 27 96
1 1 21 73
1 1 99 77
1 1 11 59
1 1 11 90
1 1 14 5
1 1 39 46
1 1 81 85
1 1 62 52
1 1 37 70
1 1 47 1
1 1 2 79
1 1 26 80
1 1 38 69
1 1 30 58
1 1 2 60
1 1 2 24
1 1 43 89
1 1 49 73
1 1 13 55
1 1 21 52
1 1 57 93
1 1 77 98
1 1 27 96
1 1 44 55
1 1 95 51
1 1 7 72
1 1 54 55
1 1 82 99
1 1 68 7
1 1 25 98
1 1 74 28
1 1 66 72
1 1 36 25
1 1 0 18
1 1 90 41
1 1 91 98
1 1 47 89
1 1 68 93
1 1 37 59
1 1 78 98
1 1 76 91
1 1 23 22
1 1 31 98
1 1 64 31
1 1 35 96
1 1 68 58
1 1 25 35
1 1 16 31
1 1 74 69
1 1 11 61
1 1 50 18
1 1 96 64
1 1 39 80
1 1 53 58
1 1 26 76
1 1 60 91
1 1 39 88
1 1 14 74
1 1 62 89
1 1 15 71
1 1 54 46
1 1 94 23
1 1 60 61
1 1 2 59
1 1 54 68
1 1 23 69
1 1 31 48
1 1 49 10
1 1 92 60
1 1 27 64
1 1 41 36
23 19 3 21 22 25 28 30 35 36 43 48 49 52 53 58 59 64 65 69 72 73 83 88 89 4 5 6 7 8 12 14 19 44 47 56 62 63 67 76 77 78 82 86
17 23 0 10 11 13 31 34 39 50 51 60 70 79 80 87 95 97 98 2 9 15 17 18 24 29 32 33 37 42 45 46 54 55 57 71 74 84 90 92 96 99
18 23 1 16 20 23 26 27 38 40 41 61 66 68 75 81 85 91 93 94 3 21 22 25 28 30 35 36 43 48 49 52 53 58 59 64 65 69 72 73 83 88 89
23 19 2 9 15 17 18 24 29 32 33 37 42 45 46 54 55 57 71 74 84 90 92 96 99 4 5 6 7 8 12 14 19 44 47 56 62 63 67 76 77 78 82 86
23 19 3 21 22 25 28 30 35 36 43 48 49 52 53 58 59 64 65 69 72 73 83 88 89 4 5 6 7 8 12 14 19 44 47 56 62 63 67 76 77 78 82 86
23 17 2 9 15 17 18 24 29 32 33 37 42 45 46 54 55 57 71 74 84 90 92 96 99 0 10 11 13 31 34 39 50 51 60 70 79 80 87 95 97 98
19 23 4 5 6 7 8 12 14 19 44 47 56 62 63 67 76 77 78 82 86 3 21 22 25 28 30 35 36 43 48 49 52 53 58 59 64 65 69 72 73 83 88 89
19 23 4 5 6 7 8 12 14 19 44 47 56 62 63 67 76 77 78 82 86 3 21 22 25 28 30 35 36 43 48 49 52 53 58 59 64 65 69 72 73 83 88 89
23 23 3 21 22 25 28 30 35 36 43 48 49 52 53 58 59 64 65 69 72 73 83 88 89 2 9 15 17 18 24 29 32 33 37 42 45 46 54 55 57 71 74 84 90 92 96 99
18 23 1 16 20 23 26 27 38 40 41 61 66 68 75 81 85 91 93 94 3 21 22 25 28 30 35 36 43 48 49 52 53 58 59 64 65 69 72 73 83 88 89
18 23 1 16 20 23 26 27 38 40 41 61 66 68 75 81 85 91 93 94 2 9 15 17 18 24 29 32 33 37 42 45 46 54 55 57 71 74 84 90 92 96 99
17 19 0 10 11 13 31 34 39 50 51 60 70 79 80 87 95 97 98 4 5 6 7 8 12 14 19 44 47 56 62 63 67 76 77 78 82 86
23 18 2 9 15 17 18 24 29 32 33 37 42 45 46 54 55 57 71 74 84 90 92 96 99 1 16 20 23 26 27 38 40 41 61 66 68 75 81 85 91 93 94
17 23 0 10 11 13 31 34 39 50 51 60 70 79 80 87 95 97 98 2 9 15 17 18 24 29 32 33 37 42 45 46 54 55 57 71 74 84 90 92 96 99
17 23 0 10 11 13 31 34 39 50 51 60 70 79 80 87 95 97 98 3 21 22 25 28 30 35 36 43 48 49 52 53 58 59 64 65 69 72 73 83 88 89
23 17 2 9 15 17 18 24 29 32 33 37 42 45 46 54 55 57 71 74 84 90 92 96 99 0 10 11 13 31 34 39 50 51 60 70 79 80 87 95 97 98
17 18 0 10 11 13 31 34 39 50 51 60 70 79 80 87 95 97 98 1 16 20 23 26 27 38 40 41 61 66 68 75 81 85 91 93 94
17 18 0 10 11 13 31 34 39 50 51 60 70 79 80 87 95 97 98 1 16 20 23 26 27 38 40 41 61 66 68 75 81 85 91 93 94
23 18 3 21 22 25 28 30 35 36 43 48 49 52 53 58 59 64 65 69 72 73 83 88 89 1 16 20 23 26 27 38 40 41 61 66 68 75 81 85 91 93 94
18 23 1 16 20 23 26 27 38 40 41 61 66 68 75 81 85 91 93 94 3 21 22 25 28 30 35 36 43 48 49 52 53 58 59 64 65 69 72 73 83 88 89
18 23 1 16 20 23 26 27 38 40 41 61 66 68 75 81 85 91 93 94 2 9 15 17 18 24 29 32 33 37 42 45 46 54 55 57 71 74 84 90 92 96 99
23 18 2 9 15 17 18 24 29 32 33 37 42 45 46 54 55 57 71 74 84 90 92 96 99 1 16 20 23 26 27 38 40 41 61 66 68 75 81 85 91 93 94
19 23 4 5 6 7 8 12 14 19 44 47 56 62 63 67 76 77 78 82 86 2 9 15 17 18 24 29 32 33 37 42 45 46 54 55 57 71 74 84 90 92 96 99
23 19 2 9 15 17 18 24 29 32 33 37 42 45 46 54 55 57 71 74 84 90 92 96 99 4 5 6 7 8 12 14 19 44 47 56 62 63 67 76 77 78 82 86
19 18 4 5 6 7 8 12 14 19 44 47 56 62 63 67 76 77 78 82 86 1 16 20 23 26 27 38 40 41 61 66 68 75 81 85 91 93 94
23 18 3 21 22 25 28 30 35 36 43 48 49 52 53 58 59 64 65 69 72 73 83 88 89 1 16 20 23 26 27 38 40 41 61 66 68 75 81 85 91 93 94
19 17 4 5 6 7 8 12 14 19 44 47 56 62 63 67 76 77 78 82 86 0 10 11 13 31 34 39 50 51 60 70 79 80 87 95 97 98
18 17 1 16 20 23 26 27 38 40 41 61 66 68 75 81 85 91 93 94 0 10 11 13 31 34 39 50 51 60 70 79 80 87 95 97 98
19 18 4 5 6 7 8 12 14 19 44 47 56 62 63 67 76 77 78 82 86 1 16 20 23 26 27 38 40 41 61 66 68 75 81 85 91 93 94
23 18 3 21 22 25 28 30 35 36 43 48 49 52 53 58 59 64 65 69 72 73 83 88 89 1 16 20 23 26 27 38 40 41 61 66 68 75 81 85 91 93 94
19 23 4 5 6 7 8 12 14 19 44 47 56 62 63 67 76 77 78 82 86 2 9 15 17 18 24 29 32 33 37 42 45 46 54 55 57 71 74 84 90 92 96 99
23 17 2 9 15 17 18 24 29 32 33 37 42 45 46 54 55 57 71 74 84 90 92 96 99 0 10 11 13 31 34 39 50 51 60 70 79 80 87 95 97 98
17 18 0 10 11 13 31 34 39 50 51 60 70 79 80 87 95 97 98 1 16 20 23 26 27 38 40 41 61 66 68 75 81 85 91 93 94
23 23 2 9 15 17 18 24 29 32 33 37 42 45 46 54 55 57 71 74 84 90 92 96 99 3 21 22 25 28 30 35 36 43 48 49 52 53 58 59 64 65 69 72 73 83 88 89
17 19 0 10 11 13 31 34 39 50 51 60 70 79 80 87 95 97 98 4 5 6 7 8 12 14 19 44 47 56 62 63 67 76 77 78 82 86
18 23 1 16 20 23 26 27 38 40 41 61 66 68 75 81 85 91 93 94 2 9 15 17 18 24 29 32 33 37 42 45 46 54 55 57 71 74 84 90 92 96 99
18 23 1 16 20 23 26 27 38 40 41 61 66 68 75 81 85 91 93 94 3 21 22 25 28 30 35 36 43 48 49 52 53 58 59 64 65 69 72 73 83 88 89
23 23 3 21 22 25 28 30 35 36 43 48 49 52 53 58 59 64 65 69 72 73 83 88 89 2 9 15 17 18 24 29 32 33 37 42 45 46 54 55 57 71 74 84 90 92 96 99
23 19 3 21 22 25 28 30 35 36 43 48 49 52 53 58 59 64 65 69 72 73 83 88 89 4 5 6 7 8 12 14 19 44 47 56 62 63 67 76 77 78 82 86
18 23 1 16 20 23 26 27 38 40 41 61 66 68 75 81 85 91 93 94 3 21 22 25 28 30 35 36 43 48 49 52 53 58 59 64 65 69 72 73 83 88 89
23 19 3 21 22 25 28 30 35 36 43 48 49 52 53 58 59 64 65 69 72 73 83 88 89 4 5 6 7 8 12 14 19 44 47 56 62 63 67 76 77 78 82 86
19 23 4 5 6 7 8 12 14 19 44 47 56 62 63 67 76 77 78 82 86 2 9 15 17 18 24 29 32 33 37 42 45 46 54 55 57 71 74 84 90 92 96 99
19 23 4 5 6 7 8 12 14 19 44 47 56 62 63 67 76 77 78 82 86 2 9 15 17 18 24 29 32 33 37 42 45 46 54 55 57 71 74 84 90 92 96 99
23 23 3 21 22 25 28 30 35 36 43 48 49 52 53 58 59 64 65 69 72 73 83 88 89 2 9 15 17 18 24 29 32 33 37 42 45 46 54 55 57 71 74 84 90 92 96 99
19 23 4 5 6 7 8 12 14 19 44 47 56 62 63 67 76 77 78 82 86 2 9 15 17 18 24 29 32 33 37 42 45 46 54 55 57 71 74 84 90 92 96 99
17 19 0 10 11 13 31 34 39 50 51 60 70 79 80 87 95 97 98 4 5 6 7 8 12 14 19 44 47 56 62 63 67 76 77 78 82 86
18 23 1 16 20 23 26 27 38 40 41 61 66 68 75 81 85 91 93 94 3 21 22 25 28 30 35 36 43 48 49 52 53 58 59 64 65 69 72 73 83 88 89
23 19 3 21 22 25 28 30 35 36 43 48 49 52 53 58 59 64 65 69 72 73 83 88 89 4 5 6 7 8 12 14 19 44 47 56 62 63 67 76 77 78 82 86
23 17 2 9 15 17 18 24 29 32 33 37 42 45 46 54 55 57 71 74 84 90 92 96 99 0 10 11 13 31 34 39 50 51 60 70 79 80 87 95 97 98
23 18 2 9 15 17 18 24 29 32 33 37 42 45 46 54 55 57 71 74 84 90 92 96 99 1 16 20 23 26 27 38 40 41 61 66 68 75 81 85 91 93 94
18 23 1 16 20 23 26 27 38 40 41 61 66 68 75 81 85 91 93 94 2 9 15 17 18 24 29 32 33 37 42 45 46 54 55 57 71 74 84 90 92 96 99
23 23 2 9 15 17 18 24 29 32 33 37 42 45 46 54 55 57 71 74 84 90 92 96 99 3 21 22 25 28 30 35 36 43 48 49 52 53 58 59 64 65 69 72 73 83 88 89
18 23 1 16 20 23 26 27 38 40 41 61 66 68 75 81 85 91 93 94 2 9 15 17 18 24 29 32 33 37 42 45 46 54 55 57 71 74 84 90 92 96 99
23 18 3 21 22 25 28 30 35 36 43 48 49 52 53 58 59 64 65 69 72 73 83 88 89 1 16 20 23 26 27 38 40 41 61 66 68 75 81 85 91 93 94
18 19 1 16 20 23 26 27 38 40 41 61 66 68 75 81 85 91 93 94 4 5 6 7 8 12 14 19 44 47 56 62 63 67 76 77 78 82 86
19 17 4 5 6 7 8 12 14 19 44 47 56 62 63 67 76 77 78 82 86 0 10 11 13 31 34 39 50 51 60 70 79 80 87 95 97 98
18 17 1 16 20 23 26 27 38 40 41 61 66 68 75 81 85 91 93 94 0 10 11 13 31 34 39 50 51 60 70 79 80 87 95 97 98
23 17 2 9 15 17 18 24 29 32 33 37 42 45 46 54 55 57 71 74 84 90 92 96 99 0 10 11 13 31 34 39 50 51 60 70 79 80 87 95 97 98
23 23 3 21 22 25 28 30 35 36 43 48 49 52 53 58 59 64 65 69 72 73 83 88 89 2 9 15 17 18 24 29 32 33 37 42 45 46 54 55 57 71 74 84 90 92 96 99
23 18 2 9 15 17 18 24 29 32 33 37 42 45 46 54 55 57 71 74 84 90 92 96 99 1 16 20 23 26 27 38 40 41 61 66 68 75 81 85 91 93 94
18 23 1 16 20 23 26 27 38 40 41 61 66 68 75 81 85 91 93 94 2 9 15 17 18 24 29 32 33 37 42 45 46 54 55 57 71 74 84 90 92 96 99
23 18 3 21 22 25 28 30 35 36 43 48 49 52 53 58 59 64 65 69 72 73 83 88 89 1 16 20 23 26 27 38 40 41 61 66 68 75 81 85 91 93 94
23 19 2 9 15 17 18 24 29 32 33 37 42 45 46 54 55 57 71 74 84 90 92 96 99 4 5 6 7 8 12 14 19 44 47 56 62 63 67 76 77 78 82 86
18 17 1 16 20 23 26 27 38 40 41 61 66 68 75 81 85 91 93 94 0 10 11 13 31 34 39 50 51 60 70 79 80 87 95 97 98
23 23 2 9 15 17 18 24 29 32 33 37 42 45 46 54 55 57 71 74 84 90 92 96 99 3 21 22 25 28 30 35 36 43 48 49 52 53 58 59 64 65 69 72 73 83 88 89
17 18 0 10 11 13 31 34 39 50 51 60 70 79 80 87 95 97 98 1 16 20 23 26 27 38 40 41 61 66 68 75 81 85 91 93 94
17 23 0 10 11 13 31 34 39 50 51 60 70 79 80 87 95 97 98 3 21 22 25 28 30 35 36 43 48 49 52 53 58 59 64 65 69 72 73 83 88 89
23 23 2 9 15 17 18 24 29 32 33 37 42 45 46 54 55 57 71 74 84 90 92 96 99 3 21 22 25 28 30 35 36 43 48 49 52 53 58 59 64 65 69 72 73 83 88 89
18 19 1 16 20 23 26 27 38 40 41 61 66 68 75 81 85 91 93 94 4 5 6 7 8 12 14 19 44 47 56 62 63 67 76 77 78 82 86
23 19 3 21 22 25 28 30 35 36 43 48 49 52 53 58 59 64 65 69 72 73 83 88 89 4 5 6 7 8 12 14 19 44 47 56 62 63 67 76 77 78 82 86
23 19 3 21 22 25 28 30 35 36 43 48 49 52 53 58 59 64 65 69 72 73 83 88 89 4 5 6 7 8 12 14 19 44 47 56 62 63 67 76 77 78 82 86
19 23 4 5 6 7 8 12 14 19 44 47 56 62 63 67 76 77 78 82 86 2 9 15 17 18 24 29 32 33 37 42 45 46 54 55 57 71 74 84 90 92 96 99
19 23 4 5 6 7 8 12 14 19 44 47 56 62 63 67 76 77 78 82 86 3 21 22 25 28 30 35 36 43 48 49 52 53 58 59 64 65 69 72 73 83 88 89
23 19 2 9 15 17 18 24 29 32 33 37 42 45 46 54 55 57 71 74 84 90 92 96 99 4 5 6 7 8 12 14 19 44 47 56 62 63 67 76 77 78 82 86
18 23 1 16 20 23 26 27 38 40 41 61 66 68 75 81 85 91 93 94 2 9 15 17 18 24 29 32 33 37 42 45 46 54 55 57 71 74 84 90 92 96 99
23 19 2 9 15 17 18 24 29 32 33 37 42 45 46 54 55 57 71 74 84 90 92 96 99 4 5 6 7 8 12 14 19 44 47 56 62 63 67 76 77 78 82 86
18 17 1 16 20 23 26 27 38 40 41 61 66 68 75 81 85 91 93 94 0 10 11 13 31 34 39 50 51 60 70 79 80 87 95 97 98
23 17 2 9 15 17 18 24 29 32 33 37 42 45 46 54 55 57 71 74 84 90 92 96 99 0 10 11 13 31 34 39 50 51 60 70 79 80 87 95 97 98
17 23 0 10 11 13 31 34 39 50 51 60 70 79 80 87 95 97 98 2 9 15 17 18 24 29 32 33 37 42 45 46 54 55 57 71 74 84 90 92 96 99
23 23 2 9 15 17 18 24 29 32 33 37 42 45 46 54 55 57 71 74 84 90 92 96 99 3 21 22 25 28 30 35 36 43 48 49 52 53 58 59 64 65 69 72 73 83 88 89
23 19 3 21 22 25 28 30 35 36 43 48 49 52 53 58 59 64 65 69 72 73 83 88 89 4 5 6 7 8 12 14 19 44 47 56 62 63 67 76 77 78 82 86
23 17 3 21 22 25 28 30 35 36 43 48 49 52 53 58 59 64 65 69 72 73 83 88 89 0 10 11 13 31 34 39 50 51 60 70 79 80 87 95 97 98
23 23 3 21 22 25 28 30 35 36 43 48 49 52 53 58 59 64 65 69 72 73 83 88 89 2 9 15 17 18 24 29 32 33 37 42 45 46 54 55 57 71 74 84 90 92 96 99
19 17 4 5 6 7 8 12 14 19 44 47 56 62 63 67 76 77 78 82 86 0 10 11 13 31 34 39 50 51 60 70 79 80 87 95 97 98
19 18 4 5 6 7 8 12 14 19 44 47 56 62 63 67 76 77 78 82 86 1 16 20 23 26 27 38 40 41 61 66 68 75 81 85 91 93 94
17 19 0 10 11 13 31 34 39 50 51 60 70 79 80 87 95 97 98 4 5 6 7 8 12 14 19 44 47 56 62 63 67 76 77 78 82 86
23 18 3 21 22 25 28 30 35 36 43 48 49 52 53 58 59 64 65 69 72 73 83 88 89 1 16 20 23 26 27 38 40 41 61 66 68 75 81 85 91 93 94
18 19 1 16 20 23 26 27 38 40 41 61 66 68 75 81 85 91 93 94 4 5 6 7 8 12 14 19 44 47 56 62 63 67 76 77 78 82 86
19 23 4 5 6 7 8 12 14 19 44 47 56 62 63 67 76 77 78 82 86 3 21 22 25 28 30 35 36 43 48 49 52 53 58 59 64 65 69 72 73 83 88 89
23 19 2 9 15 17 18 24 29 32 33 37 42 45 46 54 55 57 71 74 84 90 92 96 99 4 5 6 7 8 12 14 19 44 47 56 62 63 67 76 77 78 82 86
18 23 1 16 20 23 26 27 38 40 41 61 66 68 75 81 85 91 93 94 2 9 15 17 18 24 29 32 33 37 42 45 46 54 55 57 71 74 84 90 92 96 99
23 19 2 9 15 17 18 24 29 32 33 37 42 45 46 54 55 57 71 74 84 90 92 96 99 4 5 6 7 8 12 14 19 44 47 56 62 63 67 76 77 78 82 86
23 18 2 9 15 17 18 24 29 32 33 37 42 45 46 54 55 57 71 74 84 90 92 96 99 1 16 20 23 26 27 38 40 41 61 66 68 75 81 85 91 93 94
18 23 1 16 20 23 26 27 38 40 41 61 66 68 75 81 85 91 93 94 3 21 22 25 28 30 35 36 43 48 49 52 53 58 59 64 65 69 72 73 83 88 89
23 17 3 21 22 25 28 30 35 36 43 48 49 52 53 58 59 64 65 69 72 73 83 88 89 0 10 11 13 31 34 39 50 51 60 70 79 80 87 95 97 98
23 18 3 21 22 25 28 30 35 36 43 48 49 52 53 58 59 64 65 69 72 73 83 88 89 1 16 20 23 26 27 38 40 41 61 66 68 75 81 85 91 93 94
18 19 1 16 20 23 26 27 38 40 41 61 66 68 75 81 85 91 93 94 4 5 6 7 8 12 14 19 44 47 56 62 63 67 76 77 78 82 86
18 19 1 16 20 23 26 27 38 40 41 61 66 68 75 81 85 91 93 94 4 5 6 7 8 12 14 19 44 47 56 62 63 67 76 77 78 82 86
19 23 4 5 6 7 8 12 14 19 44 47 56 62 63 67 76 77 78 82 86 2 9 15 17 18 24 29 32 33 37 42 45 46 54 55 57 71 74 84 90 92 96 99
23 18 2 9 15 17 18 24 29 32 33 37 42 45 46 54 55 57 71 74 84 90 92 96 99 1 16 20 23 26 27 38 40 41 61 66 68 75 81 85 91 93 94
17 23 0 10 11 13 31 34 39 50 51 60 70 79 80 87 95 97 98 2 9 15 17 18 24 29 32 33 37 42 45 46 54 55 57 71 74 84 90 92 96 99
23 23 3 21 22 25 28 30 35 36 43 48 49 52 53 58 59 64 65 69 72 73 83 88 89 2 9 15 17 18 24 29 32 33 37 42 45 46 54 55 57 71 74 84 90 92 96 99
17 18 0 10 11 13 31 34 39 50 51 60 70 79 80 87 95 97 98 1 16 20 23 26 27 38 40 41 61 66 68 75 81 85 91 93 94
23 17 2 9 15 17 18 24 29 32 33 37 42 45 46 54 55 57 71 74 84 90 92 96 99 0 10 11 13 31 34 39 50 51 60 70 79 80 87 95 97 98
17 23 0 10 11 13 31 34 39 50 51 60 70 79 80 87 95 97 98 3 21 22 25 28 30 35 36 43 48 49 52 53 58 59 64 65 69 72 73 83 88 89
17 23 0 10 11 13 31 34 39 50 51 60 70 79 80 87 95 97 98 2 9 15 17 18 24 29 32 33 37 42 45 46 54 55 57 71 74 84 90 92 96 99
19 17 4 5 6 7 8 12 14 19 44 47 56 62 63 67 76 77 78 82 86 0 10 11 13 31 34 39 50 51 60 70 79 80 87 95 97 98
23 19 3 21 22 25 28 30 35 36 43 48 49 52 53 58 59 64 65 69 72 73 83 88 89 4 5 6 7 8 12 14 19 44 47 56 62 63 67 76 77 78 82 86
19 23 4 5 6 7 8 12 14 19 44 47 56 62 63 67 76 77 78 82 86 3 21 22 25 28 30 35 36 43 48 49 52 53 58 59 64 65 69 72 73 83 88 89
23 23 3 21 22 25 28 30 35 36 43 48 49 52 53 58 59 64 65 69 72 73 83 88 89 2 9 15 17 18 24 29 32 33 37 42 45 46 54 55 57 71 74 84 90 92 96 99
23 19 2 9 15 17 18 24 29 32 33 37 42 45 46 54 55 57 71 74 84 90 92 96 99 4 5 6 7 8 12 14 19 44 47 56 62 63 67 76 77 78 82 86
17 19 0 10 11 13 31 34 39 50 51 60 70 79 80 87 95 97 98 4 5 6 7 8 12 14 19 44 47 56 62 63 67 76 77 78 82 86
23 17 3 21 22 25 28 30 35 36 43 48 49 52 53 58 59 64 65 69 72 73 83 88 89 0 10 11 13 31 34 39 50 51 60 70 79 80 87 95 97 98
18 23 1 16 20 23 26 27 38 40 41 61 66 68 75 81 85 91 93 94 2 9 15 17 18 24 29 32 33 37 42 45 46 54 55 57 71 74 84 90 92 96 99
18 23 1 16 20 23 26 27 38 40 41 61 66 68 75 81 85 91 93 94 2 9 15 17 18 24 29 32 33 37 42 45 46 54 55 57 71 74 84 90 92 96 99
19 23 4 5 6 7 8 12 14 19 44 47 56 62 63 67 76 77 78 82 86 3 21 22 25 28 30 35 36 43 48 49 52 53 58 59 64 65 69 72 73 83 88 89
17 23 0 10 11 13 31 34 39 50 51 60 70 79 80 87 95 97 98 2 9 15 17 18 24 29 32 33 37 42 45 46 54 55 57 71 74 84 90 92 96 99
23 18 3 21 22 25 28 30 35 36 43 48 49 52 53 58 59 64 65 69 72 73 83 88 89 1 16 20 23 26 27 38 40 41 61 66 68 75 81 85 91 93 94
18 23 1 16 20 23 26 27 38 40 41 61 66 68 75 81 85 91 93 94 3 21 22 25 28 30 35 36 43 48 49 52 53 58 59 64 65 69 72 73 83 88 89
23 19 3 21 22 25 28 30 35 36 43 48 49 52 53 58 59 64 65 69 72 73 83 88 89 4 5 6 7 8 12 14 19 44 47 56 62 63 67 76 77 78 82 86
23 23 2 9 15 17 18 24 29 32 33 37 42 45 46 54 55 57 71 74 84 90 92 96 99 3 21 22 25 28 30 35 36 43 48 49 52 53 58 59 64 65 69 72 73 83 88 89
18 23 1 16 20 23 26 27 38 40 41 61 66 68 75 81 85 91 93 94 2 9 15 17 18 24 29 32 33 37 42 45 46 54 55 57 71 74 84 90 92 96 99
23 23 3 21 22 25 28 30 35 36 43 48 49 52 53 58 59 64 65 69 72 73 83 88 89 2 9 15 17 18 24 29 32 33 37 42 45 46 54 55 57 71 74 84 90 92 96 99
18 23 1 16 20 23 26 27 38 40 41 61 66 68 75 81 85 91 93 94 2 9 15 17 18 24 29 32 33 37 42 45 46 54 55 57 71 74 84 90 92 96 99
17 19 0 10 11 13 31 34 39 50 51 60 70 79 80 87 95 97 98 4 5 6 7 8 12 14 19 44 47 56 62 63 67 76 77 78 82 86
19 23 4 5 6 7 8 12 14 19 44 47 56 62 63 67 76 77 78 82 86 3 21 22 25 28 30 35 36 43 48 49 52 53 58 59 64 65 69 72 73 83 88 89
18 17 1 16 20 23 26 27 38 40 41 61 66 68 75 81 85 91 93 94 0 10 11 13 31 34 39 50 51 60 70 79 80 87 95 97 98
23 17 2 9 15 17 18 24 29 32 33 37 42 45 46 54 55 57 71 74 84 90 92 96 99 0 10 11 13 31 34 39 50 51 60 70 79 80 87 95 97 98
19 23 4 5 6 7 8 12 14 19 44 47 56 62 63 67 76 77 78 82 86 2 9 15 17 18 24 29 32 33 37 42 45 46 54 55 57 71 74 84 90 92 96 99
17 23 0 10 11 13 31 34 39 50 51 60 70 79 80 87 95 97 98 3 21 22 25 28 30 35 36 43 48 49 52 53 58 59 64 65 69 72 73 83 88 89
19 23 4 5 6 7 8 12 14 19 44 47 56 62 63 67 76 77 78 82 86 2 9 15 17 18 24 29 32 33 37 42 45 46 54 55 57 71 74 84 90 92 96 99
23 17 3 21 22 25 28 30 35 36 43 48 49 52 53 58 59 64 65 69 72 73 83 88 89 0 10 11 13 31 34 39 50 51 60 70 79 80 87 95 97 98
18 17 1 16 20 23 26 27 38 40 41 61 66 68 75 81 85 91 93 94 0 10 11 13 31 34 39 50 51 60 70 79 80 87 95 97 98
19 23 4 5 6 7 8 12 14 19 44 47 56 62 63 67 76 77 78 82 86 2 9 15 17 18 24 29 32 33 37 42 45 46 54 55 57 71 74 84 90 92 96 99
23 17 2 9 15 17 18 24 29 32 33 37 42 45 46 54 55 57 71 74 84 90 92 96 99 0 10 11 13 31 34 39 50 51 60 70 79 80 87 95 97 98
23 18 2 9 15 17 18 24 29 32 33 37 42 45 46 54 55 57 71 74 84 90 92 96 99 1 16 20 23 26 27 38 40 41 61 66 68 75 81 85 91 93 94
19 23 4 5 6 7 8 12 14 19 44 47 56 62 63 67 76 77 78 82 86 3 21 22 25 28 30 35 36 43 48 49 52 53 58 59 64 65 69 72 73 83 88 89
23 23 2 9 15 17 18 24 29 32 33 37 42 45 46 54 55 57 71 74 84 90 92 96 99 3 21 22 25 28 30 35 36 43 48 49 52 53 58 59 64 65 69 72 73 83 88 89
23 18 2 9 15 17 18 24 29 32 33 37 42 45 46 54 55 57 71 74 84 90 92 96 99 1 16 20 23 26 27 38 40 41 61 66 68 75 81 85 91 93 94
18 23 1 16 20 23 26 27 38 40 41 61 66 68 75 81 85 91 93 94 2 9 15 17 18 24 29 32 33 37 42 45 46 54 55 57 71 74 84 90 92 96 99
17 19 0 10 11 13 31 34 39 50 51 60 70 79 80 87 95 97 98 4 5 6 7 8 12 14 19 44 47 56 62 63 67 76 77 78 82 86
18 17 1 16 20 23 26 27 38 40 41 61 66 68 75 81 85 91 93 94 0 10 11 13 31 34 39 50 51 60 70 79 80 87 95 97 98
18 23 1 16 20 23 26 27 38 40 41 61 66 68 75 81 85 91 93 94 2 9 15 17 18 24 29 32 33 37 42 45 46 54 55 57 71 74 84 90 92 96 99
23 18 3 21 22 25 28 30 35 36 43 48 49 52 53 58 59 64 65 69 72 73 83 88 89 1 16 20 23 26 27 38 40 41 61 66 68 75 81 85 91 93 94
23 19 3 21 22 25 28 30 35 36 43 48 49 52 53 58 59 64 65 69 72 73 83 88 89 4 5 6 7 8 12 14 19 44 47 56 62 63 67 76 77 78 82 86
17 23 0 10 11 13 31 34 39 50 51 60 70 79 80 87 95 97 98 3 21 22 25 28 30 35 36 43 48 49 52 53 58 59 64 65 69 72 73 83 88 89
23 17 3 21 22 25 28 30 35 36 43 48 49 52 53 58 59 64 65 69 72 73 83 88 89 0 10 11 13 31 34 39 50 51 60 70 79 80 87 95 97 98
23 23 2 9 15 17 18 24 29 32 33 37 42 45 46 54 55 57 71 74 84 90 92 96 99 3 21 22 25 28 30 35 36 43 48 49 52 53 58 59 64 65 69 72 73 83 88 89
23 17 2 9 15 17 18 24 29 32 33 37 42 45 46 54 55 57 71 74 84 90 92 96 99 0 10 11 13 31 34 39 50 51 60 70 79 80 87 95 97 98
19 17 4 5 6 7 8 12 14 19 44 47 56 62 63 67 76 77 78 82 86 0 10 11 13 31 34 39 50 51 60 70 79 80 87 95 97 98
23 23 2 9 15 17 18 24 29 32 33 37 42 45 46 54 55 57 71 74 84 90 92 96 99 3 21 22 25 28 30 35 36 43 48 49 52 53 58 59 64 65 69 72 73 83 88 89
18 19 1 16 20 23 26 27 38 40 41 61 66 68 75 81 85 91 93 94 4 5 6 7 8 12 14 19 44 47 56 62 63 67 76 77 78 82 86
23 19 3 21 22 25 28 30 35 36 43 48 49 52 53 58 59 64 65 69 72 73 83 88 89 4 5 6 7 8 12 14 19 44 47 56 62 63 67 76 77 78 82 86
19 23 4 5 6 7 8 12 14 19 44 47 56 62 63 67 76 77 78 82 86 2 9 15 17 18 24 29 32 33 37 42 45 46 54 55 57 71 74 84 90 92 96 99
18 23 1 16 20 23 26 27 38 40 41 61 66 68 75 81 85 91 93 94 2 9 15 17 18 24 29 32 33 37 42 45 46 54 55 57 71 74 84 90 92 96 99
18 19 1 16 20 23 26 27 38 40 41 61 66 68 75 81 85 91 93 94 4 5 6 7 8 12 14 19 44 47 56 62 63 67 76 77 78 82 86
19 18 4 5 6 7 8 12 14 19 44 47 56 62 63 67 76 77 78 82 86 1 16 20 23 26 27 38 40 41 61 66 68 75 81 85 91 93 94
23 18 3 21 22 25 28 30 35 36 43 48 49 52 53 58 59 64 65 69 72 73 83 88 89 1 16 20 23 26 27 38 40 41 61 66 68 75 81 85 91 93 94
23 23 3 21 22 25 28 30 35 36 43 48 49 52 53 58 59 64 65 69 72 73 83 88 89 2 9 15 17 18 24 29 32 33 37 42 45 46 54 55 57 71 74 84 90 92 96 99
23 17 3 21 22 25 28 30 35 36 43 48 49 52 53 58 59 64 65 69 72 73 83 88 89 0 10 11 13 31 34 39 50 51 60 70 79 80 87 95 97 98
17 19 0 10 11 13 31 34 39 50 51 60 70 79 80 87 95 97 98 4 5 6 7 8 12 14 19 44 47 56 62 63 67 76 77 78 82 86
23 17 3 21 22 25 28 30 35 36 43 48 49 52 53 58 59 64 65 69 72 73 83 88 89 0 10 11 13 31 34 39 50 51 60 70 79 80 87 95 97 98
17 18 0 10 11 13 31 34 39 50 51 60 70 79 80 87 95 97 98 1 16 20 23 26 27 38 40 41 61 66 68 75 81 85 91 93 94
23 19 3 21 22 25 28 30 35 36 43 48 49 52 53 58 59 64 65 69 72 73 83 88 89 4 5 6 7 8 12 14 19 44 47 56 62 63 67 76 77 78 82 86
17 18 0 10 11 13 31 34 39 50 51 60 70 79 80 87 95 97 98 1 16 20 23 26 27 38 40 41 61 66 68 75 81 85 91 93 94
23 23 3 21 22 25 28 30 35 36 43 48 49 52 53 58 59 64 65 69 72 73 83 88 89 2 9 15 17 18 24 29 32 33 37 42 45 46 54 55 57 71 74 84 90 92 96 99
23 18 2 9 15 17 18 24 29 32 33 37 42 45 46 54 55 57 71 74 84 90 92 96 99 1 16 20 23 26 27 38 40 41 61 66 68 75 81 85 91 93 94
23 19 2 9 15 17 18 24 29 32 33 37 42 45 46 54 55 57 71 74 84 90 92 96 99 4 5 6 7 8 12 14 19 44 47 56 62 63 67 76 77 78 82 86
19 23 4 5 6 7 8 12 14 19 44 47 56 62 63 67 76 77 78 82 86 2 9 15 17 18 24 29 32 33 37 42 45 46 54 55 57 71 74 84 90 92 96 99
18 17 1 16 20 23 26 27 38 40 41 61 66 68 75 81 85 91 93 94 0 10 11 13 31 34 39 50 51 60 70 79 80 87 95 97 98
23 17 2 9 15 17 18 24 29 32 33 37 42 45 46 54 55 57 71 74 84 90 92 96 99 0 10 11 13 31 34 39 50 51 60 70 79 80 87 95 97 98
18 23 1 16 20 23 26 27 38 40 41 61 66 68 75 81 85 91 93 94 3 21 22 25 28 30 35 36 43 48 49 52 53 58 59 64 65 69 72 73 83 88 89
19 17 4 5 6 7 8 12 14 19 44 47 56 62 63 67 76 77 78 82 86 0 10 11 13 31 34 39 50 51 60 70 79 80 87 95 97 98
19 17 4 5 6 7 8 12 14 19 44 47 56 62 63 67 76 77 78 82 86 0 10 11 13 31 34 39 50 51 60 70 79 80 87 95 97 98
23 17 3 21 22 25 28 30 35 36 43 48 49 52 53 58 59 64 65 69 72 73 83 88 89 0 10 11 13 31 34 39 50 51 60 70 79 80 87 95 97 98
17 23 0 10 11 13 31 34 39 50 51 60 70 79 80 87 95 97 98 2 9 15 17 18 24 29 32 33 37 42 45 46 54 55 57 71 74 84 90 92 96 99
18 17 1 16 20 23 26 27 38 40 41 61 66 68 75 81 85 91 93 94 0 10 11 13 31 34 39 50 51 60 70 79 80 87 95 97 98
18 23 1 16 20 23 26 27 38 40 41 61 66 68 75 81 85 91 93 94 3 21 22 25 28 30 35 36 43 48 49 52 53 58 59 64 65 69 72 73 83 88 89
23 19 2 9 15 17 18 24 29 32 33 37 42 45 46 54 55 57 71 74 84 90 92 96 99 4 5 6 7 8 12 14 19 44 47 56 62 63 67 76 77 78 82 86
23 23 3 21 22 25 28 30 35 36 43 48 49 52 53 58 59 64 65 69 72 73 83 88 89 2 9 15 17 18 24 29 32 33 37 42 45 46 54 55 57 71 74 84 90 92 96 99
18 23 1 16 20 23 26 27 38 40 41 61 66 68 75 81 85 91 93 94 2 9 15 17 18 24 29 32 33 37 42 45 46 54 55 57 71 74 84 90 92 96 99
23 19 3 21 22 25 28 30 35 36 43 48 49 52 53 58 59 64 65 69 72 73 83 88 89 4 5 6 7 8 12 14 19 44 47 56 62 63 67 76 77 78 82 86
17 23 0 10 11 13 31 34 39 50 51 60 70 79 80 87 95 97 98 3 21 22 25 28 30 35 36 43 48 49 52 53 58 59 64 65 69 72 73 83 88 89
18 23 1 16 20 23 26 27 38 40 41 61 66 68 75 81 85 91 93 94 2 9 15 17 18 24 29 32 33 37 42 45 46 54 55 57 71 74 84 90 92 96 99
19 23 4 5 6 7 8 12 14 19 44 47 56 62 63 67 76 77 78 82 86 3 21 22 25 28 30 35 36 43 48 49 52 53 58 59 64 65 69 72 73 83 88 89
23 23 3 21 22 25 28 30 35 36 43 48 49 52 53 58 59 64 65 69 72 73 83 88 89 2 9 15 17 18 24 29 32 33 37 42 45 46 54 55 57 71 74 84 90 92 96 99
17 18 0 10 11 13 31 34 39 50 51 60 70 79 80 87 95 97 98 1 16 20 23 26 27 38 40 41 61 66 68 75 81 85 91 93 94
19 18 4 5 6 7 8 12 14 19 44 47 56 62 63 67 76 77 78 82 86 1 16 20 23 26 27 38 40 41 61 66 68 75 81 85 91 93 94
19 23 4 5 6 7 8 12 14 19 44 47 56 62 63 67 76 77 78 82 86 2 9 15 17 18 24 29 32 33 37 42 45 46 54 55 57 71 74 84 90 92 96 99
17 23 0 10 11 13 31 34 39 50 51 60 70 79 80 87 95 97 98 3 21 22 25 28 30 35 36 43 48 49 52 53 58 59 64 65 69 72 73 83 88 89
23 23 3 21 22 25 28 30 35 36 43 48 49 52 53 58 59 64 65 69 72 73 83 88 89 2 9 15 17 18 24 29 32 33 37 42 45 46 54 55 57 71 74 84 90 92 96 99
23 18 2 9 15 17 18 24 29 32 33 37 42 45 46 54 55 57 71 74 84 90 92 96 99 1 16 20 23 26 27 38 40 41 61 66 68 75 81 85 91 93 94
18 17 1 16 20 23 26 27 38 40 41 61 66 68 75 81 85 91 93 94 0 10 11 13 31 34 39 50 51 60 70 79 80 87 95 97 98
23 18 2 9 15 17 18 24 29 32 33 37 42 45 46 54 55 57 71 74 84 90 92 96 99 1 16 20 23 26 27 38 40 41 61 66 68 75 81 85 91 93 94
23 19 2 9 15 17 18 24 29 32 33 37 42 45 46 54 55 57 71 74 84 90 92 96 99 4 5 6 7 8 12 14 19 44 47 56 62 63 67 76 77 78 82 86
17 23 0 10 11 13 31 34 39 50 51 60 70 79 80 87 95 97 98 2 9 15 17 18 24 29 32 33 37 42 45 46 54 55 57 71 74 84 90 92 96 99
19 17 4 5 6 7 8 12 14 19 44 47 56 62 63 67 76 77 78 82 86 0 10 11 13 31 34 39 50 51 60 70 79 80 87 95 97 98
23 17 2 9 15 17 18 24 29 32 33 37 42 45 46 54 55 57 71 74 84 90 92 96 99 0 10 11 13 31 34 39 50 51 60 70 79 80 87 95 97 98
18 19 1 16 20 23 26 27 38 40 41 61 66 68 75 81 85 91 93 94 4 5 6 7 8 12 14 19 44 47 56 62 63 67 76 77 78 82 86
23 18 3 21 22 25 28 30 35 36 43 48 49 52 53 58 59 64 65 69 72 73 83 88 89 1 16 20 23 26 27 38 40 41 61 66 68 75 81 85 91 93 94
19 23 4 5 6 7 8 12 14 19 44 47 56 62 63 67 76 77 78 82 86 2 9 15 17 18 24 29 32 33 37 42 45 46 54 55 57 71 74 84 90 92 96 99
17 23 0 10 11 13 31 34 39 50 51 60 70 79 80 87 95 97 98 3 21 22 25 28 30 35 36 43 48 49 52 53 58 59 64 65 69 72 73 83 88 89
23 19 3 21 22 25 28 30 35 36 43 48 49 52 53 58 59 64 65 69 72 73 83 88 89 4 5 6 7 8 12 14 19 44 47 56 62 63 67 76 77 78 82 86
18 17 1 16 20 23 26 27 38 40 41 61 66 68 75 81 85 91 93 94 0 10 11 13 31 34 39 50 51 60 70 79 80 87 95 97 98
19 17 4 5 6 7 8 12 14 19 44 47 56 62 63 67 76 77 78 82 86 0 10 11 13 31 34 39 50 51 60 70 79 80 87 95 97 98
23 18 2 9 15 17 18 24 29 32 33 37 42 45 46 54 55 57 71 74 84 90 92 96 99 1 16 20 23 26 27 38 40 41 61 66 68 75 81 85 91 93 94
23 23 2 9 15 17 18 24 29 32 33 37 42 45 46 54 55 57 71 74 84 90 92 96 99 3 21 22 25 28 30 35 36 43 48 49 52 53 58 59 64 65 69 72 73 83 88 89
18 23 1 16 20 23 26 27 38 40 41 61 66 68 75 81 85 91 93 94 2 9 15 17 18 24 29 32 33 37 42 45 46 54 55 57 71 74 84 90 92 96 99
23 23 2 9 15 17 18 24 29 32 33 37 42 45 46 54 55 57 71 74 84 90 92 96 99 3 21 22 25 28 30 35 36 43 48 49 52 53 58 59 64 65 69 72 73 83 88 89
17 19 0 10 11 13 31 34 39 50 51 60 70 79 80 87 95 97 98 4 5 6 7 8 12 14 19 44 47 56 62 63 67 76 77 78 82 86
23 23 3 21 22 25 28 30 35 36 43 48 49 52 53 58 59 64 65 69 72 73 83 88 89 2 9 15 17 18 24 29 32 33 37 42 45 46 54 55 57 71 74 84 90 92 96 99
19 17 4 5 6 7 8 12 14 19 44 47 56 62 63 67 76 77 78 82 86 0 10 11 13 31 34 39 50 51 60 70 79 80 87 95 97 98
23 23 2 9 15 17 18 24 29 32 33 37 42 45 46 54 55 57 71 74 84 90 92 96 99 3 21 22 25 28 30 35 36 43 48 49 52 53 58 59 64 65 69 72 73 83 88 89
18 17 1 16 20 23 26 27 38 40 41 61 66 68 75 81 85 91 93 94 0 10 11 13 31 34 39 50 51 60 70 79 80 87 95 97 98
17 23 0 10 11 13 31 34 39 50 51 60 70 79 80 87 95 97 98 2 9 15 17 18 24 29 32 33 37 42 45 46 54 55 57 71 74 84 90 92 96 99
23 17 2 9 15 17 18 24 29 32 33 37 42 45 46 54 55 57 71 74 84 90 92 96 99 0 10 11 13 31 34 39 50 51 60 70 79 80 87 95 97 98
23 19 2 9 15 17 18 24 29 32 33 37 42 45 46 54 55 57 71 74 84 90 92 96 99 4 5 6 7 8 12 14 19 44 47 56 62 63 67 76 77 78 82 86
17 18 0 10 11 13 31 34 39 50 51 60 70 79 80 87 95 97 98 1 16 20 23 26 27 38 40 41 61 66 68 75 81 85 91 93 94
23 18 2 9 15 17 18 24 29 32 33 37 42 45 46 54 55 57 71 74 84 90 92 96 99 1 16 20 23 26 27 38 40 41 61 66 68 75 81 85 91 93 94
23 17 3 21 22 25 28 30 35 36 43 48 49 52 53 58 59 64 65 69 72 73 83 88 89 0 10 11 13 31 34 39 50 51 60 70 79 80 87 95 97 98
17 19 0 10 11 13 31 34 39 50 51 60 70 79 80 87 95 97 98 4 5 6 7 8 12 14 19 44 47 56 62 63 67 76 77 78 82 86
23 17 3 21 22 25 28 30 35 36 43 48 49 52 53 58 59 64 65 69 72 73 83 88 89 0 10 11 13 31 34 39 50 51 60 70 79 80 87 95 97 98
17 18 0 10 11 13 31 34 39 50 51 60 70 79 80 87 95 97 98 1 16 20 23 26 27 38 40 41 61 66 68 75 81 85 91 93 94
17 19 0 10 11 13 31 34 39 50 51 60 70 79 80 87 95 97 98 4 5 6 7 8 12 14 19 44 47 56 62 63 67 76 77 78 82 86
17 23 0 10 11 13 31 34 39 50 51 60 70 79 80 87 95 97 98 2 9 15 17 18 24 29 32 33 37 42 45 46 54 55 57 71 74 84 90 92 96 99
23 19 3 21 22 25 28 30 35 36 43 48 49 52 53 58 59 64 65 69 72 73 83 88 89 4 5 6 7 8 12 14 19 44 47 56 62 63 67 76 77 78 82 86
19 17 4 5 6 7 8 12 14 19 44 47 56 62 63 67 76 77 78 82 86 0 10 11 13 31 34 39 50 51 60 70 79 80 87 95 97 98
18 23 1 16 20 23 26 27 38 40 41 61 66 68 75 81 85 91 93 94 3 21 22 25 28 30 35 36 43 48 49 52 53 58 59 64 65 69 72 73 83 88 89
18 23 1 16 20 23 26 27 38 40 41 61 66 68 75 81 85 91 93 94 2 9 15 17 18 24 29 32 33 37 42 45 46 54 55 57 71 74 84 90 92 96 99
23 18 2 9 15 17 18 24 29 32 33 37 42 45 46 54 55 57 71 74 84 90 92 96 99 1 16 20 23 26 27 38 40 41 61 66 68 75 81 85 91 93 94
18 23 1 16 20 23 26 27 38 40 41 61 66 68 75 81 85 91 93 94 3 21 22 25 28 30 35 36 43 48 49 52 53 58 59 64 65 69 72 73 83 88 89
17 19 0 10 11 13 31 34 39 50 51 60 70 79 80 87 95 97 98 4 5 6 7 8 12 14 19 44 47 56 62 63 67 76 77 78 82 86
17 23 0 10 11 13 31 34 39 50 51 60 70 79 80 87 95 97 98 2 9 15 17 18 24 29 32 33 37 42 45 46 54 55 57 71 74 84 90 92 96 99
18 23 1 16 20 23 26 27 38 40 41 61 66 68 75 81 85 91 93 94 2 9 15 17 18 24 29 32 33 37 42 45 46 54 55 57 71 74 84 90 92 96 99
17 23 0 10 11 13 31 34 39 50 51 60 70 79 80 87 95 97 98 3 21 22 25 28 30 35 36 43 48 49 52 53 58 59 64 65 69 72 73 83 88 89
18 23 1 16 20 23 26 27 38 40 41 61 66 68 75 81 85 91 93 94 3 21 22 25 28 30 35 36 43 48 49 52 53 58 59 64 65 69 72 73 83 88 89
23 17 3 21 22 25 28 30 35 36 43 48 49 52 53 58 59 64 65 69 72 73 83 88 89 0 10 11 13 31 34 39 50 51 60 70 79 80 87 95 97 98
23 18 3 21 22 25 28 30 35 36 43 48 49 52 53 58 59 64 65 69 72 73 83 88 89 1 16 20 23 26 27 38 40 41 61 66 68 75 81 85 91 93 94
23 18 3 21 22 25 28 30 35 36 43 48 49 52 53 58 59 64 65 69 72 73 83 88 89 1 16 20 23 26 27 38 40 41 61 66 68 75 81 85 91 93 94
23 17 2 9 15 17 18 24 29 32 33 37 42 45 46 54 55 57 71 74 84 90 92 96 99 0 10 11 13 31 34 39 50 51 60 70 79 80 87 95 97 98
18 23 1 16 20 23 26 27 38 40 41 61 66 68 75 81 85 91 93 94 2 9 15 17 18 24 29 32 33 37 42 45 46 54 55 57 71 74 84 90 92 96 99
23 19 2 9 15 17 18 24 29 32 33 37 42 45 46 54 55 57 71 74 84 90 92 96 99 4 5 6 7 8 12 14 19 44 47 56 62 63 67 76 77 78 82 86
19 18 4 5 6 7 8 12 14 19 44 47 56 62 63 67 76 77 78 82 86 1 16 20 23 26 27 38 40 41 61 66 68 75 81 85 91 93 94
23 18 2 9 15 17 18 24 29 32 33 37 42 45 46 54 55 57 71 74 84 90 92 96 99 1 16 20 23 26 27 38 40 41 61 66 68 75 81 85 91 93 94
18 17 1 16 20 23 26 27 38 40 41 61 66 68 75 81 85 91 93 94 0 10 11 13 31 34 39 50 51 60 70 79 80 87 95 97 98
18 17 1 16 20 23 26 27 38 40 41 61 66 68 75 81 85 91 93 94 0 10 11 13 31 34 39 50 51 60 70 79 80 87 95 97 98
17 23 0 10 11 13 31 34 39 50 51 60 70 79 80 87 95 97 98 2 9 15 17 18 24 29 32 33 37 42 45 46 54 55 57 71 74 84 90 92 96 99
23 18 3 21 22 25 28 30 35 36 43 48 49 52 53 58 59 64 65 69 72 73 83 88 89 1 16 20 23 26 27 38 40 41 61 66 68 75 81 85 91 93 94
18 19 1 16 20 23 26 27 38 40 41 61 66 68 75 81 85 91 93 94 4 5 6 7 8 12 14 19 44 47 56 62 63 67 76 77 78 82 86
17 23 0 10 11 13 31 34 39 50 51 60 70 79 80 87 95 97 98 3 21 22 25 28 30 35 36 43 48 49 52 53 58 59 64 65 69 72 73 83 88 89
23 18 3 21 22 25 28 30 35 36 43 48 49 52 53 58 59 64 65 69 72 73 83 88 89 1 16 20 23 26 27 38 40 41 61 66 68 75 81 85 91 93 94
19 18 4 5 6 7 8 12 14 19 44 47 56 62 63 67 76 77 78 82 86 1 16 20 23 26 27 38 40 41 61 66 68 75 81 85 91 93 94
17 23 0 10 11 13 31 34 39 50 51 60 70 79 80 87 95 97 98 2 9 15 17 18 24 29 32 33 37 42 45 46 54 55 57 71 74 84 90 92 96 99
19 23 4 5 6 7 8 12 14 19 44 47 56 62 63 67 76 77 78 82 86 2 9 15 17 18 24 29 32 33 37 42 45 46 54 55 57 71 74 84 90 92 96 99
23 18 3 21 22 25 28 30 35 36 43 48 49 52 53 58 59 64 65 69 72 73 83 88 89 1 16 20 23 26 27 38 40 41 61 66 68 75 81 85 91 93 94
17 18 0 10 11 13 31 34 39 50 51 60 70 79 80 87 95 97 98 1 16 20 23 26 27 38 40 41 61 66 68 75 81 85 91 93 94
19 18 4 5 6 7 8 12 14 19 44 47 56 62 63 67 76 77 78 82 86 1 16 20 23 26 27 38 40 41 61 66 68 75 81 85 91 93 94
23 23 2 9 15 17 18 24 29 32 33 37 42 45 46 54 55 57 71 74 84 90 92 96 99 3 21 22 25 28 30 35 36 43 48 49 52 53 58 59 64 65 69 72 73 83 88 89
23 19 3 21 22 25 28 30 35 36 43 48 49 52 53 58 59 64 65 69 72 73 83 88 89 4 5 6 7 8 12 14 19 44 47 56 62 63 67 76 77 78 82 86
17 19 0 10 11 13 31 34 39 50 51 60 70 79 80 87 95 97 98 4 5 6 7 8 12 14 19 44 47 56 62 63 67 76 77 78 82 86
17 23 0 10 11 13 31 34 39 50 51 60 70 79 80 87 95 97 98 2 9 15 17 18 24 29 32 33 37 42 45 46 54 55 57 71 74 84 90 92 96 99
23 23 2 9 15 17 18 24 29 32 33 37 42 45 46 54 55 57 71 74 84 90 92 96 99 3 21 22 25 28 30 35 36 43 48 49 52 53 58 59 64 65 69 72 73 83 88 89
19 17 4 5 6 7 8 12 14 19 44 47 56 62 63 67 76 77 78 82 86 0 10 11 13 31 34 39 50 51 60 70 79 80 87 95 97 98
17 19 0 10 11 13 31 34 39 50 51 60 70 79 80 87 95 97 98 4 5 6 7 8 12 14 19 44 47 56 62 63 67 76 77 78 82 86
23 19 2 9 15 17 18 24 29 32 33 37 42 45 46 54 55 57 71 74 84 90 92 96 99 4 5 6 7 8 12 14 19 44 47 56 62 63 67 76 77 78 82 86
23 19 3 21 22 25 28 30 35 36 43 48 49 52 53 58 59 64 65 69 72 73 83 88 89 4 5 6 7 8 12 14 19 44 47 56 62 63 67 76 77 78 82 86
23 23 2 9 15 17 18 24 29 32 33 37 42 45 46 54 55 57 71 74 84 90 92 96 99 3 21 22 25 28 30 35 36 43 48 49 52 53 58 59 64 65 69 72 73 83 88 89
23 18 2 9 15 17 18 24 29 32 33 37 42 45 46 54 55 57 71 74 84 90 92 96 99 1 16 20 23 26 27 38 40 41 61 66 68 75 81 85 91 93 94
23 19 3 21 22 25 28 30 35 36 43 48 49 52 53 58 59 64 65 69 72 73 83 88 89 4 5 6 7 8 12 14 19 44 47 56 62 63 67 76 77 78 82 86
17 23 0 10 11 13 31 34 39 50 51 60 70 79 80 87 95 97 98 2 9 15 17 18 24 29 32 33 37 42 45 46 54 55 57 71 74 84 90 92 96 99
23 18 2 9 15 17 18 24 29 32 33 37 42 45 46 54 55 57 71 74 84 90 92 96 99 1 16 20 23 26 27 38 40 41 61 66 68 75 81 85 91 93 94
17 19 0 10 11 13 31 34 39 50 51 60 70 79 80 87 95 97 98 4 5 6 7 8 12 14 19 44 47 56 62 63 67 76 77 78 82 86
17 23 0 10 11 13 31 34 39 50 51 60 70 79 80 87 95 97 98 3 21 22 25 28 30 35 36 43 48 49 52 53 58 59 64 65 69 72 73 83 88 89
23 19 3 21 22 25 28 30 35 36 43 48 49 52 53 58 59 64 65 69 72 73 83 88 89 4 5 6 7 8 12 14 19 44 47 56 62 63 67 76 77 78 82 86
19 18 4 5 6 7 8 12 14 19 44 47 56 62 63 67 76 77 78 82 86 1 16 20 23 26 27 38 40 41 61 66 68 75 81 85 91 93 94
19 23 4 5 6 7 8 12 14 19 44 47 56 62 63 67 76 77 78 82 86 3 21 22 25 28 30 35 36 43 48 49 52 53 58 59 64 65 69 72 73 83 88 89
23 23 2 9 15 17 18 24 29 32 33 37 42 45 46 54 55 57 71 74 84 90 92 96 99 3 21 22 25 28 30 35 36 43 48 49 52 53 58 59 64 65 69 72 73 83 88 89
18 17 1 16 20 23 26 27 38 40 41 61 66 68 75 81 85 91 93 94 0 10 11 13 31 34 39 50 51 60 70 79 80 87 95 97 98
19 23 4 5 6 7 8 12 14 19 44 47 56 62 63 67 76 77 78 82 86 3 21 22 25 28 30 35 36 43 48 49 52 53 58 59 64 65 69 72 73 83 88 89
18 19 1 16 20 23 26 27 38 40 41 61 66 68 75 81 85 91 93 94 4 5 6 7 8 12 14 19 44 47 56 62 63 67 76 77 78 82 86
18 23 1 16 20 23 26 27 38 40 41 61 66 68 75 81 85 91 93 94 3 21 22 25 28 30 35 36 43 48 49 52 53 58 59 64 65 69 72 73 83 88 89
23 23 3 21 22 25 28 30 35 36 43 48 49 52 53 58 59 64 65 69 72 73 83 88 89 2 9 15 17 18 24 29 32 33 37 42 45 46 54 55 57 71 74 84 90 92 96 99
23 23 2 9 15 17 18 24 29 32 33 37 42 45 46 54 55 57 71 74 84 90 92 96 99 3 21 22 25 28 30 35 36 43 48 49 52 53 58 59 64 65 69 72 73 83 88 89
18 23 1 16 20 23 26 27 38 40 41 61 66 68 75 81 85 91 93 94 3 21 22 25 28 30 35 36 43 48 49 52 53 58 59 64 65 69 72 73 83 88 89
19 18 4 5 6 7 8 12 14 19 44 47 56 62 63 67 76 77 78 82 86 1 16 20 23 26 27 38 40 41 61 66 68 75 81 85 91 93 94
19 23 4 5 6 7 8 12 14 19 44 47 56 62 63 67 76 77 78 82 86 3 21 22 25 28 30 35 36 43 48 49 52 53 58 59 64 65 69 72 73 83 88 89
23 19 3 21 22 25 28 30 35 36 43 48 49 52 53 58 59 64 65 69 72 73 83 88 89 4 5 6 7 8 12 14 19 44 47 56 62 63 67 76 77 78 82 86
23 18 2 9 15 17 18 24 29 32 33 37 42 45 46 54 55 57 71 74 84 90 92 96 99 1 16 20 23 26 27 38 40 41 61 66 68 75 81 85 91 93 94
23 23 2 9 15 17 18 24 29 32 33 37 42 45 46 54 55 57 71 74 84 90 92 96 99 3 21 22 25 28 30 35 36 43 48 49 52 53 58 59 64 65 69 72 73 83 88 89
17 23 0 10 11 13 31 34 39 50 51 60 70 79 80 87 95 97 98 2 9 15 17 18 24 29 32 33 37 42 45 46 54 55 57 71 74 84 90 92 96 99
18 19 1 16 20 23 26 27 38 40 41 61 66 68 75 81 85 91 93 94 4 5 6 7 8 12 14 19 44 47 56 62 63 67 76 77 78 82 86
23 17 2 9 15 17 18 24 29 32 33 37 42 45 46 54 55 57 71 74 84 90 92 96 99 0 10 11 13 31 34 39 50 51 60 70 79 80 87 95 97 98
17 18 0 10 11 13 31 34 39 50 51 60 70 79 80 87 95 97 98 1 16 20 23 26 27 38 40 41 61 66 68 75 81 85 91 93 94
18 23 1 16 20 23 26 27 38 40 41 61 66 68 75 81 85 91 93 94 3 21 22 25 28 30 35 36 43 48 49 52 53 58 59 64 65 69 72 73 83 88 89
18 23 1 16 20 23 26 27 38 40 41 61 66 68 75 81 85 91 93 94 3 21 22 25 28 30 35 36 43 48 49 52 53 58 59 64 65 69 72 73 83 88 89
17 23 0 10 11 13 31 34 39 50 51 60 70 79 80 87 95 97 98 2 9 15 17 18 24 29 32 33 37 42 45 46 54 55 57 71 74 84 90 92 96 99
23 19 3 21 22 25 28 30 35 36 43 48 49 52 53 58 59 64 65 69 72 73 83 88 89 4 5 6 7 8 12 14 19 44 47 56 62 63 67 76 77 78 82 86
23 23 3 21 22 25 28 30 35 36 43 48 49 52 53 58 59 64 65 69 72 73 83 88 89 2 9 15 17 18 24 29 32 33 37 42 45 46 54 55 57 71 74 84 90 92 96 99
17 23 0 10 11 13 31 34 39 50 51 60 70 79 80 87 95 97 98 2 9 15 17 18 24 29 32 33 37 42 45 46 54 55 57 71 74 84 90 92 96 99
19 23 4 5 6 7 8 12 14 19 44 47 56 62 63 67 76 77 78 82 86 3 21 22 25 28 30 35 36 43 48 49 52 53 58 59 64 65 69 72 73 83 88 89
23 17 2 9 15 17 18 24 29 32 33 37 42 45 46 54 55 57 71 74 84 90 92 96 99 0 10 11 13 31 34 39 50 51 60 70 79 80 87 95 97 98
23 19 3 21 22 25 28 30 35 36 43 48 49 52 53 58 59 64 65 69 72 73 83 88 89 4 5 6 7 8 12 14 19 44 47 56 62 63 67 76 77 78 82 86
17 23 0 10 11 13 31 34 39 50 51 60 70 79 80 87 95 97 98 2 9 15 17 18 24 29 32 33 37 42 45 46 54 55 57 71 74 84 90 92 96 99
19 18 4 5 6 7 8 12 14 19 44 47 56 62 63 67 76 77 78 82 86 1 16 20 23 26 27 38 40 41 61 66 68 75 81 85 91 93 94
17 23 0 10 11 13 31 34 39 50 51 60 70 79 80 87 95 97 98 3 21 22 25 28 30 35 36 43 48 49 52 53 58 59 64 65 69 72 73 83 88 89
18 17 1 16 20 23 26 27 38 40 41 61 66 68 75 81 85 91 93 94 0 10 11 13 31 34 39 50 51 60 70 79 80 87 95 97 98
17 23 0 10 11 13 31 34 39 50 51 60 70 79 80 87 95 97 98 3 21 22 25 28 30 35 36 43 48 49 52 53 58 59 64 65 69 72 73 83 88 89
23 19 2 9 15 17 18 24 29 32 33 37 42 45 46 54 55 57 71 74 84 90 92 96 99 4 5 6 7 8 12 14 19 44 47 56 62 63 67 76 77 78 82 86
23 17 3 21 22 25 28 30 35 36 43 48 49 52 53 58 59 64 65 69 72 73 83 88 89 0 10 11 13 31 34 39 50 51 60 70 79 80 87 95 97 98
23 23 3 21 22 25 28 30 35 36 43 48 49 52 53 58 59 64 65 69 72 73 83 88 89 2 9 15 17 18 24 29 32 33 37 42 45 46 54 55 57 71 74 84 90 92 96 99
17 23 0 10 11 13 31 34 39 50 51 60 70 79 80 87 95 97 98 3 21 22 25 28 30 35 36 43 48 49 52 53 58 59 64 65 69 72 73 83 88 89
18 17 1 16 20 23 26 27 38 40 41 61 66 68 75 81 85 91 93 94 0 10 11 13 31 34 39 50 51 60 70 79 80 87 95 97 98
23 18 2 9 15 17 18 24 29 32 33 37 42 45 46 54 55 57 71 74 84 90 92 96 99 1 16 20 23 26 27 38 40 41 61 66 68 75 81 85 91 93 94
23 23 2 9 15 17 18 24 29 32 33 37 42 45 46 54 55 57 71 74 84 90 92 96 99 3 21 22 25 28 30 35 36 43 48 49 52 53 58 59 64 65 69 72 73 83 88 89
23 18 2 9 15 17 18 24 29 32 33 37 42 45 46 54 55 57 71 74 84 90 92 96 99 1 16 20 23 26 27 38 40 41 61 66 68 75 81 85 91 93 94
18 19 1 16 20 23 26 27 38 40 41 61 66 68 75 81 85 91 93 94 4 5 6 7 8 12 14 19 44 47 56 62 63 67 76 77 78 82 86
23 23 2 9 15 17 18 24 29 32 33 37 42 45 46 54 55 57 71 74 84 90 92 96 99 3 21 22 25 28 30 35 36 43 48 49 52 53 58 59 64 65 69 72 73 83 88 89
23 19 3 21 22 25 28 30 35 36 43 48 49 52 53 58 59 64 65 69 72 73 83 88 89 4 5 6 7 8 12 14 19 44 47 56 62 63 67 76 77 78 82 86
23 19 3 21 22 25 28 30 35 36 43 48 49 52 53 58 59 64 65 69 72 73 83 88 89 4 5 6 7 8 12 14 19 44 47 56 62 63 67 76 77 78 82 86
19 18 4 5 6 7 8 12 14 19 44 47 56 62 63 67 76 77 78 82 86 1 16 20 23 26 27 38 40 41 61 66 68 75 81 85 91 93 94
18 23 1 16 20 23 26 27 38 40 41 61 66 68 75 81 85 91 93 94 2 9 15 17 18 24 29 32 33 37 42 45 46 54 55 57 71 74 84 90 92 96 99
17 18 0 10 11 13 31 34 39 50 51 60 70 79 80 87 95 97 98 1 16 20 23 26 27 38 40 41 61 66 68 75 81 85 91 93 94
19 17 4 5 6 7 8 12 14 19 44 47 56 62 63 67 76 77 78 82 86 0 10 11 13 31 34 39 50 51 60 70 79 80 87 95 97 98
23 23 3 21 22 25 28 30 35 36 43 48 49 52 53 58 59 64 65 69 72 73 83 88 89 2 9 15 17 18 24 29 32 33 37 42 45 46 54 55 57 71 74 84 90 92 96 99
23 17 3 21 22 25 28 30 35 36 43 48 49 52 53 58 59 64 65 69 72 73 83 88 89 0 10 11 13 31 34 39 50 51 60 70 79 80 87 95 97 98
23 19 2 9 15 17 18 24 29 32 33 37 42 45 46 54 55 57 71 74 84 90 92 96 99 4 5 6 7 8 12 14 19 44 47 56 62 63 67 76 77 78 82 86
23 19 3 21 22 25 28 30 35 36 43 48 49 52 53 58 59 64 65 69 72 73 83 88 89 4 5 6 7 8 12 14 19 44 47 56 62 63 67 76 77 78 82 86
23 18 3 21 22 25 28 30 35 36 43 48 49 52 53 58 59 64 65 69 72 73 83 88 89 1 16 20 23 26 27 38 40 41 61 66 68 75 81 85 91 93 94
18 19 1 16 20 23 26 27 38 40 41 61 66 68 75 81 85 91 93 94 4 5 6 7 8 12 14 19 44 47 56 62 63 67 76 77 78 82 86
23 17 3 21 22 25 28 30 35 36 43 48 49 52 53 58 59 64 65 69 72 73 83 88 89 0 10 11 13 31 34 39 50 51 60 70 79 80 87 95 97 98
23 23 2 9 15 17 18 24 29 32 33 37 42 45 46 54 55 57 71 74 84 90 92 96 99 3 21 22 25 28 30 35 36 43 48 49 52 53 58 59 64 65 69 72 73 83 88 89
19 23 4 5 6 7 8 12 14 19 44 47 56 62 63 67 76 77 78 82 86 2 9 15 17 18 24 29 32 33 37 42 45 46 54 55 57 71 74 84 90 92 96 99
19 18 4 5 6 7 8 12 14 19 44 47 56 62 63 67 76 77 78 82 86 1 16 20 23 26 27 38 40 41 61 66 68 75 81 85 91 93 94
23 23 3 21 22 25 28 30 35 36 43 48 49 52 53 58 59 64 65 69 72 73 83 88 89 2 9 15 17 18 24 29 32 33 37 42 45 46 54 55 57 71 74 84 90 92 96 99
23 18 2 9 15 17 18 24 29 32 33 37 42 45 46 54 55 57 71 74 84 90 92 96 99 1 16 20 23 26 27 38 40 41 61 66 68 75 81 85 91 93 94
19 18 4 5 6 7 8 12 14 19 44 47 56 62 63 67 76 77 78 82 86 1 16 20 23 26 27 38 40 41 61 66 68 75 81 85 91 93 94
17 19 0 10 11 13 31 34 39 50 51 60 70 79 80 87 95 97 98 4 5 6 7 8 12 14 19 44 47 56 62 63 67 76 77 78 82 86
18 23 1 16 20 23 26 27 38 40 41 61 66 68 75 81 85 91 93 94 3 21 22 25 28 30 35 36 43 48 49 52 53 58 59 64 65 69 72 73 83 88 89
19 23 4 5 6 7 8 12 14 19 44 47 56 62 63 67 76 77 78 82 86 2 9 15 17 18 24 29 32 33 37 42 45 46 54 55 57 71 74 84 90 92 96 99
19 18 4 5 6 7 8 12 14 19 44 47 56 62 63 67 76 77 78 82 86 1 16 20 23 26 27 38 40 41 61 66 68 75 81 85 91 93 94
17 18 0 10 11 13 31 34 39 50 51 60 70 79 80 87 95 97 98 1 16 20 23 26 27 38 40 41 61 66 68 75 81 85 91 93 94
17 18 0 10 11 13 31 34 39 50 51 60 70 79 80 87 95 97 98 1 16 20 23 26 27 38 40 41 61 66 68 75 81 85 91 93 94
23 19 3 21 22 25 28 30 35 36 43 48 49 52 53 58 59 64 65 69 72 73 83 88 89 4 5 6 7 8 12 14 19 44 47 56 62 63 67 76 77 78 82 86
23 17 2 9 15 17 18 24 29 32 33 37 42 45 46 54 55 57 71 74 84 90 92 96 99 0 10 11 13 31 34 39 50 51 60 70 79 80 87 95 97 98
19 18 4 5 6 7 8 12 14 19 44 47 56 62 63 67 76 77 78 82 86 1 16 20 23 26 27 38 40 41 61 66 68 75 81 85 91 93 94
17 23 0 10 11 13 31 34 39 50 51 60 70 79 80 87 95 97 98 2 9 15 17 18 24 29 32 33 37 42 45 46 54 55 57 71 74 84 90 92 96 99
23 18 2 9 15 17 18 24 29 32 33 37 42 45 46 54 55 57 71 74 84 90 92 96 99 1 16 20 23 26 27 38 40 41 61 66 68 75 81 85 91 93 94
19 18 4 5 6 7 8 12 14 19 44 47 56 62 63 67 76 77 78 82 86 1 16 20 23 26 27 38 40 41 61 66 68 75 81 85 91 93 94
19 23 4 5 6 7 8 12 14 19 44 47 56 62 63 67 76 77 78 82 86 2 9 15 17 18 24 29 32 33 37 42 45 46 54 55 57 71 74 84 90 92 96 99
23 19 2 9 15 17 18 24 29 32 33 37 42 45 46 54 55 57 71 74 84 90 92 96 99 4 5 6 7 8 12 14 19 44 47 56 62 63 67 76 77 78 82 86
19 23 4 5 6 7 8 12 14 19 44 47 56 62 63 67 76 77 78 82 86 3 21 22 25 28 30 35 36 43 48 49 52 53 58 59 64 65 69 72 73 83 88 89
17 23 0 10 11 13 31 34 39 50 51 60 70 79 80 87 95 97 98 2 9 15 17 18 24 29 32 33 37 42 45 46 54 55 57 71 74 84 90 92 96 99
23 18 3 21 22 25 28 30 35 36 43 48 49 52 53 58 59 64 65 69 72 73 83 88 89 1 16 20 23 26 27 38 40 41 61 66 68 75 81 85 91 93 94
23 19 2 9 15 17 18 24 29 32 33 37 42 45 46 54 55 57 71 74 84 90 92 96 99 4 5 6 7 8 12 14 19 44 47 56 62 63 67 76 77 78 82 86
17 18 0 10 11 13 31 34 39 50 51 60 70 79 80 87 95 97 98 1 16 20 23 26 27 38 40 41 61 66 68 75 81 85 91 93 94
18 19 1 16 20 23 26 27 38 40 41 61 66 68 75 81 85 91 93 94 4 5 6 7 8 12 14 19 44 47 56 62 63 67 76 77 78 82 86
23 19 2 9 15 17 18 24 29 32 33 37 42 45 46 54 55 57 71 74 84 90 92 96 99 4 5 6 7 8 12 14 19 44 47 56 62 63 67 76 77 78 82 86
17 19 0 10 11 13 31 34 39 50 51 60 70 79 80 87 95 97 98 4 5 6 7 8 12 14 19 44 47 56 62 63 67 76 77 78 82 86
23 17 3 21 22 25 28 30 35 36 43 48 49 52 53 58 59 64 65 69 72 73 83 88 89 0 10 11 13 31 34 39 50 51 60 70 79 80 87 95 97 98
19 18 4 5 6 7 8 12 14 19 44 47 56 62 63 67 76 77 78 82 86 1 16 20 23 26 27 38 40 41 61 66 68 75 81 85 91 93 94
23 18 2 9 15 17 18 24 29 32 33 37 42 45 46 54 55 57 71 74 84 90 92 96 99 1 16 20 23 26 27 38 40 41 61 66 68 75 81 85 91 93 94
23 19 3 21 22 25 28 30 35 36 43 48 49 52 53 58 59 64 65 69 72 73 83 88 89 4 5 6 7 8 12 14 19 44 47 56 62 63 67 76 77 78 82 86
18 17 1 16 20 23 26 27 38 40 41 61 66 68 75 81 85 91 93 94 0 10 11 13 31 34 39 50 51 60 70 79 80 87 95 97 98
18 17 1 16 20 23 26 27 38 40 41 61 66 68 75 81 85 91 93 94 0 10 11 13 31 34 39 50 51 60 70 79 80 87 95 97 98
18 23 1 16 20 23 26 27 38 40 41 61 66 68 75 81 85 91 93 94 2 9 15 17 18 24 29 32 33 37 42 45 46 54 55 57 71 74 84 90 92 96 99
23 18 3 21 22 25 28 30 35 36 43 48 49 52 53 58 59 64 65 69 72 73 83 88 89 1 16 20 23 26 27 38 40 41 61 66 68 75 81 85 91 93 94
17 19 0 10 11 13 31 34 39 50 51 60 70 79 80 87 95 97 98 4 5 6 7 8 12 14 19 44 47 56 62 63 67 76 77 78 82 86
17 18 0 10 11 13 31 34 39 50 51 60 70 79 80 87 95 97 98 1 16 20 23 26 27 38 40 41 61 66 68 75 81 85 91 93 94
18 19 1 16 20 23 26 27 38 40 41 61 66 68 75 81 85 91 93 94 4 5 6 7 8 12 14 19 44 47 56 62 63 67 76 77 78 82 86
18 23 1 16 20 23 26 27 38 40 41 61 66 68 75 81 85 91 93 94 3 21 22 25 28 30 35 36 43 48 49 52 53 58 59 64 65 69 72 73 83 88 89
23 17 2 9 15 17 18 24 29 32 33 37 42 45 46 54 55 57 71 74 84 90 92 96 99 0 10 11 13 31 34 39 50 51 60 70 79 80 87 95 97 98
19 18 4 5 6 7 8 12 14 19 44 47 56 62 63 67 76 77 78 82 86 1 16 20 23 26 27 38 40 41 61 66 68 75 81 85 91 93 94
18 17 1 16 20 23 26 27 38 40 41 61 66 68 75 81 85 91 93 94 0 10 11 13 31 34 39 50 51 60 70 79 80 87 95 97 98
23 18 3 21 22 25 28 30 35 36 43 48 49 52 53 58 59 64 65 69 72 73 83 88 89 1 16 20 23 26 27 38 40 41 61 66 68 75 81 85 91 93 94
19 17 4 5 6 7 8 12 14 19 44 47 56 62 63 67 76 77 78 82 86 0 10 11 13 31 34 39 50 51 60 70 79 80 87 95 97 98
18 17 1 16 20 23 26 27 38 40 41 61 66 68 75 81 85 91 93 94 0 10 11 13 31 34 39 50 51 60 70 79 80 87 95 97 98
17 23 0 10 11 13 31 34 39 50 51 60 70 79 80 87 95 97 98 3 21 22 25 28 30 35 36 43 48 49 52 53 58 59 64 65 69 72 73 83 88 89
23 18 2 9 15 17 18 24 29 32 33 37 42 45 46 54 55 57 71 74 84 90 92 96 99 1 16 20 23 26 27 38 40 41 61 66 68 75 81 85 91 93 94
19 23 4 5 6 7 8 12 14 19 44 47 56 62 63 67 76 77 78 82 86 2 9 15 17 18 24 29 32 33 37 42 45 46 54 55 57 71 74 84 90 92 96 99
23 19 3 21 22 25 28 30 35 36 43 48 49 52 53 58 59 64 65 69 72 73 83 88 89 4 5 6 7 8 12 14 19 44 47 56 62 63 67 76 77 78 82 86
18 17 1 16 20 23 26 27 38 40 41 61 66 68 75 81 85 91 93 94 0 10 11 13 31 34 39 50 51 60 70 79 80 87 95 97 98
17 18 0 10 11 13 31 34 39 50 51 60 70 79 80 87 95 97 98 1 16 20 23 26 27 38 40 41 61 66 68 75 81 85 91 93 94
23 23 2 9 15 17 18 24 29 32 33 37 42 45 46 54 55 57 71 74 84 90 92 96 99 3 21 22 25 28 30 35 36 43 48 49 52 53 58 59 64 65 69 72 73 83 88 89
23 17 2 9 15 17 18 24 29 32 33 37 42 45 46 54 55 57 71 74 84 90 92 96 99 0 10 11 13 31 34 39 50 51 60 70 79 80 87 95 97 98
23 19 3 21 22 25 28 30 35 36 43 48 49 52 53 58 59 64 65 69 72 73 83 88 89 4 5 6 7 8 12 14 19 44 47 56 62 63 67 76 77 78 82 86
23 19 3 21 22 25 28 30 35 36 43 48 49 52 53 58 59 64 65 69 72 73 83 88 89 4 5 6 7 8 12 14 19 44 47 56 62 63 67 76 77 78 82 86
17 19 0 10 11 13 31 34 39 50 51 60 70 79 80 87 95 97 98 4 5 6 7 8 12 14 19 44 47 56 62 63 67 76 77 78 82 86
19 17 4 5 6 7 8 12 14 19 44 47 56 62 63 67 76 77 78 82 86 0 10 11 13 31 34 39 50 51 60 70 79 80 87 95 97 98
19 23 4 5 6 7 8 12 14 19 44 47 56 62 63 67 76 77 78 82 86 2 9 15 17 18 24 29 32 33 37 42 45 46 54 55 57 71 74 84 90 92 96 99
19 23 4 5 6 7 8 12 14 19 44 47 56 62 63 67 76 77 78 82 86 2 9 15 17 18 24 29 32 33 37 42 45 46 54 55 57 71 74 84 90 92 96 99
18 23 1 16 20 23 26 27 38 40 41 61 66 68 75 81 85 91 93 94 2 9 15 17 18 24 29 32 33 37 42 45 46 54 55 57 71 74 84 90 92 96 99
23 19 2 9 15 17 18 24 29 32 33 37 42 45 46 54 55 57 71 74 84 90 92 96 99 4 5 6 7 8 12 14 19 44 47 56 62 63 67 76 77 78 82 86
18 23 1 16 20 23 26 27 38 40 41 61 66 68 75 81 85 91 93 94 2 9 15 17 18 24 29 32 33 37 42 45 46 54 55 57 71 74 84 90 92 96 99
19 23 4 5 6 7 8 12 14 19 44 47 56 62 63 67 76 77 78 82 86 3 21 22 25 28 30 35 36 43 48 49 52 53 58 59 64 65 69 72 73 83 88 89
18 19 1 16 20 23 26 27 38 40 41 61 66 68 75 81 85 91 93 94 4 5 6 7 8 12 14 19 44 47 56 62 63 67 76 77 78 82 86
23 17 3 21 22 25 28 30 35 36 43 48 49 52 53 58 59 64 65 69 72 73 83 88 89 0 10 11 13 31 34 39 50 51 60 70 79 80 87 95 97 98
19 23 4 5 6 7 8 12 14 19 44 47 56 62 63 67 76 77 78 82 86 3 21 22 25 28 30 35 36 43 48 49 52 53 58 59 64 65 69 72 73 83 88 89
23 17 2 9 15 17 18 24 29 32 33 37 42 45 46 54 55 57 71 74 84 90 92 96 99 0 10 11 13 31 34 39 50 51 60 70 79 80 87 95 97 98
18 23 1 16 20 23 26 27 38 40 41 61 66 68 75 81 85 91 93 94 3 21 22 25 28 30 35 36 43 48 49 52 53 58 59 64 65 69 72 73 83 88 89
19 17 4 5 6 7 8 12 14 19 44 47 56 62 63 67 76 77 78 82 86 0 10 11 13 31 34 39 50 51 60 70 79 80 87 95 97 98
17 23 0 10 11 13 31 34 39 50 51 60 70 79 80 87 95 97 98 2 9 15 17 18 24 29 32 33 37 42 45 46 54 55 57 71 74 84 90 92 96 99
17 19 0 10 11 13 31 34 39 50 51 60 70 79 80 87 95 97 98 4 5 6 7 8 12 14 19 44 47 56 62 63 67 76 77 78 82 86
19 23 4 5 6 7 8 12 14 19 44 47 56 62 63 67 76 77 78 82 86 3 21 22 25 28 30 35 36 43 48 49 52 53 58 59 64 65 69 72 73 83 88 89
17 23 0 10 11 13 31 34 39 50 51 60 70 79 80 87 95 97 98 3 21 22 25 28 30 35 36 43 48 49 52 53 58 59 64 65 69 72 73 83 88 89
19 23 4 5 6 7 8 12 14 19 44 47 56 62 63 67 76 77 78 82 86 3 21 22 25 28 30 35 36 43 48 49 52 53 58 59 64 65 69 72 73 83 88 89
17 23 0 10 11 13 31 34 39 50 51 60 70 79 80 87 95 97 98 3 21 22 25 28 30 35 36 43 48 49 52 53 58 59 64 65 69 72 73 83 88 89
17 19 0 10 11 13 31 34 39 50 51 60 70 79 80 87 95 97 98 4 5 6 7 8 12 14 19 44 47 56 62 63 67 76 77 78 82 86
19 23 4 5 6 7 8 12 14 19 44 47 56 62 63 67 76 77 78 82 86 3 21 22 25 28 30 35 36 43 48 49 52 53 58 59 64 65 69 72 73 83 88 89
1 3 4 1 3 4 3 0 3 2 4 2 4 2 1 3 4 3 2 4 0 2 4 2 0 3 0 2 0 0 4 1 3 2 3 4 3 0 3 4 2 1 2 4 1 1 2 4 4 3 0 0 2 1 2 0 3 1 1 2 1 1 0 4 4 4 1 1 3 2 4 0 1 2 0 1 3 3 0 4 3 3 3 2 4 0 1 0 0 2 0 2 0 2 1 4 3 3 1 1
