1 1 35 44
1 1 31 23
1 1 35 4
1 1 35 36
1 1 30 15
1 1 9 36
1 1 8 37
1 1 37 8
1 1 34 25
1 1 3 5
1 1 24 13
1 1 12 39
1 1 11 18
1 1 11 44
1 1 41 35
1 1 47 14
1 1 37 15
1 1 10 21
1 1 37 2
1 1 36 28
1 1 41 43
1 1 18 35
1 1 32 23
1 1 32 13
1 1 26 42
1 1 38 1
1 1 38 42
1 1 23 15
1 1 21 48
1 1 39 3
1 1 44 47
1 1 7 33
1 1 37 10
1 1 31 27
1 1 9 48
1 1 12 37
1 1 37 24
1 1 42 27
1 1 48 43
1 1 40 3
1 1 38 2
1 1 25 45
1 1 36 17
1 1 19 23
1 1 19 16
1 1 20 14
1 1 22 12
1 1 2 0
1 1 17 45
1 1 31 26
1 1 43 4
1 1 31 44
1 1 19 30
1 1 2 27
1 1 6 27
1 1 39 10
1 1 4 12
1 1 28 48
1 1 46 12
1 1 40 8
4 6 0 9 15 23 6 10 12 20 33 42
7 6 3 13 16 18 25 30 35 7 21 29 32 41 45
7 3 3 13 16 18 25 30 35 2 8 48
7 6 3 13 16 18 25 30 35 7 21 29 32 41 45
3 4 2 8 48 0 9 15 23
7 8 1 24 39 40 43 46 47 4 14 17 28 34 36 37 38
6 4 6 10 12 20 33 42 0 9 15 23
3 7 2 8 48 1 24 39 40 43 46 47
7 8 1 24 39 40 43 46 47 5 11 19 22 26 27 31 44
7 4 1 24 39 40 43 46 47 0 9 15 23
4 8 0 9 15 23 4 14 17 28 34 36 37 38
7 7 1 24 39 40 43 46 47 3 13 16 18 25 30 35
6 8 7 21 29 32 41 45 5 11 19 22 26 27 31 44
6 7 6 10 12 20 33 42 3 13 16 18 25 30 35
6 7 7 21 29 32 41 45 1 24 39 40 43 46 47
6 8 6 10 12 20 33 42 4 14 17 28 34 36 37 38
7 3 3 13 16 18 25 30 35 2 8 48
8 6 4 14 17 28 34 36 37 38 6 10 12 20 33 42
7 7 3 13 16 18 25 30 35 1 24 39 40 43 46 47
7 3 1 24 39 40 43 46 47 2 8 48
4 7 0 9 15 23 1 24 39 40 43 46 47
7 6 1 24 39 40 43 46 47 7 21 29 32 41 45
7 4 1 24 39 40 43 46 47 0 9 15 23
4 7 0 9 15 23 3 13 16 18 25 30 35
6 7 7 21 29 32 41 45 1 24 39 40 43 46 47
4 7 0 9 15 23 3 13 16 18 25 30 35
6 8 7 21 29 32 41 45 4 14 17 28 34 36 37 38
6 3 7 21 29 32 41 45 2 8 48
6 3 7 21 29 32 41 45 2 8 48
6 8 6 10 12 20 33 42 4 14 17 28 34 36 37 38
7 6 1 24 39 40 43 46 47 7 21 29 32 41 45
7 3 1 24 39 40 43 46 47 2 8 48
3 4 2 8 48 0 9 15 23
8 3 4 14 17 28 34 36 37 38 2 8 48
3 6 2 8 48 7 21 29 32 41 45
8 8 4 14 17 28 34 36 37 38 5 11 19 22 26 27 31 44
6 6 6 10 12 20 33 42 7 21 29 32 41 45
8 3 4 14 17 28 34 36 37 38 2 8 48
8 8 5 11 19 22 26 27 31 44 4 14 17 28 34 36 37 38
7 8 1 24 39 40 43 46 47 4 14 17 28 34 36 37 38
4 3 0 9 15 23 2 8 48
8 7 5 11 19 22 26 27 31 44 3 13 16 18 25 30 35
3 8 2 8 48 4 14 17 28 34 36 37 38
6 3 6 10 12 20 33 42 2 8 48
4 8 0 9 15 23 5 11 19 22 26 27 31 44
8 6 5 11 19 22 26 27 31 44 7 21 29 32 41 45
4 3 0 9 15 23 2 8 48
7 7 1 24 39 40 43 46 47 3 13 16 18 25 30 35
7 3 1 24 39 40 43 46 47 2 8 48
4 6 0 9 15 23 6 10 12 20 33 42
4 6 0 9 15 23 6 10 12 20 33 42
3 6 2 8 48 6 10 12 20 33 42
4 3 0 9 15 23 2 8 48
4 3 0 9 15 23 2 8 48
4 6 0 9 15 23 6 10 12 20 33 42
7 7 1 24 39 40 43 46 47 3 13 16 18 25 30 35
7 3 1 24 39 40 43 46 47 2 8 48
8 8 4 14 17 28 34 36 37 38 5 11 19 22 26 27 31 44
4 8 0 9 15 23 5 11 19 22 26 27 31 44
7 6 3 13 16 18 25 30 35 7 21 29 32 41 45
7 4 3 13 16 18 25 30 35 0 9 15 23
7 8 3 13 16 18 25 30 35 5 11 19 22 26 27 31 44
6 4 7 21 29 32 41 45 0 9 15 23
4 6 0 9 15 23 6 10 12 20 33 42
6 3 6 10 12 20 33 42 2 8 48
3 8 2 8 48 5 11 19 22 26 27 31 44
6 3 6 10 12 20 33 42 2 8 48
4 7 0 9 15 23 1 24 39 40 43 46 47
6 6 7 21 29 32 41 45 6 10 12 20 33 42
4 6 0 9 15 23 7 21 29 32 41 45
4 3 0 9 15 23 2 8 48
4 7 0 9 15 23 3 13 16 18 25 30 35
8 7 4 14 17 28 34 36 37 38 3 13 16 18 25 30 35
4 6 0 9 15 23 7 21 29 32 41 45
6 8 7 21 29 32 41 45 5 11 19 22 26 27 31 44
3 7 2 8 48 1 24 39 40 43 46 47
7 3 3 13 16 18 25 30 35 2 8 48
6 7 6 10 12 20 33 42 3 13 16 18 25 30 35
3 6 2 8 48 7 21 29 32 41 45
6 8 6 10 12 20 33 42 4 14 17 28 34 36 37 38
3 6 2 8 48 6 10 12 20 33 42
6 8 6 10 12 20 33 42 5 11 19 22 26 27 31 44
4 7 0 9 15 23 1 24 39 40 43 46 47
6 3 6 10 12 20 33 42 2 8 48
6 3 7 21 29 32 41 45 2 8 48
3 7 2 8 48 3 13 16 18 25 30 35
7 4 1 24 39 40 43 46 47 0 9 15 23
6 8 6 10 12 20 33 42 5 11 19 22 26 27 31 44
7 6 3 13 16 18 25 30 35 7 21 29 32 41 45
6 4 6 10 12 20 33 42 0 9 15 23
3 7 2 8 48 3 13 16 18 25 30 35
3 7 2 8 48 1 24 39 40 43 46 47
7 6 3 13 16 18 25 30 35 6 10 12 20 33 42
6 7 6 10 12 20 33 42 1 24 39 40 43 46 47
6 8 6 10 12 20 33 42 5 11 19 22 26 27 31 44
8 8 4 14 17 28 34 36 37 38 5 11 19 22 26 27 31 44
3 7 2 8 48 1 24 39 40 43 46 47
8 4 4 14 17 28 34 36 37 38 0 9 15 23
7 7 1 24 39 40 43 46 47 3 13 16 18 25 30 35
7 3 3 13 16 18 25 30 35 2 8 48
8 4 4 14 17 28 34 36 37 38 0 9 15 23
3 7 2 8 48 3 13 16 18 25 30 35
8 6 4 14 17 28 34 36 37 38 6 10 12 20 33 42
7 4 1 24 39 40 43 46 47 0 9 15 23
7 8 1 24 39 40 43 46 47 4 14 17 28 34 36 37 38
4 8 0 9 15 23 4 14 17 28 34 36 37 38
6 4 6 10 12 20 33 42 0 9 15 23
7 6 3 13 16 18 25 30 35 7 21 29 32 41 45
5 2 0 2 2 5 7 7 7 1 0 4 0 1 4 3 7 2 6 3 3 0 5 3 3 4 6 7 1 0 6 2 4 4 2 6 6 4 5 3 1 4 3 6 5 5 7 6 1
