1 1 15 11
1 1 37 42
1 1 7 2
1 1 22 47
1 1 17 28
1 1 3 7
1 1 36 34
1 1 13 28
1 1 31 44
1 1 50 10
1 1 41 45
1 1 22 8
1 1 8 38
1 1 33 1
1 1 42 4
1 1 10 14
1 1 9 25
1 1 10 48
1 1 50 23
1 1 38 25
1 1 39 43
1 1 11 31
1 1 35 30
1 1 32 41
1 1 34 32
1 1 34 31
1 1 6 29
1 1 46 16
1 1 3 2
1 1 15 14
1 1 35 37
1 1 39 7
1 1 30 18
1 1 30 19
1 1 32 17
1 1 13 9
1 1 14 30
1 1 31 22
1 1 3 27
1 1 44 45
1 1 24 34
1 1 6 14
1 1 44 32
1 1 7 30
1 1 17 29
1 1 47 19
1 1 44 31
1 1 23 12
1 1 49 8
1 1 28 44
1 1 39 10
1 1 32 19
1 1 40 36
1 1 14 32
1 1 14 28
1 1 2 43
1 1 7 13
1 1 33 2
1 1 32 31
1 1 15 16
1 1 36 20
1 1 29 48
1 1 41 44
1 1 5 43
1 1 21 17
1 1 44 29
1 1 33 10
1 1 26 21
1 1 7 8
1 1 49 45
1 1 28 42
1 1 49 31
1 1 33 47
1 1 34 16
1 1 15 46
1 1 20 14
1 1 15 20
1 1 16 33
1 1 12 49
1 1 38 12
1 1 5 47
1 1 50 18
1 1 21 4
1 1 26 16
1 1 17 18
1 1 13 10
1 1 25 34
1 1 49 0
1 1 14 6
1 1 2 9
1 1 21 45
1 1 27 44
1 1 49 16
1 1 48 49
1 1 7 37
1 1 26 28
1 1 15 2
1 1 22 19
1 1 10 11
1 1 49 50
1 1 26 27
1 1 18 29
1 1 45 34
1 1 17 43
1 1 38 34
1 1 28 16
1 1 4 12
1 1 25 38
1 1 47 7
1 1 7 5
1 1 8 16
1 1 17 27
1 1 17 42
1 1 13 12
1 1 16 30
1 1 26 18
1 1 48 29
1 1 50 12
1 1 43 30
1 1 19 0
1 1 22 13
1 1 20 44
1 1 46 23
1 1 48 30
1 1 45 25
1 1 47 36
1 1 1 11
1 1 49 4
1 1 49 20
1 1 3 13
1 1 30 33
1 1 34 6
1 1 12 16
1 1 37 7
1 1 1 8
1 1 49 16
1 1 29 19
1 1 50 37
1 1 31 49
1 1 5 11
1 1 10 34
1 1 19 46
1 1 12 16
1 1 44 14
1 1 21 39
1 1 32 37
1 1 23 20
1 1 2 7
1 1 48 8
1 1 8 17
1 1 9 3
1 1 29 11
1 1 45 35
1 1 11 44
1 1 7 5
1 1 25 35
1 1 14 16
1 1 45 15
1 1 44 34
1 1 42 1
1 1 36 19
1 1 20 40
1 1 30 4
1 1 28 17
1 1 25 2
1 1 33 18
1 1 3 23
1 1 27 8
1 1 5 30
1 1 22 21
1 1 10 28
1 1 21 7
1 1 39 27
1 1 38 5
1 1 40 18
1 1 6 43
1 1 17 50
1 1 12 38
1 1 20 16
1 1 19 34
1 1 46 49
1 1 49 41
1 1 6 27
1 1 13 7
1 1 8 42
1 1 20 9
1 1 30 22
1 1 12 11
1 1 21 10
1 1 50 42
1 1 29 11
1 1 21 28
1 1 27 48
1 1 25 8
1 1 44 36
1 1 12 24
1 1 34 12
1 1 30 49
1 1 17 14
1 1 43 3
1 1 28 45
1 1 0 41
1 1 0 28
1 1 10 9
1 1 13 15
1 1 9 13
1 1 14 47
1 1 35 36
1 1 31 9
1 1 40 16
1 1 20 38
1 1 24 22
1 1 31 19
1 1 43 49
1 1 4 30
1 1 41 14
1 1 33 37
1 1 19 5
1 1 39 47
1 1 39 21
1 1 20 50
1 1 24 6
1 1 19 11
1 1 27 34
1 1 0 31
1 1 18 27
1 1 2 43
1 1 11 24
1 1 2 9
1 1 6 16
1 1 41 39
1 1 31 25
1 1 24 29
1 1 11 40
1 1 47 29
1 1 14 34
1 1 12 5
1 1 43 16
1 1 30 40
1 1 41 19
1 1 22 2
1 1 16 24
1 1 34 37
1 1 6 17
1 1 42 40
1 1 34 16
1 1 37 50
1 1 9 25
1 1 31 36
1 1 21 14
1 1 9 7
1 1 40 41
1 1 0 17
1 1 42 30
1 1 22 43
1 1 9 6
1 1 50 34
1 1 20 39
1 1 42 20
1 1 15 37
1 1 42 39
1 1 26 8
1 1 7 42
1 1 46 42
1 1 37 12
1 1 41 15
1 1 0 15
1 1 29 16
1 1 21 8
1 1 14 22
1 1 26 37
1 1 8 39
1 1 38 33
1 1 1 14
1 1 8 31
1 1 40 31
1 1 26 14
1 1 4 14
1 1 0 3
1 1 14 34
1 1 13 41
1 1 5 49
1 1 20 26
1 1 3 34
1 1 32 9
1 1 14 2
1 1 34 16
1 1 35 33
1 1 1 31
1 1 24 4
1 1 30 34
1 1 49 37
1 1 45 5
1 1 44 46
1 1 14 43
1 1 6 26
1 1 40 27
1 1 9 32
1 1 32 16
1 1 28 0
1 1 10 5
1 1 33 37
1 1 15 35
1 1 42 18
1 1 11 32
1 1 13 32
1 1 16 22
1 1 13 9
1 1 46 0
1 1 34 12
1 1 6 25
1 1 24 50
1 1 13 29
1 1 34 25
1 1 38 45
1 1 23 40
1 1 20 44
1 1 5 36
1 1 34 35
1 1 36 41
1 1 31 22
1 1 17 10
1 1 28 47
1 1 18 4
1 1 23 29
1 1 9 15
1 1 45 24
1 1 23 2
1 1 14 31
1 1 16 1
1 1 12 6
1 1 45 30
1 1 5 22
1 1 7 15
1 1 16 41
1 1 37 22
1 1 5 2
1 1 6 46
1 1 26 50
1 1 39 16
1 1 32 28
1 1 34 4
1 1 35 22
1 1 49 22
1 1 12 23
1 1 24 50
1 1 11 0
1 1 12 37
1 1 36 1
1 1 30 17
1 1 7 33
1 1 19 2
1 1 7 42
1 1 4 24
1 1 11 39
1 1 22 32
1 1 8 32
1 1 41 23
1 1 10 23
1 1 19 18
1 1 37 48
1 1 8 41
1 1 37 3
1 1 43 29
1 1 46 33
1 1 43 44
1 1 18 24
1 1 45 31
1 1 25 34
1 1 0 8
1 1 37 16
1 1 19 25
1 1 19 49
1 1 38 28
1 1 3 42
1 1 11 44
1 1 2 30
1 1 1 38
1 1 50 13
1 1 6 28
1 1 50 27
1 1 36 28
1 1 46 8
1 1 41 3
1 1 36 47
1 1 28 18
1 1 45 46
1 1 17 25
1 1 45 36
1 1 1 30
1 1 18 42
1 1 25 41
1 1 39 13
1 1 22 14
1 1 20 50
1 1 5 24
1 1 3 33
1 1 31 50
1 1 1 3
1 1 36 42
1 1 26 23
1 1 30 41
1 1 37 11
1 1 25 37
1 1 19 34
1 1 10 1
1 1 39 37
1 1 35 18
1 1 33 37
1 1 13 37
1 1 5 11
1 1 8 48
1 1 0 42
1 1 29 19
1 1 42 34
1 1 5 27
1 1 39 30
1 1 18 21
1 1 42 7
1 1 48 46
1 1 3 38
1 1 12 41
1 1 35 25
1 1 5 8
1 1 33 9
1 1 12 18
1 1 46 38
1 1 27 25
1 1 36 22
1 1 21 50
1 1 45 50
1 1 38 10
1 1 13 30
1 1 9 37
1 1 49 38
1 1 5 44
1 1 40 3
1 1 49 36
1 1 40 31
1 1 22 17
1 1 11 46
1 1 28 27
1 1 23 42
1 1 38 17
1 1 28 3
1 1 37 15
1 1 42 7
1 1 1 25
12 6 2 12 13 14 16 17 23 28 29 33 36 46 3 4 6 10 25 32
12 16 2 12 13 14 16 17 23 28 29 33 36 46 1 5 7 11 21 22 31 38 40 41 42 44 47 48 49 50
17 6 0 8 9 15 18 19 20 24 26 27 30 34 35 37 39 43 45 3 4 6 10 25 32
6 16 3 4 6 10 25 32 1 5 7 11 21 22 31 38 40 41 42 44 47 48 49 50
17 16 0 8 9 15 18 19 20 24 26 27 30 34 35 37 39 43 45 1 5 7 11 21 22 31 38 40 41 42 44 47 48 49 50
12 16 2 12 13 14 16 17 23 28 29 33 36 46 1 5 7 11 21 22 31 38 40 41 42 44 47 48 49 50
6 17 3 4 6 10 25 32 0 8 9 15 18 19 20 24 26 27 30 34 35 37 39 43 45
16 12 1 5 7 11 21 22 31 38 40 41 42 44 47 48 49 50 2 12 13 14 16 17 23 28 29 33 36 46
6 16 3 4 6 10 25 32 1 5 7 11 21 22 31 38 40 41 42 44 47 48 49 50
6 17 3 4 6 10 25 32 0 8 9 15 18 19 20 24 26 27 30 34 35 37 39 43 45
6 16 3 4 6 10 25 32 1 5 7 11 21 22 31 38 40 41 42 44 47 48 49 50
16 12 1 5 7 11 21 22 31 38 40 41 42 44 47 48 49 50 2 12 13 14 16 17 23 28 29 33 36 46
16 17 1 5 7 11 21 22 31 38 40 41 42 44 47 48 49 50 0 8 9 15 18 19 20 24 26 27 30 34 35 37 39 43 45
16 12 1 5 7 11 21 22 31 38 40 41 42 44 47 48 49 50 2 12 13 14 16 17 23 28 29 33 36 46
12 17 2 12 13 14 16 17 23 28 29 33 36 46 0 8 9 15 18 19 20 24 26 27 30 34 35 37 39 43 45
17 6 0 8 9 15 18 19 20 24 26 27 30 34 35 37 39 43 45 3 4 6 10 25 32
12 6 2 12 13 14 16 17 23 28 29 33 36 46 3 4 6 10 25 32
16 17 1 5 7 11 21 22 31 38 40 41 42 44 47 48 49 50 0 8 9 15 18 19 20 24 26 27 30 34 35 37 39 43 45
6 17 3 4 6 10 25 32 0 8 9 15 18 19 20 24 26 27 30 34 35 37 39 43 45
16 12 1 5 7 11 21 22 31 38 40 41 42 44 47 48 49 50 2 12 13 14 16 17 23 28 29 33 36 46
6 17 3 4 6 10 25 32 0 8 9 15 18 19 20 24 26 27 30 34 35 37 39 43 45
17 6 0 8 9 15 18 19 20 24 26 27 30 34 35 37 39 43 45 3 4 6 10 25 32
6 12 3 4 6 10 25 32 2 12 13 14 16 17 23 28 29 33 36 46
12 16 2 12 13 14 16 17 23 28 29 33 36 46 1 5 7 11 21 22 31 38 40 41 42 44 47 48 49 50
16 12 1 5 7 11 21 22 31 38 40 41 42 44 47 48 49 50 2 12 13 14 16 17 23 28 29 33 36 46
12 16 2 12 13 14 16 17 23 28 29 33 36 46 1 5 7 11 21 22 31 38 40 41 42 44 47 48 49 50
16 6 1 5 7 11 21 22 31 38 40 41 42 44 47 48 49 50 3 4 6 10 25 32
16 17 1 5 7 11 21 22 31 38 40 41 42 44 47 48 49 50 0 8 9 15 18 19 20 24 26 27 30 34 35 37 39 43 45
17 16 0 8 9 15 18 19 20 24 26 27 30 34 35 37 39 43 45 1 5 7 11 21 22 31 38 40 41 42 44 47 48 49 50
12 16 2 12 13 14 16 17 23 28 29 33 36 46 1 5 7 11 21 22 31 38 40 41 42 44 47 48 49 50
17 6 0 8 9 15 18 19 20 24 26 27 30 34 35 37 39 43 45 3 4 6 10 25 32
17 12 0 8 9 15 18 19 20 24 26 27 30 34 35 37 39 43 45 2 12 13 14 16 17 23 28 29 33 36 46
17 12 0 8 9 15 18 19 20 24 26 27 30 34 35 37 39 43 45 2 12 13 14 16 17 23 28 29 33 36 46
12 16 2 12 13 14 16 17 23 28 29 33 36 46 1 5 7 11 21 22 31 38 40 41 42 44 47 48 49 50
17 6 0 8 9 15 18 19 20 24 26 27 30 34 35 37 39 43 45 3 4 6 10 25 32
12 6 2 12 13 14 16 17 23 28 29 33 36 46 3 4 6 10 25 32
12 16 2 12 13 14 16 17 23 28 29 33 36 46 1 5 7 11 21 22 31 38 40 41 42 44 47 48 49 50
12 6 2 12 13 14 16 17 23 28 29 33 36 46 3 4 6 10 25 32
12 16 2 12 13 14 16 17 23 28 29 33 36 46 1 5 7 11 21 22 31 38 40 41 42 44 47 48 49 50
12 6 2 12 13 14 16 17 23 28 29 33 36 46 3 4 6 10 25 32
17 12 0 8 9 15 18 19 20 24 26 27 30 34 35 37 39 43 45 2 12 13 14 16 17 23 28 29 33 36 46
16 12 1 5 7 11 21 22 31 38 40 41 42 44 47 48 49 50 2 12 13 14 16 17 23 28 29 33 36 46
16 6 1 5 7 11 21 22 31 38 40 41 42 44 47 48 49 50 3 4 6 10 25 32
16 12 1 5 7 11 21 22 31 38 40 41 42 44 47 48 49 50 2 12 13 14 16 17 23 28 29 33 36 46
16 6 1 5 7 11 21 22 31 38 40 41 42 44 47 48 49 50 3 4 6 10 25 32
6 12 3 4 6 10 25 32 2 12 13 14 16 17 23 28 29 33 36 46
6 12 3 4 6 10 25 32 2 12 13 14 16 17 23 28 29 33 36 46
16 12 1 5 7 11 21 22 31 38 40 41 42 44 47 48 49 50 2 12 13 14 16 17 23 28 29 33 36 46
16 12 1 5 7 11 21 22 31 38 40 41 42 44 47 48 49 50 2 12 13 14 16 17 23 28 29 33 36 46
6 17 3 4 6 10 25 32 0 8 9 15 18 19 20 24 26 27 30 34 35 37 39 43 45
17 6 0 8 9 15 18 19 20 24 26 27 30 34 35 37 39 43 45 3 4 6 10 25 32
6 17 3 4 6 10 25 32 0 8 9 15 18 19 20 24 26 27 30 34 35 37 39 43 45
17 6 0 8 9 15 18 19 20 24 26 27 30 34 35 37 39 43 45 3 4 6 10 25 32
12 6 2 12 13 14 16 17 23 28 29 33 36 46 3 4 6 10 25 32
17 16 0 8 9 15 18 19 20 24 26 27 30 34 35 37 39 43 45 1 5 7 11 21 22 31 38 40 41 42 44 47 48 49 50
17 12 0 8 9 15 18 19 20 24 26 27 30 34 35 37 39 43 45 2 12 13 14 16 17 23 28 29 33 36 46
17 16 0 8 9 15 18 19 20 24 26 27 30 34 35 37 39 43 45 1 5 7 11 21 22 31 38 40 41 42 44 47 48 49 50
16 12 1 5 7 11 21 22 31 38 40 41 42 44 47 48 49 50 2 12 13 14 16 17 23 28 29 33 36 46
6 17 3 4 6 10 25 32 0 8 9 15 18 19 20 24 26 27 30 34 35 37 39 43 45
16 6 1 5 7 11 21 22 31 38 40 41 42 44 47 48 49 50 3 4 6 10 25 32
17 6 0 8 9 15 18 19 20 24 26 27 30 34 35 37 39 43 45 3 4 6 10 25 32
17 12 0 8 9 15 18 19 20 24 26 27 30 34 35 37 39 43 45 2 12 13 14 16 17 23 28 29 33 36 46
17 6 0 8 9 15 18 19 20 24 26 27 30 34 35 37 39 43 45 3 4 6 10 25 32
12 6 2 12 13 14 16 17 23 28 29 33 36 46 3 4 6 10 25 32
6 17 3 4 6 10 25 32 0 8 9 15 18 19 20 24 26 27 30 34 35 37 39 43 45
16 17 1 5 7 11 21 22 31 38 40 41 42 44 47 48 49 50 0 8 9 15 18 19 20 24 26 27 30 34 35 37 39 43 45
17 12 0 8 9 15 18 19 20 24 26 27 30 34 35 37 39 43 45 2 12 13 14 16 17 23 28 29 33 36 46
17 6 0 8 9 15 18 19 20 24 26 27 30 34 35 37 39 43 45 3 4 6 10 25 32
6 17 3 4 6 10 25 32 0 8 9 15 18 19 20 24 26 27 30 34 35 37 39 43 45
16 6 1 5 7 11 21 22 31 38 40 41 42 44 47 48 49 50 3 4 6 10 25 32
6 17 3 4 6 10 25 32 0 8 9 15 18 19 20 24 26 27 30 34 35 37 39 43 45
12 16 2 12 13 14 16 17 23 28 29 33 36 46 1 5 7 11 21 22 31 38 40 41 42 44 47 48 49 50
6 12 3 4 6 10 25 32 2 12 13 14 16 17 23 28 29 33 36 46
6 16 3 4 6 10 25 32 1 5 7 11 21 22 31 38 40 41 42 44 47 48 49 50
17 6 0 8 9 15 18 19 20 24 26 27 30 34 35 37 39 43 45 3 4 6 10 25 32
17 12 0 8 9 15 18 19 20 24 26 27 30 34 35 37 39 43 45 2 12 13 14 16 17 23 28 29 33 36 46
6 17 3 4 6 10 25 32 0 8 9 15 18 19 20 24 26 27 30 34 35 37 39 43 45
12 16 2 12 13 14 16 17 23 28 29 33 36 46 1 5 7 11 21 22 31 38 40 41 42 44 47 48 49 50
16 6 1 5 7 11 21 22 31 38 40 41 42 44 47 48 49 50 3 4 6 10 25 32
12 6 2 12 13 14 16 17 23 28 29 33 36 46 3 4 6 10 25 32
17 16 0 8 9 15 18 19 20 24 26 27 30 34 35 37 39 43 45 1 5 7 11 21 22 31 38 40 41 42 44 47 48 49 50
6 12 3 4 6 10 25 32 2 12 13 14 16 17 23 28 29 33 36 46
17 12 0 8 9 15 18 19 20 24 26 27 30 34 35 37 39 43 45 2 12 13 14 16 17 23 28 29 33 36 46
12 6 2 12 13 14 16 17 23 28 29 33 36 46 3 4 6 10 25 32
16 6 1 5 7 11 21 22 31 38 40 41 42 44 47 48 49 50 3 4 6 10 25 32
16 17 1 5 7 11 21 22 31 38 40 41 42 44 47 48 49 50 0 8 9 15 18 19 20 24 26 27 30 34 35 37 39 43 45
6 16 3 4 6 10 25 32 1 5 7 11 21 22 31 38 40 41 42 44 47 48 49 50
12 6 2 12 13 14 16 17 23 28 29 33 36 46 3 4 6 10 25 32
17 12 0 8 9 15 18 19 20 24 26 27 30 34 35 37 39 43 45 2 12 13 14 16 17 23 28 29 33 36 46
16 6 1 5 7 11 21 22 31 38 40 41 42 44 47 48 49 50 3 4 6 10 25 32
12 16 2 12 13 14 16 17 23 28 29 33 36 46 1 5 7 11 21 22 31 38 40 41 42 44 47 48 49 50
12 6 2 12 13 14 16 17 23 28 29 33 36 46 3 4 6 10 25 32
6 17 3 4 6 10 25 32 0 8 9 15 18 19 20 24 26 27 30 34 35 37 39 43 45
16 17 1 5 7 11 21 22 31 38 40 41 42 44 47 48 49 50 0 8 9 15 18 19 20 24 26 27 30 34 35 37 39 43 45
16 6 1 5 7 11 21 22 31 38 40 41 42 44 47 48 49 50 3 4 6 10 25 32
6 16 3 4 6 10 25 32 1 5 7 11 21 22 31 38 40 41 42 44 47 48 49 50
6 16 3 4 6 10 25 32 1 5 7 11 21 22 31 38 40 41 42 44 47 48 49 50
6 12 3 4 6 10 25 32 2 12 13 14 16 17 23 28 29 33 36 46
6 12 3 4 6 10 25 32 2 12 13 14 16 17 23 28 29 33 36 46
6 17 3 4 6 10 25 32 0 8 9 15 18 19 20 24 26 27 30 34 35 37 39 43 45
6 17 3 4 6 10 25 32 0 8 9 15 18 19 20 24 26 27 30 34 35 37 39 43 45
17 6 0 8 9 15 18 19 20 24 26 27 30 34 35 37 39 43 45 3 4 6 10 25 32
6 16 3 4 6 10 25 32 1 5 7 11 21 22 31 38 40 41 42 44 47 48 49 50
12 6 2 12 13 14 16 17 23 28 29 33 36 46 3 4 6 10 25 32
17 16 0 8 9 15 18 19 20 24 26 27 30 34 35 37 39 43 45 1 5 7 11 21 22 31 38 40 41 42 44 47 48 49 50
16 6 1 5 7 11 21 22 31 38 40 41 42 44 47 48 49 50 3 4 6 10 25 32
6 12 3 4 6 10 25 32 2 12 13 14 16 17 23 28 29 33 36 46
17 16 0 8 9 15 18 19 20 24 26 27 30 34 35 37 39 43 45 1 5 7 11 21 22 31 38 40 41 42 44 47 48 49 50
6 16 3 4 6 10 25 32 1 5 7 11 21 22 31 38 40 41 42 44 47 48 49 50
12 6 2 12 13 14 16 17 23 28 29 33 36 46 3 4 6 10 25 32
17 6 0 8 9 15 18 19 20 24 26 27 30 34 35 37 39 43 45 3 4 6 10 25 32
12 16 2 12 13 14 16 17 23 28 29 33 36 46 1 5 7 11 21 22 31 38 40 41 42 44 47 48 49 50
17 16 0 8 9 15 18 19 20 24 26 27 30 34 35 37 39 43 45 1 5 7 11 21 22 31 38 40 41 42 44 47 48 49 50
12 16 2 12 13 14 16 17 23 28 29 33 36 46 1 5 7 11 21 22 31 38 40 41 42 44 47 48 49 50
17 12 0 8 9 15 18 19 20 24 26 27 30 34 35 37 39 43 45 2 12 13 14 16 17 23 28 29 33 36 46
6 12 3 4 6 10 25 32 2 12 13 14 16 17 23 28 29 33 36 46
12 17 2 12 13 14 16 17 23 28 29 33 36 46 0 8 9 15 18 19 20 24 26 27 30 34 35 37 39 43 45
12 17 2 12 13 14 16 17 23 28 29 33 36 46 0 8 9 15 18 19 20 24 26 27 30 34 35 37 39 43 45
16 17 1 5 7 11 21 22 31 38 40 41 42 44 47 48 49 50 0 8 9 15 18 19 20 24 26 27 30 34 35 37 39 43 45
16 6 1 5 7 11 21 22 31 38 40 41 42 44 47 48 49 50 3 4 6 10 25 32
6 17 3 4 6 10 25 32 0 8 9 15 18 19 20 24 26 27 30 34 35 37 39 43 45
6 16 3 4 6 10 25 32 1 5 7 11 21 22 31 38 40 41 42 44 47 48 49 50
12 6 2 12 13 14 16 17 23 28 29 33 36 46 3 4 6 10 25 32
6 12 3 4 6 10 25 32 2 12 13 14 16 17 23 28 29 33 36 46
12 17 2 12 13 14 16 17 23 28 29 33 36 46 0 8 9 15 18 19 20 24 26 27 30 34 35 37 39 43 45
16 17 1 5 7 11 21 22 31 38 40 41 42 44 47 48 49 50 0 8 9 15 18 19 20 24 26 27 30 34 35 37 39 43 45
16 6 1 5 7 11 21 22 31 38 40 41 42 44 47 48 49 50 3 4 6 10 25 32
16 12 1 5 7 11 21 22 31 38 40 41 42 44 47 48 49 50 2 12 13 14 16 17 23 28 29 33 36 46
6 12 3 4 6 10 25 32 2 12 13 14 16 17 23 28 29 33 36 46
17 6 0 8 9 15 18 19 20 24 26 27 30 34 35 37 39 43 45 3 4 6 10 25 32
17 12 0 8 9 15 18 19 20 24 26 27 30 34 35 37 39 43 45 2 12 13 14 16 17 23 28 29 33 36 46
17 6 0 8 9 15 18 19 20 24 26 27 30 34 35 37 39 43 45 3 4 6 10 25 32
12 17 2 12 13 14 16 17 23 28 29 33 36 46 0 8 9 15 18 19 20 24 26 27 30 34 35 37 39 43 45
6 17 3 4 6 10 25 32 0 8 9 15 18 19 20 24 26 27 30 34 35 37 39 43 45
16 6 1 5 7 11 21 22 31 38 40 41 42 44 47 48 49 50 3 4 6 10 25 32
12 16 2 12 13 14 16 17 23 28 29 33 36 46 1 5 7 11 21 22 31 38 40 41 42 44 47 48 49 50
12 6 2 12 13 14 16 17 23 28 29 33 36 46 3 4 6 10 25 32
6 12 3 4 6 10 25 32 2 12 13 14 16 17 23 28 29 33 36 46
16 6 1 5 7 11 21 22 31 38 40 41 42 44 47 48 49 50 3 4 6 10 25 32
12 16 2 12 13 14 16 17 23 28 29 33 36 46 1 5 7 11 21 22 31 38 40 41 42 44 47 48 49 50
12 6 2 12 13 14 16 17 23 28 29 33 36 46 3 4 6 10 25 32
6 12 3 4 6 10 25 32 2 12 13 14 16 17 23 28 29 33 36 46
16 6 1 5 7 11 21 22 31 38 40 41 42 44 47 48 49 50 3 4 6 10 25 32
17 6 0 8 9 15 18 19 20 24 26 27 30 34 35 37 39 43 45 3 4 6 10 25 32
17 12 0 8 9 15 18 19 20 24 26 27 30 34 35 37 39 43 45 2 12 13 14 16 17 23 28 29 33 36 46
16 12 1 5 7 11 21 22 31 38 40 41 42 44 47 48 49 50 2 12 13 14 16 17 23 28 29 33 36 46
12 17 2 12 13 14 16 17 23 28 29 33 36 46 0 8 9 15 18 19 20 24 26 27 30 34 35 37 39 43 45
12 6 2 12 13 14 16 17 23 28 29 33 36 46 3 4 6 10 25 32
16 17 1 5 7 11 21 22 31 38 40 41 42 44 47 48 49 50 0 8 9 15 18 19 20 24 26 27 30 34 35 37 39 43 45
12 17 2 12 13 14 16 17 23 28 29 33 36 46 0 8 9 15 18 19 20 24 26 27 30 34 35 37 39 43 45
6 17 3 4 6 10 25 32 0 8 9 15 18 19 20 24 26 27 30 34 35 37 39 43 45
16 17 1 5 7 11 21 22 31 38 40 41 42 44 47 48 49 50 0 8 9 15 18 19 20 24 26 27 30 34 35 37 39 43 45
6 17 3 4 6 10 25 32 0 8 9 15 18 19 20 24 26 27 30 34 35 37 39 43 45
17 6 0 8 9 15 18 19 20 24 26 27 30 34 35 37 39 43 45 3 4 6 10 25 32
16 17 1 5 7 11 21 22 31 38 40 41 42 44 47 48 49 50 0 8 9 15 18 19 20 24 26 27 30 34 35 37 39 43 45
6 17 3 4 6 10 25 32 0 8 9 15 18 19 20 24 26 27 30 34 35 37 39 43 45
6 16 3 4 6 10 25 32 1 5 7 11 21 22 31 38 40 41 42 44 47 48 49 50
16 17 1 5 7 11 21 22 31 38 40 41 42 44 47 48 49 50 0 8 9 15 18 19 20 24 26 27 30 34 35 37 39 43 45
16 6 1 5 7 11 21 22 31 38 40 41 42 44 47 48 49 50 3 4 6 10 25 32
6 16 3 4 6 10 25 32 1 5 7 11 21 22 31 38 40 41 42 44 47 48 49 50
17 6 0 8 9 15 18 19 20 24 26 27 30 34 35 37 39 43 45 3 4 6 10 25 32
12 16 2 12 13 14 16 17 23 28 29 33 36 46 1 5 7 11 21 22 31 38 40 41 42 44 47 48 49 50
17 12 0 8 9 15 18 19 20 24 26 27 30 34 35 37 39 43 45 2 12 13 14 16 17 23 28 29 33 36 46
16 12 1 5 7 11 21 22 31 38 40 41 42 44 47 48 49 50 2 12 13 14 16 17 23 28 29 33 36 46
12 6 2 12 13 14 16 17 23 28 29 33 36 46 3 4 6 10 25 32
16 6 1 5 7 11 21 22 31 38 40 41 42 44 47 48 49 50 3 4 6 10 25 32
12 6 2 12 13 14 16 17 23 28 29 33 36 46 3 4 6 10 25 32
6 12 3 4 6 10 25 32 2 12 13 14 16 17 23 28 29 33 36 46
12 16 2 12 13 14 16 17 23 28 29 33 36 46 1 5 7 11 21 22 31 38 40 41 42 44 47 48 49 50
17 16 0 8 9 15 18 19 20 24 26 27 30 34 35 37 39 43 45 1 5 7 11 21 22 31 38 40 41 42 44 47 48 49 50
17 16 0 8 9 15 18 19 20 24 26 27 30 34 35 37 39 43 45 1 5 7 11 21 22 31 38 40 41 42 44 47 48 49 50
12 17 2 12 13 14 16 17 23 28 29 33 36 46 0 8 9 15 18 19 20 24 26 27 30 34 35 37 39 43 45
16 17 1 5 7 11 21 22 31 38 40 41 42 44 47 48 49 50 0 8 9 15 18 19 20 24 26 27 30 34 35 37 39 43 45
16 6 1 5 7 11 21 22 31 38 40 41 42 44 47 48 49 50 3 4 6 10 25 32
17 12 0 8 9 15 18 19 20 24 26 27 30 34 35 37 39 43 45 2 12 13 14 16 17 23 28 29 33 36 46
6 16 3 4 6 10 25 32 1 5 7 11 21 22 31 38 40 41 42 44 47 48 49 50
17 12 0 8 9 15 18 19 20 24 26 27 30 34 35 37 39 43 45 2 12 13 14 16 17 23 28 29 33 36 46
12 6 2 12 13 14 16 17 23 28 29 33 36 46 3 4 6 10 25 32
12 6 2 12 13 14 16 17 23 28 29 33 36 46 3 4 6 10 25 32
6 12 3 4 6 10 25 32 2 12 13 14 16 17 23 28 29 33 36 46
6 17 3 4 6 10 25 32 0 8 9 15 18 19 20 24 26 27 30 34 35 37 39 43 45
17 6 0 8 9 15 18 19 20 24 26 27 30 34 35 37 39 43 45 3 4 6 10 25 32
12 17 2 12 13 14 16 17 23 28 29 33 36 46 0 8 9 15 18 19 20 24 26 27 30 34 35 37 39 43 45
16 17 1 5 7 11 21 22 31 38 40 41 42 44 47 48 49 50 0 8 9 15 18 19 20 24 26 27 30 34 35 37 39 43 45
6 16 3 4 6 10 25 32 1 5 7 11 21 22 31 38 40 41 42 44 47 48 49 50
6 12 3 4 6 10 25 32 2 12 13 14 16 17 23 28 29 33 36 46
17 6 0 8 9 15 18 19 20 24 26 27 30 34 35 37 39 43 45 3 4 6 10 25 32
16 12 1 5 7 11 21 22 31 38 40 41 42 44 47 48 49 50 2 12 13 14 16 17 23 28 29 33 36 46
6 16 3 4 6 10 25 32 1 5 7 11 21 22 31 38 40 41 42 44 47 48 49 50
6 16 3 4 6 10 25 32 1 5 7 11 21 22 31 38 40 41 42 44 47 48 49 50
16 17 1 5 7 11 21 22 31 38 40 41 42 44 47 48 49 50 0 8 9 15 18 19 20 24 26 27 30 34 35 37 39 43 45
17 6 0 8 9 15 18 19 20 24 26 27 30 34 35 37 39 43 45 3 4 6 10 25 32
12 6 2 12 13 14 16 17 23 28 29 33 36 46 3 4 6 10 25 32
16 17 1 5 7 11 21 22 31 38 40 41 42 44 47 48 49 50 0 8 9 15 18 19 20 24 26 27 30 34 35 37 39 43 45
17 12 0 8 9 15 18 19 20 24 26 27 30 34 35 37 39 43 45 2 12 13 14 16 17 23 28 29 33 36 46
17 12 0 8 9 15 18 19 20 24 26 27 30 34 35 37 39 43 45 2 12 13 14 16 17 23 28 29 33 36 46
17 6 0 8 9 15 18 19 20 24 26 27 30 34 35 37 39 43 45 3 4 6 10 25 32
12 6 2 12 13 14 16 17 23 28 29 33 36 46 3 4 6 10 25 32
6 12 3 4 6 10 25 32 2 12 13 14 16 17 23 28 29 33 36 46
16 17 1 5 7 11 21 22 31 38 40 41 42 44 47 48 49 50 0 8 9 15 18 19 20 24 26 27 30 34 35 37 39 43 45
12 6 2 12 13 14 16 17 23 28 29 33 36 46 3 4 6 10 25 32
6 17 3 4 6 10 25 32 0 8 9 15 18 19 20 24 26 27 30 34 35 37 39 43 45
16 6 1 5 7 11 21 22 31 38 40 41 42 44 47 48 49 50 3 4 6 10 25 32
12 17 2 12 13 14 16 17 23 28 29 33 36 46 0 8 9 15 18 19 20 24 26 27 30 34 35 37 39 43 45
12 6 2 12 13 14 16 17 23 28 29 33 36 46 3 4 6 10 25 32
17 12 0 8 9 15 18 19 20 24 26 27 30 34 35 37 39 43 45 2 12 13 14 16 17 23 28 29 33 36 46
12 6 2 12 13 14 16 17 23 28 29 33 36 46 3 4 6 10 25 32
16 12 1 5 7 11 21 22 31 38 40 41 42 44 47 48 49 50 2 12 13 14 16 17 23 28 29 33 36 46
6 16 3 4 6 10 25 32 1 5 7 11 21 22 31 38 40 41 42 44 47 48 49 50
6 16 3 4 6 10 25 32 1 5 7 11 21 22 31 38 40 41 42 44 47 48 49 50
12 16 2 12 13 14 16 17 23 28 29 33 36 46 1 5 7 11 21 22 31 38 40 41 42 44 47 48 49 50
17 16 0 8 9 15 18 19 20 24 26 27 30 34 35 37 39 43 45 1 5 7 11 21 22 31 38 40 41 42 44 47 48 49 50
16 12 1 5 7 11 21 22 31 38 40 41 42 44 47 48 49 50 2 12 13 14 16 17 23 28 29 33 36 46
12 17 2 12 13 14 16 17 23 28 29 33 36 46 0 8 9 15 18 19 20 24 26 27 30 34 35 37 39 43 45
12 17 2 12 13 14 16 17 23 28 29 33 36 46 0 8 9 15 18 19 20 24 26 27 30 34 35 37 39 43 45
6 16 3 4 6 10 25 32 1 5 7 11 21 22 31 38 40 41 42 44 47 48 49 50
16 6 1 5 7 11 21 22 31 38 40 41 42 44 47 48 49 50 3 4 6 10 25 32
12 17 2 12 13 14 16 17 23 28 29 33 36 46 0 8 9 15 18 19 20 24 26 27 30 34 35 37 39 43 45
16 17 1 5 7 11 21 22 31 38 40 41 42 44 47 48 49 50 0 8 9 15 18 19 20 24 26 27 30 34 35 37 39 43 45
6 12 3 4 6 10 25 32 2 12 13 14 16 17 23 28 29 33 36 46
17 6 0 8 9 15 18 19 20 24 26 27 30 34 35 37 39 43 45 3 4 6 10 25 32
12 17 2 12 13 14 16 17 23 28 29 33 36 46 0 8 9 15 18 19 20 24 26 27 30 34 35 37 39 43 45
6 17 3 4 6 10 25 32 0 8 9 15 18 19 20 24 26 27 30 34 35 37 39 43 45
17 12 0 8 9 15 18 19 20 24 26 27 30 34 35 37 39 43 45 2 12 13 14 16 17 23 28 29 33 36 46
16 6 1 5 7 11 21 22 31 38 40 41 42 44 47 48 49 50 3 4 6 10 25 32
16 6 1 5 7 11 21 22 31 38 40 41 42 44 47 48 49 50 3 4 6 10 25 32
17 6 0 8 9 15 18 19 20 24 26 27 30 34 35 37 39 43 45 3 4 6 10 25 32
12 17 2 12 13 14 16 17 23 28 29 33 36 46 0 8 9 15 18 19 20 24 26 27 30 34 35 37 39 43 45
6 12 3 4 6 10 25 32 2 12 13 14 16 17 23 28 29 33 36 46
16 12 1 5 7 11 21 22 31 38 40 41 42 44 47 48 49 50 2 12 13 14 16 17 23 28 29 33 36 46
16 6 1 5 7 11 21 22 31 38 40 41 42 44 47 48 49 50 3 4 6 10 25 32
12 6 2 12 13 14 16 17 23 28 29 33 36 46 3 4 6 10 25 32
6 17 3 4 6 10 25 32 0 8 9 15 18 19 20 24 26 27 30 34 35 37 39 43 45
6 12 3 4 6 10 25 32 2 12 13 14 16 17 23 28 29 33 36 46
16 17 1 5 7 11 21 22 31 38 40 41 42 44 47 48 49 50 0 8 9 15 18 19 20 24 26 27 30 34 35 37 39 43 45
12 17 2 12 13 14 16 17 23 28 29 33 36 46 0 8 9 15 18 19 20 24 26 27 30 34 35 37 39 43 45
17 6 0 8 9 15 18 19 20 24 26 27 30 34 35 37 39 43 45 3 4 6 10 25 32
12 16 2 12 13 14 16 17 23 28 29 33 36 46 1 5 7 11 21 22 31 38 40 41 42 44 47 48 49 50
6 16 3 4 6 10 25 32 1 5 7 11 21 22 31 38 40 41 42 44 47 48 49 50
12 16 2 12 13 14 16 17 23 28 29 33 36 46 1 5 7 11 21 22 31 38 40 41 42 44 47 48 49 50
16 12 1 5 7 11 21 22 31 38 40 41 42 44 47 48 49 50 2 12 13 14 16 17 23 28 29 33 36 46
17 6 0 8 9 15 18 19 20 24 26 27 30 34 35 37 39 43 45 3 4 6 10 25 32
6 17 3 4 6 10 25 32 0 8 9 15 18 19 20 24 26 27 30 34 35 37 39 43 45
12 17 2 12 13 14 16 17 23 28 29 33 36 46 0 8 9 15 18 19 20 24 26 27 30 34 35 37 39 43 45
12 6 2 12 13 14 16 17 23 28 29 33 36 46 3 4 6 10 25 32
16 12 1 5 7 11 21 22 31 38 40 41 42 44 47 48 49 50 2 12 13 14 16 17 23 28 29 33 36 46
6 17 3 4 6 10 25 32 0 8 9 15 18 19 20 24 26 27 30 34 35 37 39 43 45
6 17 3 4 6 10 25 32 0 8 9 15 18 19 20 24 26 27 30 34 35 37 39 43 45
17 12 0 8 9 15 18 19 20 24 26 27 30 34 35 37 39 43 45 2 12 13 14 16 17 23 28 29 33 36 46
12 17 2 12 13 14 16 17 23 28 29 33 36 46 0 8 9 15 18 19 20 24 26 27 30 34 35 37 39 43 45
17 6 0 8 9 15 18 19 20 24 26 27 30 34 35 37 39 43 45 3 4 6 10 25 32
16 12 1 5 7 11 21 22 31 38 40 41 42 44 47 48 49 50 2 12 13 14 16 17 23 28 29 33 36 46
6 17 3 4 6 10 25 32 0 8 9 15 18 19 20 24 26 27 30 34 35 37 39 43 45
16 12 1 5 7 11 21 22 31 38 40 41 42 44 47 48 49 50 2 12 13 14 16 17 23 28 29 33 36 46
12 17 2 12 13 14 16 17 23 28 29 33 36 46 0 8 9 15 18 19 20 24 26 27 30 34 35 37 39 43 45
12 6 2 12 13 14 16 17 23 28 29 33 36 46 3 4 6 10 25 32
12 16 2 12 13 14 16 17 23 28 29 33 36 46 1 5 7 11 21 22 31 38 40 41 42 44 47 48 49 50
12 16 2 12 13 14 16 17 23 28 29 33 36 46 1 5 7 11 21 22 31 38 40 41 42 44 47 48 49 50
16 12 1 5 7 11 21 22 31 38 40 41 42 44 47 48 49 50 2 12 13 14 16 17 23 28 29 33 36 46
17 12 0 8 9 15 18 19 20 24 26 27 30 34 35 37 39 43 45 2 12 13 14 16 17 23 28 29 33 36 46
12 16 2 12 13 14 16 17 23 28 29 33 36 46 1 5 7 11 21 22 31 38 40 41 42 44 47 48 49 50
6 17 3 4 6 10 25 32 0 8 9 15 18 19 20 24 26 27 30 34 35 37 39 43 45
16 17 1 5 7 11 21 22 31 38 40 41 42 44 47 48 49 50 0 8 9 15 18 19 20 24 26 27 30 34 35 37 39 43 45
6 17 3 4 6 10 25 32 0 8 9 15 18 19 20 24 26 27 30 34 35 37 39 43 45
6 17 3 4 6 10 25 32 0 8 9 15 18 19 20 24 26 27 30 34 35 37 39 43 45
6 17 3 4 6 10 25 32 0 8 9 15 18 19 20 24 26 27 30 34 35 37 39 43 45
17 6 0 8 9 15 18 19 20 24 26 27 30 34 35 37 39 43 45 3 4 6 10 25 32
12 16 2 12 13 14 16 17 23 28 29 33 36 46 1 5 7 11 21 22 31 38 40 41 42 44 47 48 49 50
6 12 3 4 6 10 25 32 2 12 13 14 16 17 23 28 29 33 36 46
16 17 1 5 7 11 21 22 31 38 40 41 42 44 47 48 49 50 0 8 9 15 18 19 20 24 26 27 30 34 35 37 39 43 45
17 6 0 8 9 15 18 19 20 24 26 27 30 34 35 37 39 43 45 3 4 6 10 25 32
6 12 3 4 6 10 25 32 2 12 13 14 16 17 23 28 29 33 36 46
17 16 0 8 9 15 18 19 20 24 26 27 30 34 35 37 39 43 45 1 5 7 11 21 22 31 38 40 41 42 44 47 48 49 50
6 17 3 4 6 10 25 32 0 8 9 15 18 19 20 24 26 27 30 34 35 37 39 43 45
6 17 3 4 6 10 25 32 0 8 9 15 18 19 20 24 26 27 30 34 35 37 39 43 45
17 16 0 8 9 15 18 19 20 24 26 27 30 34 35 37 39 43 45 1 5 7 11 21 22 31 38 40 41 42 44 47 48 49 50
16 12 1 5 7 11 21 22 31 38 40 41 42 44 47 48 49 50 2 12 13 14 16 17 23 28 29 33 36 46
6 16 3 4 6 10 25 32 1 5 7 11 21 22 31 38 40 41 42 44 47 48 49 50
16 17 1 5 7 11 21 22 31 38 40 41 42 44 47 48 49 50 0 8 9 15 18 19 20 24 26 27 30 34 35 37 39 43 45
16 12 1 5 7 11 21 22 31 38 40 41 42 44 47 48 49 50 2 12 13 14 16 17 23 28 29 33 36 46
16 17 1 5 7 11 21 22 31 38 40 41 42 44 47 48 49 50 0 8 9 15 18 19 20 24 26 27 30 34 35 37 39 43 45
17 12 0 8 9 15 18 19 20 24 26 27 30 34 35 37 39 43 45 2 12 13 14 16 17 23 28 29 33 36 46
16 17 1 5 7 11 21 22 31 38 40 41 42 44 47 48 49 50 0 8 9 15 18 19 20 24 26 27 30 34 35 37 39 43 45
12 16 2 12 13 14 16 17 23 28 29 33 36 46 1 5 7 11 21 22 31 38 40 41 42 44 47 48 49 50
12 17 2 12 13 14 16 17 23 28 29 33 36 46 0 8 9 15 18 19 20 24 26 27 30 34 35 37 39 43 45
17 6 0 8 9 15 18 19 20 24 26 27 30 34 35 37 39 43 45 3 4 6 10 25 32
6 16 3 4 6 10 25 32 1 5 7 11 21 22 31 38 40 41 42 44 47 48 49 50
12 16 2 12 13 14 16 17 23 28 29 33 36 46 1 5 7 11 21 22 31 38 40 41 42 44 47 48 49 50
17 16 0 8 9 15 18 19 20 24 26 27 30 34 35 37 39 43 45 1 5 7 11 21 22 31 38 40 41 42 44 47 48 49 50
16 12 1 5 7 11 21 22 31 38 40 41 42 44 47 48 49 50 2 12 13 14 16 17 23 28 29 33 36 46
16 6 1 5 7 11 21 22 31 38 40 41 42 44 47 48 49 50 3 4 6 10 25 32
6 17 3 4 6 10 25 32 0 8 9 15 18 19 20 24 26 27 30 34 35 37 39 43 45
16 17 1 5 7 11 21 22 31 38 40 41 42 44 47 48 49 50 0 8 9 15 18 19 20 24 26 27 30 34 35 37 39 43 45
12 17 2 12 13 14 16 17 23 28 29 33 36 46 0 8 9 15 18 19 20 24 26 27 30 34 35 37 39 43 45
12 6 2 12 13 14 16 17 23 28 29 33 36 46 3 4 6 10 25 32
6 16 3 4 6 10 25 32 1 5 7 11 21 22 31 38 40 41 42 44 47 48 49 50
16 12 1 5 7 11 21 22 31 38 40 41 42 44 47 48 49 50 2 12 13 14 16 17 23 28 29 33 36 46
12 6 2 12 13 14 16 17 23 28 29 33 36 46 3 4 6 10 25 32
17 12 0 8 9 15 18 19 20 24 26 27 30 34 35 37 39 43 45 2 12 13 14 16 17 23 28 29 33 36 46
6 16 3 4 6 10 25 32 1 5 7 11 21 22 31 38 40 41 42 44 47 48 49 50
6 12 3 4 6 10 25 32 2 12 13 14 16 17 23 28 29 33 36 46
16 6 1 5 7 11 21 22 31 38 40 41 42 44 47 48 49 50 3 4 6 10 25 32
12 6 2 12 13 14 16 17 23 28 29 33 36 46 3 4 6 10 25 32
17 12 0 8 9 15 18 19 20 24 26 27 30 34 35 37 39 43 45 2 12 13 14 16 17 23 28 29 33 36 46
16 6 1 5 7 11 21 22 31 38 40 41 42 44 47 48 49 50 3 4 6 10 25 32
16 17 1 5 7 11 21 22 31 38 40 41 42 44 47 48 49 50 0 8 9 15 18 19 20 24 26 27 30 34 35 37 39 43 45
6 17 3 4 6 10 25 32 0 8 9 15 18 19 20 24 26 27 30 34 35 37 39 43 45
6 16 3 4 6 10 25 32 1 5 7 11 21 22 31 38 40 41 42 44 47 48 49 50
12 17 2 12 13 14 16 17 23 28 29 33 36 46 0 8 9 15 18 19 20 24 26 27 30 34 35 37 39 43 45
6 16 3 4 6 10 25 32 1 5 7 11 21 22 31 38 40 41 42 44 47 48 49 50
16 6 1 5 7 11 21 22 31 38 40 41 42 44 47 48 49 50 3 4 6 10 25 32
16 17 1 5 7 11 21 22 31 38 40 41 42 44 47 48 49 50 0 8 9 15 18 19 20 24 26 27 30 34 35 37 39 43 45
16 12 1 5 7 11 21 22 31 38 40 41 42 44 47 48 49 50 2 12 13 14 16 17 23 28 29 33 36 46
16 12 1 5 7 11 21 22 31 38 40 41 42 44 47 48 49 50 2 12 13 14 16 17 23 28 29 33 36 46
17 12 0 8 9 15 18 19 20 24 26 27 30 34 35 37 39 43 45 2 12 13 14 16 17 23 28 29 33 36 46
6 12 3 4 6 10 25 32 2 12 13 14 16 17 23 28 29 33 36 46
16 6 1 5 7 11 21 22 31 38 40 41 42 44 47 48 49 50 3 4 6 10 25 32
6 16 3 4 6 10 25 32 1 5 7 11 21 22 31 38 40 41 42 44 47 48 49 50
6 17 3 4 6 10 25 32 0 8 9 15 18 19 20 24 26 27 30 34 35 37 39 43 45
16 6 1 5 7 11 21 22 31 38 40 41 42 44 47 48 49 50 3 4 6 10 25 32
6 16 3 4 6 10 25 32 1 5 7 11 21 22 31 38 40 41 42 44 47 48 49 50
6 16 3 4 6 10 25 32 1 5 7 11 21 22 31 38 40 41 42 44 47 48 49 50
6 17 3 4 6 10 25 32 0 8 9 15 18 19 20 24 26 27 30 34 35 37 39 43 45
6 17 3 4 6 10 25 32 0 8 9 15 18 19 20 24 26 27 30 34 35 37 39 43 45
16 6 1 5 7 11 21 22 31 38 40 41 42 44 47 48 49 50 3 4 6 10 25 32
17 16 0 8 9 15 18 19 20 24 26 27 30 34 35 37 39 43 45 1 5 7 11 21 22 31 38 40 41 42 44 47 48 49 50
6 12 3 4 6 10 25 32 2 12 13 14 16 17 23 28 29 33 36 46
16 12 1 5 7 11 21 22 31 38 40 41 42 44 47 48 49 50 2 12 13 14 16 17 23 28 29 33 36 46
12 6 2 12 13 14 16 17 23 28 29 33 36 46 3 4 6 10 25 32
16 6 1 5 7 11 21 22 31 38 40 41 42 44 47 48 49 50 3 4 6 10 25 32
6 12 3 4 6 10 25 32 2 12 13 14 16 17 23 28 29 33 36 46
12 6 2 12 13 14 16 17 23 28 29 33 36 46 3 4 6 10 25 32
17 6 0 8 9 15 18 19 20 24 26 27 30 34 35 37 39 43 45 3 4 6 10 25 32
16 12 1 5 7 11 21 22 31 38 40 41 42 44 47 48 49 50 2 12 13 14 16 17 23 28 29 33 36 46
6 17 3 4 6 10 25 32 0 8 9 15 18 19 20 24 26 27 30 34 35 37 39 43 45
6 16 3 4 6 10 25 32 1 5 7 11 21 22 31 38 40 41 42 44 47 48 49 50
6 16 3 4 6 10 25 32 1 5 7 11 21 22 31 38 40 41 42 44 47 48 49 50
16 17 1 5 7 11 21 22 31 38 40 41 42 44 47 48 49 50 0 8 9 15 18 19 20 24 26 27 30 34 35 37 39 43 45
17 6 0 8 9 15 18 19 20 24 26 27 30 34 35 37 39 43 45 3 4 6 10 25 32
12 6 2 12 13 14 16 17 23 28 29 33 36 46 3 4 6 10 25 32
12 16 2 12 13 14 16 17 23 28 29 33 36 46 1 5 7 11 21 22 31 38 40 41 42 44 47 48 49 50
12 6 2 12 13 14 16 17 23 28 29 33 36 46 3 4 6 10 25 32
16 12 1 5 7 11 21 22 31 38 40 41 42 44 47 48 49 50 2 12 13 14 16 17 23 28 29 33 36 46
17 16 0 8 9 15 18 19 20 24 26 27 30 34 35 37 39 43 45 1 5 7 11 21 22 31 38 40 41 42 44 47 48 49 50
16 12 1 5 7 11 21 22 31 38 40 41 42 44 47 48 49 50 2 12 13 14 16 17 23 28 29 33 36 46
6 16 3 4 6 10 25 32 1 5 7 11 21 22 31 38 40 41 42 44 47 48 49 50
6 17 3 4 6 10 25 32 0 8 9 15 18 19 20 24 26 27 30 34 35 37 39 43 45
6 17 3 4 6 10 25 32 0 8 9 15 18 19 20 24 26 27 30 34 35 37 39 43 45
6 16 3 4 6 10 25 32 1 5 7 11 21 22 31 38 40 41 42 44 47 48 49 50
6 17 3 4 6 10 25 32 0 8 9 15 18 19 20 24 26 27 30 34 35 37 39 43 45
17 6 0 8 9 15 18 19 20 24 26 27 30 34 35 37 39 43 45 3 4 6 10 25 32
12 6 2 12 13 14 16 17 23 28 29 33 36 46 3 4 6 10 25 32
12 17 2 12 13 14 16 17 23 28 29 33 36 46 0 8 9 15 18 19 20 24 26 27 30 34 35 37 39 43 45
17 16 0 8 9 15 18 19 20 24 26 27 30 34 35 37 39 43 45 1 5 7 11 21 22 31 38 40 41 42 44 47 48 49 50
16 6 1 5 7 11 21 22 31 38 40 41 42 44 47 48 49 50 3 4 6 10 25 32
16 12 1 5 7 11 21 22 31 38 40 41 42 44 47 48 49 50 2 12 13 14 16 17 23 28 29 33 36 46
16 12 1 5 7 11 21 22 31 38 40 41 42 44 47 48 49 50 2 12 13 14 16 17 23 28 29 33 36 46
16 6 1 5 7 11 21 22 31 38 40 41 42 44 47 48 49 50 3 4 6 10 25 32
6 12 3 4 6 10 25 32 2 12 13 14 16 17 23 28 29 33 36 46
6 16 3 4 6 10 25 32 1 5 7 11 21 22 31 38 40 41 42 44 47 48 49 50
17 16 0 8 9 15 18 19 20 24 26 27 30 34 35 37 39 43 45 1 5 7 11 21 22 31 38 40 41 42 44 47 48 49 50
16 6 1 5 7 11 21 22 31 38 40 41 42 44 47 48 49 50 3 4 6 10 25 32
16 17 1 5 7 11 21 22 31 38 40 41 42 44 47 48 49 50 0 8 9 15 18 19 20 24 26 27 30 34 35 37 39 43 45
16 12 1 5 7 11 21 22 31 38 40 41 42 44 47 48 49 50 2 12 13 14 16 17 23 28 29 33 36 46
16 6 1 5 7 11 21 22 31 38 40 41 42 44 47 48 49 50 3 4 6 10 25 32
12 16 2 12 13 14 16 17 23 28 29 33 36 46 1 5 7 11 21 22 31 38 40 41 42 44 47 48 49 50
6 17 3 4 6 10 25 32 0 8 9 15 18 19 20 24 26 27 30 34 35 37 39 43 45
16 12 1 5 7 11 21 22 31 38 40 41 42 44 47 48 49 50 2 12 13 14 16 17 23 28 29 33 36 46
16 17 1 5 7 11 21 22 31 38 40 41 42 44 47 48 49 50 0 8 9 15 18 19 20 24 26 27 30 34 35 37 39 43 45
17 16 0 8 9 15 18 19 20 24 26 27 30 34 35 37 39 43 45 1 5 7 11 21 22 31 38 40 41 42 44 47 48 49 50
16 12 1 5 7 11 21 22 31 38 40 41 42 44 47 48 49 50 2 12 13 14 16 17 23 28 29 33 36 46
12 17 2 12 13 14 16 17 23 28 29 33 36 46 0 8 9 15 18 19 20 24 26 27 30 34 35 37 39 43 45
6 12 3 4 6 10 25 32 2 12 13 14 16 17 23 28 29 33 36 46
17 12 0 8 9 15 18 19 20 24 26 27 30 34 35 37 39 43 45 2 12 13 14 16 17 23 28 29 33 36 46
17 6 0 8 9 15 18 19 20 24 26 27 30 34 35 37 39 43 45 3 4 6 10 25 32
12 16 2 12 13 14 16 17 23 28 29 33 36 46 1 5 7 11 21 22 31 38 40 41 42 44 47 48 49 50
17 16 0 8 9 15 18 19 20 24 26 27 30 34 35 37 39 43 45 1 5 7 11 21 22 31 38 40 41 42 44 47 48 49 50
12 17 2 12 13 14 16 17 23 28 29 33 36 46 0 8 9 15 18 19 20 24 26 27 30 34 35 37 39 43 45
17 6 0 8 9 15 18 19 20 24 26 27 30 34 35 37 39 43 45 3 4 6 10 25 32
17 6 0 8 9 15 18 19 20 24 26 27 30 34 35 37 39 43 45 3 4 6 10 25 32
17 6 0 8 9 15 18 19 20 24 26 27 30 34 35 37 39 43 45 3 4 6 10 25 32
6 16 3 4 6 10 25 32 1 5 7 11 21 22 31 38 40 41 42 44 47 48 49 50
6 16 3 4 6 10 25 32 1 5 7 11 21 22 31 38 40 41 42 44 47 48 49 50
16 17 1 5 7 11 21 22 31 38 40 41 42 44 47 48 49 50 0 8 9 15 18 19 20 24 26 27 30 34 35 37 39 43 45
16 6 1 5 7 11 21 22 31 38 40 41 42 44 47 48 49 50 3 4 6 10 25 32
16 6 1 5 7 11 21 22 31 38 40 41 42 44 47 48 49 50 3 4 6 10 25 32
12 17 2 12 13 14 16 17 23 28 29 33 36 46 0 8 9 15 18 19 20 24 26 27 30 34 35 37 39 43 45
6 17 3 4 6 10 25 32 0 8 9 15 18 19 20 24 26 27 30 34 35 37 39 43 45
12 17 2 12 13 14 16 17 23 28 29 33 36 46 0 8 9 15 18 19 20 24 26 27 30 34 35 37 39 43 45
16 17 1 5 7 11 21 22 31 38 40 41 42 44 47 48 49 50 0 8 9 15 18 19 20 24 26 27 30 34 35 37 39 43 45
12 16 2 12 13 14 16 17 23 28 29 33 36 46 1 5 7 11 21 22 31 38 40 41 42 44 47 48 49 50
6 12 3 4 6 10 25 32 2 12 13 14 16 17 23 28 29 33 36 46
16 6 1 5 7 11 21 22 31 38 40 41 42 44 47 48 49 50 3 4 6 10 25 32
16 12 1 5 7 11 21 22 31 38 40 41 42 44 47 48 49 50 2 12 13 14 16 17 23 28 29 33 36 46
12 17 2 12 13 14 16 17 23 28 29 33 36 46 0 8 9 15 18 19 20 24 26 27 30 34 35 37 39 43 45
16 6 1 5 7 11 21 22 31 38 40 41 42 44 47 48 49 50 3 4 6 10 25 32
6 17 3 4 6 10 25 32 0 8 9 15 18 19 20 24 26 27 30 34 35 37 39 43 45
16 17 1 5 7 11 21 22 31 38 40 41 42 44 47 48 49 50 0 8 9 15 18 19 20 24 26 27 30 34 35 37 39 43 45
6 12 3 4 6 10 25 32 2 12 13 14 16 17 23 28 29 33 36 46
17 16 0 8 9 15 18 19 20 24 26 27 30 34 35 37 39 43 45 1 5 7 11 21 22 31 38 40 41 42 44 47 48 49 50
17 6 0 8 9 15 18 19 20 24 26 27 30 34 35 37 39 43 45 3 4 6 10 25 32
17 12 0 8 9 15 18 19 20 24 26 27 30 34 35 37 39 43 45 2 12 13 14 16 17 23 28 29 33 36 46
16 12 1 5 7 11 21 22 31 38 40 41 42 44 47 48 49 50 2 12 13 14 16 17 23 28 29 33 36 46
12 17 2 12 13 14 16 17 23 28 29 33 36 46 0 8 9 15 18 19 20 24 26 27 30 34 35 37 39 43 45
17 12 0 8 9 15 18 19 20 24 26 27 30 34 35 37 39 43 45 2 12 13 14 16 17 23 28 29 33 36 46
16 6 1 5 7 11 21 22 31 38 40 41 42 44 47 48 49 50 3 4 6 10 25 32
6 16 3 4 6 10 25 32 1 5 7 11 21 22 31 38 40 41 42 44 47 48 49 50
16 17 1 5 7 11 21 22 31 38 40 41 42 44 47 48 49 50 0 8 9 15 18 19 20 24 26 27 30 34 35 37 39 43 45
17 12 0 8 9 15 18 19 20 24 26 27 30 34 35 37 39 43 45 2 12 13 14 16 17 23 28 29 33 36 46
16 17 1 5 7 11 21 22 31 38 40 41 42 44 47 48 49 50 0 8 9 15 18 19 20 24 26 27 30 34 35 37 39 43 45
16 12 1 5 7 11 21 22 31 38 40 41 42 44 47 48 49 50 2 12 13 14 16 17 23 28 29 33 36 46
17 12 0 8 9 15 18 19 20 24 26 27 30 34 35 37 39 43 45 2 12 13 14 16 17 23 28 29 33 36 46
17 6 0 8 9 15 18 19 20 24 26 27 30 34 35 37 39 43 45 3 4 6 10 25 32
17 6 0 8 9 15 18 19 20 24 26 27 30 34 35 37 39 43 45 3 4 6 10 25 32
6 17 3 4 6 10 25 32 0 8 9 15 18 19 20 24 26 27 30 34 35 37 39 43 45
16 12 1 5 7 11 21 22 31 38 40 41 42 44 47 48 49 50 2 12 13 14 16 17 23 28 29 33 36 46
6 16 3 4 6 10 25 32 1 5 7 11 21 22 31 38 40 41 42 44 47 48 49 50
6 16 3 4 6 10 25 32 1 5 7 11 21 22 31 38 40 41 42 44 47 48 49 50
6 16 3 4 6 10 25 32 1 5 7 11 21 22 31 38 40 41 42 44 47 48 49 50
12 17 2 12 13 14 16 17 23 28 29 33 36 46 0 8 9 15 18 19 20 24 26 27 30 34 35 37 39 43 45
17 6 0 8 9 15 18 19 20 24 26 27 30 34 35 37 39 43 45 3 4 6 10 25 32
6 16 3 4 6 10 25 32 1 5 7 11 21 22 31 38 40 41 42 44 47 48 49 50
17 16 0 8 9 15 18 19 20 24 26 27 30 34 35 37 39 43 45 1 5 7 11 21 22 31 38 40 41 42 44 47 48 49 50
12 17 2 12 13 14 16 17 23 28 29 33 36 46 0 8 9 15 18 19 20 24 26 27 30 34 35 37 39 43 45
16 17 1 5 7 11 21 22 31 38 40 41 42 44 47 48 49 50 0 8 9 15 18 19 20 24 26 27 30 34 35 37 39 43 45
12 17 2 12 13 14 16 17 23 28 29 33 36 46 0 8 9 15 18 19 20 24 26 27 30 34 35 37 39 43 45
17 12 0 8 9 15 18 19 20 24 26 27 30 34 35 37 39 43 45 2 12 13 14 16 17 23 28 29 33 36 46
17 12 0 8 9 15 18 19 20 24 26 27 30 34 35 37 39 43 45 2 12 13 14 16 17 23 28 29 33 36 46
6 17 3 4 6 10 25 32 0 8 9 15 18 19 20 24 26 27 30 34 35 37 39 43 45
16 17 1 5 7 11 21 22 31 38 40 41 42 44 47 48 49 50 0 8 9 15 18 19 20 24 26 27 30 34 35 37 39 43 45
17 6 0 8 9 15 18 19 20 24 26 27 30 34 35 37 39 43 45 3 4 6 10 25 32
12 6 2 12 13 14 16 17 23 28 29 33 36 46 3 4 6 10 25 32
17 6 0 8 9 15 18 19 20 24 26 27 30 34 35 37 39 43 45 3 4 6 10 25 32
6 12 3 4 6 10 25 32 2 12 13 14 16 17 23 28 29 33 36 46
16 12 1 5 7 11 21 22 31 38 40 41 42 44 47 48 49 50 2 12 13 14 16 17 23 28 29 33 36 46
12 16 2 12 13 14 16 17 23 28 29 33 36 46 1 5 7 11 21 22 31 38 40 41 42 44 47 48 49 50
12 17 2 12 13 14 16 17 23 28 29 33 36 46 0 8 9 15 18 19 20 24 26 27 30 34 35 37 39 43 45
12 17 2 12 13 14 16 17 23 28 29 33 36 46 0 8 9 15 18 19 20 24 26 27 30 34 35 37 39 43 45
16 6 1 5 7 11 21 22 31 38 40 41 42 44 47 48 49 50 3 4 6 10 25 32
6 16 3 4 6 10 25 32 1 5 7 11 21 22 31 38 40 41 42 44 47 48 49 50
16 6 1 5 7 11 21 22 31 38 40 41 42 44 47 48 49 50 3 4 6 10 25 32
6 16 3 4 6 10 25 32 1 5 7 11 21 22 31 38 40 41 42 44 47 48 49 50
12 16 2 12 13 14 16 17 23 28 29 33 36 46 1 5 7 11 21 22 31 38 40 41 42 44 47 48 49 50
6 16 3 4 6 10 25 32 1 5 7 11 21 22 31 38 40 41 42 44 47 48 49 50
17 12 0 8 9 15 18 19 20 24 26 27 30 34 35 37 39 43 45 2 12 13 14 16 17 23 28 29 33 36 46
12 17 2 12 13 14 16 17 23 28 29 33 36 46 0 8 9 15 18 19 20 24 26 27 30 34 35 37 39 43 45
6 16 3 4 6 10 25 32 1 5 7 11 21 22 31 38 40 41 42 44 47 48 49 50
12 17 2 12 13 14 16 17 23 28 29 33 36 46 0 8 9 15 18 19 20 24 26 27 30 34 35 37 39 43 45
12 6 2 12 13 14 16 17 23 28 29 33 36 46 3 4 6 10 25 32
12 16 2 12 13 14 16 17 23 28 29 33 36 46 1 5 7 11 21 22 31 38 40 41 42 44 47 48 49 50
16 6 1 5 7 11 21 22 31 38 40 41 42 44 47 48 49 50 3 4 6 10 25 32
12 17 2 12 13 14 16 17 23 28 29 33 36 46 0 8 9 15 18 19 20 24 26 27 30 34 35 37 39 43 45
6 16 3 4 6 10 25 32 1 5 7 11 21 22 31 38 40 41 42 44 47 48 49 50
16 17 1 5 7 11 21 22 31 38 40 41 42 44 47 48 49 50 0 8 9 15 18 19 20 24 26 27 30 34 35 37 39 43 45
16 17 1 5 7 11 21 22 31 38 40 41 42 44 47 48 49 50 0 8 9 15 18 19 20 24 26 27 30 34 35 37 39 43 45
17 6 0 8 9 15 18 19 20 24 26 27 30 34 35 37 39 43 45 3 4 6 10 25 32
6 12 3 4 6 10 25 32 2 12 13 14 16 17 23 28 29 33 36 46
6 12 3 4 6 10 25 32 2 12 13 14 16 17 23 28 29 33 36 46
17 6 0 8 9 15 18 19 20 24 26 27 30 34 35 37 39 43 45 3 4 6 10 25 32
6 16 3 4 6 10 25 32 1 5 7 11 21 22 31 38 40 41 42 44 47 48 49 50
17 16 0 8 9 15 18 19 20 24 26 27 30 34 35 37 39 43 45 1 5 7 11 21 22 31 38 40 41 42 44 47 48 49 50
12 16 2 12 13 14 16 17 23 28 29 33 36 46 1 5 7 11 21 22 31 38 40 41 42 44 47 48 49 50
16 17 1 5 7 11 21 22 31 38 40 41 42 44 47 48 49 50 0 8 9 15 18 19 20 24 26 27 30 34 35 37 39 43 45
17 12 0 8 9 15 18 19 20 24 26 27 30 34 35 37 39 43 45 2 12 13 14 16 17 23 28 29 33 36 46
16 6 1 5 7 11 21 22 31 38 40 41 42 44 47 48 49 50 3 4 6 10 25 32
17 12 0 8 9 15 18 19 20 24 26 27 30 34 35 37 39 43 45 2 12 13 14 16 17 23 28 29 33 36 46
16 12 1 5 7 11 21 22 31 38 40 41 42 44 47 48 49 50 2 12 13 14 16 17 23 28 29 33 36 46
12 17 2 12 13 14 16 17 23 28 29 33 36 46 0 8 9 15 18 19 20 24 26 27 30 34 35 37 39 43 45
6 16 3 4 6 10 25 32 1 5 7 11 21 22 31 38 40 41 42 44 47 48 49 50
17 16 0 8 9 15 18 19 20 24 26 27 30 34 35 37 39 43 45 1 5 7 11 21 22 31 38 40 41 42 44 47 48 49 50
12 16 2 12 13 14 16 17 23 28 29 33 36 46 1 5 7 11 21 22 31 38 40 41 42 44 47 48 49 50
16 17 1 5 7 11 21 22 31 38 40 41 42 44 47 48 49 50 0 8 9 15 18 19 20 24 26 27 30 34 35 37 39 43 45
6 16 3 4 6 10 25 32 1 5 7 11 21 22 31 38 40 41 42 44 47 48 49 50
16 6 1 5 7 11 21 22 31 38 40 41 42 44 47 48 49 50 3 4 6 10 25 32
6 17 3 4 6 10 25 32 0 8 9 15 18 19 20 24 26 27 30 34 35 37 39 43 45
12 16 2 12 13 14 16 17 23 28 29 33 36 46 1 5 7 11 21 22 31 38 40 41 42 44 47 48 49 50
6 16 3 4 6 10 25 32 1 5 7 11 21 22 31 38 40 41 42 44 47 48 49 50
6 16 3 4 6 10 25 32 1 5 7 11 21 22 31 38 40 41 42 44 47 48 49 50
6 12 3 4 6 10 25 32 2 12 13 14 16 17 23 28 29 33 36 46
12 6 2 12 13 14 16 17 23 28 29 33 36 46 3 4 6 10 25 32
17 12 0 8 9 15 18 19 20 24 26 27 30 34 35 37 39 43 45 2 12 13 14 16 17 23 28 29 33 36 46
17 16 0 8 9 15 18 19 20 24 26 27 30 34 35 37 39 43 45 1 5 7 11 21 22 31 38 40 41 42 44 47 48 49 50
12 16 2 12 13 14 16 17 23 28 29 33 36 46 1 5 7 11 21 22 31 38 40 41 42 44 47 48 49 50
12 17 2 12 13 14 16 17 23 28 29 33 36 46 0 8 9 15 18 19 20 24 26 27 30 34 35 37 39 43 45
17 16 0 8 9 15 18 19 20 24 26 27 30 34 35 37 39 43 45 1 5 7 11 21 22 31 38 40 41 42 44 47 48 49 50
12 17 2 12 13 14 16 17 23 28 29 33 36 46 0 8 9 15 18 19 20 24 26 27 30 34 35 37 39 43 45
12 17 2 12 13 14 16 17 23 28 29 33 36 46 0 8 9 15 18 19 20 24 26 27 30 34 35 37 39 43 45
6 12 3 4 6 10 25 32 2 12 13 14 16 17 23 28 29 33 36 46
12 6 2 12 13 14 16 17 23 28 29 33 36 46 3 4 6 10 25 32
6 17 3 4 6 10 25 32 0 8 9 15 18 19 20 24 26 27 30 34 35 37 39 43 45
17 6 0 8 9 15 18 19 20 24 26 27 30 34 35 37 39 43 45 3 4 6 10 25 32
6 16 3 4 6 10 25 32 1 5 7 11 21 22 31 38 40 41 42 44 47 48 49 50
12 17 2 12 13 14 16 17 23 28 29 33 36 46 0 8 9 15 18 19 20 24 26 27 30 34 35 37 39 43 45
12 16 2 12 13 14 16 17 23 28 29 33 36 46 1 5 7 11 21 22 31 38 40 41 42 44 47 48 49 50
12 17 2 12 13 14 16 17 23 28 29 33 36 46 0 8 9 15 18 19 20 24 26 27 30 34 35 37 39 43 45
12 6 2 12 13 14 16 17 23 28 29 33 36 46 3 4 6 10 25 32
17 12 0 8 9 15 18 19 20 24 26 27 30 34 35 37 39 43 45 2 12 13 14 16 17 23 28 29 33 36 46
17 6 0 8 9 15 18 19 20 24 26 27 30 34 35 37 39 43 45 3 4 6 10 25 32
16 17 1 5 7 11 21 22 31 38 40 41 42 44 47 48 49 50 0 8 9 15 18 19 20 24 26 27 30 34 35 37 39 43 45
17 16 0 8 9 15 18 19 20 24 26 27 30 34 35 37 39 43 45 1 5 7 11 21 22 31 38 40 41 42 44 47 48 49 50
17 12 0 8 9 15 18 19 20 24 26 27 30 34 35 37 39 43 45 2 12 13 14 16 17 23 28 29 33 36 46
16 12 1 5 7 11 21 22 31 38 40 41 42 44 47 48 49 50 2 12 13 14 16 17 23 28 29 33 36 46
6 17 3 4 6 10 25 32 0 8 9 15 18 19 20 24 26 27 30 34 35 37 39 43 45
16 12 1 5 7 11 21 22 31 38 40 41 42 44 47 48 49 50 2 12 13 14 16 17 23 28 29 33 36 46
17 16 0 8 9 15 18 19 20 24 26 27 30 34 35 37 39 43 45 1 5 7 11 21 22 31 38 40 41 42 44 47 48 49 50
6 16 3 4 6 10 25 32 1 5 7 11 21 22 31 38 40 41 42 44 47 48 49 50
12 6 2 12 13 14 16 17 23 28 29 33 36 46 3 4 6 10 25 32
12 6 2 12 13 14 16 17 23 28 29 33 36 46 3 4 6 10 25 32
16 12 1 5 7 11 21 22 31 38 40 41 42 44 47 48 49 50 2 12 13 14 16 17 23 28 29 33 36 46
16 6 1 5 7 11 21 22 31 38 40 41 42 44 47 48 49 50 3 4 6 10 25 32
17 6 0 8 9 15 18 19 20 24 26 27 30 34 35 37 39 43 45 3 4 6 10 25 32
12 17 2 12 13 14 16 17 23 28 29 33 36 46 0 8 9 15 18 19 20 24 26 27 30 34 35 37 39 43 45
17 6 0 8 9 15 18 19 20 24 26 27 30 34 35 37 39 43 45 3 4 6 10 25 32
6 16 3 4 6 10 25 32 1 5 7 11 21 22 31 38 40 41 42 44 47 48 49 50
17 16 0 8 9 15 18 19 20 24 26 27 30 34 35 37 39 43 45 1 5 7 11 21 22 31 38 40 41 42 44 47 48 49 50
16 6 1 5 7 11 21 22 31 38 40 41 42 44 47 48 49 50 3 4 6 10 25 32
6 16 3 4 6 10 25 32 1 5 7 11 21 22 31 38 40 41 42 44 47 48 49 50
16 6 1 5 7 11 21 22 31 38 40 41 42 44 47 48 49 50 3 4 6 10 25 32
6 16 3 4 6 10 25 32 1 5 7 11 21 22 31 38 40 41 42 44 47 48 49 50
12 16 2 12 13 14 16 17 23 28 29 33 36 46 1 5 7 11 21 22 31 38 40 41 42 44 47 48 49 50
6 16 3 4 6 10 25 32 1 5 7 11 21 22 31 38 40 41 42 44 47 48 49 50
12 16 2 12 13 14 16 17 23 28 29 33 36 46 1 5 7 11 21 22 31 38 40 41 42 44 47 48 49 50
12 6 2 12 13 14 16 17 23 28 29 33 36 46 3 4 6 10 25 32
12 16 2 12 13 14 16 17 23 28 29 33 36 46 1 5 7 11 21 22 31 38 40 41 42 44 47 48 49 50
6 12 3 4 6 10 25 32 2 12 13 14 16 17 23 28 29 33 36 46
16 17 1 5 7 11 21 22 31 38 40 41 42 44 47 48 49 50 0 8 9 15 18 19 20 24 26 27 30 34 35 37 39 43 45
6 12 3 4 6 10 25 32 2 12 13 14 16 17 23 28 29 33 36 46
17 16 0 8 9 15 18 19 20 24 26 27 30 34 35 37 39 43 45 1 5 7 11 21 22 31 38 40 41 42 44 47 48 49 50
17 6 0 8 9 15 18 19 20 24 26 27 30 34 35 37 39 43 45 3 4 6 10 25 32
12 6 2 12 13 14 16 17 23 28 29 33 36 46 3 4 6 10 25 32
16 12 1 5 7 11 21 22 31 38 40 41 42 44 47 48 49 50 2 12 13 14 16 17 23 28 29 33 36 46
16 12 1 5 7 11 21 22 31 38 40 41 42 44 47 48 49 50 2 12 13 14 16 17 23 28 29 33 36 46
6 12 3 4 6 10 25 32 2 12 13 14 16 17 23 28 29 33 36 46
6 16 3 4 6 10 25 32 1 5 7 11 21 22 31 38 40 41 42 44 47 48 49 50
17 16 0 8 9 15 18 19 20 24 26 27 30 34 35 37 39 43 45 1 5 7 11 21 22 31 38 40 41 42 44 47 48 49 50
16 12 1 5 7 11 21 22 31 38 40 41 42 44 47 48 49 50 2 12 13 14 16 17 23 28 29 33 36 46
12 16 2 12 13 14 16 17 23 28 29 33 36 46 1 5 7 11 21 22 31 38 40 41 42 44 47 48 49 50
17 12 0 8 9 15 18 19 20 24 26 27 30 34 35 37 39 43 45 2 12 13 14 16 17 23 28 29 33 36 46
17 6 0 8 9 15 18 19 20 24 26 27 30 34 35 37 39 43 45 3 4 6 10 25 32
12 17 2 12 13 14 16 17 23 28 29 33 36 46 0 8 9 15 18 19 20 24 26 27 30 34 35 37 39 43 45
16 6 1 5 7 11 21 22 31 38 40 41 42 44 47 48 49 50 3 4 6 10 25 32
12 6 2 12 13 14 16 17 23 28 29 33 36 46 3 4 6 10 25 32
16 12 1 5 7 11 21 22 31 38 40 41 42 44 47 48 49 50 2 12 13 14 16 17 23 28 29 33 36 46
16 6 1 5 7 11 21 22 31 38 40 41 42 44 47 48 49 50 3 4 6 10 25 32
16 12 1 5 7 11 21 22 31 38 40 41 42 44 47 48 49 50 2 12 13 14 16 17 23 28 29 33 36 46
6 16 3 4 6 10 25 32 1 5 7 11 21 22 31 38 40 41 42 44 47 48 49 50
16 17 1 5 7 11 21 22 31 38 40 41 42 44 47 48 49 50 0 8 9 15 18 19 20 24 26 27 30 34 35 37 39 43 45
12 17 2 12 13 14 16 17 23 28 29 33 36 46 0 8 9 15 18 19 20 24 26 27 30 34 35 37 39 43 45
6 17 3 4 6 10 25 32 0 8 9 15 18 19 20 24 26 27 30 34 35 37 39 43 45
6 12 3 4 6 10 25 32 2 12 13 14 16 17 23 28 29 33 36 46
6 16 3 4 6 10 25 32 1 5 7 11 21 22 31 38 40 41 42 44 47 48 49 50
6 12 3 4 6 10 25 32 2 12 13 14 16 17 23 28 29 33 36 46
6 16 3 4 6 10 25 32 1 5 7 11 21 22 31 38 40 41 42 44 47 48 49 50
6 17 3 4 6 10 25 32 0 8 9 15 18 19 20 24 26 27 30 34 35 37 39 43 45
6 17 3 4 6 10 25 32 0 8 9 15 18 19 20 24 26 27 30 34 35 37 39 43 45
16 6 1 5 7 11 21 22 31 38 40 41 42 44 47 48 49 50 3 4 6 10 25 32
6 17 3 4 6 10 25 32 0 8 9 15 18 19 20 24 26 27 30 34 35 37 39 43 45
6 12 3 4 6 10 25 32 2 12 13 14 16 17 23 28 29 33 36 46
6 12 3 4 6 10 25 32 2 12 13 14 16 17 23 28 29 33 36 46
6 16 3 4 6 10 25 32 1 5 7 11 21 22 31 38 40 41 42 44 47 48 49 50
16 17 1 5 7 11 21 22 31 38 40 41 42 44 47 48 49 50 0 8 9 15 18 19 20 24 26 27 30 34 35 37 39 43 45
6 16 3 4 6 10 25 32 1 5 7 11 21 22 31 38 40 41 42 44 47 48 49 50
16 12 1 5 7 11 21 22 31 38 40 41 42 44 47 48 49 50 2 12 13 14 16 17 23 28 29 33 36 46
6 16 3 4 6 10 25 32 1 5 7 11 21 22 31 38 40 41 42 44 47 48 49 50
17 12 0 8 9 15 18 19 20 24 26 27 30 34 35 37 39 43 45 2 12 13 14 16 17 23 28 29 33 36 46
12 6 2 12 13 14 16 17 23 28 29 33 36 46 3 4 6 10 25 32
6 17 3 4 6 10 25 32 0 8 9 15 18 19 20 24 26 27 30 34 35 37 39 43 45
17 12 0 8 9 15 18 19 20 24 26 27 30 34 35 37 39 43 45 2 12 13 14 16 17 23 28 29 33 36 46
12 17 2 12 13 14 16 17 23 28 29 33 36 46 0 8 9 15 18 19 20 24 26 27 30 34 35 37 39 43 45
16 12 1 5 7 11 21 22 31 38 40 41 42 44 47 48 49 50 2 12 13 14 16 17 23 28 29 33 36 46
17 12 0 8 9 15 18 19 20 24 26 27 30 34 35 37 39 43 45 2 12 13 14 16 17 23 28 29 33 36 46
6 16 3 4 6 10 25 32 1 5 7 11 21 22 31 38 40 41 42 44 47 48 49 50
6 16 3 4 6 10 25 32 1 5 7 11 21 22 31 38 40 41 42 44 47 48 49 50
17 6 0 8 9 15 18 19 20 24 26 27 30 34 35 37 39 43 45 3 4 6 10 25 32
17 6 0 8 9 15 18 19 20 24 26 27 30 34 35 37 39 43 45 3 4 6 10 25 32
12 17 2 12 13 14 16 17 23 28 29 33 36 46 0 8 9 15 18 19 20 24 26 27 30 34 35 37 39 43 45
16 17 1 5 7 11 21 22 31 38 40 41 42 44 47 48 49 50 0 8 9 15 18 19 20 24 26 27 30 34 35 37 39 43 45
17 6 0 8 9 15 18 19 20 24 26 27 30 34 35 37 39 43 45 3 4 6 10 25 32
12 17 2 12 13 14 16 17 23 28 29 33 36 46 0 8 9 15 18 19 20 24 26 27 30 34 35 37 39 43 45
12 16 2 12 13 14 16 17 23 28 29 33 36 46 1 5 7 11 21 22 31 38 40 41 42 44 47 48 49 50
17 6 0 8 9 15 18 19 20 24 26 27 30 34 35 37 39 43 45 3 4 6 10 25 32
16 17 1 5 7 11 21 22 31 38 40 41 42 44 47 48 49 50 0 8 9 15 18 19 20 24 26 27 30 34 35 37 39 43 45
12 17 2 12 13 14 16 17 23 28 29 33 36 46 0 8 9 15 18 19 20 24 26 27 30 34 35 37 39 43 45
16 12 1 5 7 11 21 22 31 38 40 41 42 44 47 48 49 50 2 12 13 14 16 17 23 28 29 33 36 46
12 17 2 12 13 14 16 17 23 28 29 33 36 46 0 8 9 15 18 19 20 24 26 27 30 34 35 37 39 43 45
16 6 1 5 7 11 21 22 31 38 40 41 42 44 47 48 49 50 3 4 6 10 25 32
6 12 3 4 6 10 25 32 2 12 13 14 16 17 23 28 29 33 36 46
16 12 1 5 7 11 21 22 31 38 40 41 42 44 47 48 49 50 2 12 13 14 16 17 23 28 29 33 36 46
12 6 2 12 13 14 16 17 23 28 29 33 36 46 3 4 6 10 25 32
6 17 3 4 6 10 25 32 0 8 9 15 18 19 20 24 26 27 30 34 35 37 39 43 45
6 12 3 4 6 10 25 32 2 12 13 14 16 17 23 28 29 33 36 46
17 16 0 8 9 15 18 19 20 24 26 27 30 34 35 37 39 43 45 1 5 7 11 21 22 31 38 40 41 42 44 47 48 49 50
17 6 0 8 9 15 18 19 20 24 26 27 30 34 35 37 39 43 45 3 4 6 10 25 32
6 17 3 4 6 10 25 32 0 8 9 15 18 19 20 24 26 27 30 34 35 37 39 43 45
6 16 3 4 6 10 25 32 1 5 7 11 21 22 31 38 40 41 42 44 47 48 49 50
17 12 0 8 9 15 18 19 20 24 26 27 30 34 35 37 39 43 45 2 12 13 14 16 17 23 28 29 33 36 46
6 12 3 4 6 10 25 32 2 12 13 14 16 17 23 28 29 33 36 46
12 6 2 12 13 14 16 17 23 28 29 33 36 46 3 4 6 10 25 32
17 6 0 8 9 15 18 19 20 24 26 27 30 34 35 37 39 43 45 3 4 6 10 25 32
17 6 0 8 9 15 18 19 20 24 26 27 30 34 35 37 39 43 45 3 4 6 10 25 32
17 16 0 8 9 15 18 19 20 24 26 27 30 34 35 37 39 43 45 1 5 7 11 21 22 31 38 40 41 42 44 47 48 49 50
12 6 2 12 13 14 16 17 23 28 29 33 36 46 3 4 6 10 25 32
17 16 0 8 9 15 18 19 20 24 26 27 30 34 35 37 39 43 45 1 5 7 11 21 22 31 38 40 41 42 44 47 48 49 50
12 6 2 12 13 14 16 17 23 28 29 33 36 46 3 4 6 10 25 32
6 17 3 4 6 10 25 32 0 8 9 15 18 19 20 24 26 27 30 34 35 37 39 43 45
16 6 1 5 7 11 21 22 31 38 40 41 42 44 47 48 49 50 3 4 6 10 25 32
6 12 3 4 6 10 25 32 2 12 13 14 16 17 23 28 29 33 36 46
6 12 3 4 6 10 25 32 2 12 13 14 16 17 23 28 29 33 36 46
17 16 0 8 9 15 18 19 20 24 26 27 30 34 35 37 39 43 45 1 5 7 11 21 22 31 38 40 41 42 44 47 48 49 50
17 6 0 8 9 15 18 19 20 24 26 27 30 34 35 37 39 43 45 3 4 6 10 25 32
17 16 0 8 9 15 18 19 20 24 26 27 30 34 35 37 39 43 45 1 5 7 11 21 22 31 38 40 41 42 44 47 48 49 50
16 17 1 5 7 11 21 22 31 38 40 41 42 44 47 48 49 50 0 8 9 15 18 19 20 24 26 27 30 34 35 37 39 43 45
17 6 0 8 9 15 18 19 20 24 26 27 30 34 35 37 39 43 45 3 4 6 10 25 32
6 17 3 4 6 10 25 32 0 8 9 15 18 19 20 24 26 27 30 34 35 37 39 43 45
6 12 3 4 6 10 25 32 2 12 13 14 16 17 23 28 29 33 36 46
17 12 0 8 9 15 18 19 20 24 26 27 30 34 35 37 39 43 45 2 12 13 14 16 17 23 28 29 33 36 46
16 12 1 5 7 11 21 22 31 38 40 41 42 44 47 48 49 50 2 12 13 14 16 17 23 28 29 33 36 46
6 17 3 4 6 10 25 32 0 8 9 15 18 19 20 24 26 27 30 34 35 37 39 43 45
17 16 0 8 9 15 18 19 20 24 26 27 30 34 35 37 39 43 45 1 5 7 11 21 22 31 38 40 41 42 44 47 48 49 50
6 17 3 4 6 10 25 32 0 8 9 15 18 19 20 24 26 27 30 34 35 37 39 43 45
6 17 3 4 6 10 25 32 0 8 9 15 18 19 20 24 26 27 30 34 35 37 39 43 45
17 12 0 8 9 15 18 19 20 24 26 27 30 34 35 37 39 43 45 2 12 13 14 16 17 23 28 29 33 36 46
17 16 0 8 9 15 18 19 20 24 26 27 30 34 35 37 39 43 45 1 5 7 11 21 22 31 38 40 41 42 44 47 48 49 50
12 17 2 12 13 14 16 17 23 28 29 33 36 46 0 8 9 15 18 19 20 24 26 27 30 34 35 37 39 43 45
6 17 3 4 6 10 25 32 0 8 9 15 18 19 20 24 26 27 30 34 35 37 39 43 45
6 16 3 4 6 10 25 32 1 5 7 11 21 22 31 38 40 41 42 44 47 48 49 50
12 17 2 12 13 14 16 17 23 28 29 33 36 46 0 8 9 15 18 19 20 24 26 27 30 34 35 37 39 43 45
6 17 3 4 6 10 25 32 0 8 9 15 18 19 20 24 26 27 30 34 35 37 39 43 45
17 16 0 8 9 15 18 19 20 24 26 27 30 34 35 37 39 43 45 1 5 7 11 21 22 31 38 40 41 42 44 47 48 49 50
16 6 1 5 7 11 21 22 31 38 40 41 42 44 47 48 49 50 3 4 6 10 25 32
17 16 0 8 9 15 18 19 20 24 26 27 30 34 35 37 39 43 45 1 5 7 11 21 22 31 38 40 41 42 44 47 48 49 50
17 6 0 8 9 15 18 19 20 24 26 27 30 34 35 37 39 43 45 3 4 6 10 25 32
17 6 0 8 9 15 18 19 20 24 26 27 30 34 35 37 39 43 45 3 4 6 10 25 32
6 16 3 4 6 10 25 32 1 5 7 11 21 22 31 38 40 41 42 44 47 48 49 50
12 6 2 12 13 14 16 17 23 28 29 33 36 46 3 4 6 10 25 32
17 12 0 8 9 15 18 19 20 24 26 27 30 34 35 37 39 43 45 2 12 13 14 16 17 23 28 29 33 36 46
12 6 2 12 13 14 16 17 23 28 29 33 36 46 3 4 6 10 25 32
16 6 1 5 7 11 21 22 31 38 40 41 42 44 47 48 49 50 3 4 6 10 25 32
6 12 3 4 6 10 25 32 2 12 13 14 16 17 23 28 29 33 36 46
17 6 0 8 9 15 18 19 20 24 26 27 30 34 35 37 39 43 45 3 4 6 10 25 32
6 17 3 4 6 10 25 32 0 8 9 15 18 19 20 24 26 27 30 34 35 37 39 43 45
6 16 3 4 6 10 25 32 1 5 7 11 21 22 31 38 40 41 42 44 47 48 49 50
17 16 0 8 9 15 18 19 20 24 26 27 30 34 35 37 39 43 45 1 5 7 11 21 22 31 38 40 41 42 44 47 48 49 50
12 6 2 12 13 14 16 17 23 28 29 33 36 46 3 4 6 10 25 32
16 12 1 5 7 11 21 22 31 38 40 41 42 44 47 48 49 50 2 12 13 14 16 17 23 28 29 33 36 46
6 16 3 4 6 10 25 32 1 5 7 11 21 22 31 38 40 41 42 44 47 48 49 50
12 17 2 12 13 14 16 17 23 28 29 33 36 46 0 8 9 15 18 19 20 24 26 27 30 34 35 37 39 43 45
17 16 0 8 9 15 18 19 20 24 26 27 30 34 35 37 39 43 45 1 5 7 11 21 22 31 38 40 41 42 44 47 48 49 50
6 12 3 4 6 10 25 32 2 12 13 14 16 17 23 28 29 33 36 46
12 16 2 12 13 14 16 17 23 28 29 33 36 46 1 5 7 11 21 22 31 38 40 41 42 44 47 48 49 50
16 6 1 5 7 11 21 22 31 38 40 41 42 44 47 48 49 50 3 4 6 10 25 32
6 16 3 4 6 10 25 32 1 5 7 11 21 22 31 38 40 41 42 44 47 48 49 50
16 6 1 5 7 11 21 22 31 38 40 41 42 44 47 48 49 50 3 4 6 10 25 32
6 17 3 4 6 10 25 32 0 8 9 15 18 19 20 24 26 27 30 34 35 37 39 43 45
17 6 0 8 9 15 18 19 20 24 26 27 30 34 35 37 39 43 45 3 4 6 10 25 32
17 16 0 8 9 15 18 19 20 24 26 27 30 34 35 37 39 43 45 1 5 7 11 21 22 31 38 40 41 42 44 47 48 49 50
6 17 3 4 6 10 25 32 0 8 9 15 18 19 20 24 26 27 30 34 35 37 39 43 45
17 12 0 8 9 15 18 19 20 24 26 27 30 34 35 37 39 43 45 2 12 13 14 16 17 23 28 29 33 36 46
17 6 0 8 9 15 18 19 20 24 26 27 30 34 35 37 39 43 45 3 4 6 10 25 32
17 6 0 8 9 15 18 19 20 24 26 27 30 34 35 37 39 43 45 3 4 6 10 25 32
6 12 3 4 6 10 25 32 2 12 13 14 16 17 23 28 29 33 36 46
6 16 3 4 6 10 25 32 1 5 7 11 21 22 31 38 40 41 42 44 47 48 49 50
6 17 3 4 6 10 25 32 0 8 9 15 18 19 20 24 26 27 30 34 35 37 39 43 45
17 12 0 8 9 15 18 19 20 24 26 27 30 34 35 37 39 43 45 2 12 13 14 16 17 23 28 29 33 36 46
6 12 3 4 6 10 25 32 2 12 13 14 16 17 23 28 29 33 36 46
12 6 2 12 13 14 16 17 23 28 29 33 36 46 3 4 6 10 25 32
6 16 3 4 6 10 25 32 1 5 7 11 21 22 31 38 40 41 42 44 47 48 49 50
12 6 2 12 13 14 16 17 23 28 29 33 36 46 3 4 6 10 25 32
12 17 2 12 13 14 16 17 23 28 29 33 36 46 0 8 9 15 18 19 20 24 26 27 30 34 35 37 39 43 45
6 16 3 4 6 10 25 32 1 5 7 11 21 22 31 38 40 41 42 44 47 48 49 50
6 17 3 4 6 10 25 32 0 8 9 15 18 19 20 24 26 27 30 34 35 37 39 43 45
17 6 0 8 9 15 18 19 20 24 26 27 30 34 35 37 39 43 45 3 4 6 10 25 32
6 12 3 4 6 10 25 32 2 12 13 14 16 17 23 28 29 33 36 46
6 16 3 4 6 10 25 32 1 5 7 11 21 22 31 38 40 41 42 44 47 48 49 50
6 17 3 4 6 10 25 32 0 8 9 15 18 19 20 24 26 27 30 34 35 37 39 43 45
16 17 1 5 7 11 21 22 31 38 40 41 42 44 47 48 49 50 0 8 9 15 18 19 20 24 26 27 30 34 35 37 39 43 45
6 17 3 4 6 10 25 32 0 8 9 15 18 19 20 24 26 27 30 34 35 37 39 43 45
12 17 2 12 13 14 16 17 23 28 29 33 36 46 0 8 9 15 18 19 20 24 26 27 30 34 35 37 39 43 45
12 17 2 12 13 14 16 17 23 28 29 33 36 46 0 8 9 15 18 19 20 24 26 27 30 34 35 37 39 43 45
17 6 0 8 9 15 18 19 20 24 26 27 30 34 35 37 39 43 45 3 4 6 10 25 32
6 12 3 4 6 10 25 32 2 12 13 14 16 17 23 28 29 33 36 46
6 17 3 4 6 10 25 32 0 8 9 15 18 19 20 24 26 27 30 34 35 37 39 43 45
6 16 3 4 6 10 25 32 1 5 7 11 21 22 31 38 40 41 42 44 47 48 49 50
12 17 2 12 13 14 16 17 23 28 29 33 36 46 0 8 9 15 18 19 20 24 26 27 30 34 35 37 39 43 45
6 12 3 4 6 10 25 32 2 12 13 14 16 17 23 28 29 33 36 46
16 6 1 5 7 11 21 22 31 38 40 41 42 44 47 48 49 50 3 4 6 10 25 32
12 17 2 12 13 14 16 17 23 28 29 33 36 46 0 8 9 15 18 19 20 24 26 27 30 34 35 37 39 43 45
16 6 1 5 7 11 21 22 31 38 40 41 42 44 47 48 49 50 3 4 6 10 25 32
12 16 2 12 13 14 16 17 23 28 29 33 36 46 1 5 7 11 21 22 31 38 40 41 42 44 47 48 49 50
16 12 1 5 7 11 21 22 31 38 40 41 42 44 47 48 49 50 2 12 13 14 16 17 23 28 29 33 36 46
17 6 0 8 9 15 18 19 20 24 26 27 30 34 35 37 39 43 45 3 4 6 10 25 32
6 17 3 4 6 10 25 32 0 8 9 15 18 19 20 24 26 27 30 34 35 37 39 43 45
17 16 0 8 9 15 18 19 20 24 26 27 30 34 35 37 39 43 45 1 5 7 11 21 22 31 38 40 41 42 44 47 48 49 50
17 12 0 8 9 15 18 19 20 24 26 27 30 34 35 37 39 43 45 2 12 13 14 16 17 23 28 29 33 36 46
6 16 3 4 6 10 25 32 1 5 7 11 21 22 31 38 40 41 42 44 47 48 49 50
17 6 0 8 9 15 18 19 20 24 26 27 30 34 35 37 39 43 45 3 4 6 10 25 32
16 12 1 5 7 11 21 22 31 38 40 41 42 44 47 48 49 50 2 12 13 14 16 17 23 28 29 33 36 46
16 17 1 5 7 11 21 22 31 38 40 41 42 44 47 48 49 50 0 8 9 15 18 19 20 24 26 27 30 34 35 37 39 43 45
12 17 2 12 13 14 16 17 23 28 29 33 36 46 0 8 9 15 18 19 20 24 26 27 30 34 35 37 39 43 45
16 12 1 5 7 11 21 22 31 38 40 41 42 44 47 48 49 50 2 12 13 14 16 17 23 28 29 33 36 46
12 17 2 12 13 14 16 17 23 28 29 33 36 46 0 8 9 15 18 19 20 24 26 27 30 34 35 37 39 43 45
12 17 2 12 13 14 16 17 23 28 29 33 36 46 0 8 9 15 18 19 20 24 26 27 30 34 35 37 39 43 45
12 17 2 12 13 14 16 17 23 28 29 33 36 46 0 8 9 15 18 19 20 24 26 27 30 34 35 37 39 43 45
6 17 3 4 6 10 25 32 0 8 9 15 18 19 20 24 26 27 30 34 35 37 39 43 45
16 17 1 5 7 11 21 22 31 38 40 41 42 44 47 48 49 50 0 8 9 15 18 19 20 24 26 27 30 34 35 37 39 43 45
12 6 2 12 13 14 16 17 23 28 29 33 36 46 3 4 6 10 25 32
12 17 2 12 13 14 16 17 23 28 29 33 36 46 0 8 9 15 18 19 20 24 26 27 30 34 35 37 39 43 45
16 6 1 5 7 11 21 22 31 38 40 41 42 44 47 48 49 50 3 4 6 10 25 32
17 12 0 8 9 15 18 19 20 24 26 27 30 34 35 37 39 43 45 2 12 13 14 16 17 23 28 29 33 36 46
17 6 0 8 9 15 18 19 20 24 26 27 30 34 35 37 39 43 45 3 4 6 10 25 32
16 17 1 5 7 11 21 22 31 38 40 41 42 44 47 48 49 50 0 8 9 15 18 19 20 24 26 27 30 34 35 37 39 43 45
6 17 3 4 6 10 25 32 0 8 9 15 18 19 20 24 26 27 30 34 35 37 39 43 45
6 16 3 4 6 10 25 32 1 5 7 11 21 22 31 38 40 41 42 44 47 48 49 50
16 17 1 5 7 11 21 22 31 38 40 41 42 44 47 48 49 50 0 8 9 15 18 19 20 24 26 27 30 34 35 37 39 43 45
16 17 1 5 7 11 21 22 31 38 40 41 42 44 47 48 49 50 0 8 9 15 18 19 20 24 26 27 30 34 35 37 39 43 45
16 17 1 5 7 11 21 22 31 38 40 41 42 44 47 48 49 50 0 8 9 15 18 19 20 24 26 27 30 34 35 37 39 43 45
6 12 3 4 6 10 25 32 2 12 13 14 16 17 23 28 29 33 36 46
6 12 3 4 6 10 25 32 2 12 13 14 16 17 23 28 29 33 36 46
17 16 0 8 9 15 18 19 20 24 26 27 30 34 35 37 39 43 45 1 5 7 11 21 22 31 38 40 41 42 44 47 48 49 50
17 12 0 8 9 15 18 19 20 24 26 27 30 34 35 37 39 43 45 2 12 13 14 16 17 23 28 29 33 36 46
16 12 1 5 7 11 21 22 31 38 40 41 42 44 47 48 49 50 2 12 13 14 16 17 23 28 29 33 36 46
12 6 2 12 13 14 16 17 23 28 29 33 36 46 3 4 6 10 25 32
6 12 3 4 6 10 25 32 2 12 13 14 16 17 23 28 29 33 36 46
12 6 2 12 13 14 16 17 23 28 29 33 36 46 3 4 6 10 25 32
6 16 3 4 6 10 25 32 1 5 7 11 21 22 31 38 40 41 42 44 47 48 49 50
16 17 1 5 7 11 21 22 31 38 40 41 42 44 47 48 49 50 0 8 9 15 18 19 20 24 26 27 30 34 35 37 39 43 45
6 12 3 4 6 10 25 32 2 12 13 14 16 17 23 28 29 33 36 46
17 16 0 8 9 15 18 19 20 24 26 27 30 34 35 37 39 43 45 1 5 7 11 21 22 31 38 40 41 42 44 47 48 49 50
16 17 1 5 7 11 21 22 31 38 40 41 42 44 47 48 49 50 0 8 9 15 18 19 20 24 26 27 30 34 35 37 39 43 45
6 16 3 4 6 10 25 32 1 5 7 11 21 22 31 38 40 41 42 44 47 48 49 50
12 17 2 12 13 14 16 17 23 28 29 33 36 46 0 8 9 15 18 19 20 24 26 27 30 34 35 37 39 43 45
16 17 1 5 7 11 21 22 31 38 40 41 42 44 47 48 49 50 0 8 9 15 18 19 20 24 26 27 30 34 35 37 39 43 45
6 16 3 4 6 10 25 32 1 5 7 11 21 22 31 38 40 41 42 44 47 48 49 50
12 16 2 12 13 14 16 17 23 28 29 33 36 46 1 5 7 11 21 22 31 38 40 41 42 44 47 48 49 50
6 16 3 4 6 10 25 32 1 5 7 11 21 22 31 38 40 41 42 44 47 48 49 50
12 17 2 12 13 14 16 17 23 28 29 33 36 46 0 8 9 15 18 19 20 24 26 27 30 34 35 37 39 43 45
17 16 0 8 9 15 18 19 20 24 26 27 30 34 35 37 39 43 45 1 5 7 11 21 22 31 38 40 41 42 44 47 48 49 50
17 16 0 8 9 15 18 19 20 24 26 27 30 34 35 37 39 43 45 1 5 7 11 21 22 31 38 40 41 42 44 47 48 49 50
6 16 3 4 6 10 25 32 1 5 7 11 21 22 31 38 40 41 42 44 47 48 49 50
6 12 3 4 6 10 25 32 2 12 13 14 16 17 23 28 29 33 36 46
12 6 2 12 13 14 16 17 23 28 29 33 36 46 3 4 6 10 25 32
17 6 0 8 9 15 18 19 20 24 26 27 30 34 35 37 39 43 45 3 4 6 10 25 32
6 17 3 4 6 10 25 32 0 8 9 15 18 19 20 24 26 27 30 34 35 37 39 43 45
6 16 3 4 6 10 25 32 1 5 7 11 21 22 31 38 40 41 42 44 47 48 49 50
6 16 3 4 6 10 25 32 1 5 7 11 21 22 31 38 40 41 42 44 47 48 49 50
12 16 2 12 13 14 16 17 23 28 29 33 36 46 1 5 7 11 21 22 31 38 40 41 42 44 47 48 49 50
16 17 1 5 7 11 21 22 31 38 40 41 42 44 47 48 49 50 0 8 9 15 18 19 20 24 26 27 30 34 35 37 39 43 45
17 12 0 8 9 15 18 19 20 24 26 27 30 34 35 37 39 43 45 2 12 13 14 16 17 23 28 29 33 36 46
16 6 1 5 7 11 21 22 31 38 40 41 42 44 47 48 49 50 3 4 6 10 25 32
17 16 0 8 9 15 18 19 20 24 26 27 30 34 35 37 39 43 45 1 5 7 11 21 22 31 38 40 41 42 44 47 48 49 50
12 6 2 12 13 14 16 17 23 28 29 33 36 46 3 4 6 10 25 32
12 16 2 12 13 14 16 17 23 28 29 33 36 46 1 5 7 11 21 22 31 38 40 41 42 44 47 48 49 50
12 16 2 12 13 14 16 17 23 28 29 33 36 46 1 5 7 11 21 22 31 38 40 41 42 44 47 48 49 50
12 17 2 12 13 14 16 17 23 28 29 33 36 46 0 8 9 15 18 19 20 24 26 27 30 34 35 37 39 43 45
17 12 0 8 9 15 18 19 20 24 26 27 30 34 35 37 39 43 45 2 12 13 14 16 17 23 28 29 33 36 46
17 16 0 8 9 15 18 19 20 24 26 27 30 34 35 37 39 43 45 1 5 7 11 21 22 31 38 40 41 42 44 47 48 49 50
12 6 2 12 13 14 16 17 23 28 29 33 36 46 3 4 6 10 25 32
16 12 1 5 7 11 21 22 31 38 40 41 42 44 47 48 49 50 2 12 13 14 16 17 23 28 29 33 36 46
17 16 0 8 9 15 18 19 20 24 26 27 30 34 35 37 39 43 45 1 5 7 11 21 22 31 38 40 41 42 44 47 48 49 50
17 16 0 8 9 15 18 19 20 24 26 27 30 34 35 37 39 43 45 1 5 7 11 21 22 31 38 40 41 42 44 47 48 49 50
12 16 2 12 13 14 16 17 23 28 29 33 36 46 1 5 7 11 21 22 31 38 40 41 42 44 47 48 49 50
6 17 3 4 6 10 25 32 0 8 9 15 18 19 20 24 26 27 30 34 35 37 39 43 45
6 17 3 4 6 10 25 32 0 8 9 15 18 19 20 24 26 27 30 34 35 37 39 43 45
12 16 2 12 13 14 16 17 23 28 29 33 36 46 1 5 7 11 21 22 31 38 40 41 42 44 47 48 49 50
17 16 0 8 9 15 18 19 20 24 26 27 30 34 35 37 39 43 45 1 5 7 11 21 22 31 38 40 41 42 44 47 48 49 50
12 17 2 12 13 14 16 17 23 28 29 33 36 46 0 8 9 15 18 19 20 24 26 27 30 34 35 37 39 43 45
17 6 0 8 9 15 18 19 20 24 26 27 30 34 35 37 39 43 45 3 4 6 10 25 32
12 6 2 12 13 14 16 17 23 28 29 33 36 46 3 4 6 10 25 32
16 12 1 5 7 11 21 22 31 38 40 41 42 44 47 48 49 50 2 12 13 14 16 17 23 28 29 33 36 46
17 16 0 8 9 15 18 19 20 24 26 27 30 34 35 37 39 43 45 1 5 7 11 21 22 31 38 40 41 42 44 47 48 49 50
12 16 2 12 13 14 16 17 23 28 29 33 36 46 1 5 7 11 21 22 31 38 40 41 42 44 47 48 49 50
12 17 2 12 13 14 16 17 23 28 29 33 36 46 0 8 9 15 18 19 20 24 26 27 30 34 35 37 39 43 45
6 17 3 4 6 10 25 32 0 8 9 15 18 19 20 24 26 27 30 34 35 37 39 43 45
17 16 0 8 9 15 18 19 20 24 26 27 30 34 35 37 39 43 45 1 5 7 11 21 22 31 38 40 41 42 44 47 48 49 50
12 6 2 12 13 14 16 17 23 28 29 33 36 46 3 4 6 10 25 32
17 16 0 8 9 15 18 19 20 24 26 27 30 34 35 37 39 43 45 1 5 7 11 21 22 31 38 40 41 42 44 47 48 49 50
16 12 1 5 7 11 21 22 31 38 40 41 42 44 47 48 49 50 2 12 13 14 16 17 23 28 29 33 36 46
16 17 1 5 7 11 21 22 31 38 40 41 42 44 47 48 49 50 0 8 9 15 18 19 20 24 26 27 30 34 35 37 39 43 45
16 17 1 5 7 11 21 22 31 38 40 41 42 44 47 48 49 50 0 8 9 15 18 19 20 24 26 27 30 34 35 37 39 43 45
12 16 2 12 13 14 16 17 23 28 29 33 36 46 1 5 7 11 21 22 31 38 40 41 42 44 47 48 49 50
12 6 2 12 13 14 16 17 23 28 29 33 36 46 3 4 6 10 25 32
12 17 2 12 13 14 16 17 23 28 29 33 36 46 0 8 9 15 18 19 20 24 26 27 30 34 35 37 39 43 45
16 6 1 5 7 11 21 22 31 38 40 41 42 44 47 48 49 50 3 4 6 10 25 32
12 16 2 12 13 14 16 17 23 28 29 33 36 46 1 5 7 11 21 22 31 38 40 41 42 44 47 48 49 50
17 12 0 8 9 15 18 19 20 24 26 27 30 34 35 37 39 43 45 2 12 13 14 16 17 23 28 29 33 36 46
12 16 2 12 13 14 16 17 23 28 29 33 36 46 1 5 7 11 21 22 31 38 40 41 42 44 47 48 49 50
16 17 1 5 7 11 21 22 31 38 40 41 42 44 47 48 49 50 0 8 9 15 18 19 20 24 26 27 30 34 35 37 39 43 45
6 16 3 4 6 10 25 32 1 5 7 11 21 22 31 38 40 41 42 44 47 48 49 50
17 12 0 8 9 15 18 19 20 24 26 27 30 34 35 37 39 43 45 2 12 13 14 16 17 23 28 29 33 36 46
17 12 0 8 9 15 18 19 20 24 26 27 30 34 35 37 39 43 45 2 12 13 14 16 17 23 28 29 33 36 46
16 12 1 5 7 11 21 22 31 38 40 41 42 44 47 48 49 50 2 12 13 14 16 17 23 28 29 33 36 46
12 16 2 12 13 14 16 17 23 28 29 33 36 46 1 5 7 11 21 22 31 38 40 41 42 44 47 48 49 50
16 6 1 5 7 11 21 22 31 38 40 41 42 44 47 48 49 50 3 4 6 10 25 32
6 17 3 4 6 10 25 32 0 8 9 15 18 19 20 24 26 27 30 34 35 37 39 43 45
16 17 1 5 7 11 21 22 31 38 40 41 42 44 47 48 49 50 0 8 9 15 18 19 20 24 26 27 30 34 35 37 39 43 45
12 6 2 12 13 14 16 17 23 28 29 33 36 46 3 4 6 10 25 32
6 17 3 4 6 10 25 32 0 8 9 15 18 19 20 24 26 27 30 34 35 37 39 43 45
17 6 0 8 9 15 18 19 20 24 26 27 30 34 35 37 39 43 45 3 4 6 10 25 32
12 17 2 12 13 14 16 17 23 28 29 33 36 46 0 8 9 15 18 19 20 24 26 27 30 34 35 37 39 43 45
12 17 2 12 13 14 16 17 23 28 29 33 36 46 0 8 9 15 18 19 20 24 26 27 30 34 35 37 39 43 45
16 6 1 5 7 11 21 22 31 38 40 41 42 44 47 48 49 50 3 4 6 10 25 32
17 6 0 8 9 15 18 19 20 24 26 27 30 34 35 37 39 43 45 3 4 6 10 25 32
6 16 3 4 6 10 25 32 1 5 7 11 21 22 31 38 40 41 42 44 47 48 49 50
12 17 2 12 13 14 16 17 23 28 29 33 36 46 0 8 9 15 18 19 20 24 26 27 30 34 35 37 39 43 45
6 16 3 4 6 10 25 32 1 5 7 11 21 22 31 38 40 41 42 44 47 48 49 50
6 16 3 4 6 10 25 32 1 5 7 11 21 22 31 38 40 41 42 44 47 48 49 50
17 12 0 8 9 15 18 19 20 24 26 27 30 34 35 37 39 43 45 2 12 13 14 16 17 23 28 29 33 36 46
12 6 2 12 13 14 16 17 23 28 29 33 36 46 3 4 6 10 25 32
12 17 2 12 13 14 16 17 23 28 29 33 36 46 0 8 9 15 18 19 20 24 26 27 30 34 35 37 39 43 45
16 17 1 5 7 11 21 22 31 38 40 41 42 44 47 48 49 50 0 8 9 15 18 19 20 24 26 27 30 34 35 37 39 43 45
16 12 1 5 7 11 21 22 31 38 40 41 42 44 47 48 49 50 2 12 13 14 16 17 23 28 29 33 36 46
6 16 3 4 6 10 25 32 1 5 7 11 21 22 31 38 40 41 42 44 47 48 49 50
12 16 2 12 13 14 16 17 23 28 29 33 36 46 1 5 7 11 21 22 31 38 40 41 42 44 47 48 49 50
12 6 2 12 13 14 16 17 23 28 29 33 36 46 3 4 6 10 25 32
17 6 0 8 9 15 18 19 20 24 26 27 30 34 35 37 39 43 45 3 4 6 10 25 32
6 16 3 4 6 10 25 32 1 5 7 11 21 22 31 38 40 41 42 44 47 48 49 50
16 6 1 5 7 11 21 22 31 38 40 41 42 44 47 48 49 50 3 4 6 10 25 32
17 12 0 8 9 15 18 19 20 24 26 27 30 34 35 37 39 43 45 2 12 13 14 16 17 23 28 29 33 36 46
6 17 3 4 6 10 25 32 0 8 9 15 18 19 20 24 26 27 30 34 35 37 39 43 45
16 12 1 5 7 11 21 22 31 38 40 41 42 44 47 48 49 50 2 12 13 14 16 17 23 28 29 33 36 46
6 16 3 4 6 10 25 32 1 5 7 11 21 22 31 38 40 41 42 44 47 48 49 50
17 6 0 8 9 15 18 19 20 24 26 27 30 34 35 37 39 43 45 3 4 6 10 25 32
16 17 1 5 7 11 21 22 31 38 40 41 42 44 47 48 49 50 0 8 9 15 18 19 20 24 26 27 30 34 35 37 39 43 45
6 12 3 4 6 10 25 32 2 12 13 14 16 17 23 28 29 33 36 46
12 16 2 12 13 14 16 17 23 28 29 33 36 46 1 5 7 11 21 22 31 38 40 41 42 44 47 48 49 50
12 16 2 12 13 14 16 17 23 28 29 33 36 46 1 5 7 11 21 22 31 38 40 41 42 44 47 48 49 50
17 16 0 8 9 15 18 19 20 24 26 27 30 34 35 37 39 43 45 1 5 7 11 21 22 31 38 40 41 42 44 47 48 49 50
16 6 1 5 7 11 21 22 31 38 40 41 42 44 47 48 49 50 3 4 6 10 25 32
16 12 1 5 7 11 21 22 31 38 40 41 42 44 47 48 49 50 2 12 13 14 16 17 23 28 29 33 36 46
12 6 2 12 13 14 16 17 23 28 29 33 36 46 3 4 6 10 25 32
17 12 0 8 9 15 18 19 20 24 26 27 30 34 35 37 39 43 45 2 12 13 14 16 17 23 28 29 33 36 46
17 12 0 8 9 15 18 19 20 24 26 27 30 34 35 37 39 43 45 2 12 13 14 16 17 23 28 29 33 36 46
17 16 0 8 9 15 18 19 20 24 26 27 30 34 35 37 39 43 45 1 5 7 11 21 22 31 38 40 41 42 44 47 48 49 50
17 6 0 8 9 15 18 19 20 24 26 27 30 34 35 37 39 43 45 3 4 6 10 25 32
12 6 2 12 13 14 16 17 23 28 29 33 36 46 3 4 6 10 25 32
17 12 0 8 9 15 18 19 20 24 26 27 30 34 35 37 39 43 45 2 12 13 14 16 17 23 28 29 33 36 46
17 12 0 8 9 15 18 19 20 24 26 27 30 34 35 37 39 43 45 2 12 13 14 16 17 23 28 29 33 36 46
17 12 0 8 9 15 18 19 20 24 26 27 30 34 35 37 39 43 45 2 12 13 14 16 17 23 28 29 33 36 46
17 16 0 8 9 15 18 19 20 24 26 27 30 34 35 37 39 43 45 1 5 7 11 21 22 31 38 40 41 42 44 47 48 49 50
16 17 1 5 7 11 21 22 31 38 40 41 42 44 47 48 49 50 0 8 9 15 18 19 20 24 26 27 30 34 35 37 39 43 45
17 12 0 8 9 15 18 19 20 24 26 27 30 34 35 37 39 43 45 2 12 13 14 16 17 23 28 29 33 36 46
6 12 3 4 6 10 25 32 2 12 13 14 16 17 23 28 29 33 36 46
17 16 0 8 9 15 18 19 20 24 26 27 30 34 35 37 39 43 45 1 5 7 11 21 22 31 38 40 41 42 44 47 48 49 50
12 16 2 12 13 14 16 17 23 28 29 33 36 46 1 5 7 11 21 22 31 38 40 41 42 44 47 48 49 50
17 16 0 8 9 15 18 19 20 24 26 27 30 34 35 37 39 43 45 1 5 7 11 21 22 31 38 40 41 42 44 47 48 49 50
12 6 2 12 13 14 16 17 23 28 29 33 36 46 3 4 6 10 25 32
12 6 2 12 13 14 16 17 23 28 29 33 36 46 3 4 6 10 25 32
12 6 2 12 13 14 16 17 23 28 29 33 36 46 3 4 6 10 25 32
12 6 2 12 13 14 16 17 23 28 29 33 36 46 3 4 6 10 25 32
6 17 3 4 6 10 25 32 0 8 9 15 18 19 20 24 26 27 30 34 35 37 39 43 45
16 6 1 5 7 11 21 22 31 38 40 41 42 44 47 48 49 50 3 4 6 10 25 32
17 6 0 8 9 15 18 19 20 24 26 27 30 34 35 37 39 43 45 3 4 6 10 25 32
17 6 0 8 9 15 18 19 20 24 26 27 30 34 35 37 39 43 45 3 4 6 10 25 32
6 16 3 4 6 10 25 32 1 5 7 11 21 22 31 38 40 41 42 44 47 48 49 50
12 17 2 12 13 14 16 17 23 28 29 33 36 46 0 8 9 15 18 19 20 24 26 27 30 34 35 37 39 43 45
6 17 3 4 6 10 25 32 0 8 9 15 18 19 20 24 26 27 30 34 35 37 39 43 45
17 6 0 8 9 15 18 19 20 24 26 27 30 34 35 37 39 43 45 3 4 6 10 25 32
17 6 0 8 9 15 18 19 20 24 26 27 30 34 35 37 39 43 45 3 4 6 10 25 32
12 17 2 12 13 14 16 17 23 28 29 33 36 46 0 8 9 15 18 19 20 24 26 27 30 34 35 37 39 43 45
12 17 2 12 13 14 16 17 23 28 29 33 36 46 0 8 9 15 18 19 20 24 26 27 30 34 35 37 39 43 45
6 16 3 4 6 10 25 32 1 5 7 11 21 22 31 38 40 41 42 44 47 48 49 50
12 6 2 12 13 14 16 17 23 28 29 33 36 46 3 4 6 10 25 32
12 17 2 12 13 14 16 17 23 28 29 33 36 46 0 8 9 15 18 19 20 24 26 27 30 34 35 37 39 43 45
17 12 0 8 9 15 18 19 20 24 26 27 30 34 35 37 39 43 45 2 12 13 14 16 17 23 28 29 33 36 46
12 17 2 12 13 14 16 17 23 28 29 33 36 46 0 8 9 15 18 19 20 24 26 27 30 34 35 37 39 43 45
17 16 0 8 9 15 18 19 20 24 26 27 30 34 35 37 39 43 45 1 5 7 11 21 22 31 38 40 41 42 44 47 48 49 50
16 6 1 5 7 11 21 22 31 38 40 41 42 44 47 48 49 50 3 4 6 10 25 32
6 16 3 4 6 10 25 32 1 5 7 11 21 22 31 38 40 41 42 44 47 48 49 50
12 6 2 12 13 14 16 17 23 28 29 33 36 46 3 4 6 10 25 32
16 17 1 5 7 11 21 22 31 38 40 41 42 44 47 48 49 50 0 8 9 15 18 19 20 24 26 27 30 34 35 37 39 43 45
6 16 3 4 6 10 25 32 1 5 7 11 21 22 31 38 40 41 42 44 47 48 49 50
16 12 1 5 7 11 21 22 31 38 40 41 42 44 47 48 49 50 2 12 13 14 16 17 23 28 29 33 36 46
12 17 2 12 13 14 16 17 23 28 29 33 36 46 0 8 9 15 18 19 20 24 26 27 30 34 35 37 39 43 45
6 17 3 4 6 10 25 32 0 8 9 15 18 19 20 24 26 27 30 34 35 37 39 43 45
16 6 1 5 7 11 21 22 31 38 40 41 42 44 47 48 49 50 3 4 6 10 25 32
16 6 1 5 7 11 21 22 31 38 40 41 42 44 47 48 49 50 3 4 6 10 25 32
16 12 1 5 7 11 21 22 31 38 40 41 42 44 47 48 49 50 2 12 13 14 16 17 23 28 29 33 36 46
16 6 1 5 7 11 21 22 31 38 40 41 42 44 47 48 49 50 3 4 6 10 25 32
16 12 1 5 7 11 21 22 31 38 40 41 42 44 47 48 49 50 2 12 13 14 16 17 23 28 29 33 36 46
6 16 3 4 6 10 25 32 1 5 7 11 21 22 31 38 40 41 42 44 47 48 49 50
16 12 1 5 7 11 21 22 31 38 40 41 42 44 47 48 49 50 2 12 13 14 16 17 23 28 29 33 36 46
16 17 1 5 7 11 21 22 31 38 40 41 42 44 47 48 49 50 0 8 9 15 18 19 20 24 26 27 30 34 35 37 39 43 45
17 16 0 8 9 15 18 19 20 24 26 27 30 34 35 37 39 43 45 1 5 7 11 21 22 31 38 40 41 42 44 47 48 49 50
16 6 1 5 7 11 21 22 31 38 40 41 42 44 47 48 49 50 3 4 6 10 25 32
6 12 3 4 6 10 25 32 2 12 13 14 16 17 23 28 29 33 36 46
12 17 2 12 13 14 16 17 23 28 29 33 36 46 0 8 9 15 18 19 20 24 26 27 30 34 35 37 39 43 45
12 16 2 12 13 14 16 17 23 28 29 33 36 46 1 5 7 11 21 22 31 38 40 41 42 44 47 48 49 50
16 6 1 5 7 11 21 22 31 38 40 41 42 44 47 48 49 50 3 4 6 10 25 32
6 17 3 4 6 10 25 32 0 8 9 15 18 19 20 24 26 27 30 34 35 37 39 43 45
12 6 2 12 13 14 16 17 23 28 29 33 36 46 3 4 6 10 25 32
12 16 2 12 13 14 16 17 23 28 29 33 36 46 1 5 7 11 21 22 31 38 40 41 42 44 47 48 49 50
12 16 2 12 13 14 16 17 23 28 29 33 36 46 1 5 7 11 21 22 31 38 40 41 42 44 47 48 49 50
6 16 3 4 6 10 25 32 1 5 7 11 21 22 31 38 40 41 42 44 47 48 49 50
17 16 0 8 9 15 18 19 20 24 26 27 30 34 35 37 39 43 45 1 5 7 11 21 22 31 38 40 41 42 44 47 48 49 50
17 16 0 8 9 15 18 19 20 24 26 27 30 34 35 37 39 43 45 1 5 7 11 21 22 31 38 40 41 42 44 47 48 49 50
16 6 1 5 7 11 21 22 31 38 40 41 42 44 47 48 49 50 3 4 6 10 25 32
1 2 3 3 3 3 3 1 3 3 0 0 0 0 1 1 2 3 1 0 2 1 2 3 0 2 0 1 1 1 0 3 2 2 2 1 3 3 2 1 2 0 3 2 0 0 2 1 0 2 1
