1 1 15 18
1 1 48 44
1 1 45 41
1 1 47 16
1 1 46 28
1 1 34 8
1 1 3 32
1 1 5 45
1 1 44 36
1 1 39 41
1 1 42 5
1 1 37 35
1 1 28 18
1 1 10 4
1 1 4 24
1 1 17 44
1 1 39 43
1 1 3 36
1 1 22 21
1 1 25 27
1 1 20 29
1 1 44 21
1 1 14 42
1 1 46 17
1 1 37 30
1 1 33 42
1 1 34 11
1 1 44 49
1 1 14 24
1 1 40 29
1 1 48 15
1 1 8 11
1 1 44 7
1 1 7 45
1 1 25 14
1 1 24 7
1 1 31 5
1 1 40 15
1 1 5 11
1 1 45 31
1 1 26 11
1 1 46 38
1 1 36 32
1 1 14 38
1 1 7 38
1 1 33 0
1 1 2 31
1 1 46 10
1 1 17 19
1 1 14 2
1 1 46 11
1 1 35 5
1 1 38 28
1 1 10 47
1 1 5 30
1 1 19 32
1 1 35 15
1 1 22 7
1 1 26 44
1 1 31 26
1 1 19 36
1 1 45 43
1 1 21 12
1 1 37 12
1 1 31 48
1 1 25 36
1 1 41 43
1 1 21 42
1 1 4 1
1 1 32 18
1 1 9 37
1 1 7 12
1 1 37 29
1 1 45 34
1 1 30 47
1 1 26 2
1 1 29 12
1 1 20 43
1 1 40 37
1 1 40 31
1 1 14 9
1 1 3 36
1 1 25 26
1 1 9 20
1 1 9 32
1 1 9 43
1 1 21 20
1 1 5 29
1 1 42 45
1 1 27 4
1 1 13 2
1 1 24 5
1 1 16 33
1 1 48 42
1 1 23 14
1 1 38 42
1 1 18 15
1 1 14 37
1 1 20 39
1 1 12 22
1 1 14 25
1 1 25 31
1 1 48 11
1 1 41 19
1 1 6 11
1 1 26 19
1 1 28 6
1 1 30 46
1 1 46 41
1 1 1 20
1 1 20 21
1 1 3 44
1 1 38 40
1 1 0 29
1 1 22 37
1 1 20 29
1 1 25 39
1 1 9 6
1 1 7 30
1 1 7 10
1 1 6 36
1 1 23 6
1 1 41 44
1 1 32 43
1 1 46 49
1 1 26 13
1 1 41 32
1 1 22 11
1 1 23 47
1 1 16 38
1 1 50 4
1 1 18 13
1 1 12 2
1 1 6 10
1 1 6 40
1 1 37 42
1 1 44 7
1 1 22 40
1 1 42 20
1 1 4 12
1 1 43 44
1 1 46 16
1 1 30 27
1 1 33 44
1 1 12 42
1 1 9 24
1 1 38 49
1 1 43 24
1 1 26 21
1 1 39 50
1 1 29 13
1 1 3 11
1 1 1 2
1 1 1 26
1 1 43 25
1 1 37 46
1 1 37 1
1 1 32 18
1 1 1 3
1 1 50 40
1 1 28 0
1 1 23 24
1 1 32 26
1 1 36 22
1 1 49 32
1 1 9 22
1 1 49 41
1 1 39 21
1 1 27 35
1 1 46 41
1 1 17 33
1 1 6 48
1 1 11 2
1 1 37 4
1 1 18 39
1 1 38 23
1 1 12 33
1 1 1 27
1 1 25 38
1 1 41 15
1 1 5 38
1 1 25 30
1 1 37 23
1 1 3 47
1 1 21 27
1 1 7 30
1 1 18 0
1 1 24 23
1 1 18 29
1 1 22 18
1 1 27 41
1 1 45 18
1 1 6 0
1 1 20 4
1 1 15 22
1 1 32 49
1 1 48 13
1 1 45 0
1 1 10 2
1 1 48 28
1 1 17 15
1 1 14 10
1 1 0 18
1 1 42 43
1 1 28 49
1 1 36 5
1 1 46 5
1 1 46 4
1 1 3 9
1 1 43 7
1 1 12 20
1 1 2 43
1 1 5 22
1 1 7 48
1 1 30 16
1 1 13 44
1 1 3 48
1 1 37 10
1 1 45 49
1 1 4 30
1 1 19 12
1 1 12 30
1 1 3 15
1 1 25 4
1 1 47 22
1 1 9 49
1 1 7 28
1 1 31 23
1 1 21 2
1 1 2 50
1 1 33 37
1 1 50 44
1 1 29 42
1 1 27 42
1 1 28 15
1 1 4 49
1 1 27 39
1 1 11 24
1 1 4 31
1 1 30 6
1 1 46 6
1 1 14 49
1 1 29 1
1 1 35 46
1 1 47 45
1 1 19 47
1 1 49 25
1 1 25 3
1 1 17 24
1 1 49 21
1 1 20 19
1 1 7 30
1 1 13 40
1 1 26 34
1 1 4 30
1 1 7 4
1 1 8 27
1 1 30 22
1 1 50 5
1 1 34 20
1 1 26 20
1 1 43 27
1 1 37 3
1 1 20 17
1 1 44 5
1 1 19 8
1 1 26 0
1 1 19 15
1 1 28 34
1 1 45 7
1 1 18 46
1 1 32 50
1 1 10 19
1 1 32 33
1 1 40 25
1 1 25 12
1 1 49 27
1 1 2 27
1 1 22 24
1 1 42 18
1 1 22 32
1 1 12 2
1 1 47 22
1 1 5 42
1 1 41 45
1 1 32 39
1 1 22 12
1 1 27 17
1 1 32 16
1 1 28 7
1 1 21 30
1 1 20 33
1 1 34 13
1 1 24 47
1 1 16 43
1 1 4 50
1 1 24 34
1 1 34 38
1 1 34 26
1 1 42 32
1 1 44 19
1 1 27 2
1 1 16 35
1 1 5 33
1 1 1 0
1 1 47 12
1 1 20 7
1 1 50 35
1 1 25 10
1 1 23 8
1 1 17 47
1 1 46 31
1 1 22 3
1 1 31 32
1 1 18 28
1 1 31 26
1 1 14 33
1 1 5 29
1 1 37 20
1 1 16 27
1 1 47 43
1 1 44 35
1 1 7 6
1 1 41 36
1 1 0 6
1 1 1 27
1 1 2 29
1 1 11 0
1 1 19 29
1 1 44 32
1 1 38 10
1 1 26 47
1 1 27 40
1 1 37 18
1 1 41 20
1 1 18 22
1 1 7 13
1 1 33 26
1 1 5 22
1 1 23 6
1 1 10 48
1 1 44 29
1 1 16 9
1 1 18 23
1 1 26 18
1 1 32 3
1 1 37 29
1 1 29 31
1 1 18 3
1 1 49 40
1 1 13 47
1 1 7 4
1 1 24 46
1 1 23 48
1 1 12 49
1 1 14 9
1 1 19 26
1 1 11 6
1 1 5 39
1 1 10 15
1 1 45 22
1 1 6 11
1 1 8 20
1 1 27 7
1 1 49 7
1 1 18 8
1 1 42 25
7 10 2 5 12 25 32 42 48 3 19 20 23 28 30 33 35 36 47
11 12 1 7 10 11 17 31 38 39 45 49 50 0 6 13 14 16 18 21 26 27 37 40 46
11 12 1 7 10 11 17 31 38 39 45 49 50 0 6 13 14 16 18 21 26 27 37 40 46
11 7 4 8 9 15 22 24 29 34 41 43 44 2 5 12 25 32 42 48
12 7 0 6 13 14 16 18 21 26 27 37 40 46 2 5 12 25 32 42 48
7 10 2 5 12 25 32 42 48 3 19 20 23 28 30 33 35 36 47
11 12 1 7 10 11 17 31 38 39 45 49 50 0 6 13 14 16 18 21 26 27 37 40 46
10 7 3 19 20 23 28 30 33 35 36 47 2 5 12 25 32 42 48
11 7 1 7 10 11 17 31 38 39 45 49 50 2 5 12 25 32 42 48
11 10 1 7 10 11 17 31 38 39 45 49 50 3 19 20 23 28 30 33 35 36 47
10 11 3 19 20 23 28 30 33 35 36 47 1 7 10 11 17 31 38 39 45 49 50
11 7 4 8 9 15 22 24 29 34 41 43 44 2 5 12 25 32 42 48
12 11 0 6 13 14 16 18 21 26 27 37 40 46 4 8 9 15 22 24 29 34 41 43 44
11 10 1 7 10 11 17 31 38 39 45 49 50 3 19 20 23 28 30 33 35 36 47
11 7 4 8 9 15 22 24 29 34 41 43 44 2 5 12 25 32 42 48
12 11 0 6 13 14 16 18 21 26 27 37 40 46 4 8 9 15 22 24 29 34 41 43 44
12 11 0 6 13 14 16 18 21 26 27 37 40 46 4 8 9 15 22 24 29 34 41 43 44
12 7 0 6 13 14 16 18 21 26 27 37 40 46 2 5 12 25 32 42 48
11 10 1 7 10 11 17 31 38 39 45 49 50 3 19 20 23 28 30 33 35 36 47
7 11 2 5 12 25 32 42 48 1 7 10 11 17 31 38 39 45 49 50
11 11 1 7 10 11 17 31 38 39 45 49 50 4 8 9 15 22 24 29 34 41 43 44
11 12 4 8 9 15 22 24 29 34 41 43 44 0 6 13 14 16 18 21 26 27 37 40 46
12 10 0 6 13 14 16 18 21 26 27 37 40 46 3 19 20 23 28 30 33 35 36 47
10 12 3 19 20 23 28 30 33 35 36 47 0 6 13 14 16 18 21 26 27 37 40 46
10 7 3 19 20 23 28 30 33 35 36 47 2 5 12 25 32 42 48
10 11 3 19 20 23 28 30 33 35 36 47 4 8 9 15 22 24 29 34 41 43 44
11 10 1 7 10 11 17 31 38 39 45 49 50 3 19 20 23 28 30 33 35 36 47
11 12 4 8 9 15 22 24 29 34 41 43 44 0 6 13 14 16 18 21 26 27 37 40 46
10 11 3 19 20 23 28 30 33 35 36 47 4 8 9 15 22 24 29 34 41 43 44
7 10 2 5 12 25 32 42 48 3 19 20 23 28 30 33 35 36 47
12 7 0 6 13 14 16 18 21 26 27 37 40 46 2 5 12 25 32 42 48
10 11 3 19 20 23 28 30 33 35 36 47 1 7 10 11 17 31 38 39 45 49 50
10 12 3 19 20 23 28 30 33 35 36 47 0 6 13 14 16 18 21 26 27 37 40 46
7 11 2 5 12 25 32 42 48 1 7 10 11 17 31 38 39 45 49 50
10 7 3 19 20 23 28 30 33 35 36 47 2 5 12 25 32 42 48
12 7 0 6 13 14 16 18 21 26 27 37 40 46 2 5 12 25 32 42 48
7 12 2 5 12 25 32 42 48 0 6 13 14 16 18 21 26 27 37 40 46
10 11 3 19 20 23 28 30 33 35 36 47 4 8 9 15 22 24 29 34 41 43 44
11 10 1 7 10 11 17 31 38 39 45 49 50 3 19 20 23 28 30 33 35 36 47
11 11 4 8 9 15 22 24 29 34 41 43 44 1 7 10 11 17 31 38 39 45 49 50
11 12 1 7 10 11 17 31 38 39 45 49 50 0 6 13 14 16 18 21 26 27 37 40 46
10 12 3 19 20 23 28 30 33 35 36 47 0 6 13 14 16 18 21 26 27 37 40 46
7 10 2 5 12 25 32 42 48 3 19 20 23 28 30 33 35 36 47
11 12 4 8 9 15 22 24 29 34 41 43 44 0 6 13 14 16 18 21 26 27 37 40 46
12 10 0 6 13 14 16 18 21 26 27 37 40 46 3 19 20 23 28 30 33 35 36 47
11 12 1 7 10 11 17 31 38 39 45 49 50 0 6 13 14 16 18 21 26 27 37 40 46
11 11 4 8 9 15 22 24 29 34 41 43 44 1 7 10 11 17 31 38 39 45 49 50
11 12 1 7 10 11 17 31 38 39 45 49 50 0 6 13 14 16 18 21 26 27 37 40 46
7 11 2 5 12 25 32 42 48 1 7 10 11 17 31 38 39 45 49 50
12 10 0 6 13 14 16 18 21 26 27 37 40 46 3 19 20 23 28 30 33 35 36 47
7 12 2 5 12 25 32 42 48 0 6 13 14 16 18 21 26 27 37 40 46
11 7 4 8 9 15 22 24 29 34 41 43 44 2 5 12 25 32 42 48
11 11 1 7 10 11 17 31 38 39 45 49 50 4 8 9 15 22 24 29 34 41 43 44
12 11 0 6 13 14 16 18 21 26 27 37 40 46 4 8 9 15 22 24 29 34 41 43 44
11 11 4 8 9 15 22 24 29 34 41 43 44 1 7 10 11 17 31 38 39 45 49 50
11 10 1 7 10 11 17 31 38 39 45 49 50 3 19 20 23 28 30 33 35 36 47
12 7 0 6 13 14 16 18 21 26 27 37 40 46 2 5 12 25 32 42 48
11 11 1 7 10 11 17 31 38 39 45 49 50 4 8 9 15 22 24 29 34 41 43 44
12 11 0 6 13 14 16 18 21 26 27 37 40 46 4 8 9 15 22 24 29 34 41 43 44
12 11 0 6 13 14 16 18 21 26 27 37 40 46 4 8 9 15 22 24 29 34 41 43 44
12 10 0 6 13 14 16 18 21 26 27 37 40 46 3 19 20 23 28 30 33 35 36 47
11 7 1 7 10 11 17 31 38 39 45 49 50 2 5 12 25 32 42 48
11 11 1 7 10 11 17 31 38 39 45 49 50 4 8 9 15 22 24 29 34 41 43 44
7 11 2 5 12 25 32 42 48 4 8 9 15 22 24 29 34 41 43 44
12 7 0 6 13 14 16 18 21 26 27 37 40 46 2 5 12 25 32 42 48
10 11 3 19 20 23 28 30 33 35 36 47 4 8 9 15 22 24 29 34 41 43 44
11 12 4 8 9 15 22 24 29 34 41 43 44 0 6 13 14 16 18 21 26 27 37 40 46
12 10 0 6 13 14 16 18 21 26 27 37 40 46 3 19 20 23 28 30 33 35 36 47
11 11 1 7 10 11 17 31 38 39 45 49 50 4 8 9 15 22 24 29 34 41 43 44
11 7 4 8 9 15 22 24 29 34 41 43 44 2 5 12 25 32 42 48
7 11 2 5 12 25 32 42 48 4 8 9 15 22 24 29 34 41 43 44
11 12 4 8 9 15 22 24 29 34 41 43 44 0 6 13 14 16 18 21 26 27 37 40 46
11 10 4 8 9 15 22 24 29 34 41 43 44 3 19 20 23 28 30 33 35 36 47
10 7 3 19 20 23 28 30 33 35 36 47 2 5 12 25 32 42 48
7 12 2 5 12 25 32 42 48 0 6 13 14 16 18 21 26 27 37 40 46
11 7 4 8 9 15 22 24 29 34 41 43 44 2 5 12 25 32 42 48
11 11 4 8 9 15 22 24 29 34 41 43 44 1 7 10 11 17 31 38 39 45 49 50
11 7 1 7 10 11 17 31 38 39 45 49 50 2 5 12 25 32 42 48
12 11 0 6 13 14 16 18 21 26 27 37 40 46 1 7 10 11 17 31 38 39 45 49 50
11 7 1 7 10 11 17 31 38 39 45 49 50 2 5 12 25 32 42 48
7 10 2 5 12 25 32 42 48 3 19 20 23 28 30 33 35 36 47
10 7 3 19 20 23 28 30 33 35 36 47 2 5 12 25 32 42 48
7 11 2 5 12 25 32 42 48 1 7 10 11 17 31 38 39 45 49 50
12 11 0 6 13 14 16 18 21 26 27 37 40 46 4 8 9 15 22 24 29 34 41 43 44
10 12 3 19 20 23 28 30 33 35 36 47 0 6 13 14 16 18 21 26 27 37 40 46
10 7 3 19 20 23 28 30 33 35 36 47 2 5 12 25 32 42 48
12 11 0 6 13 14 16 18 21 26 27 37 40 46 1 7 10 11 17 31 38 39 45 49 50
11 7 4 8 9 15 22 24 29 34 41 43 44 2 5 12 25 32 42 48
12 11 0 6 13 14 16 18 21 26 27 37 40 46 1 7 10 11 17 31 38 39 45 49 50
11 10 4 8 9 15 22 24 29 34 41 43 44 3 19 20 23 28 30 33 35 36 47
7 10 2 5 12 25 32 42 48 3 19 20 23 28 30 33 35 36 47
11 10 4 8 9 15 22 24 29 34 41 43 44 3 19 20 23 28 30 33 35 36 47
7 11 2 5 12 25 32 42 48 4 8 9 15 22 24 29 34 41 43 44
11 12 1 7 10 11 17 31 38 39 45 49 50 0 6 13 14 16 18 21 26 27 37 40 46
11 12 4 8 9 15 22 24 29 34 41 43 44 0 6 13 14 16 18 21 26 27 37 40 46
10 11 3 19 20 23 28 30 33 35 36 47 4 8 9 15 22 24 29 34 41 43 44
11 11 1 7 10 11 17 31 38 39 45 49 50 4 8 9 15 22 24 29 34 41 43 44
11 12 1 7 10 11 17 31 38 39 45 49 50 0 6 13 14 16 18 21 26 27 37 40 46
11 12 1 7 10 11 17 31 38 39 45 49 50 0 6 13 14 16 18 21 26 27 37 40 46
11 10 1 7 10 11 17 31 38 39 45 49 50 3 19 20 23 28 30 33 35 36 47
7 12 2 5 12 25 32 42 48 0 6 13 14 16 18 21 26 27 37 40 46
12 7 0 6 13 14 16 18 21 26 27 37 40 46 2 5 12 25 32 42 48
7 11 2 5 12 25 32 42 48 4 8 9 15 22 24 29 34 41 43 44
7 10 2 5 12 25 32 42 48 3 19 20 23 28 30 33 35 36 47
12 11 0 6 13 14 16 18 21 26 27 37 40 46 4 8 9 15 22 24 29 34 41 43 44
11 10 1 7 10 11 17 31 38 39 45 49 50 3 19 20 23 28 30 33 35 36 47
10 12 3 19 20 23 28 30 33 35 36 47 0 6 13 14 16 18 21 26 27 37 40 46
7 11 2 5 12 25 32 42 48 1 7 10 11 17 31 38 39 45 49 50
10 12 3 19 20 23 28 30 33 35 36 47 0 6 13 14 16 18 21 26 27 37 40 46
10 11 3 19 20 23 28 30 33 35 36 47 4 8 9 15 22 24 29 34 41 43 44
12 10 0 6 13 14 16 18 21 26 27 37 40 46 3 19 20 23 28 30 33 35 36 47
7 10 2 5 12 25 32 42 48 3 19 20 23 28 30 33 35 36 47
7 12 2 5 12 25 32 42 48 0 6 13 14 16 18 21 26 27 37 40 46
10 7 3 19 20 23 28 30 33 35 36 47 2 5 12 25 32 42 48
11 11 4 8 9 15 22 24 29 34 41 43 44 1 7 10 11 17 31 38 39 45 49 50
10 12 3 19 20 23 28 30 33 35 36 47 0 6 13 14 16 18 21 26 27 37 40 46
7 11 2 5 12 25 32 42 48 4 8 9 15 22 24 29 34 41 43 44
10 12 3 19 20 23 28 30 33 35 36 47 0 6 13 14 16 18 21 26 27 37 40 46
7 10 2 5 12 25 32 42 48 3 19 20 23 28 30 33 35 36 47
11 12 1 7 10 11 17 31 38 39 45 49 50 0 6 13 14 16 18 21 26 27 37 40 46
12 11 0 6 13 14 16 18 21 26 27 37 40 46 4 8 9 15 22 24 29 34 41 43 44
10 11 3 19 20 23 28 30 33 35 36 47 4 8 9 15 22 24 29 34 41 43 44
11 7 1 7 10 11 17 31 38 39 45 49 50 2 5 12 25 32 42 48
7 10 2 5 12 25 32 42 48 3 19 20 23 28 30 33 35 36 47
11 12 4 8 9 15 22 24 29 34 41 43 44 0 6 13 14 16 18 21 26 27 37 40 46
7 11 2 5 12 25 32 42 48 4 8 9 15 22 24 29 34 41 43 44
10 11 3 19 20 23 28 30 33 35 36 47 4 8 9 15 22 24 29 34 41 43 44
11 12 1 7 10 11 17 31 38 39 45 49 50 0 6 13 14 16 18 21 26 27 37 40 46
10 7 3 19 20 23 28 30 33 35 36 47 2 5 12 25 32 42 48
12 11 0 6 13 14 16 18 21 26 27 37 40 46 4 8 9 15 22 24 29 34 41 43 44
7 10 2 5 12 25 32 42 48 3 19 20 23 28 30 33 35 36 47
11 10 4 8 9 15 22 24 29 34 41 43 44 3 19 20 23 28 30 33 35 36 47
12 11 0 6 13 14 16 18 21 26 27 37 40 46 1 7 10 11 17 31 38 39 45 49 50
12 11 0 6 13 14 16 18 21 26 27 37 40 46 4 8 9 15 22 24 29 34 41 43 44
11 12 4 8 9 15 22 24 29 34 41 43 44 0 6 13 14 16 18 21 26 27 37 40 46
12 11 0 6 13 14 16 18 21 26 27 37 40 46 1 7 10 11 17 31 38 39 45 49 50
7 11 2 5 12 25 32 42 48 4 8 9 15 22 24 29 34 41 43 44
12 11 0 6 13 14 16 18 21 26 27 37 40 46 1 7 10 11 17 31 38 39 45 49 50
11 11 4 8 9 15 22 24 29 34 41 43 44 1 7 10 11 17 31 38 39 45 49 50
10 7 3 19 20 23 28 30 33 35 36 47 2 5 12 25 32 42 48
11 11 4 8 9 15 22 24 29 34 41 43 44 1 7 10 11 17 31 38 39 45 49 50
10 12 3 19 20 23 28 30 33 35 36 47 0 6 13 14 16 18 21 26 27 37 40 46
11 7 1 7 10 11 17 31 38 39 45 49 50 2 5 12 25 32 42 48
10 11 3 19 20 23 28 30 33 35 36 47 1 7 10 11 17 31 38 39 45 49 50
12 11 0 6 13 14 16 18 21 26 27 37 40 46 1 7 10 11 17 31 38 39 45 49 50
11 12 4 8 9 15 22 24 29 34 41 43 44 0 6 13 14 16 18 21 26 27 37 40 46
10 11 3 19 20 23 28 30 33 35 36 47 4 8 9 15 22 24 29 34 41 43 44
11 11 4 8 9 15 22 24 29 34 41 43 44 1 7 10 11 17 31 38 39 45 49 50
11 12 4 8 9 15 22 24 29 34 41 43 44 0 6 13 14 16 18 21 26 27 37 40 46
10 7 3 19 20 23 28 30 33 35 36 47 2 5 12 25 32 42 48
12 11 0 6 13 14 16 18 21 26 27 37 40 46 4 8 9 15 22 24 29 34 41 43 44
7 11 2 5 12 25 32 42 48 4 8 9 15 22 24 29 34 41 43 44
10 12 3 19 20 23 28 30 33 35 36 47 0 6 13 14 16 18 21 26 27 37 40 46
11 7 4 8 9 15 22 24 29 34 41 43 44 2 5 12 25 32 42 48
12 7 0 6 13 14 16 18 21 26 27 37 40 46 2 5 12 25 32 42 48
10 12 3 19 20 23 28 30 33 35 36 47 0 6 13 14 16 18 21 26 27 37 40 46
7 11 2 5 12 25 32 42 48 1 7 10 11 17 31 38 39 45 49 50
10 11 3 19 20 23 28 30 33 35 36 47 1 7 10 11 17 31 38 39 45 49 50
11 10 4 8 9 15 22 24 29 34 41 43 44 3 19 20 23 28 30 33 35 36 47
7 10 2 5 12 25 32 42 48 3 19 20 23 28 30 33 35 36 47
11 7 4 8 9 15 22 24 29 34 41 43 44 2 5 12 25 32 42 48
11 11 1 7 10 11 17 31 38 39 45 49 50 4 8 9 15 22 24 29 34 41 43 44
10 12 3 19 20 23 28 30 33 35 36 47 0 6 13 14 16 18 21 26 27 37 40 46
12 10 0 6 13 14 16 18 21 26 27 37 40 46 3 19 20 23 28 30 33 35 36 47
7 11 2 5 12 25 32 42 48 4 8 9 15 22 24 29 34 41 43 44
7 12 2 5 12 25 32 42 48 0 6 13 14 16 18 21 26 27 37 40 46
7 11 2 5 12 25 32 42 48 1 7 10 11 17 31 38 39 45 49 50
12 10 0 6 13 14 16 18 21 26 27 37 40 46 3 19 20 23 28 30 33 35 36 47
11 10 4 8 9 15 22 24 29 34 41 43 44 3 19 20 23 28 30 33 35 36 47
7 11 2 5 12 25 32 42 48 1 7 10 11 17 31 38 39 45 49 50
11 12 1 7 10 11 17 31 38 39 45 49 50 0 6 13 14 16 18 21 26 27 37 40 46
12 11 0 6 13 14 16 18 21 26 27 37 40 46 4 8 9 15 22 24 29 34 41 43 44
7 10 2 5 12 25 32 42 48 3 19 20 23 28 30 33 35 36 47
10 7 3 19 20 23 28 30 33 35 36 47 2 5 12 25 32 42 48
11 11 1 7 10 11 17 31 38 39 45 49 50 4 8 9 15 22 24 29 34 41 43 44
7 10 2 5 12 25 32 42 48 3 19 20 23 28 30 33 35 36 47
11 10 1 7 10 11 17 31 38 39 45 49 50 3 19 20 23 28 30 33 35 36 47
7 10 2 5 12 25 32 42 48 3 19 20 23 28 30 33 35 36 47
10 11 3 19 20 23 28 30 33 35 36 47 1 7 10 11 17 31 38 39 45 49 50
11 11 4 8 9 15 22 24 29 34 41 43 44 1 7 10 11 17 31 38 39 45 49 50
11 7 1 7 10 11 17 31 38 39 45 49 50 2 5 12 25 32 42 48
11 10 1 7 10 11 17 31 38 39 45 49 50 3 19 20 23 28 30 33 35 36 47
11 11 4 8 9 15 22 24 29 34 41 43 44 1 7 10 11 17 31 38 39 45 49 50
12 11 0 6 13 14 16 18 21 26 27 37 40 46 4 8 9 15 22 24 29 34 41 43 44
10 11 3 19 20 23 28 30 33 35 36 47 4 8 9 15 22 24 29 34 41 43 44
12 11 0 6 13 14 16 18 21 26 27 37 40 46 4 8 9 15 22 24 29 34 41 43 44
7 10 2 5 12 25 32 42 48 3 19 20 23 28 30 33 35 36 47
11 12 4 8 9 15 22 24 29 34 41 43 44 0 6 13 14 16 18 21 26 27 37 40 46
12 11 0 6 13 14 16 18 21 26 27 37 40 46 1 7 10 11 17 31 38 39 45 49 50
11 10 4 8 9 15 22 24 29 34 41 43 44 3 19 20 23 28 30 33 35 36 47
12 7 0 6 13 14 16 18 21 26 27 37 40 46 2 5 12 25 32 42 48
12 10 0 6 13 14 16 18 21 26 27 37 40 46 3 19 20 23 28 30 33 35 36 47
12 11 0 6 13 14 16 18 21 26 27 37 40 46 4 8 9 15 22 24 29 34 41 43 44
10 7 3 19 20 23 28 30 33 35 36 47 2 5 12 25 32 42 48
12 11 0 6 13 14 16 18 21 26 27 37 40 46 4 8 9 15 22 24 29 34 41 43 44
11 10 4 8 9 15 22 24 29 34 41 43 44 3 19 20 23 28 30 33 35 36 47
12 10 0 6 13 14 16 18 21 26 27 37 40 46 3 19 20 23 28 30 33 35 36 47
11 10 1 7 10 11 17 31 38 39 45 49 50 3 19 20 23 28 30 33 35 36 47
7 11 2 5 12 25 32 42 48 1 7 10 11 17 31 38 39 45 49 50
11 10 1 7 10 11 17 31 38 39 45 49 50 3 19 20 23 28 30 33 35 36 47
7 11 2 5 12 25 32 42 48 1 7 10 11 17 31 38 39 45 49 50
12 10 0 6 13 14 16 18 21 26 27 37 40 46 3 19 20 23 28 30 33 35 36 47
11 7 4 8 9 15 22 24 29 34 41 43 44 2 5 12 25 32 42 48
11 12 1 7 10 11 17 31 38 39 45 49 50 0 6 13 14 16 18 21 26 27 37 40 46
12 11 0 6 13 14 16 18 21 26 27 37 40 46 1 7 10 11 17 31 38 39 45 49 50
11 12 4 8 9 15 22 24 29 34 41 43 44 0 6 13 14 16 18 21 26 27 37 40 46
12 10 0 6 13 14 16 18 21 26 27 37 40 46 3 19 20 23 28 30 33 35 36 47
11 7 1 7 10 11 17 31 38 39 45 49 50 2 5 12 25 32 42 48
12 7 0 6 13 14 16 18 21 26 27 37 40 46 2 5 12 25 32 42 48
11 7 1 7 10 11 17 31 38 39 45 49 50 2 5 12 25 32 42 48
7 11 2 5 12 25 32 42 48 4 8 9 15 22 24 29 34 41 43 44
7 12 2 5 12 25 32 42 48 0 6 13 14 16 18 21 26 27 37 40 46
11 11 1 7 10 11 17 31 38 39 45 49 50 4 8 9 15 22 24 29 34 41 43 44
7 10 2 5 12 25 32 42 48 3 19 20 23 28 30 33 35 36 47
7 11 2 5 12 25 32 42 48 4 8 9 15 22 24 29 34 41 43 44
10 12 3 19 20 23 28 30 33 35 36 47 0 6 13 14 16 18 21 26 27 37 40 46
10 7 3 19 20 23 28 30 33 35 36 47 2 5 12 25 32 42 48
12 7 0 6 13 14 16 18 21 26 27 37 40 46 2 5 12 25 32 42 48
11 10 4 8 9 15 22 24 29 34 41 43 44 3 19 20 23 28 30 33 35 36 47
11 12 4 8 9 15 22 24 29 34 41 43 44 0 6 13 14 16 18 21 26 27 37 40 46
11 12 4 8 9 15 22 24 29 34 41 43 44 0 6 13 14 16 18 21 26 27 37 40 46
11 10 4 8 9 15 22 24 29 34 41 43 44 3 19 20 23 28 30 33 35 36 47
11 12 1 7 10 11 17 31 38 39 45 49 50 0 6 13 14 16 18 21 26 27 37 40 46
11 7 1 7 10 11 17 31 38 39 45 49 50 2 5 12 25 32 42 48
11 12 1 7 10 11 17 31 38 39 45 49 50 0 6 13 14 16 18 21 26 27 37 40 46
7 11 2 5 12 25 32 42 48 4 8 9 15 22 24 29 34 41 43 44
11 11 4 8 9 15 22 24 29 34 41 43 44 1 7 10 11 17 31 38 39 45 49 50
11 11 1 7 10 11 17 31 38 39 45 49 50 4 8 9 15 22 24 29 34 41 43 44
11 7 4 8 9 15 22 24 29 34 41 43 44 2 5 12 25 32 42 48
12 10 0 6 13 14 16 18 21 26 27 37 40 46 3 19 20 23 28 30 33 35 36 47
12 10 0 6 13 14 16 18 21 26 27 37 40 46 3 19 20 23 28 30 33 35 36 47
10 11 3 19 20 23 28 30 33 35 36 47 1 7 10 11 17 31 38 39 45 49 50
11 7 1 7 10 11 17 31 38 39 45 49 50 2 5 12 25 32 42 48
12 10 0 6 13 14 16 18 21 26 27 37 40 46 3 19 20 23 28 30 33 35 36 47
11 7 1 7 10 11 17 31 38 39 45 49 50 2 5 12 25 32 42 48
11 10 4 8 9 15 22 24 29 34 41 43 44 3 19 20 23 28 30 33 35 36 47
12 7 0 6 13 14 16 18 21 26 27 37 40 46 2 5 12 25 32 42 48
10 11 3 19 20 23 28 30 33 35 36 47 1 7 10 11 17 31 38 39 45 49 50
11 12 4 8 9 15 22 24 29 34 41 43 44 0 6 13 14 16 18 21 26 27 37 40 46
11 10 4 8 9 15 22 24 29 34 41 43 44 3 19 20 23 28 30 33 35 36 47
7 11 2 5 12 25 32 42 48 1 7 10 11 17 31 38 39 45 49 50
11 10 1 7 10 11 17 31 38 39 45 49 50 3 19 20 23 28 30 33 35 36 47
12 11 0 6 13 14 16 18 21 26 27 37 40 46 1 7 10 11 17 31 38 39 45 49 50
7 11 2 5 12 25 32 42 48 1 7 10 11 17 31 38 39 45 49 50
7 11 2 5 12 25 32 42 48 4 8 9 15 22 24 29 34 41 43 44
11 10 1 7 10 11 17 31 38 39 45 49 50 3 19 20 23 28 30 33 35 36 47
10 12 3 19 20 23 28 30 33 35 36 47 0 6 13 14 16 18 21 26 27 37 40 46
11 11 1 7 10 11 17 31 38 39 45 49 50 4 8 9 15 22 24 29 34 41 43 44
11 10 1 7 10 11 17 31 38 39 45 49 50 3 19 20 23 28 30 33 35 36 47
10 11 3 19 20 23 28 30 33 35 36 47 4 8 9 15 22 24 29 34 41 43 44
12 11 0 6 13 14 16 18 21 26 27 37 40 46 1 7 10 11 17 31 38 39 45 49 50
11 12 1 7 10 11 17 31 38 39 45 49 50 0 6 13 14 16 18 21 26 27 37 40 46
11 11 4 8 9 15 22 24 29 34 41 43 44 1 7 10 11 17 31 38 39 45 49 50
11 10 4 8 9 15 22 24 29 34 41 43 44 3 19 20 23 28 30 33 35 36 47
7 10 2 5 12 25 32 42 48 3 19 20 23 28 30 33 35 36 47
11 11 1 7 10 11 17 31 38 39 45 49 50 4 8 9 15 22 24 29 34 41 43 44
11 12 4 8 9 15 22 24 29 34 41 43 44 0 6 13 14 16 18 21 26 27 37 40 46
7 10 2 5 12 25 32 42 48 3 19 20 23 28 30 33 35 36 47
12 10 0 6 13 14 16 18 21 26 27 37 40 46 3 19 20 23 28 30 33 35 36 47
11 7 1 7 10 11 17 31 38 39 45 49 50 2 5 12 25 32 42 48
7 10 2 5 12 25 32 42 48 3 19 20 23 28 30 33 35 36 47
12 10 0 6 13 14 16 18 21 26 27 37 40 46 3 19 20 23 28 30 33 35 36 47
7 11 2 5 12 25 32 42 48 4 8 9 15 22 24 29 34 41 43 44
10 11 3 19 20 23 28 30 33 35 36 47 1 7 10 11 17 31 38 39 45 49 50
10 12 3 19 20 23 28 30 33 35 36 47 0 6 13 14 16 18 21 26 27 37 40 46
12 11 0 6 13 14 16 18 21 26 27 37 40 46 4 8 9 15 22 24 29 34 41 43 44
11 7 4 8 9 15 22 24 29 34 41 43 44 2 5 12 25 32 42 48
11 7 4 8 9 15 22 24 29 34 41 43 44 2 5 12 25 32 42 48
7 10 2 5 12 25 32 42 48 3 19 20 23 28 30 33 35 36 47
7 10 2 5 12 25 32 42 48 3 19 20 23 28 30 33 35 36 47
12 10 0 6 13 14 16 18 21 26 27 37 40 46 3 19 20 23 28 30 33 35 36 47
11 12 1 7 10 11 17 31 38 39 45 49 50 0 6 13 14 16 18 21 26 27 37 40 46
7 11 2 5 12 25 32 42 48 1 7 10 11 17 31 38 39 45 49 50
12 11 0 6 13 14 16 18 21 26 27 37 40 46 4 8 9 15 22 24 29 34 41 43 44
10 11 3 19 20 23 28 30 33 35 36 47 4 8 9 15 22 24 29 34 41 43 44
11 10 4 8 9 15 22 24 29 34 41 43 44 3 19 20 23 28 30 33 35 36 47
11 12 4 8 9 15 22 24 29 34 41 43 44 0 6 13 14 16 18 21 26 27 37 40 46
10 12 3 19 20 23 28 30 33 35 36 47 0 6 13 14 16 18 21 26 27 37 40 46
11 7 1 7 10 11 17 31 38 39 45 49 50 2 5 12 25 32 42 48
12 10 0 6 13 14 16 18 21 26 27 37 40 46 3 19 20 23 28 30 33 35 36 47
11 7 4 8 9 15 22 24 29 34 41 43 44 2 5 12 25 32 42 48
11 10 4 8 9 15 22 24 29 34 41 43 44 3 19 20 23 28 30 33 35 36 47
11 11 4 8 9 15 22 24 29 34 41 43 44 1 7 10 11 17 31 38 39 45 49 50
12 10 0 6 13 14 16 18 21 26 27 37 40 46 3 19 20 23 28 30 33 35 36 47
11 7 1 7 10 11 17 31 38 39 45 49 50 2 5 12 25 32 42 48
10 11 3 19 20 23 28 30 33 35 36 47 1 7 10 11 17 31 38 39 45 49 50
7 11 2 5 12 25 32 42 48 4 8 9 15 22 24 29 34 41 43 44
11 12 1 7 10 11 17 31 38 39 45 49 50 0 6 13 14 16 18 21 26 27 37 40 46
11 12 1 7 10 11 17 31 38 39 45 49 50 0 6 13 14 16 18 21 26 27 37 40 46
10 12 3 19 20 23 28 30 33 35 36 47 0 6 13 14 16 18 21 26 27 37 40 46
7 11 2 5 12 25 32 42 48 4 8 9 15 22 24 29 34 41 43 44
7 12 2 5 12 25 32 42 48 0 6 13 14 16 18 21 26 27 37 40 46
10 11 3 19 20 23 28 30 33 35 36 47 1 7 10 11 17 31 38 39 45 49 50
7 12 2 5 12 25 32 42 48 0 6 13 14 16 18 21 26 27 37 40 46
11 7 4 8 9 15 22 24 29 34 41 43 44 2 5 12 25 32 42 48
11 7 4 8 9 15 22 24 29 34 41 43 44 2 5 12 25 32 42 48
12 11 0 6 13 14 16 18 21 26 27 37 40 46 4 8 9 15 22 24 29 34 41 43 44
12 11 0 6 13 14 16 18 21 26 27 37 40 46 1 7 10 11 17 31 38 39 45 49 50
10 7 3 19 20 23 28 30 33 35 36 47 2 5 12 25 32 42 48
11 11 1 7 10 11 17 31 38 39 45 49 50 4 8 9 15 22 24 29 34 41 43 44
11 11 1 7 10 11 17 31 38 39 45 49 50 4 8 9 15 22 24 29 34 41 43 44
7 11 2 5 12 25 32 42 48 4 8 9 15 22 24 29 34 41 43 44
12 10 0 6 13 14 16 18 21 26 27 37 40 46 3 19 20 23 28 30 33 35 36 47
11 11 4 8 9 15 22 24 29 34 41 43 44 1 7 10 11 17 31 38 39 45 49 50
10 12 3 19 20 23 28 30 33 35 36 47 0 6 13 14 16 18 21 26 27 37 40 46
11 12 1 7 10 11 17 31 38 39 45 49 50 0 6 13 14 16 18 21 26 27 37 40 46
12 11 0 6 13 14 16 18 21 26 27 37 40 46 1 7 10 11 17 31 38 39 45 49 50
11 12 4 8 9 15 22 24 29 34 41 43 44 0 6 13 14 16 18 21 26 27 37 40 46
11 12 4 8 9 15 22 24 29 34 41 43 44 0 6 13 14 16 18 21 26 27 37 40 46
10 12 3 19 20 23 28 30 33 35 36 47 0 6 13 14 16 18 21 26 27 37 40 46
10 7 3 19 20 23 28 30 33 35 36 47 2 5 12 25 32 42 48
10 7 3 19 20 23 28 30 33 35 36 47 2 5 12 25 32 42 48
12 10 0 6 13 14 16 18 21 26 27 37 40 46 3 19 20 23 28 30 33 35 36 47
11 7 4 8 9 15 22 24 29 34 41 43 44 2 5 12 25 32 42 48
7 11 2 5 12 25 32 42 48 1 7 10 11 17 31 38 39 45 49 50
12 11 0 6 13 14 16 18 21 26 27 37 40 46 1 7 10 11 17 31 38 39 45 49 50
7 11 2 5 12 25 32 42 48 1 7 10 11 17 31 38 39 45 49 50
12 7 0 6 13 14 16 18 21 26 27 37 40 46 2 5 12 25 32 42 48
7 11 2 5 12 25 32 42 48 1 7 10 11 17 31 38 39 45 49 50
11 7 4 8 9 15 22 24 29 34 41 43 44 2 5 12 25 32 42 48
11 12 1 7 10 11 17 31 38 39 45 49 50 0 6 13 14 16 18 21 26 27 37 40 46
11 11 1 7 10 11 17 31 38 39 45 49 50 4 8 9 15 22 24 29 34 41 43 44
10 7 3 19 20 23 28 30 33 35 36 47 2 5 12 25 32 42 48
7 11 2 5 12 25 32 42 48 1 7 10 11 17 31 38 39 45 49 50
11 11 1 7 10 11 17 31 38 39 45 49 50 4 8 9 15 22 24 29 34 41 43 44
11 10 1 7 10 11 17 31 38 39 45 49 50 3 19 20 23 28 30 33 35 36 47
11 7 4 8 9 15 22 24 29 34 41 43 44 2 5 12 25 32 42 48
11 12 4 8 9 15 22 24 29 34 41 43 44 0 6 13 14 16 18 21 26 27 37 40 46
7 12 2 5 12 25 32 42 48 0 6 13 14 16 18 21 26 27 37 40 46
11 11 1 7 10 11 17 31 38 39 45 49 50 4 8 9 15 22 24 29 34 41 43 44
11 7 1 7 10 11 17 31 38 39 45 49 50 2 5 12 25 32 42 48
12 7 0 6 13 14 16 18 21 26 27 37 40 46 2 5 12 25 32 42 48
12 10 0 6 13 14 16 18 21 26 27 37 40 46 3 19 20 23 28 30 33 35 36 47
12 10 0 6 13 14 16 18 21 26 27 37 40 46 3 19 20 23 28 30 33 35 36 47
11 7 4 8 9 15 22 24 29 34 41 43 44 2 5 12 25 32 42 48
12 11 0 6 13 14 16 18 21 26 27 37 40 46 4 8 9 15 22 24 29 34 41 43 44
10 11 3 19 20 23 28 30 33 35 36 47 1 7 10 11 17 31 38 39 45 49 50
10 7 3 19 20 23 28 30 33 35 36 47 2 5 12 25 32 42 48
11 12 4 8 9 15 22 24 29 34 41 43 44 0 6 13 14 16 18 21 26 27 37 40 46
11 12 4 8 9 15 22 24 29 34 41 43 44 0 6 13 14 16 18 21 26 27 37 40 46
11 10 4 8 9 15 22 24 29 34 41 43 44 3 19 20 23 28 30 33 35 36 47
12 7 0 6 13 14 16 18 21 26 27 37 40 46 2 5 12 25 32 42 48
7 10 2 5 12 25 32 42 48 3 19 20 23 28 30 33 35 36 47
10 11 3 19 20 23 28 30 33 35 36 47 4 8 9 15 22 24 29 34 41 43 44
11 11 4 8 9 15 22 24 29 34 41 43 44 1 7 10 11 17 31 38 39 45 49 50
10 11 3 19 20 23 28 30 33 35 36 47 1 7 10 11 17 31 38 39 45 49 50
11 10 4 8 9 15 22 24 29 34 41 43 44 3 19 20 23 28 30 33 35 36 47
7 10 2 5 12 25 32 42 48 3 19 20 23 28 30 33 35 36 47
12 10 0 6 13 14 16 18 21 26 27 37 40 46 3 19 20 23 28 30 33 35 36 47
12 11 0 6 13 14 16 18 21 26 27 37 40 46 4 8 9 15 22 24 29 34 41 43 44
10 7 3 19 20 23 28 30 33 35 36 47 2 5 12 25 32 42 48
11 11 1 7 10 11 17 31 38 39 45 49 50 4 8 9 15 22 24 29 34 41 43 44
11 12 1 7 10 11 17 31 38 39 45 49 50 0 6 13 14 16 18 21 26 27 37 40 46
11 11 4 8 9 15 22 24 29 34 41 43 44 1 7 10 11 17 31 38 39 45 49 50
12 11 0 6 13 14 16 18 21 26 27 37 40 46 1 7 10 11 17 31 38 39 45 49 50
11 7 4 8 9 15 22 24 29 34 41 43 44 2 5 12 25 32 42 48
10 11 3 19 20 23 28 30 33 35 36 47 1 7 10 11 17 31 38 39 45 49 50
12 10 0 6 13 14 16 18 21 26 27 37 40 46 3 19 20 23 28 30 33 35 36 47
7 11 2 5 12 25 32 42 48 4 8 9 15 22 24 29 34 41 43 44
12 7 0 6 13 14 16 18 21 26 27 37 40 46 2 5 12 25 32 42 48
11 11 1 7 10 11 17 31 38 39 45 49 50 4 8 9 15 22 24 29 34 41 43 44
10 11 3 19 20 23 28 30 33 35 36 47 1 7 10 11 17 31 38 39 45 49 50
7 11 2 5 12 25 32 42 48 4 8 9 15 22 24 29 34 41 43 44
11 11 1 7 10 11 17 31 38 39 45 49 50 4 8 9 15 22 24 29 34 41 43 44
10 11 3 19 20 23 28 30 33 35 36 47 1 7 10 11 17 31 38 39 45 49 50
12 11 0 6 13 14 16 18 21 26 27 37 40 46 4 8 9 15 22 24 29 34 41 43 44
12 10 0 6 13 14 16 18 21 26 27 37 40 46 3 19 20 23 28 30 33 35 36 47
11 7 4 8 9 15 22 24 29 34 41 43 44 2 5 12 25 32 42 48
12 10 0 6 13 14 16 18 21 26 27 37 40 46 3 19 20 23 28 30 33 35 36 47
11 7 4 8 9 15 22 24 29 34 41 43 44 2 5 12 25 32 42 48
12 10 0 6 13 14 16 18 21 26 27 37 40 46 3 19 20 23 28 30 33 35 36 47
7 10 2 5 12 25 32 42 48 3 19 20 23 28 30 33 35 36 47
11 7 1 7 10 11 17 31 38 39 45 49 50 2 5 12 25 32 42 48
10 12 3 19 20 23 28 30 33 35 36 47 0 6 13 14 16 18 21 26 27 37 40 46
11 7 1 7 10 11 17 31 38 39 45 49 50 2 5 12 25 32 42 48
11 7 4 8 9 15 22 24 29 34 41 43 44 2 5 12 25 32 42 48
7 11 2 5 12 25 32 42 48 1 7 10 11 17 31 38 39 45 49 50
7 12 2 5 12 25 32 42 48 0 6 13 14 16 18 21 26 27 37 40 46
11 7 1 7 10 11 17 31 38 39 45 49 50 2 5 12 25 32 42 48
11 12 1 7 10 11 17 31 38 39 45 49 50 0 6 13 14 16 18 21 26 27 37 40 46
12 10 0 6 13 14 16 18 21 26 27 37 40 46 3 19 20 23 28 30 33 35 36 47
11 7 4 8 9 15 22 24 29 34 41 43 44 2 5 12 25 32 42 48
12 7 0 6 13 14 16 18 21 26 27 37 40 46 2 5 12 25 32 42 48
11 10 4 8 9 15 22 24 29 34 41 43 44 3 19 20 23 28 30 33 35 36 47
10 7 3 19 20 23 28 30 33 35 36 47 2 5 12 25 32 42 48
11 7 4 8 9 15 22 24 29 34 41 43 44 2 5 12 25 32 42 48
11 11 4 8 9 15 22 24 29 34 41 43 44 1 7 10 11 17 31 38 39 45 49 50
12 11 0 6 13 14 16 18 21 26 27 37 40 46 4 8 9 15 22 24 29 34 41 43 44
10 7 3 19 20 23 28 30 33 35 36 47 2 5 12 25 32 42 48
10 11 3 19 20 23 28 30 33 35 36 47 1 7 10 11 17 31 38 39 45 49 50
11 7 1 7 10 11 17 31 38 39 45 49 50 2 5 12 25 32 42 48
11 11 1 7 10 11 17 31 38 39 45 49 50 4 8 9 15 22 24 29 34 41 43 44
11 10 1 7 10 11 17 31 38 39 45 49 50 3 19 20 23 28 30 33 35 36 47
10 11 3 19 20 23 28 30 33 35 36 47 1 7 10 11 17 31 38 39 45 49 50
11 7 1 7 10 11 17 31 38 39 45 49 50 2 5 12 25 32 42 48
11 7 1 7 10 11 17 31 38 39 45 49 50 2 5 12 25 32 42 48
11 10 4 8 9 15 22 24 29 34 41 43 44 3 19 20 23 28 30 33 35 36 47
7 10 2 5 12 25 32 42 48 3 19 20 23 28 30 33 35 36 47
11 11 4 8 9 15 22 24 29 34 41 43 44 1 7 10 11 17 31 38 39 45 49 50
10 7 3 19 20 23 28 30 33 35 36 47 2 5 12 25 32 42 48
7 11 2 5 12 25 32 42 48 1 7 10 11 17 31 38 39 45 49 50
11 7 1 7 10 11 17 31 38 39 45 49 50 2 5 12 25 32 42 48
11 12 1 7 10 11 17 31 38 39 45 49 50 0 6 13 14 16 18 21 26 27 37 40 46
10 11 3 19 20 23 28 30 33 35 36 47 1 7 10 11 17 31 38 39 45 49 50
11 11 4 8 9 15 22 24 29 34 41 43 44 1 7 10 11 17 31 38 39 45 49 50
11 12 1 7 10 11 17 31 38 39 45 49 50 0 6 13 14 16 18 21 26 27 37 40 46
11 7 4 8 9 15 22 24 29 34 41 43 44 2 5 12 25 32 42 48
11 10 1 7 10 11 17 31 38 39 45 49 50 3 19 20 23 28 30 33 35 36 47
11 11 4 8 9 15 22 24 29 34 41 43 44 1 7 10 11 17 31 38 39 45 49 50
7 11 2 5 12 25 32 42 48 4 8 9 15 22 24 29 34 41 43 44
11 10 4 8 9 15 22 24 29 34 41 43 44 3 19 20 23 28 30 33 35 36 47
12 11 0 6 13 14 16 18 21 26 27 37 40 46 4 8 9 15 22 24 29 34 41 43 44
11 12 1 7 10 11 17 31 38 39 45 49 50 0 6 13 14 16 18 21 26 27 37 40 46
11 12 1 7 10 11 17 31 38 39 45 49 50 0 6 13 14 16 18 21 26 27 37 40 46
11 12 4 8 9 15 22 24 29 34 41 43 44 0 6 13 14 16 18 21 26 27 37 40 46
11 7 1 7 10 11 17 31 38 39 45 49 50 2 5 12 25 32 42 48
11 7 4 8 9 15 22 24 29 34 41 43 44 2 5 12 25 32 42 48
11 12 1 7 10 11 17 31 38 39 45 49 50 0 6 13 14 16 18 21 26 27 37 40 46
10 7 3 19 20 23 28 30 33 35 36 47 2 5 12 25 32 42 48
10 11 3 19 20 23 28 30 33 35 36 47 4 8 9 15 22 24 29 34 41 43 44
11 10 4 8 9 15 22 24 29 34 41 43 44 3 19 20 23 28 30 33 35 36 47
7 11 2 5 12 25 32 42 48 4 8 9 15 22 24 29 34 41 43 44
11 12 1 7 10 11 17 31 38 39 45 49 50 0 6 13 14 16 18 21 26 27 37 40 46
11 10 1 7 10 11 17 31 38 39 45 49 50 3 19 20 23 28 30 33 35 36 47
12 7 0 6 13 14 16 18 21 26 27 37 40 46 2 5 12 25 32 42 48
12 7 0 6 13 14 16 18 21 26 27 37 40 46 2 5 12 25 32 42 48
12 7 0 6 13 14 16 18 21 26 27 37 40 46 2 5 12 25 32 42 48
12 7 0 6 13 14 16 18 21 26 27 37 40 46 2 5 12 25 32 42 48
7 10 2 5 12 25 32 42 48 3 19 20 23 28 30 33 35 36 47
11 10 1 7 10 11 17 31 38 39 45 49 50 3 19 20 23 28 30 33 35 36 47
11 7 1 7 10 11 17 31 38 39 45 49 50 2 5 12 25 32 42 48
10 11 3 19 20 23 28 30 33 35 36 47 4 8 9 15 22 24 29 34 41 43 44
12 11 0 6 13 14 16 18 21 26 27 37 40 46 1 7 10 11 17 31 38 39 45 49 50
11 10 1 7 10 11 17 31 38 39 45 49 50 3 19 20 23 28 30 33 35 36 47
11 7 1 7 10 11 17 31 38 39 45 49 50 2 5 12 25 32 42 48
7 10 2 5 12 25 32 42 48 3 19 20 23 28 30 33 35 36 47
12 11 0 6 13 14 16 18 21 26 27 37 40 46 1 7 10 11 17 31 38 39 45 49 50
11 7 4 8 9 15 22 24 29 34 41 43 44 2 5 12 25 32 42 48
7 12 2 5 12 25 32 42 48 0 6 13 14 16 18 21 26 27 37 40 46
7 10 2 5 12 25 32 42 48 3 19 20 23 28 30 33 35 36 47
12 10 0 6 13 14 16 18 21 26 27 37 40 46 3 19 20 23 28 30 33 35 36 47
11 11 4 8 9 15 22 24 29 34 41 43 44 1 7 10 11 17 31 38 39 45 49 50
7 12 2 5 12 25 32 42 48 0 6 13 14 16 18 21 26 27 37 40 46
10 11 3 19 20 23 28 30 33 35 36 47 4 8 9 15 22 24 29 34 41 43 44
10 12 3 19 20 23 28 30 33 35 36 47 0 6 13 14 16 18 21 26 27 37 40 46
11 7 4 8 9 15 22 24 29 34 41 43 44 2 5 12 25 32 42 48
12 11 0 6 13 14 16 18 21 26 27 37 40 46 4 8 9 15 22 24 29 34 41 43 44
11 10 1 7 10 11 17 31 38 39 45 49 50 3 19 20 23 28 30 33 35 36 47
12 10 0 6 13 14 16 18 21 26 27 37 40 46 3 19 20 23 28 30 33 35 36 47
11 10 1 7 10 11 17 31 38 39 45 49 50 3 19 20 23 28 30 33 35 36 47
10 12 3 19 20 23 28 30 33 35 36 47 0 6 13 14 16 18 21 26 27 37 40 46
11 12 1 7 10 11 17 31 38 39 45 49 50 0 6 13 14 16 18 21 26 27 37 40 46
12 11 0 6 13 14 16 18 21 26 27 37 40 46 1 7 10 11 17 31 38 39 45 49 50
11 12 1 7 10 11 17 31 38 39 45 49 50 0 6 13 14 16 18 21 26 27 37 40 46
11 12 1 7 10 11 17 31 38 39 45 49 50 0 6 13 14 16 18 21 26 27 37 40 46
7 11 2 5 12 25 32 42 48 4 8 9 15 22 24 29 34 41 43 44
12 11 0 6 13 14 16 18 21 26 27 37 40 46 1 7 10 11 17 31 38 39 45 49 50
10 7 3 19 20 23 28 30 33 35 36 47 2 5 12 25 32 42 48
7 10 2 5 12 25 32 42 48 3 19 20 23 28 30 33 35 36 47
11 7 1 7 10 11 17 31 38 39 45 49 50 2 5 12 25 32 42 48
10 11 3 19 20 23 28 30 33 35 36 47 4 8 9 15 22 24 29 34 41 43 44
10 11 3 19 20 23 28 30 33 35 36 47 4 8 9 15 22 24 29 34 41 43 44
11 10 4 8 9 15 22 24 29 34 41 43 44 3 19 20 23 28 30 33 35 36 47
10 11 3 19 20 23 28 30 33 35 36 47 4 8 9 15 22 24 29 34 41 43 44
12 10 0 6 13 14 16 18 21 26 27 37 40 46 3 19 20 23 28 30 33 35 36 47
10 11 3 19 20 23 28 30 33 35 36 47 4 8 9 15 22 24 29 34 41 43 44
7 11 2 5 12 25 32 42 48 4 8 9 15 22 24 29 34 41 43 44
11 7 1 7 10 11 17 31 38 39 45 49 50 2 5 12 25 32 42 48
10 11 3 19 20 23 28 30 33 35 36 47 4 8 9 15 22 24 29 34 41 43 44
12 11 0 6 13 14 16 18 21 26 27 37 40 46 1 7 10 11 17 31 38 39 45 49 50
10 11 3 19 20 23 28 30 33 35 36 47 1 7 10 11 17 31 38 39 45 49 50
10 12 3 19 20 23 28 30 33 35 36 47 0 6 13 14 16 18 21 26 27 37 40 46
12 7 0 6 13 14 16 18 21 26 27 37 40 46 2 5 12 25 32 42 48
11 12 1 7 10 11 17 31 38 39 45 49 50 0 6 13 14 16 18 21 26 27 37 40 46
10 12 3 19 20 23 28 30 33 35 36 47 0 6 13 14 16 18 21 26 27 37 40 46
12 10 0 6 13 14 16 18 21 26 27 37 40 46 3 19 20 23 28 30 33 35 36 47
10 11 3 19 20 23 28 30 33 35 36 47 1 7 10 11 17 31 38 39 45 49 50
12 7 0 6 13 14 16 18 21 26 27 37 40 46 2 5 12 25 32 42 48
11 10 1 7 10 11 17 31 38 39 45 49 50 3 19 20 23 28 30 33 35 36 47
7 11 2 5 12 25 32 42 48 1 7 10 11 17 31 38 39 45 49 50
11 11 4 8 9 15 22 24 29 34 41 43 44 1 7 10 11 17 31 38 39 45 49 50
11 12 1 7 10 11 17 31 38 39 45 49 50 0 6 13 14 16 18 21 26 27 37 40 46
11 12 4 8 9 15 22 24 29 34 41 43 44 0 6 13 14 16 18 21 26 27 37 40 46
12 11 0 6 13 14 16 18 21 26 27 37 40 46 4 8 9 15 22 24 29 34 41 43 44
12 11 0 6 13 14 16 18 21 26 27 37 40 46 4 8 9 15 22 24 29 34 41 43 44
11 7 1 7 10 11 17 31 38 39 45 49 50 2 5 12 25 32 42 48
7 12 2 5 12 25 32 42 48 0 6 13 14 16 18 21 26 27 37 40 46
12 11 0 6 13 14 16 18 21 26 27 37 40 46 1 7 10 11 17 31 38 39 45 49 50
11 12 4 8 9 15 22 24 29 34 41 43 44 0 6 13 14 16 18 21 26 27 37 40 46
12 10 0 6 13 14 16 18 21 26 27 37 40 46 3 19 20 23 28 30 33 35 36 47
10 11 3 19 20 23 28 30 33 35 36 47 1 7 10 11 17 31 38 39 45 49 50
10 11 3 19 20 23 28 30 33 35 36 47 4 8 9 15 22 24 29 34 41 43 44
7 10 2 5 12 25 32 42 48 3 19 20 23 28 30 33 35 36 47
11 11 1 7 10 11 17 31 38 39 45 49 50 4 8 9 15 22 24 29 34 41 43 44
10 11 3 19 20 23 28 30 33 35 36 47 4 8 9 15 22 24 29 34 41 43 44
11 10 1 7 10 11 17 31 38 39 45 49 50 3 19 20 23 28 30 33 35 36 47
7 11 2 5 12 25 32 42 48 4 8 9 15 22 24 29 34 41 43 44
7 11 2 5 12 25 32 42 48 1 7 10 11 17 31 38 39 45 49 50
10 11 3 19 20 23 28 30 33 35 36 47 1 7 10 11 17 31 38 39 45 49 50
11 7 1 7 10 11 17 31 38 39 45 49 50 2 5 12 25 32 42 48
7 11 2 5 12 25 32 42 48 1 7 10 11 17 31 38 39 45 49 50
7 10 2 5 12 25 32 42 48 3 19 20 23 28 30 33 35 36 47
10 12 3 19 20 23 28 30 33 35 36 47 0 6 13 14 16 18 21 26 27 37 40 46
10 7 3 19 20 23 28 30 33 35 36 47 2 5 12 25 32 42 48
11 10 1 7 10 11 17 31 38 39 45 49 50 3 19 20 23 28 30 33 35 36 47
12 11 0 6 13 14 16 18 21 26 27 37 40 46 4 8 9 15 22 24 29 34 41 43 44
11 7 1 7 10 11 17 31 38 39 45 49 50 2 5 12 25 32 42 48
7 11 2 5 12 25 32 42 48 1 7 10 11 17 31 38 39 45 49 50
10 11 3 19 20 23 28 30 33 35 36 47 1 7 10 11 17 31 38 39 45 49 50
12 10 0 6 13 14 16 18 21 26 27 37 40 46 3 19 20 23 28 30 33 35 36 47
12 7 0 6 13 14 16 18 21 26 27 37 40 46 2 5 12 25 32 42 48
11 7 4 8 9 15 22 24 29 34 41 43 44 2 5 12 25 32 42 48
11 12 1 7 10 11 17 31 38 39 45 49 50 0 6 13 14 16 18 21 26 27 37 40 46
11 12 1 7 10 11 17 31 38 39 45 49 50 0 6 13 14 16 18 21 26 27 37 40 46
11 12 1 7 10 11 17 31 38 39 45 49 50 0 6 13 14 16 18 21 26 27 37 40 46
11 10 1 7 10 11 17 31 38 39 45 49 50 3 19 20 23 28 30 33 35 36 47
7 11 2 5 12 25 32 42 48 4 8 9 15 22 24 29 34 41 43 44
12 10 0 6 13 14 16 18 21 26 27 37 40 46 3 19 20 23 28 30 33 35 36 47
10 11 3 19 20 23 28 30 33 35 36 47 4 8 9 15 22 24 29 34 41 43 44
11 7 1 7 10 11 17 31 38 39 45 49 50 2 5 12 25 32 42 48
7 10 2 5 12 25 32 42 48 3 19 20 23 28 30 33 35 36 47
12 7 0 6 13 14 16 18 21 26 27 37 40 46 2 5 12 25 32 42 48
10 11 3 19 20 23 28 30 33 35 36 47 4 8 9 15 22 24 29 34 41 43 44
11 12 4 8 9 15 22 24 29 34 41 43 44 0 6 13 14 16 18 21 26 27 37 40 46
7 11 2 5 12 25 32 42 48 1 7 10 11 17 31 38 39 45 49 50
10 12 3 19 20 23 28 30 33 35 36 47 0 6 13 14 16 18 21 26 27 37 40 46
7 10 2 5 12 25 32 42 48 3 19 20 23 28 30 33 35 36 47
11 12 1 7 10 11 17 31 38 39 45 49 50 0 6 13 14 16 18 21 26 27 37 40 46
7 11 2 5 12 25 32 42 48 4 8 9 15 22 24 29 34 41 43 44
7 12 2 5 12 25 32 42 48 0 6 13 14 16 18 21 26 27 37 40 46
10 7 3 19 20 23 28 30 33 35 36 47 2 5 12 25 32 42 48
12 10 0 6 13 14 16 18 21 26 27 37 40 46 3 19 20 23 28 30 33 35 36 47
11 10 4 8 9 15 22 24 29 34 41 43 44 3 19 20 23 28 30 33 35 36 47
12 11 0 6 13 14 16 18 21 26 27 37 40 46 1 7 10 11 17 31 38 39 45 49 50
11 10 1 7 10 11 17 31 38 39 45 49 50 3 19 20 23 28 30 33 35 36 47
12 10 0 6 13 14 16 18 21 26 27 37 40 46 3 19 20 23 28 30 33 35 36 47
11 11 4 8 9 15 22 24 29 34 41 43 44 1 7 10 11 17 31 38 39 45 49 50
7 12 2 5 12 25 32 42 48 0 6 13 14 16 18 21 26 27 37 40 46
10 7 3 19 20 23 28 30 33 35 36 47 2 5 12 25 32 42 48
11 7 4 8 9 15 22 24 29 34 41 43 44 2 5 12 25 32 42 48
11 12 1 7 10 11 17 31 38 39 45 49 50 0 6 13 14 16 18 21 26 27 37 40 46
10 7 3 19 20 23 28 30 33 35 36 47 2 5 12 25 32 42 48
10 12 3 19 20 23 28 30 33 35 36 47 0 6 13 14 16 18 21 26 27 37 40 46
11 12 1 7 10 11 17 31 38 39 45 49 50 0 6 13 14 16 18 21 26 27 37 40 46
12 11 0 6 13 14 16 18 21 26 27 37 40 46 1 7 10 11 17 31 38 39 45 49 50
11 11 4 8 9 15 22 24 29 34 41 43 44 1 7 10 11 17 31 38 39 45 49 50
11 12 4 8 9 15 22 24 29 34 41 43 44 0 6 13 14 16 18 21 26 27 37 40 46
10 7 3 19 20 23 28 30 33 35 36 47 2 5 12 25 32 42 48
11 11 4 8 9 15 22 24 29 34 41 43 44 1 7 10 11 17 31 38 39 45 49 50
7 12 2 5 12 25 32 42 48 0 6 13 14 16 18 21 26 27 37 40 46
11 11 1 7 10 11 17 31 38 39 45 49 50 4 8 9 15 22 24 29 34 41 43 44
7 12 2 5 12 25 32 42 48 0 6 13 14 16 18 21 26 27 37 40 46
11 7 4 8 9 15 22 24 29 34 41 43 44 2 5 12 25 32 42 48
12 11 0 6 13 14 16 18 21 26 27 37 40 46 4 8 9 15 22 24 29 34 41 43 44
12 7 0 6 13 14 16 18 21 26 27 37 40 46 2 5 12 25 32 42 48
11 12 1 7 10 11 17 31 38 39 45 49 50 0 6 13 14 16 18 21 26 27 37 40 46
7 12 2 5 12 25 32 42 48 0 6 13 14 16 18 21 26 27 37 40 46
12 11 0 6 13 14 16 18 21 26 27 37 40 46 1 7 10 11 17 31 38 39 45 49 50
11 11 1 7 10 11 17 31 38 39 45 49 50 4 8 9 15 22 24 29 34 41 43 44
7 10 2 5 12 25 32 42 48 3 19 20 23 28 30 33 35 36 47
7 11 2 5 12 25 32 42 48 4 8 9 15 22 24 29 34 41 43 44
11 11 4 8 9 15 22 24 29 34 41 43 44 1 7 10 11 17 31 38 39 45 49 50
11 11 1 7 10 11 17 31 38 39 45 49 50 4 8 9 15 22 24 29 34 41 43 44
11 12 4 8 9 15 22 24 29 34 41 43 44 0 6 13 14 16 18 21 26 27 37 40 46
7 12 2 5 12 25 32 42 48 0 6 13 14 16 18 21 26 27 37 40 46
11 12 1 7 10 11 17 31 38 39 45 49 50 0 6 13 14 16 18 21 26 27 37 40 46
7 11 2 5 12 25 32 42 48 4 8 9 15 22 24 29 34 41 43 44
11 7 4 8 9 15 22 24 29 34 41 43 44 2 5 12 25 32 42 48
10 11 3 19 20 23 28 30 33 35 36 47 4 8 9 15 22 24 29 34 41 43 44
10 7 3 19 20 23 28 30 33 35 36 47 2 5 12 25 32 42 48
11 11 1 7 10 11 17 31 38 39 45 49 50 4 8 9 15 22 24 29 34 41 43 44
7 10 2 5 12 25 32 42 48 3 19 20 23 28 30 33 35 36 47
11 7 1 7 10 11 17 31 38 39 45 49 50 2 5 12 25 32 42 48
12 11 0 6 13 14 16 18 21 26 27 37 40 46 4 8 9 15 22 24 29 34 41 43 44
11 10 4 8 9 15 22 24 29 34 41 43 44 3 19 20 23 28 30 33 35 36 47
12 10 0 6 13 14 16 18 21 26 27 37 40 46 3 19 20 23 28 30 33 35 36 47
11 11 4 8 9 15 22 24 29 34 41 43 44 1 7 10 11 17 31 38 39 45 49 50
7 11 2 5 12 25 32 42 48 1 7 10 11 17 31 38 39 45 49 50
12 11 0 6 13 14 16 18 21 26 27 37 40 46 4 8 9 15 22 24 29 34 41 43 44
11 11 4 8 9 15 22 24 29 34 41 43 44 1 7 10 11 17 31 38 39 45 49 50
11 7 4 8 9 15 22 24 29 34 41 43 44 2 5 12 25 32 42 48
10 7 3 19 20 23 28 30 33 35 36 47 2 5 12 25 32 42 48
7 10 2 5 12 25 32 42 48 3 19 20 23 28 30 33 35 36 47
11 7 1 7 10 11 17 31 38 39 45 49 50 2 5 12 25 32 42 48
11 12 4 8 9 15 22 24 29 34 41 43 44 0 6 13 14 16 18 21 26 27 37 40 46
7 11 2 5 12 25 32 42 48 1 7 10 11 17 31 38 39 45 49 50
10 11 3 19 20 23 28 30 33 35 36 47 1 7 10 11 17 31 38 39 45 49 50
7 12 2 5 12 25 32 42 48 0 6 13 14 16 18 21 26 27 37 40 46
7 11 2 5 12 25 32 42 48 4 8 9 15 22 24 29 34 41 43 44
11 10 1 7 10 11 17 31 38 39 45 49 50 3 19 20 23 28 30 33 35 36 47
11 11 1 7 10 11 17 31 38 39 45 49 50 4 8 9 15 22 24 29 34 41 43 44
11 11 4 8 9 15 22 24 29 34 41 43 44 1 7 10 11 17 31 38 39 45 49 50
12 10 0 6 13 14 16 18 21 26 27 37 40 46 3 19 20 23 28 30 33 35 36 47
11 10 1 7 10 11 17 31 38 39 45 49 50 3 19 20 23 28 30 33 35 36 47
7 10 2 5 12 25 32 42 48 3 19 20 23 28 30 33 35 36 47
7 11 2 5 12 25 32 42 48 4 8 9 15 22 24 29 34 41 43 44
12 11 0 6 13 14 16 18 21 26 27 37 40 46 1 7 10 11 17 31 38 39 45 49 50
11 10 1 7 10 11 17 31 38 39 45 49 50 3 19 20 23 28 30 33 35 36 47
10 11 3 19 20 23 28 30 33 35 36 47 1 7 10 11 17 31 38 39 45 49 50
11 12 4 8 9 15 22 24 29 34 41 43 44 0 6 13 14 16 18 21 26 27 37 40 46
10 12 3 19 20 23 28 30 33 35 36 47 0 6 13 14 16 18 21 26 27 37 40 46
11 12 4 8 9 15 22 24 29 34 41 43 44 0 6 13 14 16 18 21 26 27 37 40 46
11 12 1 7 10 11 17 31 38 39 45 49 50 0 6 13 14 16 18 21 26 27 37 40 46
12 11 0 6 13 14 16 18 21 26 27 37 40 46 1 7 10 11 17 31 38 39 45 49 50
10 7 3 19 20 23 28 30 33 35 36 47 2 5 12 25 32 42 48
7 12 2 5 12 25 32 42 48 0 6 13 14 16 18 21 26 27 37 40 46
11 12 4 8 9 15 22 24 29 34 41 43 44 0 6 13 14 16 18 21 26 27 37 40 46
7 12 2 5 12 25 32 42 48 0 6 13 14 16 18 21 26 27 37 40 46
7 11 2 5 12 25 32 42 48 1 7 10 11 17 31 38 39 45 49 50
10 12 3 19 20 23 28 30 33 35 36 47 0 6 13 14 16 18 21 26 27 37 40 46
12 11 0 6 13 14 16 18 21 26 27 37 40 46 1 7 10 11 17 31 38 39 45 49 50
12 11 0 6 13 14 16 18 21 26 27 37 40 46 1 7 10 11 17 31 38 39 45 49 50
11 10 1 7 10 11 17 31 38 39 45 49 50 3 19 20 23 28 30 33 35 36 47
11 7 4 8 9 15 22 24 29 34 41 43 44 2 5 12 25 32 42 48
12 10 0 6 13 14 16 18 21 26 27 37 40 46 3 19 20 23 28 30 33 35 36 47
7 11 2 5 12 25 32 42 48 4 8 9 15 22 24 29 34 41 43 44
11 10 4 8 9 15 22 24 29 34 41 43 44 3 19 20 23 28 30 33 35 36 47
7 11 2 5 12 25 32 42 48 4 8 9 15 22 24 29 34 41 43 44
12 10 0 6 13 14 16 18 21 26 27 37 40 46 3 19 20 23 28 30 33 35 36 47
11 7 1 7 10 11 17 31 38 39 45 49 50 2 5 12 25 32 42 48
12 7 0 6 13 14 16 18 21 26 27 37 40 46 2 5 12 25 32 42 48
7 11 2 5 12 25 32 42 48 4 8 9 15 22 24 29 34 41 43 44
11 7 1 7 10 11 17 31 38 39 45 49 50 2 5 12 25 32 42 48
12 11 0 6 13 14 16 18 21 26 27 37 40 46 1 7 10 11 17 31 38 39 45 49 50
11 7 1 7 10 11 17 31 38 39 45 49 50 2 5 12 25 32 42 48
11 7 1 7 10 11 17 31 38 39 45 49 50 2 5 12 25 32 42 48
11 7 1 7 10 11 17 31 38 39 45 49 50 2 5 12 25 32 42 48
7 11 2 5 12 25 32 42 48 4 8 9 15 22 24 29 34 41 43 44
10 11 3 19 20 23 28 30 33 35 36 47 1 7 10 11 17 31 38 39 45 49 50
11 12 4 8 9 15 22 24 29 34 41 43 44 0 6 13 14 16 18 21 26 27 37 40 46
10 11 3 19 20 23 28 30 33 35 36 47 4 8 9 15 22 24 29 34 41 43 44
12 11 0 6 13 14 16 18 21 26 27 37 40 46 4 8 9 15 22 24 29 34 41 43 44
12 11 0 6 13 14 16 18 21 26 27 37 40 46 4 8 9 15 22 24 29 34 41 43 44
12 11 0 6 13 14 16 18 21 26 27 37 40 46 4 8 9 15 22 24 29 34 41 43 44
11 7 4 8 9 15 22 24 29 34 41 43 44 2 5 12 25 32 42 48
11 12 1 7 10 11 17 31 38 39 45 49 50 0 6 13 14 16 18 21 26 27 37 40 46
7 10 2 5 12 25 32 42 48 3 19 20 23 28 30 33 35 36 47
11 7 1 7 10 11 17 31 38 39 45 49 50 2 5 12 25 32 42 48
11 7 4 8 9 15 22 24 29 34 41 43 44 2 5 12 25 32 42 48
11 10 1 7 10 11 17 31 38 39 45 49 50 3 19 20 23 28 30 33 35 36 47
11 10 1 7 10 11 17 31 38 39 45 49 50 3 19 20 23 28 30 33 35 36 47
12 11 0 6 13 14 16 18 21 26 27 37 40 46 1 7 10 11 17 31 38 39 45 49 50
10 12 3 19 20 23 28 30 33 35 36 47 0 6 13 14 16 18 21 26 27 37 40 46
11 7 1 7 10 11 17 31 38 39 45 49 50 2 5 12 25 32 42 48
10 11 3 19 20 23 28 30 33 35 36 47 4 8 9 15 22 24 29 34 41 43 44
7 11 2 5 12 25 32 42 48 1 7 10 11 17 31 38 39 45 49 50
11 10 1 7 10 11 17 31 38 39 45 49 50 3 19 20 23 28 30 33 35 36 47
10 11 3 19 20 23 28 30 33 35 36 47 1 7 10 11 17 31 38 39 45 49 50
7 11 2 5 12 25 32 42 48 4 8 9 15 22 24 29 34 41 43 44
10 7 3 19 20 23 28 30 33 35 36 47 2 5 12 25 32 42 48
11 12 1 7 10 11 17 31 38 39 45 49 50 0 6 13 14 16 18 21 26 27 37 40 46
11 12 1 7 10 11 17 31 38 39 45 49 50 0 6 13 14 16 18 21 26 27 37 40 46
7 11 2 5 12 25 32 42 48 4 8 9 15 22 24 29 34 41 43 44
12 10 0 6 13 14 16 18 21 26 27 37 40 46 3 19 20 23 28 30 33 35 36 47
11 10 4 8 9 15 22 24 29 34 41 43 44 3 19 20 23 28 30 33 35 36 47
11 10 4 8 9 15 22 24 29 34 41 43 44 3 19 20 23 28 30 33 35 36 47
7 11 2 5 12 25 32 42 48 1 7 10 11 17 31 38 39 45 49 50
7 11 2 5 12 25 32 42 48 4 8 9 15 22 24 29 34 41 43 44
12 7 0 6 13 14 16 18 21 26 27 37 40 46 2 5 12 25 32 42 48
11 10 4 8 9 15 22 24 29 34 41 43 44 3 19 20 23 28 30 33 35 36 47
10 11 3 19 20 23 28 30 33 35 36 47 4 8 9 15 22 24 29 34 41 43 44
11 12 4 8 9 15 22 24 29 34 41 43 44 0 6 13 14 16 18 21 26 27 37 40 46
11 7 1 7 10 11 17 31 38 39 45 49 50 2 5 12 25 32 42 48
12 11 0 6 13 14 16 18 21 26 27 37 40 46 1 7 10 11 17 31 38 39 45 49 50
7 11 2 5 12 25 32 42 48 1 7 10 11 17 31 38 39 45 49 50
11 10 4 8 9 15 22 24 29 34 41 43 44 3 19 20 23 28 30 33 35 36 47
12 10 0 6 13 14 16 18 21 26 27 37 40 46 3 19 20 23 28 30 33 35 36 47
11 10 1 7 10 11 17 31 38 39 45 49 50 3 19 20 23 28 30 33 35 36 47
12 7 0 6 13 14 16 18 21 26 27 37 40 46 2 5 12 25 32 42 48
7 11 2 5 12 25 32 42 48 1 7 10 11 17 31 38 39 45 49 50
11 12 4 8 9 15 22 24 29 34 41 43 44 0 6 13 14 16 18 21 26 27 37 40 46
10 11 3 19 20 23 28 30 33 35 36 47 1 7 10 11 17 31 38 39 45 49 50
12 7 0 6 13 14 16 18 21 26 27 37 40 46 2 5 12 25 32 42 48
10 11 3 19 20 23 28 30 33 35 36 47 1 7 10 11 17 31 38 39 45 49 50
11 12 4 8 9 15 22 24 29 34 41 43 44 0 6 13 14 16 18 21 26 27 37 40 46
12 7 0 6 13 14 16 18 21 26 27 37 40 46 2 5 12 25 32 42 48
10 12 3 19 20 23 28 30 33 35 36 47 0 6 13 14 16 18 21 26 27 37 40 46
7 10 2 5 12 25 32 42 48 3 19 20 23 28 30 33 35 36 47
10 12 3 19 20 23 28 30 33 35 36 47 0 6 13 14 16 18 21 26 27 37 40 46
11 10 1 7 10 11 17 31 38 39 45 49 50 3 19 20 23 28 30 33 35 36 47
11 11 4 8 9 15 22 24 29 34 41 43 44 1 7 10 11 17 31 38 39 45 49 50
12 11 0 6 13 14 16 18 21 26 27 37 40 46 1 7 10 11 17 31 38 39 45 49 50
11 10 4 8 9 15 22 24 29 34 41 43 44 3 19 20 23 28 30 33 35 36 47
7 11 2 5 12 25 32 42 48 4 8 9 15 22 24 29 34 41 43 44
7 11 2 5 12 25 32 42 48 1 7 10 11 17 31 38 39 45 49 50
10 7 3 19 20 23 28 30 33 35 36 47 2 5 12 25 32 42 48
11 7 4 8 9 15 22 24 29 34 41 43 44 2 5 12 25 32 42 48
11 11 4 8 9 15 22 24 29 34 41 43 44 1 7 10 11 17 31 38 39 45 49 50
10 11 3 19 20 23 28 30 33 35 36 47 1 7 10 11 17 31 38 39 45 49 50
11 11 1 7 10 11 17 31 38 39 45 49 50 4 8 9 15 22 24 29 34 41 43 44
11 11 1 7 10 11 17 31 38 39 45 49 50 4 8 9 15 22 24 29 34 41 43 44
12 7 0 6 13 14 16 18 21 26 27 37 40 46 2 5 12 25 32 42 48
11 11 4 8 9 15 22 24 29 34 41 43 44 1 7 10 11 17 31 38 39 45 49 50
11 11 4 8 9 15 22 24 29 34 41 43 44 1 7 10 11 17 31 38 39 45 49 50
11 12 1 7 10 11 17 31 38 39 45 49 50 0 6 13 14 16 18 21 26 27 37 40 46
11 10 1 7 10 11 17 31 38 39 45 49 50 3 19 20 23 28 30 33 35 36 47
11 10 1 7 10 11 17 31 38 39 45 49 50 3 19 20 23 28 30 33 35 36 47
7 11 2 5 12 25 32 42 48 1 7 10 11 17 31 38 39 45 49 50
11 10 4 8 9 15 22 24 29 34 41 43 44 3 19 20 23 28 30 33 35 36 47
11 11 4 8 9 15 22 24 29 34 41 43 44 1 7 10 11 17 31 38 39 45 49 50
11 12 1 7 10 11 17 31 38 39 45 49 50 0 6 13 14 16 18 21 26 27 37 40 46
12 10 0 6 13 14 16 18 21 26 27 37 40 46 3 19 20 23 28 30 33 35 36 47
11 11 4 8 9 15 22 24 29 34 41 43 44 1 7 10 11 17 31 38 39 45 49 50
7 11 2 5 12 25 32 42 48 4 8 9 15 22 24 29 34 41 43 44
11 7 1 7 10 11 17 31 38 39 45 49 50 2 5 12 25 32 42 48
10 11 3 19 20 23 28 30 33 35 36 47 4 8 9 15 22 24 29 34 41 43 44
11 12 1 7 10 11 17 31 38 39 45 49 50 0 6 13 14 16 18 21 26 27 37 40 46
12 11 0 6 13 14 16 18 21 26 27 37 40 46 1 7 10 11 17 31 38 39 45 49 50
11 7 1 7 10 11 17 31 38 39 45 49 50 2 5 12 25 32 42 48
12 7 0 6 13 14 16 18 21 26 27 37 40 46 2 5 12 25 32 42 48
11 12 1 7 10 11 17 31 38 39 45 49 50 0 6 13 14 16 18 21 26 27 37 40 46
7 10 2 5 12 25 32 42 48 3 19 20 23 28 30 33 35 36 47
11 12 4 8 9 15 22 24 29 34 41 43 44 0 6 13 14 16 18 21 26 27 37 40 46
10 7 3 19 20 23 28 30 33 35 36 47 2 5 12 25 32 42 48
10 11 3 19 20 23 28 30 33 35 36 47 1 7 10 11 17 31 38 39 45 49 50
10 11 3 19 20 23 28 30 33 35 36 47 4 8 9 15 22 24 29 34 41 43 44
12 11 0 6 13 14 16 18 21 26 27 37 40 46 1 7 10 11 17 31 38 39 45 49 50
10 12 3 19 20 23 28 30 33 35 36 47 0 6 13 14 16 18 21 26 27 37 40 46
12 10 0 6 13 14 16 18 21 26 27 37 40 46 3 19 20 23 28 30 33 35 36 47
11 10 4 8 9 15 22 24 29 34 41 43 44 3 19 20 23 28 30 33 35 36 47
10 11 3 19 20 23 28 30 33 35 36 47 1 7 10 11 17 31 38 39 45 49 50
10 7 3 19 20 23 28 30 33 35 36 47 2 5 12 25 32 42 48
10 7 3 19 20 23 28 30 33 35 36 47 2 5 12 25 32 42 48
11 7 4 8 9 15 22 24 29 34 41 43 44 2 5 12 25 32 42 48
11 11 1 7 10 11 17 31 38 39 45 49 50 4 8 9 15 22 24 29 34 41 43 44
10 7 3 19 20 23 28 30 33 35 36 47 2 5 12 25 32 42 48
12 11 0 6 13 14 16 18 21 26 27 37 40 46 1 7 10 11 17 31 38 39 45 49 50
10 12 3 19 20 23 28 30 33 35 36 47 0 6 13 14 16 18 21 26 27 37 40 46
11 11 1 7 10 11 17 31 38 39 45 49 50 4 8 9 15 22 24 29 34 41 43 44
10 7 3 19 20 23 28 30 33 35 36 47 2 5 12 25 32 42 48
11 10 4 8 9 15 22 24 29 34 41 43 44 3 19 20 23 28 30 33 35 36 47
10 7 3 19 20 23 28 30 33 35 36 47 2 5 12 25 32 42 48
11 11 4 8 9 15 22 24 29 34 41 43 44 1 7 10 11 17 31 38 39 45 49 50
11 12 1 7 10 11 17 31 38 39 45 49 50 0 6 13 14 16 18 21 26 27 37 40 46
4 0 3 2 1 1 3 2 1 3 3 2 4 1 1 2 2 3 2 1 0 4 1 0 2 1 0 4 2 4 0 1 0 3 1 4 4 0 3 4 4 2 4 0 3 0 2 0 3 4 3
