9 20 81
933726061 791015091 792520858 500445731 248041506 198188914 743501963 433982273 906193944
462604373 56519940 249517523 243743245 654743605 204329257 858598911 846127900 951006776
885628764 627767799 752240380 827120564 335862542 365413790 458916225 818307641 209574237
846155358 767554568 2093602 7170513 285234974 853122297 649938823 961328913 598934924
663247915 411810336 734368842 814727836 7658908 310795092 557558417 465560772 470816625
939712560 262022312 338502179 991243913 153175025 296358263 833458550 201293840 37110566
330511971 284016232 307557794 429677681 162614206 683380659 712092064 622270687 607269884
31665290 300827011 77113174 322662367 226000998 500212007 752597419 229191204 244443392
432122448 588170180 218393895 411248734 957319415 318504416 662336300 380707506 244480843
702763992 848388127 151881461
791278980 608815352 544628459
164330147 719860995 896714416
400394708 848257593 55282854
55760323 668551124 814369897
443077784 714394007 535586768
160111884 329878598 533138667
401425913 659889771 486707448
417236110 545267739 98696761
673989047 836205629 562907308
315658075 706684063 846141706
579745213 125712359 771000887
555329612 924594561 952846051
194489464 87030738 1118436
382445336 557267293 814794311
605864440 576185907 379926418
291446181 804572974 757417044
812443975 502515148 936572171
668536782 519472394 130993989
817386574 109073976 345526628
378306924 513890319 789773884
12794734 972592956 824966922
874373841 593670288 274312225
217519495 761215555 152075137
347627620 673359955 511564872
592151872 24026766 613292709
526519157 780365807 612626802
965859374 325981683 506830196
6271488 361766385 516217282
707482938 913440471 980998373
797821753 576084498 474203029
541271607 891435097 26874910
780603381 840334576 920429991
405884676 735401572 208968229
85915690 669894420 483553480
163184274 527229251 775633314
17657629 415413285 678835497
725829602 614761062 286881310
836007476 983607537 937735502
671650898 269977906 183071818
463953924 497719619 29053609
974766626 911899739 286595643
627422292 619127848 658325010
45744734 264326032 55899839
619422009 74470610 466539988
32717776 78187078 101341265
926992509 63725905 329211604
573783842 623540848 564362635
872213008 256678660 129361535
746397779 245231677 495319630
603978308 239071307 13138732
841675645 625957588 251752885
904763003 94215365 938919601
83626728 644394594 96741298
879552508 180461255 108722186
977960726 548907460 101681948
782325370 967160665 680172508
149904679 252649940 884978454
292131618 520794886 1574036
378660950 936402748 833981571
